1, 0.00970941944979131
2, 0.0328480067352454
3, 0.00526487920433283
4, 0.0107889196369797
5, 0.020207766443491
6, 0.0210194606333971
7, 0.00342762563377619
8, -0.000799775283667259
9, 0.0454462456206481
10, 0.00749153061769903
11, 0.00685048196464777
12, 0.0657888799905777
13, 0.0101690906255196
14, 0.0108824787506213
15, 0.0115156793035567
16, 0.0120590948499739
17, 0.0124736255966127
18, 0.0127322897315025
19, 0.0128157164435834
20, 0.0127372368394087
21, 0.0125502173323184
22, 0.0123097915978481
23, 0.0120815257541835
24, 0.0118874728990098
25, 0.0117450772474209
26, 0.0117039700659613
27, 0.0118080396981289
28, 0.0121711115352809
29, 0.0130894803442061
30, 0.0153555106371641
31, 0.0212821401655674
32, 0.0291536507817606
33, 0.0291750484611839
34, 0.022281054717799
35, 0.0158514605524639
36, 0.0106722929825385
37, 0.00691791491893431
38, 0.00489286651524405
39, 0.00390961830271408
40, 0.00360898233096426
41, 0.00341431359993294
42, 0.00480381736997515
43, 0.00623577934068938
44, 0.00737782431921611
45, 0.00826188060455024
46, 0.00893350597470999
47, 0.00945057642335693
48, 0.00985070240373413
49, 0.0101668258818487
50, 0.0104050855152309
51, 0.0105805019848049
52, 0.0106912074455371
53, 0.0107905202146087
54, 0.0109684087025623
55, 0.0112269744277
56, 0.0114506112101177
57, 0.0116357035003603
58, 0.0117896817003687
59, 0.011922520895799
60, 0.0120463791924218
61, 0.0121604620168606
62, 0.0123060958770414
63, 0.0124807784644266
64, 0.0126913411853214
65, 0.0129319053764145
66, 0.0132027096115053
67, 0.0134745064812402
68, 0.0137571909775337
69, 0.0140578771630923
70, 0.0143727883696556
71, 0.0147462707633773
72, 0.0155310657185813
73, 0.0171226691454649
74, 0.0193687717740734
75, 0.0216289407884081
76, 0.0231938008219004
77, 0.0234797053659956
78, 0.0219418746419251
79, 0.0210727881640196
80, 0.020642204520603
81, 0.0191287227595846
82, 0.0176498917862773
83, 0.0160577727171282
84, 0.0149067669796447
85, 0.0142085578603049
86, 0.0136455322305361
87, 0.0131312236189842
88, 0.0126444124616683
89, 0.0121878804638982
90, 0.011770608369261
91, 0.0113817872479558
92, 0.0110308746807277
93, 0.0107045190719267
94, 0.010429383876423
95, 0.0101968861805896
96, 0.0100117147279282
97, 0.0100066678132862
98, 0.0100444871932268
99, 0.0100876898504794
100, 0.0104527490523954
101, 0.0110431929739813
102, 0.0119911056632797
103, 0.0136533202603459
104, 0.0180214274053772
105, 0.0182929360307753
106, 0.0161023560600976
107, 0.0108726041701933
108, 0.00879013662536939
109, 0.00778901693411171
110, 0.00727200609010955
111, 0.00699424852306644
112, 0.00685115771678587
113, 0.00678964564576745
114, 0.00676449248567224
115, 0.0067735924385488
116, 0.00678285087148349
117, 0.00675582994396488
118, 0.00667393308443328
119, 0.00653088201458255
120, 0.00633474299684167
121, 0.00610093384360274
122, 0.00588194661152859
123, 0.00568982066276173
124, 0.00551112578250468
125, 0.00533652398735285
126, 0.00516998860985041
127, 0.00500953298372527
128, 0.00477175042033195
129, 0.00435376260429621
130, 0.00379117415286601
131, 0.00252290135540534
132, 0.000346531611285172
133, -0.000956912951854368
134, -0.00087793175043771
135, 0.000455975813868766
136, 0.00387251485760013
137, 0.00912706274539232
138, 0.0149259596752624
139, 0.0205711172893643
140, 0.0278914428005616
141, 0.037595656234771
142, 0.0245465091429651
143, 0.0153108670686682
144, 0.0117827678720156
145, 0.0102360267968227
146, 0.00857690562094961
147, 0.0075950239940236
148, 0.0076369058030347
149, 0.00812391595294078
150, 0.00889965084691842
151, 0.00980504555627704
152, 0.0105994162149727
153, 0.011092783883214
154, 0.0112908302495877
155, 0.0112226024890939
156, 0.010964952254047
157, 0.010570011412104
158, 0.0100873722694814
159, 0.00955371217181285
160, 0.00898722916220625
161, 0.00843715791900953
162, 0.00793337946136793
163, 0.00751149801847835
164, 0.00719479851735135
165, 0.00707084051100537
166, 0.00712943177980681
167, 0.00755465154846509
168, 0.00793183005104462
169, 0.00829132553189993
170, 0.00863536369676391
171, 0.00896199715013305
172, 0.0092777827133735
173, 0.00958391185849905
174, 0.00989767070859671
175, 0.0101880651588241
176, 0.0105338715948164
177, 0.00399831004324369
178, 0.00510625160920123
179, 0.00760185889278849
180, 0.0123973706116279
181, 0.0195453598474463
182, 0.028713908046484
183, 0.0392992968360583
184, 0.0370837808586657
185, 0.0223285000150402
186, 0.0112845124676824
187, 0.00528351566754282
188, 0.00214469473576173
189, 0.000493764964630827
190, -0.000847160943521885
191, 0.00282557875228425
192, 0.0021823252318427
193, 0.00202274369075894
194, 0.00224864521684746
195, 0.0028330887046953
196, 0.00380122731439769
197, 0.00515580262678365
198, 0.00692983569266895
199, 0.00943863593662778
200, 0.0161977247335017
201, 0.0408372559274236
202, 0.0418858304619789
203, 0.0327142539123694
204, 0.0300475020582477
205, 0.0233070499574145
206, 0.0157885585601131
207, 0.0121252162692448
208, 0.010201058195283
209, 0.0089660303783603
210, 0.0125159046147019
211, 0.0068563431656609
212, 0.00486755437062432
213, 0.0105439837401112
214, 0.0129099511541426
215, 0.0130354389548302
216, 0.0130228823982179
217, 0.0129125341773033
218, 0.0127464557687442
219, 0.0125819270809491
220, 0.0124399087702235
221, 0.0123705288860947
222, 0.0124337895152469
223, 0.0127132161675642
224, 0.0134210809289167
225, 0.0150984157808125
226, 0.0168473157100379
227, 0.0190728736730913
228, 0.0249209050089121
229, 0.00975591945461929
230, 0.0227785150830944
231, 0.00889669001723329
232, 0.00813160483570149
233, 0.00714993577760955
234, 0.00592152370760838
235, 0.00459031343537693
236, 0.00350954195406909
237, 0.0228528425407906
238, 0.0220828497161468
239, 0.0204243304518362
240, 0.0183633199582497
241, 0.0165119196753949
242, 0.0152589703599612
243, 0.0146026437481244
244, 0.0142444201434652
245, 0.0139334423777958
246, 0.0136431079978744
247, 0.0133641588035971
248, 0.0130928383829693
249, 0.0128353856659184
250, 0.0126013586608072
251, 0.0124075041773419
252, 0.0122381468924383
253, 0.012100937232996
254, 0.0119791054942956
255, 0.0118470215238631
256, 0.0117024204228073
257, 0.0115319115575403
258, 0.0113271099204818
259, 0.0111023207039883
260, 0.0105843166044603
261, 0.0134588902195295
262, 0.0139014942881962
263, 0.0143625365259747
264, 0.0149731663987041
265, 0.0162453282779704
266, 0.018094621753941
267, 0.0200933848197262
268, 0.0216478545529147
269, 0.00948389518695573
270, 0.0102843462955207
271, 0.00812643902221074
272, 0.00994074515377482
273, 0.00888619959975282
274, 0.00724222367474188
275, 0.006321272191902
276, 0.0105404475082954
277, 0.010731738836815
278, 0.0109353802166879
279, 0.0130161867321779
280, 0.0103978933766484
281, 0.0140959048488488
282, 0.0150094853403668
283, 0.0189171070232987
284, 0.0102509515359998
285, 0.0108317751437426
286, 0.0111265797168016
287, 0.0114505907986313
288, 0.011797947032998
289, 0.0121763572096825
290, 0.0125862980882327
291, 0.0137558404821903
292, 0.0144488441292197
293, 0.0165802664899578
294, 0.0122337565602114
295, 0.0126369224550823
296, 0.0185197630586723
297, 0.0117219111416489
298, 0.014087004509444
299, 0.0155151715346922
300, 0.0132878650911152
301, 0.0133330253884196
302, 0.0132965072989464
303, 0.0132098221996178
304, 0.0131203754960249
305, 0.0130851688639571
306, 0.0131645426154137
307, 0.0131354356029381
308, 0.0134447245703389
309, 0.0165464109741151
310, 0.0113903899521877
311, 0.0117479585266362
312, 0.0119005662078659
313, 0.0120423259989669
314, 0.0125595956730346
315, 0.0211909250356257
316, 0.0205092866284152
317, 0.0193936064218481
318, 0.017992638827612
319, 0.0153276747247825
320, 0.0145683710773786
321, 0.0130417767601709
322, 0.022725372761488
323, 0.0141762325850626
324, 0.0138723680283874
325, 0.0135865239426494
326, 0.0133092429799338
327, 0.0127829938040425
328, 0.0123621052286277
329, 0.0121888144252201
330, 0.0115753231414904
331, 0.0148778586493184
332, 0.00988477608188987
333, 0.00752469012513757
334, 0.0129347265077134
335, 0.0187470347154886
336, 0.011144452661808
337, 0.0108277648022132
338, 0.0212861173120993
339, 0.0213889117973546
340, 0.00999333585302035
341, 0.0108792805112898
342, 0.010874531387041
343, 0.0103765938741465
344, 0.010666053975001
345, 0.00796399634176244
346, 0.00846185411016146
347, 0.00903688014174501
348, 0.00950241213043531
349, 0.0113724490317206
350, 0.0130298954124252
351, 0.0126586183129499
352, 0.0116613132413477
353, 0.0119650189299136
354, 0.0122975533207258
355, 0.0175855389485757
356, 0.015598419510449
357, 0.0146822362051656
358, 0.0143100845937928
359, 0.0140117035868267
360, 0.0111140629742295
361, 0.0109138709182541
362, 0.0133976164118697
363, 0.0128544789428512
364, 0.0111359380340825
365, 0.0119745555954675
366, 0.0137564763426781
367, 0.0137300715626528
368, 0.0137262569429974
369, 0.013684871684139
370, 0.0135814379900694
371, 0.0133918152811627
372, 0.0138676785087834
373, 0.0188460783101618
374, 0.0162280631872515
375, 0.0148033329751343
376, 0.0141503833389531
377, 0.0124592410090069
378, 0.0135755565327903
379, 0.0138609440376361
380, 0.0141651262529194
381, 0.0146216380720337
382, 0.0155273503623903
383, 0.0168580246778826
384, 0.0181397632695735
385, 0.0189967591625949
386, 0.0193298890565832
387, 0.0190963775717786
388, 0.0123286667124679
389, 0.0125436407979578
390, 0.0127724237584819
391, 0.0121342761752506
392, 0.0133015335692714
393, 0.0130310084205121
394, 0.0119591375502447
395, 0.0116163711063564
396, 0.011787038994953
397, 0.0113952180503735
398, 0.0055100330694889
399, 0.0205915804641942
400, 0.00766193979264547
401, 0.0104464504402131
402, 0.00958548129225771
403, 0.0095145320519805
404, 0.00929051777347922
405, 0.0100569144512216
406, 0.010996124939993
407, 0.0107588980657359
408, 0.0110278546344489
409, 0.0134095970230798
410, 0.0118842943726728
411, 0.01309881809478
412, 0.0114131786394864
413, 0.0127748274244368
414, 0.0124586447297285
415, 0.0121618532575667
416, 0.014307581121102
417, 0.0146706926170737
418, 0.0169350340341528
419, 0.0155128273181617
420, 0.0116336567637821
421, 0.0137136206806948
422, 0.0197306668385863
423, 0.0112348812632263
424, 0.0114541672325383
425, 0.0131133619385461
426, 0.0170770721354832
427, 0.0154914682886253
428, 0.0194708146154881
429, 0.01430942886509
430, 0.0142035513805846
431, 0.0140851368972411
432, 0.0139293103323629
433, 0.0130578504564861
434, 0.0122968378321578
435, 0.0127864902994285
436, 0.0125319781557967
437, 0.0137010042089969
438, 0.0127347532349328
439, 0.0116285105856756
440, 0.0138845470113059
441, 0.0142120743791262
442, 0.0147855107982953
443, 0.0158636399234335
444, 0.017245594256868
445, 0.0184216337899367
446, 0.0189536646939814
447, 0.0187286967411637
448, 0.0182596718892455
449, 0.0118372859433293
450, 0.0133402969222516
451, 0.0122827906937649
452, 0.0120477497112006
453, 0.0114693426527083
454, 0.0136095310250918
455, 0.0144658513211956
456, 0.0147715436760336
457, 0.0112491867505014
458, 0.0172115763915437
459, 0.011769705518548
460, 0.00986025878228247
461, 0.0103585139537851
462, 0.0108550208775947
463, 0.0110950690383712
464, 0.010231158696115
465, 0.0105695341092845
466, 0.0111504614663621
467, 0.0137548671724896
468, 0.0134912356734276
469, 0.0119238716239731
470, 0.0123773044906557
471, 0.0132124248581628
472, 0.0126449094774822
473, 0.0129258858505636
474, 0.0121412701749553
475, 0.0147812988919516
476, 0.0156599710074564
477, 0.0140222335855166
478, 0.0206442310785254
479, 0.0133950730475287
480, 0.0180023144930601
481, 0.0131224219997724
482, 0.0201039353075127
483, 0.0128209416288882
484, 0.0147265221457928
485, 0.0145306814617167
486, 0.0125970666607221
487, 0.0143114357100179
488, 0.0150602483966698
489, 0.0163120660775652
490, 0.01769451610744
491, 0.0186789268627763
492, 0.0189277560760578
493, 0.0184383421825866
494, 0.0143229588090132
495, 0.0125165801340093
496, 0.0114061512452151
497, 0.0134215179520349
498, 0.0116708498292913
499, 0.0139630464836955
500, 0.0140485391020775
501, 0.0122115429646025
502, 0.0130273724595706
503, 0.0119229974225163
504, 0.0162557593236367
505, 0.0149202178387592
506, 0.013700626945744
507, 0.0153102707893898
508, 0.0183751218331357
509, 0.0104110655374825
510, 0.0105274134936432
511, 0.011214020041128
512, 0.0110427356945972
513, 0.0105862434332569
514, 0.0108247218498339
515, 0.0141049053054303
516, 0.0138571686111391
517, 0.0124642874247261
518, 0.0136025968628625
519, 0.0126203126274049
520, 0.0112680816091597
521, 0.0133514627814293
522, 0.0128509033626566
523, 0.0160397919050107
524, 0.013103467800344
525, 0.0143811730667949
526, 0.0207530891833206
527, 0.0122090123593807
528, 0.0137196400513252
529, 0.0131951596122235
530, 0.0128425184326867
531, 0.0206356282966832
532, 0.0149908886135866
533, 0.0135230247396976
534, 0.0179555447151264
535, 0.0187499948466818
536, 0.0129284091138591
537, 0.0147272773707906
538, 0.0168346794477354
539, 0.0154661163687706
540, 0.0124782940838486
541, 0.0188945760019124
542, 0.0181444517026345
543, 0.014546039281413
544, 0.0189695983814696
545, 0.0114697475917637
546, 0.0144208697602153
547, 0.0152612952515483
548, 0.011720083343486
549, 0.0120915196991215
550, 0.0138205710488061
551, 0.0133318128840377
552, 0.0140990240033716
553, 0.0170848200408121
554, 0.0158275200519711
555, 0.0152311351682459
556, 0.0170872000977397
557, 0.00930893556990971
558, 0.0114934662512193
559, 0.0112591007879625
560, 0.0111801243231942
561, 0.0112361136513452
562, 0.0113547863438725
563, 0.0145031836970399
564, 0.0142328368965536
565, 0.0128515507094562
566, 0.0139860138297081
567, 0.0130718380678445
568, 0.0137547676761945
569, 0.0135331181033204
570, 0.0133149055764079
571, 0.0149825245607644
572, 0.0207333198438088
573, 0.0132630891166627
574, 0.0140656256893029
575, 0.012841127657642
576, 0.0136492473538965
577, 0.0169144902777459
578, 0.0186502169817686
579, 0.0151261119948079
580, 0.0174264539964497
581, 0.0190844375950595
582, 0.0185794468658666
583, 0.0132376577239484
584, 0.0160307319213947
585, 0.0124007288832217
586, 0.0148057172385355
587, 0.0139642378780991
588, 0.0154896410337339
589, 0.0118572053366474
590, 0.0209682616405189
591, 0.0148995345613609
592, 0.0142816723479579
593, 0.0136678640265018
594, 0.0197678433420757
595, 0.0163392658190181
596, 0.0179166429055234
597, 0.018578055780381
598, 0.0123238187128057
599, 0.0109388646669686
600, 0.0119193215699246
601, 0.0120229738919685
602, 0.0118458689345668
603, 0.0118061723187566
604, 0.0146888322973003
605, 0.0143997297467043
606, 0.0135836289264262
607, 0.0114225368015468
608, 0.0141672517638654
609, 0.0139543442055583
610, 0.0137503373747071
611, 0.020558578427881
612, 0.0133099185768515
613, 0.0137784702237695
614, 0.0144320353089521
615, 0.0128050864053269
616, 0.0184833438446124
617, 0.0192410978488624
618, 0.0190144206086795
619, 0.0141446613706648
620, 0.0151895910967141
621, 0.0180628330757221
622, 0.0123035930252324
623, 0.0166953044633071
624, 0.0157038202354064
625, 0.0145365815454473
626, 0.0186304479526977
627, 0.0153614906594157
628, 0.0140359625220299
629, 0.0210320989911755
630, 0.0168393288428585
631, 0.0203210742523273
632, 0.0186380376107991
633, 0.0167737432445089
634, 0.00959468027576804
635, 0.0114419279464831
636, 0.0130131267166386
637, 0.0124511538694302
638, 0.0126409153454006
639, 0.0127247592899948
640, 0.0151992273361733
641, 0.0123765487999966
642, 0.0149712592496404
643, 0.0145919946177552
644, 0.0143846899736673
645, 0.0141720798953126
646, 0.0184740048522751
647, 0.0202438863925636
648, 0.0138753079809248
649, 0.0132775926031172
650, 0.0148233402675639
651, 0.0143532579143842
652, 0.0182104141761859
653, 0.0193583397194743
654, 0.0194372966264685
655, 0.0149306283177187
656, 0.0186845497228205
657, 0.0159035552448283
658, 0.0159736897330731
659, 0.0174008638908466
660, 0.0144046739275966
661, 0.0173626973604163
662, 0.0192229583238562
663, 0.0208818552394708
664, 0.0206118854694068
665, 0.0164310566615313
666, 0.0160031945755084
667, 0.0139710930176079
668, 0.0129877547733486
669, 0.0161142378735046
670, 0.0130728702060878
671, 0.013520263057823
672, 0.0132664466121544
673, 0.0134385250664006
674, 0.0150038748048246
675, 0.0148073462769389
676, 0.014611266941453
677, 0.0139282964436071
678, 0.0181679554904501
679, 0.0198369656379024
680, 0.0151859549805522
681, 0.0146057632906983
682, 0.0161479339779665
683, 0.0179353185618917
684, 0.0154280893038958
685, 0.0194926098920405
686, 0.0167397486511618
687, 0.0181869893955688
688, 0.0198269320341448
689, 0.0192608861252666
690, 0.0148216512054205
691, 0.0177972147551676
692, 0.0196700530747573
693, 0.0152819426730275
694, 0.0206620135965447
695, 0.0205302278821667
696, 0.0127391121350229
697, 0.0119637468208869
698, 0.0138051530811936
699, 0.0139488601125777
700, 0.0139644369482994
701, 0.0161302116854737
702, 0.0147949879368146
703, 0.0177466105669737
704, 0.0193925928324461
705, 0.0160379634083559
706, 0.01614514731669
707, 0.0179244911608597
708, 0.0175901882660886
709, 0.0190838412381709
710, 0.0151237956514316
711, 0.0199565522683163
712, 0.0196582510446509
713, 0.0201699525117874
714, 0.0199194666264313
715, 0.0204831993517776
716, 0.0198818682692945
717, 0.01435170819362
718, 0.0146665938996843
719, 0.0159175028869261
720, 0.0145555161871016
721, 0.0158151589067919
722, 0.0142492796294391
723, 0.017563306260854
724, 0.0185851490435501
725, 0.0161283996887505
726, 0.0148750090040267
727, 0.0179080393475791
728, 0.0162135633639991
729, 0.0135215065442026
730, 0.0153951822430827
731, 0.0149283668957651
732, 0.0174528867006302
733, 0.00139757035746394
734, 0.00997567370844384
735, 0.013840399760132
736, 0.00631710039063667
737, 0.00335688467991228
738, 0.0112161455520739
739, 0.0107022345376511
740, 0.0113751508761197
741, 0.0119549655355513
742, 0.0123751184437424
743, 0.0126095832480739
744, 0.0126253983471543
745, 0.0124590817528466
746, 0.0121899270452559
747, 0.0118895989532272
748, 0.0116085628202806
749, 0.0113778331627448
750, 0.0111438846991708
751, 0.011487068530793
752, 0.0121488393439601
753, 0.0135302764053146
754, 0.0161885848113646
755, 0.0112078206924101
756, 0.00393649029623096
757, 0.0046251427847892
758, 0.00509860238526016
759, 0.00539652615164717
760, 0.00561944748430202
761, 0.00584177292572955
762, 0.00605247538381567
763, 0.00625791284255683
764, 0.00648345685719202
765, 0.00671853742096573
766, 0.00691716000437737
767, 0.00703470020865401
768, 0.00707755606466283
769, 0.00706573463200281
770, 0.0070265147757406
771, 0.00698854650060336
772, 0.00698969874065369
773, 0.00704221043270081
774, 0.0071756651547427
775, 0.00743411097209901
776, 0.00790131247291962
777, 0.00877187792987873
778, 0.0104245957142363
779, 0.0133531316338728
780, 0.0134795727208257
781, 0.0121834104259809
782, 0.000549028511159122
783, 0.0199553497534777
784, 0.00343016866827384
785, 0.0223035261345406
786, 0.0108879821685453
787, 0.0142666124738753
788, 0.0107445335791757
789, 0.0126923541538417
790, 0.0116207622146855
791, 0.0106612459445993
792, 0.010724725201726
793, 0.0111364740878344
794, 0.0114538688988735
795, 0.0118180133868009
796, 0.0121878803086778
797, 0.0124726911696295
798, 0.01255240275835
799, 0.0123626813292503
800, 0.0119532965278874
801, 0.0110269606423875
802, 0.00757064553909004
803, 0.00709802063647658
804, 0.0107636270113289
805, 0.00849872982750336
806, 0.00413358309306204
807, 0.00500599098657923
808, 0.00579093024134636
809, 0.00619948050007224
810, 0.00682620382091651
811, 0.00735960555418084
812, 0.00786423811223358
813, 0.00769134502237042
814, 0.00748453661799431
815, 0.00745312481497725
816, 0.0075016626700138
817, 0.00766096613369882
818, 0.00797387061174959
819, 0.00781297815653185
820, 0.0065328295265014
821, 0.00762570067308843
822, 0.00780735521887739
823, 0.00937464026113351
824, 0.0155605103354901
825, 0.0107776938627164
826, 0.0113271498121321
827, 0.0173789050430059
828, 0.0134481412824243
829, 0.00991581069926421
830, 0.00812159129418433
831, 0.00648270467562335
832, 0.0112829911522567
833, 0.0139190661720932
834, 0.00263595645083115
835, 0.00475537885601322
836, 0.0156976416086157
837, 0.0103085453932484
838, 0.0106035092224677
839, 0.0111370106848578
840, 0.0102001444902271
841, 0.0103830709122121
842, 0.0102349734709909
843, 0.0106327550020069
844, 0.0109817003831267
845, 0.0114133772440255
846, 0.0119013210448126
847, 0.0123525285162032
848, 0.0119648793091377
849, 0.0129758336115628
850, 0.012570721640562
851, 0.0124512538313866
852, 0.00815928114267687
853, 0.00803138924917827
854, 0.00835522155587872
855, 0.00798452009136478
856, 0.0085629237194856
857, 0.00803985295351595
858, 0.00872113431493441
859, 0.00822536259268721
860, 0.00874815532006323
861, 0.00858918957722684
862, 0.00590388905256987
863, 0.00857001713787516
864, 0.00716473837383091
865, 0.00660280526305238
866, 0.00824858892398576
867, 0.00753307505510747
868, 0.00788700747458885
869, 0.00919155419493715
870, 0.0115203082095832
871, 0.0101755080589404
872, 0.0120939279906452
873, 0.0131021518260241
874, 0.014432372758165
875, 0.0125312832339356
876, 0.0117896025379499
877, 0.0126218479126692
878, 0.0134247361371915
879, 0.0126684419145542
880, 0.0104191522113979
881, 0.0136731688398868
882, 0.0122663993388414
883, 0.00983458920381963
884, 0.0115782439243048
885, 0.0107601499961068
886, 0.00823219795711339
887, 0.0126866719219834
888, 0.010946514007325
889, 0.0104468284795682
890, 0.00860556145198643
891, 0.0100796436114858
892, 0.00983192639735838
893, 0.00970792902323107
894, 0.00984819893104335
895, 0.00970685621723533
896, 0.0101335466218491
897, 0.0105976285412908
898, 0.00923123102014264
899, 0.00884898635558784
900, 0.00863880035467446
901, 0.00856346000606815
902, 0.00860939562941591
903, 0.00876782485283911
904, 0.00901162771818539
905, 0.00929971675698956
906, 0.0122664674584355
907, 0.007693133278129
908, 0.00957465334795415
909, 0.00972338688249389
910, 0.0118195035805305
911, 0.00955500391622384
912, 0.0111977077710132
913, 0.00907798802169661
914, 0.0131929143487165
915, 0.0104262370616198
916, 0.0129129669629037
917, 0.00894177138494948
918, 0.0119053625501692
919, 0.0112027145611743
920, 0.0122174042432259
921, 0.0121744297600041
922, 0.0104198671566943
923, 0.00985880863542358
924, 0.00947932557513317
925, 0.00924772148331006
926, 0.00914732754851381
927, 0.00933716834212343
928, 0.00917577898750702
929, 0.00960485311225057
930, 0.00998093886300921
931, 0.0104080060652147
932, 0.0107263740307341
933, 0.00961263403296471
934, 0.0106146526522934
935, 0.0106860621211429
936, 0.00940887342828015
937, 0.0287314707413316
938, 0.0072356677458932
939, 0.0129557670249293
940, 0.00975551413527379
941, 0.00515447163100665
942, 0.0176229112936805
943, 0.00974178461668392
944, 0.00837942096404731
945, 0.00574594844753544
946, 0.00464177218964323
947, 0.0100346622833361
948, 0.0102512059578051
949, 0.00937980560896297
950, 0.00893382378853858
951, 0.00767622500037154
952, 0.00679914280772209
953, 0.00368096495124822
954, 0.0112571138112495
955, 0.00862105819396675
956, 0.00912606863615414
957, 0.0106019399439295
958, 0.0109596670760463
959, 0.0111946481435249
960, 0.0111167451056341
961, 0.0107073801724861
962, 0.0100360730818162
963, 0.00927402754314244
964, 0.00867686808730165
965, 0.00835983090413113
966, 0.00964639754965901
967, 0.0101476526663949
968, 0.0102951306849718
969, 0.00909586941512922
970, 0.00877589158092936
971, 0.00844669512783488
972, 0.00810647173784673
973, 0.00775881744145105
974, 0.0074023021152243
975, 0.0119044406649967
976, 0.0151781867413471
977, 0.025892460718751
978, 0.0104067147088548
979, 0.00566798568858455
980, 0.0254768354019948
981, 0.00730735183848689
982, 0.0103910382216175
983, 0.00889428604083757
984, 0.00988493549327056
985, 0.0104829885531217
986, 0.0096203499318411
987, 0.00666932404662172
988, 0.00609239082162579
989, 0.00791168348708501
990, 0.00928503414615989
991, 0.00843825074844062
992, 0.00816100975498557
993, 0.00914601686721047
994, 0.0101072012912482
995, 0.0109045525702337
996, 0.0107864163195093
997, 0.00778118901265164
998, 0.0113755485508591
999, 0.0114365839399397
1000, 0.0111858664701382
1001, 0.0112645844152818
1002, 0.0101710775246223
1003, 0.00748735798212389
1004, 0.00728626381605864
1005, 0.010539970981578
1006, 0.00869588212420543
1007, 0.00962873493942122
1008, 0.00940656840490798
1009, 0.00796103617176414
1010, 0.00825141044333577
1011, 0.00972163840197027
1012, 0.0100388144298146
1013, 0.00886734497422973
1014, 0.00855545358111461
1015, 0.0160811973425249
1016, 0.0114280005606512
1017, 0.0134012526056419
1018, 0.0093379751779139
1019, 0.00772698887158185
1020, 0.0116057079950614
1021, 0.010091068555734
1022, 0.0127845633154114
1023, 0.0097926021553576
1024, 0.00763820038576211
1025, 0.014825804081435
1026, 0.0101555941094245
1027, 0.00845370845248302
1028, 0.00883597298525274
1029, 0.00805314537137747
1030, 0.00735056551638991
1031, 0.00766507920343429
1032, 0.00720644156293323
1033, 0.00918080564588308
1034, 0.00948276308675607
1035, 0.0100666498765349
1036, 0.00800766687219342
1037, 0.00778947409708053
1038, 0.00959094528419276
1039, 0.00912944677596291
1040, 0.0116681084036827
1041, 0.0113068243178229
1042, 0.0100613452959806
1043, 0.0109235265602668
1044, 0.0105111019220203
1045, 0.0119497404278566
1046, 0.00871596904471517
1047, 0.0120191597379744
1048, 0.0116821747894088
1049, 0.00830859101066987
1050, 0.0110677260905504
1051, 0.00918074627406895
1052, 0.00861356810977062
1053, 0.00834226747974753
1054, 0.00809812677713732
1055, 0.00950344566566249
1056, 0.00981847584868471
1057, 0.0127606584823557
1058, 0.0144266909143577
1059, 0.00789489881135523
1060, 0.0386127781122923
1061, 0.00735298951622099
1062, 0.00802534120157361
1063, 0.00877142107735077
1064, 0.00907027868864437
1065, 0.00845271504173676
1066, 0.00779569300357252
1067, 0.00814336693535248
1068, 0.00790278272082408
1069, 0.00790957761152337
1070, 0.00972249289043248
1071, 0.0125648603619387
1072, 0.00869377655908465
1073, 0.00814841353955368
1074, 0.0115390642701338
1075, 0.0120627308885256
1076, 0.0110262057278305
1077, 0.00907212674307326
1078, 0.0105280495093515
1079, 0.0095320757633696
1080, 0.0100257609349986
1081, 0.00838238148329159
1082, 0.00890938603940109
1083, 0.0083839309712251
1084, 0.00820076582022011
1085, 0.00921797892078757
1086, 0.00955377432650753
1087, 0.0137170576490462
1088, 0.00914124826279779
1089, 0.00869655741068224
1090, 0.0084371385940661
1091, 0.00834242650307715
1092, 0.00820553457985322
1093, 0.00806774866456787
1094, 0.00807972919816772
1095, 0.00832520079954217
1096, 0.0129174614946047
1097, 0.00863337672005097
1098, 0.0124483132579674
1099, 0.00934239376025895
1100, 0.0118073248304427
1101, 0.0111949267641952
1102, 0.00822446898867687
1103, 0.00989232202991843
1104, 0.0105999927036464
1105, 0.0084085479999582
1106, 0.0100125092236946
1107, 0.00899005091438691
1108, 0.00946370939103266
1109, 0.00862523098476231
1110, 0.00824770032029067
1111, 0.00919544836506248
1112, 0.00892017440249523
1113, 0.0105738662338505
1114, 0.0136169223780079
1115, 0.00891598759751235
1116, 0.0131598934531212
1117, 0.00841317729403575
1118, 0.00825178793941935
1119, 0.00819496492234369
1120, 0.00884868856519461
1121, 0.00828526603678862
1122, 0.00858622960125407
1123, 0.0120122656226158
1124, 0.0113488257241746
1125, 0.00827197389056285
1126, 0.00854901635708908
1127, 0.0106820284854621
1128, 0.00839974645835658
1129, 0.0100073437206447
1130, 0.00938662087234358
1131, 0.00888945837505162
1132, 0.00814414191991091
1133, 0.00841266064283749
1134, 0.00861934968270361
1135, 0.0113544252701104
1136, 0.0125751920665304
1137, 0.011413695756346
1138, 0.0118500971235335
1139, 0.0096663652608792
1140, 0.00828260346315801
1141, 0.00829096798164149
1142, 0.0127180044073611
1143, 0.00843664188869298
1144, 0.0114326699792097
1145, 0.00912539342728754
1146, 0.00828741157116989
1147, 0.0107343813870102
1148, 0.00876283800850312
1149, 0.00860474230721593
1150, 0.00836076494306326
1151, 0.00997477956116199
1152, 0.00928773661144078
1153, 0.00839134778029152
1154, 0.0107251226436347
1155, 0.00988553161732852
1156, 0.0120580620908489
1157, 0.00829620510339737
1158, 0.0124460679944605
1159, 0.0103656866122037
1160, 0.0170633625239134
1161, 0.00862894610812267
1162, 0.00154147572417666
1163, -0.000267813651589677
1164, 0.0168296726575742
1165, 0.0249544228427112
1166, 0.0331156908844908
1167, 0.00429455506188485
1168, 0.029461289756
1169, 0.000396335229743272
1170, -0.00081282014642576
1171, 0.0276324800991764
1172, 0.0156024727039039
1173, 0.00963952330251535
1174, 0.00700978558355321
1175, 0.00509238340115796
1176, 0.00358527964757135
1177, 0.00251044872372101
1178, 0.00180306071221518
1179, 0.00146828128102546
1180, 0.0227636941708624
1181, 0.0299848176849385
1182, 0.0334077340861162
1183, -0.000258910679258406
1184, 0.00163529354419249
1185, 0.0107338648134222
1186, 0.0168217855971307
1187, 0.00781792549726864
1188, 0.00364796388506268
1189, 0.00553727258617679
1190, 0.00221765081126553
1191, 0.000917920239901702
1192, 0.0265937691243986
1193, 0.0187700031480442
1194, 0.0158131951466203
1195, 0.012213927693665
1196, 0.0311786994958917
1197, 0.0103885668329895
1198, 0.0334620938325922
1199, 0.00377242973107578
1200, 0.0266042991230885
1201, 0.014676284111504
1202, 0.00771568374087413
1203, 0.0132839361737881
1204, 0.000244875831413083
1205, 0.0321122454479337
1206, 0.00383402975664164
1207, 0.00608122465200722
1208, 0.00851448543835431
1209, 0.011832398440068
1210, 0.0189521751211335
1211, 0.00207946337759495
1212, 0.0293449743517808
1213, 0.0284360874710338
1214, 0.0245957421138883
1215, 0.0301280422136188
1216, 0.017461362760514
1217, 0.000922064127128882
1218, 0.0321644397142033
1219, 0.0271547852084041
1220, 0.0202230258534352
1221, 0.0126941031776369
1222, 0.00918762075404326
1223, 0.0067987455210338
1224, 0.0198303976096213
1225, 0.0340457271784544
1226, 0.0319948657415807
1227, 0.0267690471373498
1228, 0.0230378254782408
1229, 0.0127476242370903
1230, 0.0104706310667098
1231, 0.025767847429961
1232, 0.0156017097644508
1233, 0.0302321024239063
1234, 0.0321988328360021
1235, 0.0319556523114443
