1, 0.00607907888479531
2, 0.0195675327753027
3, 0.00422358559444547
4, 0.00704956182744354
5, 0.0103706135414541
6, 0.01608348172158
7, 0.00270986603572965
8, 0.00085926077736076
9, 0.0208313499266903
10, 0.00530159589834511
11, 0.0073689236305654
12, 0.0153855122625828
13, 0.00640283451814737
14, 0.00684537614385287
15, 0.0072301837693279
16, 0.00759146746713668
17, 0.00793959840666503
18, 0.00825532401601473
19, 0.00853647912542025
20, 0.00880267393464843
21, 0.00905541749671102
22, 0.00937495799735188
23, 0.00991531368345022
24, 0.0109692631910245
25, 0.0131316604868819
26, 0.0168880256824195
27, 0.0171761839883402
28, 0.0149128457220892
29, 0.0116890290131172
30, 0.00798638824683925
31, 0.0051615247502923
32, 0.00379820703528821
33, 0.00322157196933404
34, 0.00290191212358574
35, 0.00280263080882529
36, 0.00388912437483668
37, 0.00492364245777329
38, 0.00568477398095032
39, 0.0061861090362072
40, 0.00651556400892635
41, 0.00673347843500475
42, 0.00687370821833611
43, 0.0069664332161968
44, 0.00701705738902092
45, 0.00703746227857967
46, 0.00704819103702903
47, 0.00708123195605973
48, 0.00711818660298983
49, 0.00713634607382119
50, 0.00714977698711057
51, 0.00715021416544914
52, 0.00715764503305157
53, 0.00719591113738716
54, 0.00725523754954338
55, 0.00735620774018268
56, 0.00749190780334175
57, 0.00767803339598079
58, 0.00790365653422972
59, 0.00815888323510686
60, 0.00844216470917066
61, 0.00874205616613229
62, 0.00905649100119869
63, 0.00938022353996833
64, 0.00968893524259329
65, 0.0100758986081928
66, 0.0102378145481149
67, 0.010160805657506
68, 0.0100545107076565
69, 0.00989997557674845
70, 0.00967975612729788
71, 0.00943223775054018
72, 0.00914136754969756
73, 0.00881501209611694
74, 0.00846827138836185
75, 0.00812427358080943
76, 0.00778039459449549
77, 0.0074523303968211
78, 0.00714918094066282
79, 0.0068909734642754
80, 0.00666562817059457
81, 0.00647656223736703
82, 0.00634276998850207
83, 0.00630986830219626
84, 0.00618994360168775
85, 0.00623504460478822
86, 0.00632826611399651
87, 0.00648399326018989
88, 0.00673067701670031
89, 0.00706923132141431
90, 0.00753255832629899
91, 0.00818165275268257
92, 0.00909853167831898
93, 0.0105279702693224
94, 0.0131796621717513
95, 0.0135324917500839
96, 0.0120861946294705
97, 0.00789272901602089
98, 0.00626516443056365
99, 0.00541369213412205
100, 0.00485193814771871
101, 0.00441384377578894
102, 0.00403595032791297
103, 0.00369330301570396
104, 0.00338971665284286
105, 0.00311545577521125
106, 0.00286746071651578
107, 0.00267012964468449
108, 0.00252862825679282
109, 0.00243775092530996
110, 0.00242066426047434
111, 0.0024520957764859
112, 0.00251122358410309
113, 0.00258402060717344
114, 0.00266611607124408
115, 0.002589839277789
116, 0.00229581243668993
117, 0.00191758119035512
118, 0.00139329865730057
119, 0.000696142684319057
120, 6.71548817384367e-06
121, 8.74301428363348e-05
122, 0.000248089545493713
123, 0.000969012898470586
124, 0.00283765868516639
125, 0.0059107953372101
126, 0.0095398446234564
127, 0.0130579895339906
128, 0.0166562427766621
129, 0.0168816675432026
130, 0.0124072255566716
131, 0.00987184226202468
132, 0.00856171222403646
133, 0.00766140362247825
134, 0.00692242515894274
135, 0.00602418309426866
136, 0.00550357609366377
137, 0.00562457360016803
138, 0.00592124570781986
139, 0.00637479755096138
140, 0.00695820796924333
141, 0.00756220147013664
142, 0.00810655082265536
143, 0.00851436595742901
144, 0.00875655980780721
145, 0.00885212576637665
146, 0.00880452136819561
147, 0.00865260930731893
148, 0.00842956857134899
149, 0.00816722819581628
150, 0.00789245132667323
151, 0.00765482724333803
152, 0.00747740392883619
153, 0.00735190627165139
154, 0.0072844837171336
155, 0.0071390086474518
156, 0.00700414304931958
157, 0.00690460321493447
158, 0.00684523714395861
159, 0.00680792448110878
160, 0.00680172559805214
161, 0.00682930268036823
162, 0.00686661526560783
163, 0.00691310696614285
164, 0.00696973137867947
165, 0.00702560079904894
166, 0.00318440835690126
167, 0.00381358542169134
168, 0.00517690282625457
169, 0.00805231106157104
170, 0.0118281470301251
171, 0.0152445669906835
172, 0.0186690523599585
173, 0.0166812568204477
174, 0.0131701255838076
175, 0.00933845993131399
176, 0.00571278847443561
177, 0.00315316568594426
178, 0.00168732836997757
179, 0.000478565840239753
180, 0.00266575868590735
181, 0.00265367876272649
182, 0.00260949181392789
183, 0.00258787523489445
184, 0.00264708259298156
185, 0.00280809456792971
186, 0.0031263039369757
187, 0.00363953966492166
188, 0.00433091407952209
189, 0.00525971354606251
190, 0.00667905916149418
191, 0.0110480212024413
192, 0.0138265321341654
193, 0.0137012827520569
194, 0.012406867928803
195, 0.0114791415010889
196, 0.0107988140856226
197, 0.0101193600955109
198, 0.00935125490650535
199, 0.00850776924441258
200, 0.00766023124257724
201, 0.0068997951845328
202, 0.0062733106315136
203, 0.00577771780081093
204, 0.00958075288993617
205, 0.0054782437121806
206, 0.00406632877032583
207, 0.00665883347392082
208, 0.0084126607204477
209, 0.00870716758072376
210, 0.00900366079683105
211, 0.00933698983862996
212, 0.00981009200525781
213, 0.0105928600144883
214, 0.0120966254423062
215, 0.0119804565329105
216, 0.0142427907946209
217, 0.00726918519164125
218, 0.0140483800011377
219, 0.00645013778315236
220, 0.00607389328069985
221, 0.00551611285967131
222, 0.00472909313005706
223, 0.00384646720097711
224, 0.00321716979877757
225, 0.00922701981229087
226, 0.00890952534973621
227, 0.00860657442050675
228, 0.00831850486186643
229, 0.0080472839375337
230, 0.00780624298689266
231, 0.00759611659062405
232, 0.00743746885564178
233, 0.00731251757436742
234, 0.00722903133525203
235, 0.00718009603830675
236, 0.0071576051802064
237, 0.00715148577000946
238, 0.00714371745319416
239, 0.00712492200545967
240, 0.0071016961010173
241, 0.00678106269333512
242, 0.00872864473300675
243, 0.00902609216670195
244, 0.00929490872658789
245, 0.00951659819111228
246, 0.0097072539695849
247, 0.00985189434140921
248, 0.00994634791277349
249, 0.0100231385634591
250, 0.00954673858359456
251, 0.00712605457132061
252, 0.0071552210720256
253, 0.00717389723286033
254, 0.00740987182750056
255, 0.0090943593531847
256, 0.0079821163477997
257, 0.00755622109863907
258, 0.00879754785758754
259, 0.00851075017514328
260, 0.00823613163083792
261, 0.0077530158450827
262, 0.00728742413533231
263, 0.00721782577844958
264, 0.00714276370126754
265, 0.00981848379597068
266, 0.00865018554031849
267, 0.00936458671155075
268, 0.0104840615143379
269, 0.00775879749562591
270, 0.00809961712608735
271, 0.0074075273781394
272, 0.0113908271305263
273, 0.0098346093048652
274, 0.00898560082229475
275, 0.0084209058744212
276, 0.00661860037750254
277, 0.00649635931476951
278, 0.00698177143931389
279, 0.007782242144458
280, 0.00810055116501947
281, 0.00897785190803309
282, 0.00919453473761678
283, 0.00937297094302873
284, 0.00950521416962147
285, 0.00961929699406028
286, 0.0096809482978036
287, 0.00670073561680814
288, 0.00686812517233193
289, 0.00557786338807394
290, 0.0060329648355643
291, 0.00506842229515314
292, 0.00703430296077083
293, 0.00706997066736221
294, 0.00697189682008078
295, 0.0064002286332349
296, 0.007061761066628
297, 0.0108288740739226
298, 0.00810354226268828
299, 0.00963306566700339
300, 0.0119244277011603
301, 0.00615445858178039
302, 0.00709755216459078
303, 0.00970229220443538
304, 0.00689242697054786
305, 0.0124947451986372
306, 0.00845647021196783
307, 0.00872173067182302
308, 0.00897791127984723
309, 0.00774171098601073
310, 0.00819973290587465
311, 0.00796127451273302
312, 0.0075550291997691
313, 0.00729237139845888
314, 0.00721494488728543
315, 0.00714540594102194
316, 0.00740611696771036
317, 0.00716815535755207
318, 0.00712311376507084
319, 0.00937573309056461
320, 0.00798167916946113
321, 0.00703533618555715
322, 0.007636031601578
323, 0.0111412623276313
324, 0.0104659020435065
325, 0.00898093163656692
326, 0.00987806124612689
327, 0.00939363442982236
328, 0.00831878324970603
329, 0.00873714848421514
330, 0.0070156668080017
331, 0.00719529530033469
332, 0.00747988757211715
333, 0.00720814991897593
334, 0.00818093757455548
335, 0.00946271574745576
336, 0.00942717127812405
337, 0.0093637522465239
338, 0.00927963037975132
339, 0.00915299030020833
340, 0.00847145092363159
341, 0.00666334359751393
342, 0.00703911114639292
343, 0.00707527141397198
344, 0.00696470460388809
345, 0.0061142056947574
346, 0.00625987964061399
347, 0.00646615129274627
348, 0.00684929022099823
349, 0.00480461199767888
350, 0.00611731497338042
351, 0.0117301962648829
352, 0.0077681354402254
353, 0.0075737052053834
354, 0.0072025671058024
355, 0.00798668588201205
356, 0.00711776921525598
357, 0.00729475550663968
358, 0.00892720790579915
359, 0.00869353790767491
360, 0.00715029356069863
361, 0.00821540884984036
362, 0.00925650061773402
363, 0.0084520992046843
364, 0.00741919013671577
365, 0.0104357815968494
366, 0.00989067740738392
367, 0.00790029892232269
368, 0.00825168836551408
369, 0.0109961050717781
370, 0.00860472690934936
371, 0.00940484010304014
372, 0.00728935142979026
373, 0.00710389744490385
374, 0.00949902720749378
375, 0.00898929599982997
376, 0.00667558230149249
377, 0.00789515297704687
378, 0.00738936798491826
379, 0.009281100705266
380, 0.00928654405288398
381, 0.00928032530161242
382, 0.00924575530613462
383, 0.00745114391403539
384, 0.00855432109286388
385, 0.00762275975042333
386, 0.00878731564929088
387, 0.00683301788133879
388, 0.0067760954455783
389, 0.00703307136427611
390, 0.0070842007241611
391, 0.00696454573577891
392, 0.00684756153107931
393, 0.00723352557979524
394, 0.00753975042607635
395, 0.00444362235721201
396, 0.0114130796088527
397, 0.00781550114819159
398, 0.00761604448780417
399, 0.00803874052750568
400, 0.00710540284801807
401, 0.00718408935548117
402, 0.0072899671504274
403, 0.00891482985268036
404, 0.00827020538660387
405, 0.00744430352157603
406, 0.00871624719972412
407, 0.00910768657922745
408, 0.00850037896695236
409, 0.0108470140645901
410, 0.00857011671178043
411, 0.0103687065032621
412, 0.00819846157295009
413, 0.00896154041402042
414, 0.00986753085938593
415, 0.0068129114418601
416, 0.00917397136799991
417, 0.00830074298816423
418, 0.00758622218078623
419, 0.0091912765831997
420, 0.00923890069437524
421, 0.00911632778921298
422, 0.00888119304242233
423, 0.00804348934131364
424, 0.00779382515853892
425, 0.00904647672238449
426, 0.00734835975648214
427, 0.00703422375954688
428, 0.00698419540033986
429, 0.00689806664983432
430, 0.0114248214134326
431, 0.00784125074278563
432, 0.00789471599273384
433, 0.0111952442675829
434, 0.00812759110704064
435, 0.00767165573779494
436, 0.00715618245303631
437, 0.00835766534631451
438, 0.00727329779571543
439, 0.00745846963642786
440, 0.00895657281701764
441, 0.0087924018347015
442, 0.00858593142280976
443, 0.00770316645503044
444, 0.00716447958257049
445, 0.00939323691030343
446, 0.00856187124736607
447, 0.0106792669588079
448, 0.0102630474915107
449, 0.00894854652384917
450, 0.00707266479730606
451, 0.00926282210275531
452, 0.00868330554415782
453, 0.00778041025623679
454, 0.00906880078837275
455, 0.00913953936348359
456, 0.00915187760256231
457, 0.00821763455557326
458, 0.00797957337150971
459, 0.00845623187099894
460, 0.00924281473271549
461, 0.00708160929692288
462, 0.0070729465999951
463, 0.00708319859889646
464, 0.0107743243819901
465, 0.00817247972424541
466, 0.00824380029613773
467, 0.00798503693658859
468, 0.00848740486738583
469, 0.0081221874182423
470, 0.0109731378033757
471, 0.00723075979788389
472, 0.00772380960794787
473, 0.0074703903713574
474, 0.00908185907506517
475, 0.00870690913870931
476, 0.00890406143541137
477, 0.00981402544615169
478, 0.00892498266572754
479, 0.00709891435690224
480, 0.0104782003909349
481, 0.00936500394406418
482, 0.00772881663093964
483, 0.00924398664695521
484, 0.00902255539161464
485, 0.00839867365236084
486, 0.00862954230979085
487, 0.00934277133395275
488, 0.00883134353595475
489, 0.00932620405884726
490, 0.0112554451140265
491, 0.00729841098655015
492, 0.0074579530240347
493, 0.00841752835549414
494, 0.00838530187805494
495, 0.00864982752439876
496, 0.0086058391413341
497, 0.00810639195454617
498, 0.00817845377605408
499, 0.00886533836213251
500, 0.00780155090615153
501, 0.0107246260158718
502, 0.0090433774360766
503, 0.010132076141114
504, 0.0110491134691983
505, 0.00857887463644147
506, 0.00931974391763409
507, 0.00973546652433773
508, 0.00930146547034383
509, 0.00887520132320268
510, 0.00897724814713001
511, 0.00942716738209128
512, 0.00921634438314608
513, 0.00799628238504132
514, 0.00766623136587441
515, 0.0091840640331308
516, 0.00745139224454761
517, 0.00940883280709386
518, 0.00742409345693886
519, 0.0100095997564495
520, 0.00961345573887229
521, 0.00884129751163224
522, 0.0085577581388255
523, 0.00905555641899506
524, 0.00910159076253573
525, 0.00889710756018758
526, 0.0082653297111392
527, 0.00922010513022542
528, 0.0107933698066821
529, 0.0104575770286222
530, 0.0102708157307158
531, 0.00932951962264876
532, 0.00963847005429367
533, 0.00948401455146571
534, 0.00861468057458599
535, 0.00997805750618378
536, 0.00977578284218907
537, 0.0103476742681648
538, 0.00950092263519764
539, 0.00905420569082101
540, 0.00927337181443969
541, 0.00909241211290161
542, 0.00874459903155054
543, 0.00942355572866897
544, 0.010517221254607
545, 0.0101833359027902
546, 0.00816528126597404
547, 0.00936259973483781
548, 0.00926741134996215
549, 0.0106693129831304
550, 0.00951952779931682
551, 0.00946190496906638
552, 0.0100498214984934
553, 0.00982012522096435
554, 0.00763576128520072
555, 0.00926051270216703
556, 0.0108997363597155
557, 0.00970409531146288
558, 0.00950342595266799
559, 0.00926301646977663
560, 0.00966557060989241
561, 0.00956555378312866
562, 0.0104353844653815
563, 0.0102068200552215
564, 0.00954665895551443
565, 0.00993323512375355
566, 0.00965513648199184
567, 0.0098529871708403
568, 0.00858644216454455
569, 0.00967726893723011
570, 0.0100727268228573
571, 0.00974541197397879
572, 0.0099182742026945
573, 0.00966968286472062
574, 0.0101510104723275
575, 0.00920383275176088
576, 0.0100150126963854
577, 0.00938236837585767
578, 0.0101973634057989
579, 0.00113834970640407
580, 0.00460753944935277
581, 0.00252161490789149
582, 0.00723423711800327
583, 0.00219643162563443
584, 0.00185402275140708
585, 0.00142775012257819
586, 0.00092808430781588
587, 0.000319262508128304
588, 0.0102275628596544
589, 0.00910359784029424
590, 0.00827042405338337
591, 0.00766722493184109
592, 0.00723022350575775
593, 0.0069073848426342
594, 0.00668182111500452
595, 0.00655394916733106
596, 0.00645945616997778
597, 0.00256296035756047
598, 0.0024846995753857
599, 0.00248666650926073
600, 0.0025347873258094
601, 0.00264539375590781
602, 0.00280577006439368
603, 0.00301309482892975
604, 0.00326822253797824
605, 0.00355202017817646
606, 0.00386176562945669
607, 0.00419539271388203
608, 0.0045623587211594
609, 0.00497839929691205
610, 0.00550937749600659
611, 0.00626977389523139
612, 0.0075841360570242
613, 0.00986319939450671
614, 0.00844830398758253
615, 0.00870502134785056
616, 0.00894034056303402
617, 0.00919791194610298
618, 0.00959968714353939
619, 0.0103048499828825
620, 0.011619847578307
621, 0.0141538807656616
622, 0.00169893151420789
623, 0.0133234631669308
624, 0.00188308999834893
625, 0.00221441228253146
626, 0.00203027371511174
627, 0.0115790384200712
628, 0.007009984459728
629, 0.00753361118646959
630, 0.00794983077018211
631, 0.00850232597440481
632, 0.00920828346473475
633, 0.00721889881727596
634, 0.0100152906961739
635, 0.0125914596021175
636, 0.00252026364129658
637, 0.00549560862903794
638, 0.00506997174428155
639, 0.00258652419627955
640, 0.00272399231713886
641, 0.00341401567372183
642, 0.00291162783590456
643, 0.00314629141939804
644, 0.00371484029650067
645, 0.00435775596027573
646, 0.00470185345814874
647, 0.00602920943250259
648, 0.00676177054022749
649, 0.00788174200958262
650, 0.00403048666582132
651, 0.008159340514491
652, 0.00868352393930157
653, 0.00914208233977357
654, 0.0099985219227771
655, 0.0118487100893011
656, 0.00783250861180325
657, 0.00747402656512956
658, 0.0070745163053895
659, 0.0067306294105947
660, 0.00891186933343609
661, 0.00947765664507945
662, 0.0108004029219349
663, 0.00292867492923203
664, 0.00834592900771115
665, 0.00445977945734436
666, 0.006267140187057
667, 0.00692110528637256
668, 0.0102172766013869
669, 0.0105256457657864
670, 0.00253081380894097
671, 0.00242634662815059
672, 0.00866085453890264
673, 0.009211382518212
674, 0.00780326267704368
675, 0.00818173245837291
676, 0.00977418967522681
677, 0.00749681529123336
678, 0.0107111152416716
679, 0.00241220040645983
680, 0.00728113777004182
681, 0.00249274618302782
682, 0.00487697194330394
683, 0.00452631781809032
684, 0.00561048668654015
685, 0.0052343614709874
686, 0.00416990196875607
687, 0.00382085714954883
688, 0.00348724989453331
689, 0.0083484067581594
690, 0.00291172717697918
691, 0.00317559705581516
692, 0.0060405342373997
693, 0.00729485465368877
694, 0.00657739338930696
695, 0.00841514409209291
696, 0.00738044715641687
697, 0.00775621486051629
698, 0.00892891626184185
699, 0.00912964483723044
700, 0.0106475568997363
701, 0.0102340198742847
702, 0.00976220929684738
703, 0.00938751463157435
704, 0.00810776301659644
705, 0.00956831146031618
706, 0.0169679913669825
707, 0.0027479734174752
708, 0.00773212000993746
709, 0.00978212830211435
710, 0.00289722345769405
711, 0.00241045991424471
712, 0.00802228960674256
713, 0.00877064606174827
714, 0.00837900388675431
715, 0.00919258726450304
716, 0.0094998887895296
717, 0.0026504147099331
718, 0.00776596984360367
719, 0.00861177958237628
720, 0.00579051262078186
721, 0.00343024806352332
722, 0.0061762739593784
723, 0.00541750675377746
724, 0.00463793764356524
725, 0.00423111601655061
726, 0.00383351331887146
727, 0.0050316461129114
728, 0.00710286813167234
729, 0.00660069896063457
730, 0.00870621328552564
731, 0.00977472627225021
732, 0.00951854550900559
733, 0.00989534620506068
734, 0.00811894878279418
735, 0.00843340329204996
736, 0.00928274937905371
737, 0.00910592226622005
738, 0.00243117853533477
739, 0.00389105164989208
740, 0.00333680784873044
741, 0.00855927954294852
742, 0.00912324727202455
743, 0.00884642351108293
744, 0.00927961004587511
745, 0.00953204752877355
746, 0.00307765062898397
747, 0.00512282150642325
748, 0.00893383493114795
749, 0.00555535262295355
750, 0.00810068966044734
751, 0.0046489645804589
752, 0.00417622023572524
753, 0.00674375014690061
754, 0.00635594242097189
755, 0.0071470153828462
756, 0.00596646568737924
757, 0.00758747387832652
758, 0.00895579795663556
759, 0.00933458578462402
760, 0.00930845931482812
761, 0.00848444450336198
762, 0.00875715569903453
763, 0.00923846320559581
764, 0.00914394987436632
765, 0.00519526117326071
766, 0.00819776151329279
767, 0.00365821030988757
768, 0.00892076650634408
769, 0.00907701378067335
770, 0.00906155638707181
771, 0.00901075367194911
772, 0.00608420484544088
773, 0.00563325585486988
774, 0.00508527054140965
775, 0.0084742516434441
776, 0.0065156432101503
777, 0.00728094709726671
778, 0.00766450294759125
779, 0.00806450960226357
780, 0.00908265681937337
781, 0.00688970209254573
782, 0.00872200905966262
783, 0.0088710601752003
784, 0.00898997128630678
785, 0.00893459849370023
786, 0.00886314045637846
787, 0.00902933846893055
788, 0.00882065409262266
789, 0.00956658669747412
790, 0.00839563373786708
791, 0.00452211000956595
792, 0.00664905823456744
793, 0.00433337793219835
794, 0.00712235900573432
795, 0.00619651986441265
796, 0.00883370793114106
797, 0.00899368672010799
798, 0.00841788590575258
799, 0.00815478526055813
800, 0.00748189445585012
801, 0.00765531216748059
802, 0.00812858490583797
803, 0.00835716870746442
804, 0.00903175414229433
805, 0.00553103962114879
806, 0.00813988999774059
807, 0.00797443520277739
808, 0.00774820789229125
809, 0.00727995368652046
810, 0.00871729981154203
811, 0.00876110924097399
812, 0.008893514983356
813, 0.00693924209502127
814, 0.00625417358241975
815, 0.0072190776001662
816, 0.00540371871708582
817, 0.00954681848331044
818, 0.00718367254982392
819, 0.0119746751928081
820, 0.00398246534556771
821, 0.00847939758871992
822, 0.00837163277901709
823, 0.0085815207567066
824, 0.00872196916801234
825, 0.00876373215578496
826, 0.00868767639622092
827, 0.00811739871278405
828, 0.0076389325161775
829, 0.00709851726423949
830, 0.00659833483708401
831, 0.00623719033319503
832, 0.00600282483113309
833, 0.00674498205383619
834, 0.00656346619750063
835, 0.0062901390871654
836, 0.00532776214337597
837, 0.00458973735415687
838, 0.00369070049297685
839, 0.00686798625004788
840, 0.00589346994335453
841, 0.00287505045222739
842, 0.0069945864379406
843, 0.00693736594015111
844, 0.00680246091602991
845, 0.00679206980081896
846, 0.0068198456040894
847, 0.00687430430358897
848, 0.00695818798461308
849, 0.00708409294020385
850, 0.00722392547565202
851, 0.00904518513319393
852, 0.0106593387511869
853, 0.0140099949203432
854, 0.0143563776010914
855, 0.00446224307718997
856, 0.00812985608354211
857, 0.00837884494103491
858, 0.00861664791591465
859, 0.00753820070531219
860, 0.00800250090348224
861, 0.00762913764143984
862, 0.00787164883998533
863, 0.00871247208366791
864, 0.00822669415113827
865, 0.00844903957719604
866, 0.00862358169009288
867, 0.00872578378766775
868, 0.00710948451887816
869, 0.00745380060592045
870, 0.00735247256234288
871, 0.00694320731175443
872, 0.0057028146693483
873, 0.00530103935549657
874, 0.00658069166820496
875, 0.00636987007843951
876, 0.0049032379174605
877, 0.00698453308238337
878, 0.00673300159784655
879, 0.00607790666011473
880, 0.00683685267964999
881, 0.0070504758041352
882, 0.00684100509776423
883, 0.00688396017843236
884, 0.00676337998205175
885, 0.00678062559260676
886, 0.00693027306503306
887, 0.00801325015102824
888, 0.0116657041168461
889, 0.00717806959679971
890, 0.00652685295790434
891, 0.0100385760888457
892, 0.00610254359586785
893, 0.00783219118602574
894, 0.00925131825109323
895, 0.0104102912979821
896, 0.00686582636886409
897, 0.00694695663904505
898, 0.00722968718037009
899, 0.0113419656242643
900, 0.0075989976990968
901, 0.00775585699981699
902, 0.007529021667627
903, 0.00735638686455786
904, 0.00888858425120513
905, 0.00887618648509184
906, 0.00858644807400803
907, 0.00876444717869163
908, 0.00810422647433976
909, 0.00835772510617971
910, 0.00875699667570492
911, 0.00803510507103056
912, 0.00845754278513292
913, 0.0079832886500905
914, 0.00690521920720736
915, 0.00601669265112529
916, 0.00622413660554836
917, 0.00641604377112041
918, 0.00658049314127614
919, 0.00583847484085709
920, 0.00596259421269808
921, 0.00684070711334546
922, 0.00678066552306215
923, 0.00688606620921443
924, 0.00673812748088191
925, 0.00679165245189021
926, 0.00689802687459936
927, 0.00703664748774221
928, 0.00682276615407318
929, 0.00875278453653057
930, 0.00717017785646021
931, 0.0108088276659449
932, 0.00778186488120506
933, 0.0180864606052637
934, 0.00896321170564209
935, 0.00996200414374471
936, 0.00750366986418764
937, 0.00858880965305226
938, 0.00600699707865715
939, 0.00722449312784842
940, 0.00924372836016119
941, 0.00922111802113553
942, 0.00910906198744973
943, 0.00831300175438325
944, 0.00761946197599173
945, 0.00741678604390472
946, 0.00889440532773733
947, 0.00862117748086651
948, 0.00800256089617809
949, 0.00898498444197079
950, 0.00784965515291939
951, 0.00632870305950443
952, 0.00645778696828832
953, 0.00680778559762985
954, 0.00623248133342713
955, 0.0067091597787415
956, 0.00636478400944422
957, 0.006199222135668
958, 0.00672604756740232
959, 0.0067958335192608
960, 0.00700809686289479
961, 0.00685586663894355
962, 0.00974532154699167
963, 0.00673808786086738
964, 0.00674683003065487
965, 0.00687976032495499
966, 0.0106219270577033
967, 0.00701255924068391
968, 0.00693351173928628
969, 0.0101215345119791
970, 0.00966157671064138
971, 0.00939295867768427
972, 0.00974907625156144
973, 0.00871207479697963
974, 0.00907594136272868
975, 0.00831033956880371
976, 0.00749200733844191
977, 0.00729129851485292
978, 0.00793000233049194
979, 0.00772835970080147
980, 0.00669913431629539
981, 0.00642474608806272
982, 0.00639383126205454
983, 0.00658347325709959
984, 0.00668025140961011
985, 0.00700473918446473
986, 0.00679077840565393
987, 0.00647268840111792
988, 0.00667385380559911
989, 0.0067161931656301
990, 0.0103156417608261
991, 0.00952925849705935
992, 0.00810810093147059
993, 0.0104970715008676
994, 0.00969106106398006
995, 0.0101085068391902
996, 0.00927416623259584
997, 0.00881636290190121
998, 0.00832969121014079
999, 0.00715520116500556
1000, 0.0067130577750504
1001, 0.00736767185541491
1002, 0.00761121658918758
1003, 0.0078721260263895
1004, 0.0108172197826207
1005, 0.00691917077638209
1006, 0.00717229968868196
1007, 0.00660823209078184
1008, 0.00654347865687062
1009, 0.00650648392426471
1010, 0.00669807335361838
1011, 0.00666775434122731
1012, 0.00691743027418852
1013, 0.00669181478830675
1014, 0.00661228228515635
1015, 0.00698810967151076
1016, 0.00944892736151814
1017, 0.00984685588628054
1018, 0.00891860465829571
1019, 0.00833310831027726
1020, 0.00750740508859356
1021, 0.0072592708747834
1022, 0.0077951760419334
1023, 0.00745133147574961
1024, 0.00651153060607612
1025, 0.00675703934393823
1026, 0.00654647499322891
1027, 0.00690232124179602
1028, 0.00659148030293484
1029, 0.00720745429862291
1030, 0.0090158994620045
1031, 0.00738394415626923
1032, 0.00961518458401163
1033, 0.00899992588286599
1034, 0.00830970394114653
1035, 0.00737599652105321
1036, 0.00767254972985635
1037, 0.0070352964491273
1038, 0.00717919017188251
1039, 0.00665638972229014
1040, 0.00965838572010398
1041, 0.00825568222596
1042, 0.00693661098678907
1043, 0.00281053824195017
1044, 0.00106716169708913
1045, 0.00961671435895065
1046, 0.00768953678198159
1047, 0.0107251821706692
1048, 0.011274021739761
1049, 0.0134203627572528
1050, 0.00494871622261902
1051, 0.0134053257293999
1052, 0.00245308932305003
1053, 0.00206997039883087
1054, 0.00160020626693343
1055, 0.00100382191885728
1056, 0.000366459361127151
1057, -2.88486535282573e-05
1058, 0.00435684209999939
1059, 0.0036141083886226
1060, 0.00307663336085776
1061, 0.00273688686623548
1062, 0.00255111905668552
1063, 0.00248692481545731
1064, 0.00250480620888993
1065, 0.00646672774261485
1066, 0.00706609222106636
1067, 0.00852048505718509
1068, 0.00929939894316097
1069, 0.0100072244337449
1070, 0.0106467428461959
1071, 0.011237484558175
1072, 0.0118692541339745
1073, 0.0123596613605817
1074, 0.0119220837950706
1075, 0.00108939427688407
1076, 0.0018616123998072
1077, 0.00145751267943221
1078, 0.00774405539656679
1079, 0.0113599322891484
1080, 0.00952738670942684
1081, 0.0105865620231877
1082, 0.0100993332453072
1083, 0.0109996222114811
1084, 0.0113137387670577
1085, 0.00539430098918577
1086, 0.00228254046911995
1087, 0.00268288503866643
1088, 0.00382717518368736
1089, 0.00692306090301524
1090, 0.00869050188921392
1091, 0.00472374840561921
1092, 0.00241402831549446
1093, 0.00314849671364451
1094, 0.00846769559818009
1095, 0.00754912849515676
1096, 0.0108220795324693
1097, 0.0117733671462962
1098, 0.00492380155871312
1099, 0.00973242660984397
1100, 0.00737834097041438
1101, 0.00253637663748426
1102, 0.00754763535223901
1103, 0.00224695936776698
1104, 0.0100728973879346
1105, 0.0097853203304112
1106, 0.00179084175033495
1107, 0.00186985771870241
1108, 0.00813702881957094
1109, 0.0105966346648832
1110, 0.0107698066470524
1111, 0.0107692303912093
1112, 0.0102930086043974
1113, 0.0104771278177698
1114, 0.00883948950407406
1115, 0.000863363467336361
1116, 0.00594480944952617
1117, 0.00408101157518104
1118, 0.00506889905470113
1119, 0.00326363315495352
1120, 0.00267577225652834
1121, 0.00225152338056692
1122, 0.00753355169824014
1123, 0.0119210899186631
1124, 0.0095904686798652
1125, 0.00256457384675741
1126, 0.00853302236646414
1127, 0.00653064371241878
1128, 0.00899831049277314
1129, 0.0041018560961155
1130, 0.0107880851719528
1131, 0.00829351124619799
1132, 0.00922993974139293
1133, 0.00233819130032013
1134, 0.0106244500881682
1135, 0.0105489110574126
1136, 0.0096235490248849
1137, 0.00986097442607085
1138, 0.0102227547516425
1139, 0.0020212534533736
1140, 0.00205421489663422
1141, 0.00855374457314611
1142, 0.00627378750747691
1143, 0.00546775362454355
1144, 0.00267355490941554
1145, 0.00438306820190822
1146, 0.00339148507919163
1147, 0.0106879296557357
1148, 0.00684156557545066
1149, 0.00964886974543333
1150, 0.0114469349694749
1151, 0.00348637845101101
1152, 0.0102583981739978
1153, 0.0103092808276415
1154, 0.00976592496347924
1155, 0.0105484741895149
1156, 0.00868737860582769
1157, 0.00285885787646597
1158, 0.00675457851806035
1159, 0.0116143489256501
1160, 0.0111404283282657
1161, 0.00589205922248463
1162, 0.00473245066435387
1163, 0.00795474224723875
1164, 0.0106560965999961
1165, 0.00421583727002144
1166, 0.0092504241814216
1167, 0.00855879965238273
1168, 0.0106788098346442
1169, 0.00710410031024367
1170, 0.0112134837545455
1171, 0.0108602407521435
1172, 0.00641828880179673
1173, 0.00759975243515025
1174, 0.0104214371337245
1175, 0.0101147710035245
1176, 0.00517378343890111
1177, 0.00580908940173686
1178, 0.0106942674145102
1179, 0.00668590185232461
1180, 0.00925743728876114
1181, 0.00843228533631191
1182, 0.0101158041507006
1183, 0.010893784230575
1184, 0.0076185476500541
