1, 0.00879883952438831
2, 0.0901473561922709
3, 0.00735986337531358
4, 0.00984001276083291
5, 0.0227174796164036
6, 0.0207980908453465
7, 0.00417256401851773
8, 0.00741493853274733
9, 0.0887522883713245
10, 0.00882476731203496
11, 0.0362592972815037
12, 0.0545373074710369
13, 0.00950147886760533
14, 0.0106231786000232
15, 0.011654478420193
16, 0.0125283823193361
17, 0.0131259586196393
18, 0.0136374660457174
19, 0.0158361624150227
20, 0.0251837417793771
21, 0.0446145425861081
22, 0.0717727486044168
23, 0.0717602791264653
24, 0.0562374672542016
25, 0.0370321717734138
26, 0.0196109637618065
27, 0.00961860176175833
28, 0.00602459989022464
29, 0.00539638676370184
30, 0.00553127215243876
31, 0.00719481834676117
32, 0.00847292086109519
33, 0.00926222559064627
34, 0.00970691597710053
35, 0.00991124054417014
36, 0.00996264008184274
37, 0.00993834133259952
38, 0.00988644516716401
39, 0.00984844705089927
40, 0.0098290853202343
41, 0.00981128355488181
42, 0.00980786637713512
43, 0.00983198654527465
44, 0.0099226253417631
45, 0.0101330699399114
46, 0.0104986452497542
47, 0.011013668961823
48, 0.0116657038840155
49, 0.0124447764828801
50, 0.0133380118447045
51, 0.0142583080256979
52, 0.0152166712408264
53, 0.0186820360831916
54, 0.0211095456033945
55, 0.0237167322387298
56, 0.0298393232127031
57, 0.0361459329724312
58, 0.0401833529273669
59, 0.0403421806792418
60, 0.0361373880878091
61, 0.0284215267747641
62, 0.0196900006073217
63, 0.0137625960633159
64, 0.0119821652770042
65, 0.0112160462886095
66, 0.0104526298431059
67, 0.00985892737905184
68, 0.00941896593819062
69, 0.009329529479146
70, 0.00920355482958257
71, 0.00911438604816794
72, 0.0093994946219027
73, 0.00982868811115623
74, 0.0104111844363312
75, 0.0110934201317529
76, 0.012935442229112
77, 0.0194824974363049
78, 0.0300012075652679
79, 0.0393352185686429
80, 0.0433769300580025
81, 0.0415721411506335
82, 0.035897300268213
83, 0.0293613725031416
84, 0.0248086890205741
85, 0.0241949198146661
86, 0.0195563468150795
87, 0.0158535668936868
88, 0.0106047014705837
89, 0.008455039622883
90, 0.00722793862223625
91, 0.00642601742098729
92, 0.00585206435061991
93, 0.00540018167036275
94, 0.00504394426631431
95, 0.00476296797084312
96, 0.00454859008702139
97, 0.0044130093883723
98, 0.00431521811212103
99, 0.00425680548263093
100, 0.00420479049595694
101, 0.00431037019006908
102, 0.00460386353855332
103, 0.00491013222684463
104, 0.00526923053742697
105, 0.00562663985571514
106, 0.00595518054130177
107, 0.00621146080084145
108, 0.0063064507363985
109, 0.00610311930843939
110, 0.00546320388093591
111, 0.0045978040046369
112, 0.00516979004411648
113, 0.00613978615729138
114, 0.00994837485874693
115, 0.0196397731391092
116, 0.0378509828199943
117, 0.0605720796932777
118, 0.0827809733649095
119, 0.0702303589011232
120, 0.0417319804740449
121, 0.0234919836123784
122, 0.0158072939763467
123, 0.0139388268968711
124, 0.0133726822678
125, 0.0128432540999105
126, 0.0121586345291386
127, 0.011377217558523
128, 0.0105142811468492
129, 0.0095236317387649
130, 0.00914502299080292
131, 0.00935725510741274
132, 0.00964470844094952
133, 0.0100372646314402
134, 0.0105747395815949
135, 0.0112541140988469
136, 0.0120903674202661
137, 0.0138530361776551
138, 0.0206542847057184
139, 0.0310940792163213
140, 0.0404440648853779
141, 0.0456079337745905
142, 0.0453411831210057
143, 0.0404999305804571
144, 0.034059528571864
145, 0.0317881150792042
146, 0.0267162069212645
147, 0.0172382228386899
148, 0.0148451356217265
149, 0.0139429195163151
150, 0.0129966360206405
151, 0.0120914004122218
152, 0.0113022349153956
153, 0.0106779752920071
154, 0.0102514840352039
155, 0.00999339607854684
156, 0.00986091466620564
157, 0.00980552192777395
158, 0.0098045285170277
159, 0.00982650260751446
160, 0.00983842369168997
161, 0.0060750853153877
162, 0.00990998931229115
163, 0.0208059190772474
164, 0.0394089302668969
165, 0.0608220621943474
166, 0.0797602087259293
167, 0.0696255397051573
168, 0.0536239656309287
169, 0.035641479305923
170, 0.0189790758304298
171, 0.009656788315624
172, 0.00593778595793992
173, 0.0041909619855384
174, 0.00421822133163611
175, 0.0042568053274105
176, 0.0043414441558222
177, 0.00447138251426319
178, 0.00466621007459859
179, 0.00494655074241261
180, 0.00534248460705082
181, 0.00586525707816084
182, 0.00652090840352078
183, 0.00733630048731963
184, 0.00837930237563948
185, 0.00982594691837827
186, 0.0130735665249328
187, 0.0324688924010843
188, 0.0357022353758415
189, 0.0237951312835018
190, 0.0256468088676532
191, 0.0299731536457936
192, 0.0333679560571909
193, 0.0336564431587855
194, 0.0301665117343267
195, 0.0236334453026454
196, 0.0168978006889423
197, 0.0129313889580468
198, 0.0116707103637358
199, 0.010907016073664
200, 0.0102591929025948
201, 0.00973546644672751
202, 0.00936158637826641
203, 0.00913401631017526
204, 0.00922304578125477
205, 0.010241053532809
206, 0.0133818010799587
207, 0.00792141860195746
208, 0.0139089649698387
209, 0.0162786870884399
210, 0.0232451800256968
211, 0.0403772862628102
212, 0.0353863891214132
213, 0.0530754610275229
214, 0.0245280303061008
215, 0.0533746372287472
216, 0.00955051346682012
217, 0.00903072115033865
218, 0.00820054754149169
219, 0.00733980223802584
220, 0.00570370835096886
221, 0.0129332169114302
222, 0.0120738962820421
223, 0.0113443552982062
224, 0.0107487262381862
225, 0.0103052676810573
226, 0.0100225425170114
227, 0.00987345127699276
228, 0.00982250940675537
229, 0.00981698596539597
230, 0.00982868834398687
231, 0.0102095618688812
232, 0.0107726273903002
233, 0.0115178644967576
234, 0.0124251069501042
235, 0.014472268599396
236, 0.019691113072137
237, 0.0280108499961595
238, 0.0356554850004613
239, 0.0398198033993443
240, 0.0395232699811459
241, 0.0353994430042803
242, 0.0291490616897742
243, 0.0230853996860484
244, 0.0193526777438819
245, 0.0253524435684085
246, 0.012233895327275
247, 0.0179759096354246
248, 0.0130643075487266
249, 0.0345797600845496
250, 0.0224075741134584
251, 0.0114147086472561
252, 0.0132669234493126
253, 0.0366857321932912
254, 0.0379030161226789
255, 0.0264769241524239
256, 0.0098248977214098
257, 0.0209948262199759
258, 0.0122252129173527
259, 0.016385577696686
260, 0.0302507129187385
261, 0.0394815088560184
262, 0.0328857341470818
263, 0.0138940437852095
264, 0.00996663320499162
265, 0.0150584606453776
266, 0.0117693762294948
267, 0.0105387785006315
268, 0.00983917883907755
269, 0.0098635369601349
270, 0.0110686838937302
271, 0.0126036227835963
272, 0.0101799783296883
273, 0.0164771338924766
274, 0.00982999972378214
275, 0.00993720845629772
276, 0.00879748798130701
277, 0.00985868172720075
278, 0.00951413515334328
279, 0.00993549971220394
280, 0.00910316097239653
281, 0.0098958828796943
282, 0.0418413119124515
283, 0.0181917975035806
284, 0.0115805484044055
285, 0.0309899941618953
286, 0.0173469811145748
287, 0.011264703857402
288, 0.00985276891982981
289, 0.0109312723922942
290, 0.0131018784207602
291, 0.0433401543026169
292, 0.0363337070060273
293, 0.0279201919523378
294, 0.014448049167792
295, 0.018528266188999
296, 0.0144666261039674
297, 0.0132102481355625
298, 0.0237944570059578
299, 0.0301828236940006
300, 0.0358965663860242
301, 0.025467678749313
302, 0.0389076741412282
303, 0.0379621060565114
304, 0.032987283077091
305, 0.0190038917741428
306, 0.016687158215791
307, 0.0135759932454675
308, 0.0123215139998744
309, 0.0104125952348113
310, 0.0115031024130682
311, 0.0101198174525052
312, 0.0108693658839911
313, 0.00987343156399826
314, 0.00994920924616357
315, 0.0147804842951397
316, 0.00977260060608387
317, 0.0084300449428459
318, 0.00992024107836187
319, 0.00989347859285772
320, 0.00981497958612939
321, 0.00979930364216367
322, 0.00989375698069731
323, 0.0120796584524214
324, 0.0149064602862511
325, 0.0106714186258614
326, 0.0131804773118347
327, 0.015165431269755
328, 0.0380396715675791
329, 0.0424826235199968
330, 0.0198867158032954
331, 0.0120431208983064
332, 0.0169331661891192
333, 0.0285565322265029
334, 0.0355990001310905
335, 0.0211484673588226
336, 0.0210417153624197
337, 0.0393331510325273
338, 0.0384151991456747
339, 0.0160831481218338
340, 0.0273426420365771
341, 0.0338087740043799
342, 0.0132234519502769
343, 0.0121044932554166
344, 0.010104856841887
345, 0.011344574081401
346, 0.0103701169136912
347, 0.00994849375759562
348, 0.0107797404440741
349, 0.00986209092661738
350, 0.00987192173488438
351, 0.0106094499739508
352, 0.00989195425063372
353, 0.00991648606335123
354, 0.00991159840486944
355, 0.0219758794022103
356, 0.0429112184792757
357, 0.0304505694657564
358, 0.0140802173875272
359, 0.0378400953486562
360, 0.0149174447703574
361, 0.0316809482562045
362, 0.0403108062843482
363, 0.0378150197987755
364, 0.0241449779963919
365, 0.0319094912459453
366, 0.0187001262481014
367, 0.0247543894996246
368, 0.0130467440467328
369, 0.0120104173353563
370, 0.0103876608579109
371, 0.0101082344938602
372, 0.011331302113831
373, 0.0107815481411914
374, 0.0111149173074712
375, 0.0102984325494617
376, 0.00993881393224001
377, 0.0100023366200427
378, 0.0101173535610239
379, 0.0422620456665754
380, 0.0427989239494006
381, 0.0328835106144349
382, 0.0393291798730691
383, 0.0160838197916746
384, 0.039746828066806
385, 0.0407961290329695
386, 0.0345743721351027
387, 0.0367701708649596
388, 0.0300052215655645
389, 0.0225689054156343
390, 0.0143306523561478
391, 0.0169156421131144
392, 0.0128868046061446
393, 0.0104353445582092
394, 0.010836920933798
395, 0.0120260536205024
396, 0.011894367247199
397, 0.0113999070599675
398, 0.0111539581945787
399, 0.0106353777615974
400, 0.0131506261947964
401, 0.042912420257926
402, 0.0413855975493789
403, 0.040738670155406
404, 0.0352230931942662
405, 0.0278283002165457
406, 0.020550512863944
407, 0.0155320391058922
408, 0.0123883109384527
409, 0.0132658304646611
410, 0.0109177335564579
411, 0.0115403751842678
412, 0.0122220734289537
413, 0.0102979558675239
414, 0.0114974994212389
415, 0.0392506521727358
416, 0.0129010937176645
417, 0.0332753323018551
418, 0.0406946356275252
419, 0.0186356736036638
420, 0.0252407034859061
421, 0.014250383113644
422, 0.0142649236756066
423, 0.0120925130322576
424, 0.0124337296001613
425, 0.0342988862789103
426, 0.0128182706290058
427, 0.0395281100645661
428, 0.0117072842083871
429, 0.0402661229794224
430, 0.0326824441241721
431, 0.022733135924985
432, 0.0166679647130271
433, 0.0176402159656088
434, 0.0151679342767845
435, 0.0160258834560712
436, 0.0140261195600033
437, 0.0217566526650141
438, 0.0237897671759129
439, 0.0295894196256995
440, 0.0313414190895855
441, 0.0208766502328217
442, 0.0141002759337425
443, 0.0246350098401308
444, 0.0101230160798877
445, 0.00902979513630271
446, 0.0250923674708853
447, 0.0137090908053021
448, 0.00827616623913248
449, 0.0644583034639557
450, 0.0429733681182067
451, 0.0101360296054433
452, 0.0111620045111825
453, 0.0121805296900372
454, 0.0154788917085777
455, 0.0378460961704453
456, 0.0130259023668865
457, 0.0217470367594312
458, 0.0412243477379282
459, 0.043020891956985
460, 0.0389452051992218
461, 0.0297879421462615
462, 0.0198298732284456
463, 0.0139157400311281
464, 0.0117397130622218
465, 0.0108810879755765
466, 0.0102738953816394
467, 0.00988135882653296
468, 0.00432229123543948
469, 0.00454413960687816
470, 0.00471383414696902
471, 0.00498197542037815
472, 0.00534425256773829
473, 0.00584250781685114
474, 0.00649378801851223
475, 0.00735392305068672
476, 0.00855833447227875
477, 0.0104193108466764
478, 0.0135247929332157
479, 0.00473684150104721
480, 0.00631191461191823
481, 0.00578586373012513
482, 0.00538557874582087
483, 0.00577314791735262
484, 0.00609048327896744
485, 0.00633857760112733
486, 0.00608611211646348
487, 0.0768294700731834
488, 0.0136593405622989
489, 0.0248452664042513
490, 0.0119508727608869
491, 0.0368929568988582
492, 0.0130471813802918
493, 0.0355586474761367
494, 0.0426390646025538
495, 0.0240442790091038
496, 0.0289955185726285
497, 0.0215878121865292
498, 0.0201989205554128
499, 0.023190979535381
500, 0.0127696222625673
501, 0.0116821152623743
502, 0.0393623768662413
503, 0.0329264261138936
504, 0.0161987176009764
505, 0.0405482724308968
506, 0.0110373714317878
507, 0.00443710972710202
508, 0.0111138637488087
509, 0.00789362351254871
510, 0.00503003682630758
511, 0.00599714213361343
512, 0.00436878285836428
513, 0.00479261165795227
514, 0.00541867893965294
515, 0.00681583203064899
516, 0.00928894833972057
517, 0.00794218434020877
518, 0.00506442874514808
519, 0.00662219652440399
520, 0.00634197525990506
521, 0.00698026153258979
522, 0.00542352705573042
523, 0.0059821616159752
524, 0.00678714236710221
525, 0.0315936862358025
526, 0.0184427367390267
527, 0.0476817153394222
528, 0.0114589554723352
529, 0.0107297061144241
530, 0.0548146383038589
531, 0.015443123145295
532, 0.0401193769648671
533, 0.0132119337628995
534, 0.0173301924175272
535, 0.0142769443336874
536, 0.0264327974679569
537, 0.0215244924960037
538, 0.0186311633636554
539, 0.0423585064709187
540, 0.0365050500258803
541, 0.0420193358634909
542, 0.0269285488563279
543, 0.0186699465848505
544, 0.0139807886444032
545, 0.0369932527343432
546, 0.0124576909001917
547, 0.0329998590362569
548, 0.00705051530773441
549, 0.00614017337405433
550, 0.00829313338423769
551, 0.00553943791116277
552, 0.00987472315318882
553, 0.0119517662096769
554, 0.00517249188851565
555, 0.00465428922325373
556, 0.00961582837626338
557, 0.00560337394320716
558, 0.00487987285790344
559, 0.00635729365361234
560, 0.00684708504316707
561, 0.00793322063206385
562, 0.00734067099013676
563, 0.00523215625435114
564, 0.00457757812303801
565, 0.00456852658784815
566, 0.0579486489295959
567, 0.010451517921562
568, 0.0198052166961133
569, 0.0287404314925273
570, 0.0504524204879999
571, 0.0152509439891825
572, 0.011727955006063
573, 0.00483246729709208
574, 0.0345335463061929
575, 0.0300084406820436
576, 0.0191374452163776
577, 0.0235728868283331
578, 0.0413054895276825
579, 0.0158004617052419
580, 0.0399451532090704
581, 0.0306473818297187
582, 0.044066993209223
583, 0.015356046690916
584, 0.0215224658604711
585, 0.0143283385783434
586, 0.00575490897366156
587, 0.00633378912849973
588, 0.00725845612275104
589, 0.0122949501965195
590, 0.0102831340239694
591, 0.00859363997975985
592, 0.00496155120587597
593, 0.00588061516949286
594, 0.00876707001589239
595, 0.005071606886174
596, 0.00703428320897122
597, 0.00779068601938585
598, 0.00449423864483833
599, 0.00545203775012245
600, 0.00518675749966254
601, 0.022605046009024
602, 0.0325555067198972
603, 0.0429188885415594
604, 0.050867627064387
605, 0.016655090264976
606, 0.0133309986752768
607, 0.03200245462358
608, 0.0207271416050692
609, 0.0401486816505591
610, 0.0150093582458794
611, 0.0430559581145644
612, 0.045258332354327
613, 0.0169060064169268
614, 0.0268934018289049
615, 0.0345458439551294
616, 0.0253319105665599
617, 0.00662767972486715
618, 0.00752147143551459
619, 0.00883551593869925
620, 0.0128858624292271
621, 0.0104291059542447
622, 0.00540767218141506
623, 0.00476415236480534
624, 0.010097914774503
625, 0.00636673090048134
626, 0.00926902028732002
627, 0.00811239231067399
628, 0.00537612540647388
629, 0.00579601627153655
630, 0.0120153455995023
631, 0.00572351143429322
632, 0.0448611859853069
633, 0.0360788170558711
634, 0.0506589906290174
635, 0.018076561546574
636, 0.0383024085313082
637, 0.0457576792687178
638, 0.0292149830299119
639, 0.014913501838843
640, 0.0456650123621027
641, 0.0382315212860703
642, 0.0239556478336453
643, 0.00786934412705402
644, 0.00900928334643443
645, 0.0108765721587198
646, 0.00606833006410549
647, 0.0187446872703731
648, 0.0107243283030887
649, 0.00718222185969353
650, 0.00965074845589697
651, 0.00637269120973845
652, 0.0505780309438705
653, 0.0467548857753476
654, 0.00641298391856253
655, 0.0162698744264032
656, 0.0358873674025138
657, 0.0159851931966841
658, 0.0454400076220433
659, 0.0263316474544505
660, 0.0469796913010733
661, 0.0211950779582063
662, 0.0241553356871009
663, 0.00947076245211065
664, 0.0105724590830505
665, 0.00699663282527278
666, 0.0084654348436743
667, 0.0110104503886153
668, 0.00840358110144734
669, 0.0133856553584337
670, 0.00738963188736567
671, 0.0122872374020517
672, 0.0240726315726837
673, 0.0350212943074959
674, 0.0449362487221758
675, 0.0476134115209182
676, 0.0330945323221385
677, 0.0235381967698534
678, 0.0142456913211693
679, 0.0187046166975051
680, 0.011405788284416
681, 0.00836026819888502
682, 0.0128273393493146
683, 0.0114761410901944
684, 0.0100261584545175
685, 0.00870163608342409
686, 0.0448008462165793
687, 0.0124788112007082
688, 0.0300372226962021
689, 0.0401367619633675
690, 0.0329731170398494
691, 0.0207832300414642
692, 0.0167237156225989
693, 0.0129449791274965
694, 0.0123279511462897
695, 0.0102546235014285
696, 0.0137723514344543
697, 0.0120858573354781
698, 0.0158194329589605
699, 0.0223257580461601
700, 0.0182312763451288
701, 0.015128814149648
702, 0.0143438207839305
703, 0.0440623645360271
704, 0.0629965780923764
705, 0.00825933778348068
706, 0.0266856596184274
707, 0.013872487237677
708, 0.0155849483950684
709, 0.0344431659517189
710, 0.0210204163255791
711, 0.0398699321473638
712, 0.0276105649148424
713, 0.0328839869859318
714, 0.0446091375003258
715, 0.0449674427509308
716, 0.0306415809318423
717, 0.0206581785654028
718, 0.0145971403302004
719, 0.0124414189097782
720, 0.0114765980591377
721, 0.010839424484099
722, 0.0103567061014473
723, 0.0100166417347888
724, 0.00973920205918451
725, 0.00984347006306052
726, 0.00981696609718104
727, 0.00984388752840459
728, 0.0099360563326627
729, 0.0101341821718961
730, 0.0104738490966459
731, 0.0109965027465175
732, 0.0117124937629948
733, 0.0125721912675848
734, 0.013535760420685
735, 0.0147098529463013
736, 0.0172707670523475
737, 0.00985529203899205
738, 0.00905200016374389
739, 0.00820336909964681
740, 0.00715919498664637
741, 0.00585385291681935
742, 0.00995737500488758
743, 0.00957898485163848
744, 0.0757115048666795
745, 0.0131982588209212
746, 0.0118963341228664
747, 0.0126064441477259
748, 0.0174469576062014
749, 0.0110422196642806
750, 0.010287858825177
751, 0.0247878860682249
752, 0.03656507221361
753, 0.03964313523223
754, 0.0109594877964507
755, 0.0120691879807661
756, 0.0333442548289895
757, 0.0164660244869689
758, 0.0427529700100422
759, 0.0411592001716296
760, 0.0445578383902709
761, 0.0236569084227085
762, 0.0132547041866928
763, 0.01142440449136
764, 0.00982864860755702
765, 0.010814132168889
766, 0.0122220738170048
767, 0.0131786491256207
768, 0.014554582691441
769, 0.00986600085161626
770, 0.0103786210529506
771, 0.00993438740260899
772, 0.0100935517499844
773, 0.0114275438245386
774, 0.01758196298033
775, 0.00887530370216284
776, 0.00995725595081846
777, 0.00877889175899327
778, 0.00994368588241438
779, 0.00957733563457926
780, 0.00982157598870496
781, 0.00919250841252506
782, 0.00991757858234147
783, 0.0122059610051413
784, 0.0486200737456481
785, 0.0197428503694634
786, 0.0334891136735678
787, 0.0237011442493115
788, 0.0107271181020354
789, 0.0582858833173911
790, 0.0143732256256044
791, 0.0132517242648949
792, 0.0125451112010827
793, 0.0116937384785463
794, 0.0410842575753729
795, 0.0289556630887091
796, 0.0301596373319626
797, 0.0186386743249993
798, 0.0270158696609239
799, 0.0145060447975993
800, 0.0127513633730511
801, 0.0119714957351486
802, 0.0365611178179582
803, 0.0427301209419966
804, 0.04397136811167
805, 0.0405388142292698
806, 0.0369148119352758
807, 0.0114772817119956
808, 0.00985586775156359
809, 0.00996885844506323
810, 0.0101139561738819
811, 0.0103622493334115
812, 0.0112927179628362
813, 0.0107525407802314
814, 0.0119905492756516
815, 0.0129202428894738
816, 0.0146027828256289
817, 0.0184293619046609
818, 0.00996301765553653
819, 0.00999415099310378
820, 0.00990690989419818
821, 0.00990575738251209
822, 0.00995222882678111
823, 0.00992689685275157
824, 0.0211635148152709
825, 0.0125001011017178
826, 0.0500680474298341
827, 0.026431258368705
828, 0.0113863373020043
829, 0.0199846455361694
830, 0.0437395848954717
831, 0.013581139423574
832, 0.0153773454173158
833, 0.0442689734821518
834, 0.0435143392533064
835, 0.0396521169071396
836, 0.0305135706439614
837, 0.0383863712971409
838, 0.0133632843693097
839, 0.0161126086022705
840, 0.0213647331111133
841, 0.0342347687110305
842, 0.0227846659719944
843, 0.00990667085473736
844, 0.0112997116521001
845, 0.0101663684472442
846, 0.0119522435124964
847, 0.00987616753471749
848, 0.0104145026610543
849, 0.01077916380018
850, 0.0189493931829929
851, 0.0128359418207159
852, 0.014801544835791
853, 0.00999160786159337
854, 0.0107574881985784
855, 0.0104307550936937
856, 0.0102435564622283
857, 0.00994585414550134
858, 0.0481589403003454
859, 0.0260804703459144
860, 0.0326551645994186
861, 0.016855818607534
862, 0.0230752465625604
863, 0.0427253913755218
864, 0.0452943524966637
865, 0.0149930946839352
866, 0.0361414205593367
867, 0.0425703584526976
868, 0.0343050207011402
869, 0.0183642787326659
870, 0.0246008671820164
871, 0.0315793203189969
872, 0.0100108002467702
873, 0.0113968673006942
874, 0.0108792401539783
875, 0.00989670874550939
876, 0.0105006118149807
877, 0.0120258159004152
878, 0.0128834072190026
879, 0.0148356979091962
880, 0.0212408517088209
881, 0.0113688562996686
882, 0.0098719609901309
883, 0.0101116315927356
884, 0.0113437396939844
885, 0.0108160795643926
886, 0.0100206153467298
887, 0.012864163517952
888, 0.0455800164490938
889, 0.0140255474485457
890, 0.0262584529506663
891, 0.0357909657371541
892, 0.0414928275470932
893, 0.045843409995238
894, 0.0340342971806725
895, 0.0452705090865493
896, 0.0379268579805891
897, 0.0280130432918668
898, 0.0286217380004625
899, 0.0115672766696662
900, 0.0102118100704891
901, 0.0110048472415656
902, 0.012194119549046
903, 0.0132887389821311
904, 0.0120895331104596
905, 0.0160641892192264
906, 0.020026520639658
907, 0.0104449408439298
908, 0.0234092916361988
909, 0.0117492901626974
910, 0.0174128843160967
911, 0.0501699739446243
912, 0.0399625170975924
913, 0.0466930244117975
914, 0.0317945530017217
915, 0.0457974181820949
916, 0.0471111607427398
917, 0.0401110885930913
918, 0.0247570486473186
919, 0.00994544215500355
920, 0.0105873125605285
921, 0.0124783540765444
922, 0.0117716218810529
923, 0.0111284278599279
924, 0.0139641589485109
925, 0.0125122491735965
926, 0.0172996952508887
927, 0.0504971438397964
928, 0.0486568135342428
929, 0.0291134763198594
930, 0.037744808010757
931, 0.0451113674789667
932, 0.0264142998494208
933, 0.025073055550456
934, 0.0127293888945132
935, 0.0146337375820925
936, 0.0141090382045756
937, 0.0129168398146118
938, 0.0206097740280841
939, 0.0119735028594732
940, 0.0483871189256509
941, 0.0436892779543996
942, 0.013582311803475
943, 0.0262108691968024
944, 0.0462482472260793
945, 0.0435749391714732
946, 0.0350001108211776
947, 0.019070987123996
948, 0.0352485046411554
949, 0.0143181353807449
950, 0.0167335134132632
951, 0.0203793557360768
952, 0.0466048599531253
953, 0.0231442692068716
954, 0.0366952247917652
955, 0.0413169234991074
956, 0.0311079089130674
957, 0.0199423044520829
958, 0.0319961362207929
959, 0.016155150718987
960, 0.0566727022329966
961, 0.0100452916231006
962, 0.0132609422241027
963, 0.00783457478974015
964, 0.0133661454698692
965, 0.0141386017203331
966, 0.0159390599777301
967, 0.0214901215707262
968, 0.0380621220295628
969, 0.0325318438311418
970, 0.0499562313780189
971, 0.023725652291129
972, 0.0502931758140524
973, 0.00641991811183592
974, 0.00650167585505794
975, 0.00629623866795252
976, 0.0061284144675093
977, 0.00514475603510315
978, 0.00744017143733799
979, 0.0065210077057903
980, 0.00580700358841568
981, 0.00528075417969376
982, 0.00491529807914048
983, 0.00466593207481007
984, 0.00450305237124364
985, 0.00440603580015401
986, 0.00434815953485668
987, 0.00430963506611685
988, 0.00979701871983707
989, 0.0171312918731322
990, 0.0234404642445346
991, 0.0297907443406681
992, 0.0333272665739059
993, 0.0331349627425273
994, 0.0299995793029666
995, 0.025942230441918
996, 0.024192833652099
997, 0.0262150817240278
998, 0.0126053519391765
999, 0.0145542648776124
1000, 0.0118176562245935
1001, 0.0171354840664814
1002, 0.0230504117595653
1003, 0.031712398553888
1004, 0.0134470288952192
1005, 0.0095733898691833
1006, 0.0237398392831286
1007, 0.0250984475327035
1008, 0.0101465997286141
1009, 0.0106471000084033
1010, 0.0112944068387151
1011, 0.0120767176461716
1012, 0.0255400583458443
1013, 0.030903027082483
1014, 0.0332215291758378
1015, 0.0321316776486735
1016, 0.0287343518187602
1017, 0.0086781403903539
1018, 0.00794619492565592
1019, 0.00596902903635055
1020, 0.0105427723222723
1021, 0.0145928487957766
1022, 0.0212482739239931
1023, 0.00468699242143581
1024, 0.004828593111597
1025, 0.00506415070655445
1026, 0.00679514949054768
1027, 0.00542179859864215
1028, 0.00460932745287816
1029, 0.00617871774981419
1030, 0.00684976701935132
1031, 0.00737889743565271
1032, 0.0047634649866571
1033, 0.00449960306286812
1034, 0.00548972794786096
1035, 0.00585103131985913
1036, 0.00511231125953297
1037, 0.00706124437662462
1038, 0.0184764210799975
1039, 0.0285683912225068
1040, 0.0388104974159173
1041, 0.011382701069427
1042, 0.0109454612247646
1043, 0.0105659979661661
1044, 0.00459492289727288
1045, 0.022591986959534
1046, 0.0404127705842257
1047, 0.0124867781996727
1048, 0.0332736824639142
1049, 0.0184146001314123
1050, 0.0250548164670666
1051, 0.0133839275998374
1052, 0.0108705381086717
1053, 0.019229216966778
1054, 0.0120195574127138
1055, 0.0129341907644024
1056, 0.0271528218872845
1057, 0.0308745568618178
1058, 0.0237328057798247
1059, 0.0330761534472307
1060, 0.0322692254558206
1061, 0.0220889489476879
1062, 0.0149018194836875
1063, 0.0113947810605168
1064, 0.00952091021463275
1065, 0.0158898859129598
1066, 0.00832828060568621
1067, 0.00622660053583483
1068, 0.00567319116089493
1069, 0.00707350337567429
1070, 0.00531286109859745
1071, 0.00507801879818241
1072, 0.00492660301582267
1073, 0.0118973279216637
1074, 0.00774651893880218
1075, 0.0065322529990226
1076, 0.00574791520678749
1077, 0.00494929247846206
1078, 0.00534357716484616
1079, 0.00829871646904697
1080, 0.00765480749153842
1081, 0.00614982952053348
1082, 0.0116140666262557
1083, 0.0100837367742012
1084, 0.0124307104075948
1085, 0.0396030225480596
1086, 0.0347015115742882
1087, 0.0135078059198956
1088, 0.0268866863722603
1089, 0.015028281059737
1090, 0.0122693461765136
1091, 0.019791885279119
1092, 0.0279938629828393
1093, 0.021717234980315
1094, 0.0138707785711934
1095, 0.02531973986576
1096, 0.0295984401988486
1097, 0.0166606535979857
1098, 0.0218008997229238
1099, 0.0329946931451559
1100, 0.012789589818567
1101, 0.021224550716579
1102, 0.0100563385834297
1103, 0.00869322009384632
1104, 0.00601917633321136
1105, 0.00563361359915386
1106, 0.00659287115558982
1107, 0.00536622700747102
1108, 0.0172667704921748
1109, 0.00745127761426071
1110, 0.0123816155052433
1111, 0.00483212559483945
1112, 0.0071419490656505
1113, 0.00905335096952816
1114, 0.00564690516330302
1115, 0.00520655173542244
1116, 0.00612223257000248
1117, 0.00663048153122266
1118, 0.0115110420621932
1119, 0.0157225555740297
1120, 0.0356862992048264
1121, 0.0398811375101407
1122, 0.0198813710982601
1123, 0.0168223418295383
1124, 0.0245575349157055
1125, 0.0197519093441467
1126, 0.0134887243621051
1127, 0.0304671181365848
1128, 0.0187217826023698
1129, 0.0336327808909118
1130, 0.0235594549837212
1131, 0.0150441555306315
1132, 0.0284259164084991
1133, 0.00601710698434285
1134, 0.0104985453654081
1135, 0.00642504434411724
1136, 0.0070329523490121
1137, 0.0158112558536232
1138, 0.00913314210871855
1139, 0.00793129376446207
1140, 0.0129766489844769
1141, 0.00815520815861722
1142, 0.0101328905050953
1143, 0.00607943639624864
1144, 0.00670858340648313
1145, 0.0074034941693147
1146, 0.0389148859928052
1147, 0.0215620440430939
1148, 0.0394600890576839
1149, 0.0286115063354373
1150, 0.0136443405256917
1151, 0.0327808321453631
1152, 0.015832045674324
1153, 0.027447705467542
1154, 0.0347521770745516
1155, 0.0165489091803985
1156, 0.0211097638433178
1157, 0.0178757340181619
1158, 0.032800064732631
1159, 0.0219370955601335
1160, 0.00682242047041655
1161, 0.00748262973502278
1162, 0.0108378943987191
1163, 0.00845587424313029
1164, 0.00962780090048909
1165, 0.0108800746190051
1166, 0.00559055907651782
1167, 0.00967319922832151
1168, 0.00675805526164671
1169, 0.00762806468022366
1170, 0.0085760368189464
1171, 0.0379863834629456
1172, 0.0300124140145878
1173, 0.0386526059980194
1174, 0.0363653367385268
1175, 0.0354961231350899
1176, 0.0350197022780776
1177, 0.0322436549079915
1178, 0.0308951015717217
1179, 0.0136113532020577
1180, 0.0234147595241666
1181, 0.0162750314145039
1182, 0.0271364298338691
1183, 0.00789402372070721
1184, 0.0130994544209292
1185, 0.0125710784923285
1186, 0.00897781232682367
1187, 0.0115470505164315
1188, 0.0110743661255886
1189, 0.0101630507657925
1190, 0.0101807531900704
1191, 0.00894667875642578
1192, 0.0335394913330674
1193, 0.0260788447534045
1194, 0.0377152239282926
1195, 0.0364066623151302
1196, 0.0357655749345819
1197, 0.031236712820828
1198, 0.0366304215043783
1199, 0.0255266870371997
1200, 0.0201990447628001
1201, 0.0139035009779036
1202, 0.0115859725046903
1203, 0.010724188826446
1204, 0.0115900459544112
1205, 0.01199368853122
1206, 0.0105610709482183
1207, 0.00929689602926373
1208, 0.0344243310391903
1209, 0.0310419639572501
1210, 0.0298357047140598
1211, 0.0356982656355415
1212, 0.0237993838575979
1213, 0.0186420318981012
1214, 0.0170537855786582
1215, 0.0145239859287228
1216, 0.0158469021054251
1217, 0.0153022827580571
1218, 0.0119697075958053
1219, 0.0126501683677946
1220, 0.0285245430034896
1221, 0.0366118202606837
1222, 0.0323851752715806
1223, 0.027811650497218
1224, 0.0219933429422478
1225, 0.0230778836246048
1226, 0.0167149507573673
1227, 0.0136995935657372
1228, 0.019699040800333
1229, 0.014790608920157
1230, 0.0129999662749469
1231, 0.0141717699356377
1232, 0.0127753518521786
1233, 0.0232944523915648
1234, 0.0254339538514614
1235, 0.0198902122986813
1236, 0.0335738241672516
1237, 0.0187519580125809
1238, 0.0167539864778519
1239, 0.00916836829856038
1240, 0.00803537513129413
