1, 0.0066734564024955
2, 0.0170437424676493
3, 0.00463548381230794
4, 0.00796735472977161
5, 0.00865674111992121
6, 0.0131638064049184
7, 0.00336885498836637
8, 0.00423801026772708
9, 0.0164101745467633
10, 0.00638753303792328
11, 0.00807953020557761
12, 0.0123012093827128
13, 0.00689462944865227
14, 0.00724194567495336
15, 0.00756148636961977
16, 0.00785432398940126
17, 0.00813474397485455
18, 0.00839863376071056
19, 0.00865036388859153
20, 0.00890306779183447
21, 0.00920478634846707
22, 0.00970850558951497
23, 0.0108403781584154
24, 0.0134177030995488
25, 0.0149994708287219
26, 0.0100574507378042
27, 0.00651339814066887
28, 0.00446059382132565
29, 0.00558805566591521
30, 0.0065851224353537
31, 0.00721963394122819
32, 0.00757221516687423
33, 0.00776734090565393
34, 0.00786596668573717
35, 0.00791376976606747
36, 0.00793345916705827
37, 0.00794087001122534
38, 0.00794112814279894
39, 0.00793926068581641
40, 0.00794208173950513
41, 0.00794941342125336
42, 0.00795535393990576
43, 0.00796395695457856
44, 0.00796965920987228
45, 0.00797393064325055
46, 0.00797385128680617
47, 0.00796095716456572
48, 0.00795189679289857
49, 0.00795292978485425
50, 0.00796373824899395
51, 0.00798622891306877
52, 0.0080169850649933
53, 0.00806435104459524
54, 0.0081207367281119
55, 0.00818693793068329
56, 0.00825560232624412
57, 0.00833221400777499
58, 0.00841438925514618
59, 0.00849151782070597
60, 0.00858837505802512
61, 0.00863949597502748
62, 0.00866810620451967
63, 0.00871896898994843
64, 0.00878783222287893
65, 0.00886734497422973
66, 0.00895174530645212
67, 0.00903392024338245
68, 0.00910496882473429
69, 0.00915475857133667
70, 0.00916429578016202
71, 0.00911669091631969
72, 0.00900968071073294
73, 0.0088474767593046
74, 0.00863381382077932
75, 0.00838828257595499
76, 0.00813885685056448
77, 0.007888835001116
78, 0.00764978071674705
79, 0.00743194537547727
80, 0.00722642863790194
81, 0.00703644892200828
82, 0.00691634567920119
83, 0.00671476253774017
84, 0.00656147945361833
85, 0.00652118632569909
86, 0.00652480234081546
87, 0.0065732013899833
88, 0.0066704365114371
89, 0.0068312498430411
90, 0.00704308482818305
91, 0.00729847094044089
92, 0.00761044165119529
93, 0.00799791157866518
94, 0.00855358581369122
95, 0.00946347073962291
96, 0.0113159439836939
97, 0.0112578290281817
98, 0.009948731555293
99, 0.00652575578230123
100, 0.00515572307631373
101, 0.00445103707412879
102, 0.00402657256927341
103, 0.00375334495523324
104, 0.00356026544856528
105, 0.0034407382675757
106, 0.0033671463218828
107, 0.00332021767583986
108, 0.00330019047639022
109, 0.00329172673324744
110, 0.00330897238260756
111, 0.00337231226149015
112, 0.00350151521464189
113, 0.00382884413314362
114, 0.00417467035974065
115, 0.00453615270089358
116, 0.00491593382321298
117, 0.00529692667381217
118, 0.00565431620149563
119, 0.0059512269217521
120, 0.00612930580973625
121, 0.00608448296164473
122, 0.00569321804990371
123, 0.00488191920643051
124, 0.00389752847452958
125, 0.00644429648915927
126, 0.010115426654617
127, 0.0151658491231501
128, 0.0126116695658614
129, 0.00998527021147311
130, 0.00883259554393589
131, 0.00823189970105886
132, 0.00777465229233106
133, 0.00735612842254341
134, 0.00681629902101122
135, 0.0066919339975963
136, 0.00699254008941352
137, 0.00735422107391059
138, 0.00778571904326479
139, 0.00827817261839906
140, 0.00875965924933553
141, 0.00914689106866717
142, 0.00939123053103685
143, 0.00946140413482984
144, 0.00938932271674275
145, 0.00922461490457257
146, 0.00900976018359264
147, 0.00879470662524303
148, 0.00860766709471742
149, 0.00844903926675518
150, 0.00833181710913777
151, 0.00824690035854777
152, 0.00818316296984752
153, 0.00813905522227287
154, 0.00810937241961559
155, 0.0080854509336253
156, 0.00808471592608839
157, 0.00808326558520397
158, 0.00808799375469486
159, 0.00809121256073316
160, 0.00809514693294962
161, 0.0080883518482248
162, 0.00807285401970148
163, 0.00806041667237878
164, 0.00804126386841138
165, 0.0080169055921336
166, 0.00799147474269072
167, 0.00663038226775825
168, 0.00987716733167569
169, 0.0144205122875671
170, 0.0150419098014633
171, 0.0101544872547189
172, 0.0064311435756584
173, 0.00345438785734586
174, 0.00350376047814886
175, 0.00359316748411705
176, 0.00371627090498805
177, 0.00387517688795924
178, 0.00409710500389338
179, 0.00443263941754897
180, 0.0050088573868076
181, 0.00620714955342313
182, 0.00934970565140247
183, 0.0105192981427535
184, 0.0105234010455509
185, 0.008925201681753
186, 0.00829831898833315
187, 0.00806896016001701
188, 0.00800482571745912
189, 0.00797605654224753
190, 0.00789296774504085
191, 0.00771252492753168
192, 0.00741954776458442
193, 0.00708754981557528
194, 0.00678698369301856
195, 0.00657685737436016
196, 0.00646813842467964
197, 0.006467661432301
198, 0.00795793688545624
199, 0.00719861325342208
200, 0.00859056071688732
201, 0.00885274175864955
202, 0.0091525133078297
203, 0.00958436874983211
204, 0.0115291917297457
205, 0.0103458582113187
206, 0.0117738468106836
207, 0.0141979675584783
208, 0.00830986199434847
209, 0.00794659197951357
210, 0.00795384395557145
211, 0.00795877088482181
212, 0.0079549568084379
213, 0.00793010151634614
214, 0.00786630452300111
215, 0.00774377716394762
216, 0.00751616701018065
217, 0.00713239257068684
218, 0.00656233363163968
219, 0.00593195455924918
220, 0.00815343980987867
221, 0.00808904692530632
222, 0.00803975419451793
223, 0.00800051423721015
224, 0.00797629496082664
225, 0.0079569632653147
226, 0.00795318807164828
227, 0.00795630745900174
228, 0.00749395415186882
229, 0.00815220813577374
230, 0.0083876862966766
231, 0.00861432310193777
232, 0.00881280672426025
233, 0.00896398404923578
234, 0.00906113946499924
235, 0.00910387630574405
236, 0.00909817420567075
237, 0.00905142375268042
238, 0.00898361384558181
239, 0.00890640580716232
240, 0.00882671455231806
241, 0.00875334107937912
242, 0.00868837193896373
243, 0.00863156855727235
244, 0.00859926299502452
245, 0.00806866221440335
246, 0.00922217134696742
247, 0.0112191662192345
248, 0.00833660503849387
249, 0.0103475072731574
250, 0.0077915999184673
251, 0.0096859949020048
252, 0.00887755715909103
253, 0.00791335257235914
254, 0.00729706029718121
255, 0.00712578436359763
256, 0.00904272162976364
257, 0.00861795906287928
258, 0.00867188132057587
259, 0.00769569612263391
260, 0.00867269583977759
261, 0.00884403948051234
262, 0.00902718453047176
263, 0.00846896693110466
264, 0.00888717321989437
265, 0.00896084463844697
266, 0.00901983344616989
267, 0.00896394407997529
268, 0.00881286632890503
269, 0.00873925428216656
270, 0.00856908294372261
271, 0.00794704902606706
272, 0.00794824104135235
273, 0.00787278148345649
274, 0.00759381180008252
275, 0.00751914704839389
276, 0.00795426142091552
277, 0.0079729373101145
278, 0.00797480461187661
279, 0.00795396293203036
280, 0.00775726779829711
281, 0.00794543954543769
282, 0.00794013473205268
283, 0.00796916196122766
284, 0.00745020445901901
285, 0.00795898990084728
286, 0.00796470744535327
287, 0.00797498381386201
288, 0.00821836913625399
289, 0.0079508435446769
290, 0.00798630846353869
291, 0.00801833610360821
292, 0.00837359965468446
293, 0.00829186174087226
294, 0.00811525294557214
295, 0.00806141031595568
296, 0.00796073822615047
297, 0.00845897360704839
298, 0.00852847257629037
299, 0.00566836293243493
300, 0.00750386854633689
301, 0.00852249496217285
302, 0.00746105544801269
303, 0.00795224854456527
304, 0.00831149169243872
305, 0.00803115094701449
306, 0.00929655778842668
307, 0.0111130101140589
308, 0.00978481948065261
309, 0.010414820862934
310, 0.0085852361128976
311, 0.0120444520531843
312, 0.00847985884174705
313, 0.00763845583423972
314, 0.00783813120021174
315, 0.00825226454374691
316, 0.0088926173436145
317, 0.00896644763027628
318, 0.00902213808149099
319, 0.00903840991668403
320, 0.00900374019208054
321, 0.00891461114709576
322, 0.00865014541583757
323, 0.00880376653124889
324, 0.00871847220696509
325, 0.00876412928725282
326, 0.00858952725927035
327, 0.00853649938168625
328, 0.00850252488938471
329, 0.00803432986140251
330, 0.00794667129715284
331, 0.00799737482642134
332, 0.00794547943708797
333, 0.00794800254516304
334, 0.00794333359226584
335, 0.00799191122253736
336, 0.00796930134917299
337, 0.00798541439386705
338, 0.00794981078555187
339, 0.00799417635425925
340, 0.00797347390713791
341, 0.00843954218241076
342, 0.00804215801569323
343, 0.00794071071625998
344, 0.00795012859938045
345, 0.00818365944239
346, 0.00842313119210303
347, 0.00833588986036678
348, 0.00803631691572567
349, 0.00799898453988135
350, 0.007968824589625
351, 0.00795054567667345
352, 0.00808433815836906
353, 0.00825556243459384
354, 0.00776195665821433
355, 0.0114307664334774
356, 0.00840032260332789
357, 0.00801680609583855
358, 0.00981052871793509
359, 0.00859993851433198
360, 0.010375601084282
361, 0.00830831270044049
362, 0.00891749227109055
363, 0.0109363219235092
364, 0.00845396658405662
365, 0.00850023965661724
366, 0.00873098941519856
367, 0.00817549368366599
368, 0.00863470796806117
369, 0.0084247604633371
370, 0.00800834522981729
371, 0.00883126437353591
372, 0.00903038354590535
373, 0.0089378374007841
374, 0.00908627306732039
375, 0.00908577620672683
376, 0.00855813547968864
377, 0.00858223585722347
378, 0.00901730987243354
379, 0.00837838804970185
380, 0.00809747151409586
381, 0.00795696303248405
382, 0.00820199788237611
383, 0.00924118507343034
384, 0.00802066076236467
385, 0.00800717016682029
386, 0.00794671095597247
387, 0.00794562398056899
388, 0.00794484342137972
389, 0.00799344130791724
390, 0.00895184456991653
391, 0.00805477464261154
392, 0.00795294973067939
393, 0.00843797267104189
394, 0.00803663449672361
395, 0.00814628709728519
396, 0.00794830434024334
397, 0.00798273226246238
398, 0.00795491660634677
399, 0.00801412419726451
400, 0.00805469509214163
401, 0.0082961730659008
402, 0.00821924341532091
403, 0.00777387763373554
404, 0.0101714348420501
405, 0.0102485038029651
406, 0.00894854636862874
407, 0.00861960820232829
408, 0.010662955387185
409, 0.00933297630399466
410, 0.0112688956627001
411, 0.00833429762029222
412, 0.00837169246127208
413, 0.00855450013962885
414, 0.00847492778363327
415, 0.00866145066296061
416, 0.0085113262757659
417, 0.00841591910769542
418, 0.0116028808988631
419, 0.00878820987418294
420, 0.00893145978140334
421, 0.00906493468210101
422, 0.00916203057082991
423, 0.00830991417169571
424, 0.00871817418374121
425, 0.00889116634304325
426, 0.00919815083034337
427, 0.00979856844060123
428, 0.00797693066609403
429, 0.00838728924281895
430, 0.00869689555838704
431, 0.00821940243865053
432, 0.00922509197456141
433, 0.00804150275265177
434, 0.00801805787098905
435, 0.00795469797837237
436, 0.00795002095401287
437, 0.0079650494735688
438, 0.00795926797824601
439, 0.00808002729900181
440, 0.00813090925415357
441, 0.00811348482966423
442, 0.00826521877509852
443, 0.00796616203816874
444, 0.00803202538130184
445, 0.00799737521447241
446, 0.00818135457423826
447, 0.00834062248468399
448, 0.0108448796506439
449, 0.00933613542777797
450, 0.0103658061319341
451, 0.00897465343587101
452, 0.00976743463737269
453, 0.00831981639688214
454, 0.0108590544356654
455, 0.00828263917937875
456, 0.00829788196521501
457, 0.0084818023412178
458, 0.00839654767575363
459, 0.00834268494509161
460, 0.00860043545253575
461, 0.0088605300989002
462, 0.00864064866410834
463, 0.00875749361390869
464, 0.00893751950934529
465, 0.00905482121743262
466, 0.00911434662217895
467, 0.00916512946908673
468, 0.00926019918794433
469, 0.0100640760335539
470, 0.00800375267863274
471, 0.00886132451705635
472, 0.00935220865843197
473, 0.0085305783431977
474, 0.00806182778129975
475, 0.00832563755102456
476, 0.00798710350257655
477, 0.00811604837266107
478, 0.00797267910093069
479, 0.00796872524855038
480, 0.00819965358823538
481, 0.00808507343754172
482, 0.00798533111810684
483, 0.00801575346849859
484, 0.00814942635285358
485, 0.0096745907018582
486, 0.00929510764156779
487, 0.0100528815140327
488, 0.0104582132771611
489, 0.00820362707599998
490, 0.00823307177051902
491, 0.00833008857443929
492, 0.00827308658820887
493, 0.00841798555726806
494, 0.00855356617830694
495, 0.00926162641761558
496, 0.00873778426709274
497, 0.00894946007368465
498, 0.00934938729430238
499, 0.0107280037365854
500, 0.00917440815828741
501, 0.00934730151978632
502, 0.00944064208306372
503, 0.00803909823298454
504, 0.00896769909498592
505, 0.00862089932585756
506, 0.00802499211082856
507, 0.00814978444638352
508, 0.00800607757021984
509, 0.00839825626462698
510, 0.00825059553608298
511, 0.00823064815873901
512, 0.00806005919973055
513, 0.00811902821684877
514, 0.00900218635797501
515, 0.00982833088242582
516, 0.0100811740849167
517, 0.00827348379728695
518, 0.00821644246267776
519, 0.00817243382334709
520, 0.00836149998940527
521, 0.0100090863582279
522, 0.00851329322904348
523, 0.00955726842706402
524, 0.00871334636273483
525, 0.00951922095070283
526, 0.00896136113442481
527, 0.00938113724502424
528, 0.00808961549773812
529, 0.00943177266578589
530, 0.00898325621771316
531, 0.00808474142104387
532, 0.0080431515040497
533, 0.00799799118457096
534, 0.00866407326733073
535, 0.00828409326883654
536, 0.00844208562436203
537, 0.00803848247354229
538, 0.00809615118695157
539, 0.00815708767622709
540, 0.00988392978906632
541, 0.00979312462732196
542, 0.00816965261474252
543, 0.00812685621591906
544, 0.00819349421986512
545, 0.00831278289357821
546, 0.0096902146935463
547, 0.00952528383848923
548, 0.00924372828255097
549, 0.0080254327505827
550, 0.00981691079214215
551, 0.00956196980550885
552, 0.00806240357148151
553, 0.00810370982314149
554, 0.00795934725708018
555, 0.00816846056841314
556, 0.0084715699000905
557, 0.00925200171768665
558, 0.00868827283071975
559, 0.00896084471605718
560, 0.0095697856352975
561, 0.00701342162210494
562, 0.0073351674946025
563, 0.00765395308068643
564, 0.00880698510445654
565, 0.00912835355848074
566, 0.0103261888337632
567, 0.0118022385674218
568, 0.00599016858420024
569, 0.00562665972393006
570, 0.00513945139634113
571, 0.00540175141456227
572, 0.00610296059555064
573, 0.00599549330460529
574, 0.00743480655364692
575, 0.00808517293383678
576, 0.00772412749938667
577, 0.00719863304402679
578, 0.00700527580920607
579, 0.0068646086147055
580, 0.00678599004944166
581, 0.00674826023168862
582, 0.00675306849492093
583, 0.00924950993309418
584, 0.00342118796349193
585, 0.0036627854181764
586, 0.00384436105377972
587, 0.00412331104356175
588, 0.00453464260014395
589, 0.00518413466246178
590, 0.00631537129326413
591, 0.00823027023579925
592, 0.00845878637794937
593, 0.0117587040045432
594, 0.0143881668336689
595, 0.00852730008773506
596, 0.00915050661812226
597, 0.00795682418781022
598, 0.00748078160298367
599, 0.0113486868018905
600, 0.00825019824939469
601, 0.00965466303750873
602, 0.0103636405741175
603, 0.00573581546389808
604, 0.00520591053646058
605, 0.00661802431568503
606, 0.00393805978819728
607, 0.00466748175676912
608, 0.00503869967845579
609, 0.00609612573559086
610, 0.00625463443187376
611, 0.0063762478530407
612, 0.00857144733890891
613, 0.0100792265341928
614, 0.00770519312936813
615, 0.00795873145883282
616, 0.00731321315591534
617, 0.00718977178136508
618, 0.00712378955601404
619, 0.0082640463175873
620, 0.00749037795079251
621, 0.00708407299437871
622, 0.0106657763943076
623, 0.0034308439741532
624, 0.00355092742635558
625, 0.00342588487546891
626, 0.00414830512211968
627, 0.00347548781428486
628, 0.00343457915975402
629, 0.00492942414712161
630, 0.00446291834426423
631, 0.00560504279565066
632, 0.00662688503507525
633, 0.00710679939948022
634, 0.008688502313037
635, 0.0123284123837948
636, 0.00585806482316305
637, 0.00812004157342017
638, 0.00843622411290804
639, 0.00482102336051563
640, 0.00970081659033895
641, 0.0103835285796473
642, 0.0111557662797471
643, 0.00358629300414274
644, 0.00429741623035322
645, 0.00747317227069288
646, 0.00641793117392808
647, 0.00683540241637578
648, 0.00779710345280667
649, 0.00517557169465969
650, 0.00553548433041821
651, 0.00876520193802814
652, 0.00729698101834704
653, 0.00862946275932094
654, 0.00840213017848631
655, 0.00797164583733926
656, 0.00818467295418183
657, 0.00778087108240773
658, 0.00761693863508602
659, 0.00750672956928611
660, 0.00747823864886803
661, 0.0093475595737497
662, 0.00394702035312851
663, 0.00904005928896368
664, 0.00368281269523626
665, 0.00369201165934404
666, 0.00708627801698943
667, 0.00606906526566793
668, 0.00534465000964701
669, 0.00483107656085243
670, 0.00381336679371695
671, 0.00371910919368799
672, 0.00373560246468211
673, 0.00819912068545818
674, 0.00677294880151749
675, 0.00930566992610693
676, 0.0115007691617523
677, 0.00800323598862936
678, 0.00574239207586894
679, 0.00872572387258212
680, 0.00835726790440579
681, 0.0102525169495493
682, 0.0108262517799934
683, 0.00536116065147022
684, 0.00714894287132968
685, 0.00854131300002337
686, 0.00796353976087024
687, 0.00499043955157201
688, 0.00445934225960324
689, 0.00608076772186905
690, 0.00764831035242726
691, 0.00916220899671316
692, 0.00735581060871482
693, 0.00861770062086483
694, 0.00448091914101193
695, 0.00840238916377226
696, 0.00853155227378011
697, 0.00777533198706806
698, 0.00823879373880724
699, 0.00791094855715831
700, 0.00881052180193365
701, 0.00807138408223788
702, 0.00401737350815286
703, 0.00393164227716625
704, 0.00396712685081487
705, 0.00738491723313928
706, 0.00649515884773185
707, 0.00575033897378792
708, 0.00424885839068641
709, 0.00409787961204226
710, 0.0105687874369323
711, 0.00913055893033743
712, 0.00608241678370784
713, 0.00868052376123766
714, 0.00827580806799233
715, 0.0104094560568531
716, 0.00408367389657845
717, 0.00789819304676106
718, 0.00564837548881769
719, 0.00520076451357454
720, 0.00820823677349836
721, 0.00466267364875724
722, 0.00656078391087552
723, 0.00966141799775263
724, 0.0110540807557603
725, 0.00905337076013287
726, 0.00842591278099765
727, 0.00860852119512856
728, 0.0052136390004307
729, 0.00865316553972661
730, 0.0086210782174021
731, 0.00818947542990957
732, 0.00857546056310336
733, 0.00850687556279202
734, 0.00834290334023535
735, 0.00440053226581464
736, 0.00427932478487492
737, 0.00777374101536615
738, 0.00430995299636076
739, 0.00457098168165733
740, 0.00679439414913456
741, 0.00483175200254967
742, 0.0102959377025919
743, 0.00954719555253784
744, 0.00667989382054657
745, 0.00906880851835012
746, 0.00609062224005659
747, 0.00863127061165869
748, 0.00555471101376627
749, 0.00738805687675873
750, 0.00486383531242609
751, 0.0100296552603443
752, 0.00936825101130775
753, 0.0104953865520656
754, 0.00857691094279289
755, 0.00612257017443577
756, 0.00838291766121984
757, 0.00877694428587953
758, 0.00490415177773684
759, 0.00885445019230247
760, 0.00857963711023331
761, 0.0051848894994085
762, 0.0083681750887384
763, 0.00470546966729065
764, 0.00770473601296544
765, 0.00876508303917944
766, 0.00558996285932759
767, 0.00974599691107869
768, 0.00756182436210414
769, 0.00938139529898763
770, 0.00677639377924303
771, 0.0102415341883898
772, 0.00613656160421669
773, 0.00998807124172648
774, 0.00839356752112508
775, 0.00498726052076866
776, 0.00996772618964314
777, 0.00857599723773698
778, 0.00714920092529307
779, 0.00555362393303464
780, 0.00892800224634508
781, 0.00522917586689194
782, 0.00597600223651777
783, 0.00914858201784747
784, 0.00461355942146232
785, 0.00651180856705954
786, 0.00943927133145432
787, 0.00952047280346354
788, 0.0076625362271443
789, 0.00868089038080403
790, 0.00680969565707658
791, 0.00895907636731863
792, 0.00911672282963991
793, 0.0093967931655546
794, 0.00854979082942009
795, 0.00809945492073894
796, 0.00638157226300488
797, 0.00590173508195827
798, 0.00909135901990036
799, 0.00691260995032887
800, 0.00746039673686028
801, 0.00921616749837995
802, 0.00853262523499628
803, 0.00771722928620875
804, 0.00836220962394561
805, 0.00818483927287161
806, 0.00736194973190625
807, 0.00784524394354472
808, 0.0136046633900454
809, 0.00837206970235067
810, 0.00797122872124116
811, 0.00793409487232566
812, 0.00875793055941661
813, 0.00959324991951386
814, 0.0110906382712225
815, 0.00815439387224615
816, 0.00819703113908569
817, 0.00798690458759665
818, 0.00798976561054587
819, 0.00798199737134079
820, 0.00825629786898693
821, 0.00795175787061453
822, 0.00858793795729677
823, 0.00792757817544043
824, 0.00789421936497092
825, 0.0093608316189299
826, 0.00908730582644542
827, 0.00873611525942882
828, 0.00829307362437248
829, 0.00784395270360013
830, 0.00744861515704542
831, 0.00709657021798193
832, 0.00808066261621813
833, 0.00809260372382899
834, 0.00809341832064092
835, 0.00809323904104531
836, 0.00808978212686876
837, 0.00796256641236444
838, 0.00833682358885805
839, 0.00844818485590319
840, 0.00794146621289353
841, 0.00875282442818085
842, 0.00894618197344244
843, 0.00791782288191219
844, 0.00913850644913813
845, 0.00928934578162928
846, 0.00785120440802226
847, 0.0077755661526074
848, 0.00930196225332717
849, 0.00763279323776563
850, 0.00738028824950258
851, 0.00696545979008079
852, 0.00631509352630625
853, 0.00551494075140605
854, 0.00538281700573862
855, 0.0113459848133581
856, 0.00812206813134253
857, 0.00807523870995889
858, 0.00809822627343237
859, 0.00815489050000906
860, 0.00829968981755277
861, 0.00861408476096888
862, 0.00878222930865983
863, 0.00914591698286434
864, 0.00917858063864211
865, 0.00818753413235148
866, 0.00889680922652284
867, 0.00850119309810301
868, 0.00808575293049216
869, 0.00823931070044637
870, 0.00838051387108862
871, 0.00848368951119483
872, 0.00896636792458594
873, 0.00927929254248738
874, 0.00930531951598823
875, 0.00806750970271727
876, 0.00809669649849335
877, 0.00805133705337842
878, 0.00800577946938574
879, 0.00808845103407899
880, 0.00802848876143495
881, 0.0080960012661914
882, 0.00789682225634654
883, 0.00800880510360003
884, 0.00797013589181006
885, 0.00767101960567137
886, 0.00730047755253812
887, 0.00799332194340726
888, 0.00793635984882712
889, 0.00783457463451972
890, 0.00700533529743552
891, 0.00795281073078513
892, 0.00800258060917258
893, 0.00791859797512492
894, 0.0079829307893912
895, 0.00787741069992383
896, 0.00776708250244458
897, 0.00751441833563149
898, 0.00707394020476689
899, 0.00819756711522738
900, 0.00971156537222365
901, 0.00771224619044612
902, 0.00730786458589137
903, 0.0107663093755643
904, 0.00771921154643808
905, 0.00809703694124307
906, 0.011739971395582
907, 0.00699167368002236
908, 0.00877024599217943
909, 0.0111261285575373
910, 0.00831458689644933
911, 0.0081079814893504
912, 0.00835285739352306
913, 0.00881538943698009
914, 0.00927174231037498
915, 0.00845909266111751
916, 0.00861392566002905
917, 0.00905047015597423
918, 0.00828162992062668
919, 0.00820221674318115
920, 0.00823291305763026
921, 0.00817318920356532
922, 0.00814618822187185
923, 0.00913806864991784
924, 0.00940436287783086
925, 0.00936756686617931
926, 0.00875129434280097
927, 0.00812880337859193
928, 0.00805699980507294
929, 0.00803591947381695
930, 0.00810426621076961
931, 0.00809770954462389
932, 0.00807549695794781
933, 0.00810337197035551
934, 0.00782817734094957
935, 0.00763170064116518
936, 0.00770565013711651
937, 0.00777014240156859
938, 0.00785956935336193
939, 0.00797466584481299
940, 0.00789159707104166
941, 0.00792469720666607
942, 0.00795183703303337
943, 0.00799431550937394
944, 0.00800802450006207
945, 0.00802034271570543
946, 0.0075629565011089
947, 0.00793276350790014
948, 0.00802338272333145
949, 0.00760720313216249
950, 0.00889462349005044
951, 0.0106523253489286
952, 0.00828188758653899
953, 0.00901694083586335
954, 0.00811234682000109
955, 0.00944278753983478
956, 0.00933083038156231
957, 0.00958361383527517
958, 0.00829676918995877
959, 0.00845535766954223
960, 0.00820364702182511
961, 0.00813794299028814
962, 0.00869272300042212
963, 0.00899809746382137
964, 0.00816393038257957
965, 0.00814445968717337
966, 0.00813428708352149
967, 0.00812951871193945
968, 0.00963703907715777
969, 0.00806798692792654
970, 0.00810442531170944
971, 0.00812979663411776
972, 0.00808568904176354
973, 0.00775830102308343
974, 0.00793786994957676
975, 0.00797506305389106
976, 0.00799900425287584
977, 0.00778508326038718
978, 0.00782895239535719
979, 0.00774268460615228
980, 0.00786642388751109
981, 0.00772353164696445
982, 0.00790725314679245
983, 0.00794150571649273
984, 0.00839521635013322
985, 0.00802225014194846
986, 0.00803625715586046
987, 0.00804260951865997
988, 0.00982185344522198
989, 0.0107144932262599
990, 0.00940621054420868
991, 0.0089565134452035
992, 0.00980077365723749
993, 0.00996418941455583
994, 0.00831020025846859
995, 0.00857478519901633
996, 0.00815121488024791
997, 0.00806931786549588
998, 0.00804362818598747
999, 0.00805093968907992
1000, 0.00806901991988222
1001, 0.00808527219730119
1002, 0.00809645776947339
1003, 0.00807492077971498
1004, 0.00812413434808453
1005, 0.00809276243671775
1006, 0.00815868544547508
1007, 0.00864251625413696
1008, 0.00791126648740222
1009, 0.00781512407896419
1010, 0.00781925682288905
1011, 0.00779503746889532
1012, 0.00785404606722295
1013, 0.00789473609377941
1014, 0.00797774510768553
1015, 0.00793886332151791
1016, 0.00800558070962628
1017, 0.00803254187727968
1018, 0.00805527976314936
1019, 0.00927104707807302
1020, 0.0103710514182846
1021, 0.0103540269524923
1022, 0.00979108940809965
1023, 0.0103168742731214
1024, 0.00890022679232061
1025, 0.00946891494095325
1026, 0.01003511948511
1027, 0.00845569527397553
1028, 0.00817326828837395
1029, 0.00801736248346666
1030, 0.00795624800957739
1031, 0.00794305551486711
1032, 0.00796244697024425
1033, 0.00800003771049281
1034, 0.00803274094748
1035, 0.0080870063310223
1036, 0.0080545162782073
1037, 0.00811567455530167
1038, 0.00810690876096487
1039, 0.00810611379953722
1040, 0.00805363822728395
1041, 0.00939889919633667
1042, 0.00804162165150046
1043, 0.00806501032784581
1044, 0.0101613062433898
1045, 0.0101895151504626
1046, 0.00947841179246704
1047, 0.00801313063129783
1048, 0.00807394708196322
1049, 0.00798324891366065
1050, 0.00880666744584838
1051, 0.0083240883735319
1052, 0.00794013496488333
1053, 0.00804658862762153
1054, 0.00789747790743907
1055, 0.00790846487507224
1056, 0.00786249005856613
1057, 0.00787238442959885
1058, 0.00626806515113761
1059, 0.00512679491657764
1060, 0.00857198401354253
1061, 0.00839029189332255
1062, 0.0115671377473821
1063, 0.00942494642610351
1064, 0.0109724421830227
1065, 0.0138159613125026
1066, 0.00367919677713265
1067, 0.00520185730420053
1068, 0.00558618805371225
1069, 0.00592376889350514
1070, 0.00617452582810074
1071, 0.00614041179263343
1072, 0.00575820678689827
1073, 0.00518331987162431
1074, 0.00777576518400262
1075, 0.00604965401968608
1076, 0.00505975975344578
1077, 0.00451668204429249
1078, 0.00418075007231285
1079, 0.00395757039465631
1080, 0.00380073076424499
1081, 0.00368376652477309
1082, 0.00675618772705396
1083, 0.00684625026769936
1084, 0.00701952097006142
1085, 0.00727719196584076
1086, 0.0075696719577536
1087, 0.00781758762119959
1088, 0.00797025529512515
1089, 0.00803677388466895
1090, 0.00806377463353177
1091, 0.00812510781300565
1092, 0.00832778355106711
1093, 0.00877263327129185
1094, 0.00945055686558286
1095, 0.00480765209067613
1096, 0.00681102384502689
1097, 0.00622757407836616
1098, 0.0044186720236515
1099, 0.00404063945946594
1100, 0.00554142512070636
1101, 0.00658502293905864
1102, 0.00592194125056267
1103, 0.00651810682999591
1104, 0.0064262164523825
1105, 0.00420222769025713
1106, 0.0054252555516238
1107, 0.00483836823453506
1108, 0.00445644146141907
1109, 0.00403330806875601
1110, 0.00634654467770209
1111, 0.00816987128928304
1112, 0.00767475514051815
1113, 0.00813837993579606
1114, 0.00828973615231613
1115, 0.00855422182939947
1116, 0.00815175124444067
1117, 0.00818695756606758
1118, 0.00793737328300873
1119, 0.00742844868606577
1120, 0.00812854501418769
1121, 0.00881125715871652
1122, 0.00934122145796815
1123, 0.00800428927565614
1124, 0.00750953102639566
1125, 0.010377885773778
1126, 0.00820929819851049
1127, 0.0114414911561956
1128, 0.0106417560018599
1129, 0.0108684916049242
1130, 0.00472859634707371
1131, 0.00631201406940818
1132, 0.00659340767500301
1133, 0.00595363120858868
1134, 0.00683071347884834
1135, 0.00774397584609687
1136, 0.00715418784723928
1137, 0.00513122576133658
1138, 0.00392666959669441
1139, 0.00473086136238029
1140, 0.0044437259202823
1141, 0.00514497452725967
1142, 0.00672114042875667
1143, 0.00577422107259433
1144, 0.00696714036166668
1145, 0.00821517074170212
1146, 0.00834614185926815
1147, 0.00813154550269246
1148, 0.00847623916342854
1149, 0.00814710231497884
1150, 0.00825588071408371
1151, 0.00851768425976237
1152, 0.00802006209934396
1153, 0.00808243115898222
1154, 0.00836493746222307
1155, 0.00729877737882946
1156, 0.00853117485530674
1157, 0.010171236237511
1158, 0.00790544486759851
1159, 0.00431660900358111
1160, 0.00996687617152929
1161, 0.0103413083901008
1162, 0.00468710583767721
1163, 0.00709182179222504
1164, 0.00751374297154446
1165, 0.00511247008883705
1166, 0.00676556575732927
1167, 0.00817457962936411
1168, 0.00641967984847724
1169, 0.005534034067144
1170, 0.00425283997319639
1171, 0.00606022410405179
1172, 0.00884059663595898
1173, 0.00541854025019954
1174, 0.00497988980108251
1175, 0.00689119259671619
1176, 0.00776388803496957
1177, 0.00897717638872564
1178, 0.00880680652335286
1179, 0.00854430720210075
1180, 0.00829573604278266
1181, 0.0077772872056812
1182, 0.00808990149137875
1183, 0.00883199918704728
1184, 0.00797174541124453
1185, 0.00790707441046834
1186, 0.00778372422792017
1187, 0.00932828756049275
1188, 0.0084960815895881
1189, 0.00710771228186786
1190, 0.00358500555157661
1191, 0.00920484610833228
1192, 0.00565518764778972
1193, 0.00557826063595712
1194, 0.00839169955967615
1195, 0.00712287578997867
1196, 0.00927665391936898
1197, 0.00951096162732158
1198, 0.00869794834094743
1199, 0.0104386226739734
1200, 0.00915481516027025
1201, 0.00622129568364471
1202, 0.00833779713138938
1203, 0.00600153328074763
1204, 0.00801573352267345
1205, 0.00757108298906436
1206, 0.00515484912320971
1207, 0.00775007558210442
1208, 0.00730296127342929
1209, 0.0069645259839793
1210, 0.00776122172828764
1211, 0.00989864471678933
1212, 0.008510812651366
1213, 0.00644157434968899
1214, 0.00929536277960454
1215, 0.00828137565404177
1216, 0.00791136575086663
1217, 0.00998145528137684
1218, 0.0100694912485778
1219, 0.00954687744379044
1220, 0.00719503137016935
1221, 0.00694377557374537
1222, 0.00658316388061004
1223, 0.00759770628064871
1224, 0.00604791748337448
1225, 0.00906653525307775
1226, 0.00786854998053362
1227, 0.00717561384662986
1228, 0.00747829819253335
