1, 0.00779479893390089
2, 0.079687487334013
3, 0.00704789301380515
4, 0.00845062872394919
5, 0.0307937925681472
6, 0.0197076834738255
7, 0.00396472297143191
8, 0.0064919003052637
9, 0.0804650957385699
10, 0.00845116516575217
11, 0.0614553801715374
12, 0.0617872644215822
13, 0.00869091487644861
14, 0.0100890215641508
15, 0.0113224012311548
16, 0.0123224680622419
17, 0.0132544858691593
18, 0.0156192609574646
19, 0.024919554280738
20, 0.0430716946721077
21, 0.0660794094825784
22, 0.0667857937514782
23, 0.0545750167220831
24, 0.035597847464184
25, 0.0189652470871806
26, 0.0098108866562446
27, 0.00658436732677122
28, 0.00535106752067804
29, 0.00480042002163827
30, 0.00394878850784153
31, 0.00501902995165437
32, 0.00619572521342586
33, 0.00708925859847416
34, 0.00770300758692126
35, 0.00809391494840384
36, 0.00832955205502609
37, 0.00841689256152936
38, 0.00834540696814656
39, 0.00816540094092488
40, 0.00801936956122518
41, 0.00796477139617006
42, 0.00807531783357263
43, 0.00840385894601544
44, 0.0090158397021393
45, 0.00992175098508596
46, 0.0110662799949447
47, 0.0123449989284078
48, 0.0136744204598169
49, 0.0149091506997744
50, 0.0169402784667909
51, 0.0237997814547271
52, 0.0275976313278079
53, 0.0297431194533904
54, 0.0352623127400875
55, 0.0387993318339189
56, 0.0383012760430574
57, 0.0337481951961915
58, 0.0262065368394057
59, 0.0180181305234631
60, 0.0127664039221903
61, 0.0112111984441678
62, 0.0101393479853868
63, 0.00923526457821329
64, 0.00857861960927645
65, 0.00844806589884683
66, 0.0083822327433154
67, 0.00840286584571004
68, 0.00891701535632213
69, 0.0096009592525661
70, 0.0104954660249253
71, 0.0121206861610214
72, 0.017478629325827
73, 0.026182577945292
74, 0.0339557385692994
75, 0.0373212173581123
76, 0.0357503158350786
77, 0.0306202614059051
78, 0.0245927609503269
79, 0.0201689442619681
80, 0.018592519685626
81, 0.0203220080584288
82, 0.0180767209967598
83, 0.0151983126997948
84, 0.010305207533141
85, 0.0081457308648775
86, 0.00691855039137105
87, 0.00613653760713836
88, 0.00558042588333289
89, 0.00516589552474519
90, 0.00485392496921122
91, 0.00460755910413961
92, 0.00441928774428864
93, 0.00428013076695303
94, 0.00417745175460974
95, 0.00408943556249142
96, 0.00400722096674144
97, 0.00403429646394216
98, 0.00418919394724071
99, 0.00435308689096322
100, 0.00452117202803493
101, 0.00466521662504723
102, 0.00475353087919454
103, 0.00473644429196914
104, 0.00456911410825948
105, 0.004184425692074
106, 0.0035202112630941
107, 0.00287409673910588
108, 0.00406094452288623
109, 0.00482347683282569
110, 0.00641203043051064
111, 0.0101999064596991
112, 0.0199027893443902
113, 0.0360448028271397
114, 0.0553692318499088
115, 0.0724234307805697
116, 0.0674443968261282
117, 0.0429915258040031
118, 0.0233629390907784
119, 0.0155005884201576
120, 0.0137479531113058
121, 0.0132278028565149
122, 0.0127687870214383
123, 0.0121637207921594
124, 0.0114855191980799
125, 0.0107549844154467
126, 0.00998910438890258
127, 0.00910525822213718
128, 0.00881846901029348
129, 0.00911589649816354
130, 0.0095006243015329
131, 0.0100025751938423
132, 0.0106435635437568
133, 0.0113953373705347
134, 0.0122195111277203
135, 0.0130221870106955
136, 0.0150007038998107
137, 0.0214117411524057
138, 0.0313926997284094
139, 0.0421859088043372
140, 0.051250505571564
141, 0.057535935814182
142, 0.0553023004904389
143, 0.045138685653607
144, 0.0347847609470288
145, 0.0245884299899141
146, 0.017618778316925
147, 0.0143544698754946
148, 0.0130111003915469
149, 0.0119720321769516
150, 0.0110734719783068
151, 0.010348679497838
152, 0.00975763968502482
153, 0.00930122720698516
154, 0.00899116353442272
155, 0.00881143581743042
156, 0.00872687669470906
157, 0.00867374877755841
158, 0.00855201634112746
159, 0.00529062864370644
160, 0.00641071951637665
161, 0.0102485041134059
162, 0.020313903534164
163, 0.0362492082640529
164, 0.0555371946344773
165, 0.0727116800844669
166, 0.0669410936534405
167, 0.0528261338671049
168, 0.0342697355275353
169, 0.0185156298490862
170, 0.00956809675941865
171, 0.00613852450624108
172, 0.00467795200529508
173, 0.00394988137607773
174, 0.00392524478957057
175, 0.00391101907007396
176, 0.00390855533381303
177, 0.0039395100902766
178, 0.00402240036055446
179, 0.00416882910455267
180, 0.00438654500370224
181, 0.00470515185346206
182, 0.00516351164939503
183, 0.00579730770550668
184, 0.00662132228414218
185, 0.00757686460080246
186, 0.0086743850260973
187, 0.0100696505978703
188, 0.0137745162161688
189, 0.0363814304582775
190, 0.0407036626711488
191, 0.0278474930673838
192, 0.0289695315683881
193, 0.0309211071580648
194, 0.0307015245780349
195, 0.0270170820876956
196, 0.0208901204168797
197, 0.0153528084047139
198, 0.0127271035065254
199, 0.0116770286113024
200, 0.010858696885407
201, 0.0101685944634179
202, 0.00960799197976788
203, 0.00916779180988669
204, 0.00885280128568411
205, 0.00866500691821178
206, 0.00877210660837591
207, 0.00866611915019651
208, 0.00627642947559555
209, 0.00962482066825032
210, 0.0160287052082519
211, 0.0234201586184402
212, 0.0230208282979826
213, 0.0390806063078344
214, 0.0343993358934919
215, 0.0503725108380119
216, 0.013110659744901
217, 0.0510599110275507
218, 0.00677267842305203
219, 0.00591268254599224
220, 0.00501859265690049
221, 0.00443673201759035
222, 0.0117570381456365
223, 0.0105265396026274
224, 0.00948908079105119
225, 0.00873180377917985
226, 0.00825560232624412
227, 0.00802429625764489
228, 0.00798497744835913
229, 0.00807474196578065
230, 0.00823033011207978
231, 0.00968557743666073
232, 0.0105661967924486
233, 0.0116168876799444
234, 0.0132793411612511
235, 0.0179638898310562
236, 0.0256757978349924
237, 0.0329850769291321
238, 0.0374157099674145
239, 0.0378692404677471
240, 0.0343887070193887
241, 0.0287757764259974
242, 0.0244396370835602
243, 0.00910220313817263
244, 0.0185115203660514
245, 0.0134129154806336
246, 0.0080071104845653
247, 0.00803349547398587
248, 0.00785307217544566
249, 0.00742556787251184
250, 0.0069507173417757
251, 0.0264355790180465
252, 0.0319214523769915
253, 0.0145321316861858
254, 0.0130855863293012
255, 0.0112964925356209
256, 0.0114476503028224
257, 0.0127020900448163
258, 0.00883609165127079
259, 0.0109160960031052
260, 0.0247762443808218
261, 0.0332864782152077
262, 0.0300160294088225
263, 0.0407614974925915
264, 0.0397575556611021
265, 0.009257993583257
266, 0.00657338016511252
267, 0.00636571738868952
268, 0.0337870971610149
269, 0.0101394669618458
270, 0.0121729733821537
271, 0.00863109187533458
272, 0.00822695228271186
273, 0.00811384276797374
274, 0.00809463572555355
275, 0.00826864382252097
276, 0.0121720657528689
277, 0.0149473576651265
278, 0.0203273134926955
279, 0.0277747951137523
280, 0.0368124317998687
281, 0.0360704539343715
282, 0.0167668894864619
283, 0.0213372916249292
284, 0.019695595651865
285, 0.0106074486060866
286, 0.0138327109161764
287, 0.0348703127043943
288, 0.0173723133436094
289, 0.00773523379272471
290, 0.00795302935875952
291, 0.00792342536927511
292, 0.00739465296889345
293, 0.0125874897930771
294, 0.0167007479661455
295, 0.00865751644596457
296, 0.00923705232950548
297, 0.00999055461337169
298, 0.00825637703140577
299, 0.0109698593926926
300, 0.00803452877638241
301, 0.0141448601304243
302, 0.0304283156680564
303, 0.0291973419177036
304, 0.0239895631869634
305, 0.0234060324728489
306, 0.0341070353363951
307, 0.0172700909897685
308, 0.0349407450606426
309, 0.0362722929567099
310, 0.0142919363320938
311, 0.0206471720710397
312, 0.0079790847375989
313, 0.0121869863166163
314, 0.00827729806769639
315, 0.0393826834236582
316, 0.0173011714193438
317, 0.00796190496268017
318, 0.0141753582283854
319, 0.0186377399756263
320, 0.026730442730089
321, 0.00785593304317445
322, 0.00790035864338279
323, 0.0121771519382795
324, 0.0122748395428061
325, 0.0109614948742092
326, 0.0101089295155058
327, 0.00937165971845388
328, 0.00876166562860211
329, 0.00828510678062836
330, 0.0136116174204896
331, 0.0361642716452479
332, 0.0359180628632506
333, 0.0268252737199267
334, 0.0331894420087337
335, 0.0322279380634427
336, 0.0211026909140249
337, 0.0263035741324226
338, 0.0201941048726439
339, 0.0380156108488639
340, 0.0283546290981273
341, 0.0360242389142513
342, 0.00893732051675518
343, 0.00849513329255084
344, 0.0120053316156069
345, 0.0112383188679814
346, 0.0103656271627794
347, 0.00958816373410324
348, 0.0088842611626855
349, 0.0135510391555727
350, 0.0355924041941762
351, 0.030630057832847
352, 0.0370964671795567
353, 0.0356793260822693
354, 0.0239751984675725
355, 0.0177860290610365
356, 0.0300607726510082
357, 0.0397585093354185
358, 0.0367800649255514
359, 0.0199243660705785
360, 0.00956543449622889
361, 0.00821519047021866
362, 0.0121302226713548
363, 0.0115304414648563
364, 0.0157525569200516
365, 0.0106497624268134
366, 0.00985491443425417
367, 0.0135943316078434
368, 0.0349472028513749
369, 0.0290266933540503
370, 0.0375143152972062
371, 0.0219820983087023
372, 0.0173817665316164
373, 0.0378306765730182
374, 0.0290444544516504
375, 0.0391660749912262
376, 0.0370955321316918
377, 0.0394115109617511
378, 0.0104337152248869
379, 0.012382628939425
380, 0.0119826023777326
381, 0.011033792514354
382, 0.0270053199492395
383, 0.0337515731031696
384, 0.0198172768577933
385, 0.0149055916283812
386, 0.0275771664455533
387, 0.00958152751748761
388, 0.0129702512640506
389, 0.0371565682192644
390, 0.0254771169275045
391, 0.0174647090690477
392, 0.0118811148218811
393, 0.0125835960110029
394, 0.0134745347313583
395, 0.0354578372623239
396, 0.0192135609686375
397, 0.0114504909918954
398, 0.013781112851575
399, 0.0154298375515888
400, 0.0178616475313902
401, 0.0177853620611131
402, 0.0106258012043933
403, 0.014431884791702
404, 0.0145902418531477
405, 0.0129589060476671
406, 0.024458889849484
407, 0.0149016641080379
408, 0.0324700646102428
409, 0.0135294229257852
410, 0.0394341823024054
411, 0.0571828987449408
412, 0.0058951786486432
413, 0.00865990109741688
414, 0.0235786483002206
415, 0.0147859673791875
416, 0.0204034884615491
417, 0.0357676999022563
418, 0.00954765259909133
419, 0.0130709631678959
420, 0.00408945558592677
421, 0.00436671640879164
422, 0.00453702690235029
423, 0.00478228014738609
424, 0.00511103953855733
425, 0.00555539201013744
426, 0.00615845213178545
427, 0.00698667877198507
428, 0.00820493810654928
429, 0.0101371023338288
430, 0.0131049771637966
431, 0.0335032997342447
432, 0.0303016547113657
433, 0.0353443678468466
434, 0.0368673661723733
435, 0.0259810145944357
436, 0.0178275140933692
437, 0.0128746652044356
438, 0.0110853536364933
439, 0.0101793029656013
440, 0.00947229207182924
441, 0.00455002071491132
442, 0.00393527827691287
443, 0.00427927658893168
444, 0.00480163178872317
445, 0.00475295462335149
446, 0.00423059950117022
447, 0.00371847617983197
448, 0.00567331040898959
449, 0.0684376461431384
450, 0.0120342197672774
451, 0.0224305423907936
452, 0.0331200412474573
453, 0.010826132648314
454, 0.0160666925366968
455, 0.00424879847560078
456, 0.0107668057704965
457, 0.00744412474644681
458, 0.00643128269196798
459, 0.00568715824435155
460, 0.00515310058835894
461, 0.0047753262721623
462, 0.00416040482620398
463, 0.00452264231474449
464, 0.00883265464411428
465, 0.0243323682807386
466, 0.0286988470082482
467, 0.0122252920797716
468, 0.034760103871425
469, 0.0206535890077551
470, 0.0199073987702529
471, 0.0180432833731174
472, 0.0280338564577202
473, 0.0363977011293173
474, 0.033617541504403
475, 0.0147907760304709
476, 0.0111082809356352
477, 0.0181577233597636
478, 0.0182886156253517
479, 0.00444116276533653
480, 0.00499429390765727
481, 0.00460151912799726
482, 0.00473322548593084
483, 0.00507166093060126
484, 0.00505145480080197
485, 0.00530390072769175
486, 0.017017189025258
487, 0.0421043317764997
488, 0.0117109529674053
489, 0.00846918614115566
490, 0.028388590818005
491, 0.0145827211838748
492, 0.0487192102840969
493, 0.0354688218794763
494, 0.0255801915191114
495, 0.0135079449197898
496, 0.00436480902135372
497, 0.00481222166369359
498, 0.00665935000870377
499, 0.00580861260338376
500, 0.00941155493880312
501, 0.00783850896793107
502, 0.00521137414034456
503, 0.0115083674124132
504, 0.0104446256799357
505, 0.0222604111768305
506, 0.0163252382383992
507, 0.0167696906719357
508, 0.025454088114202
509, 0.031583811622113
510, 0.0358374376470844
511, 0.0362042846779029
512, 0.0317652081139386
513, 0.0239615078705053
514, 0.0169747694550703
515, 0.0132277032826096
516, 0.0183896853898962
517, 0.00487005795973043
518, 0.0043654051842168
519, 0.00645190597667048
520, 0.00587268782934795
521, 0.00550619862042367
522, 0.00453806001072129
523, 0.00470904586836696
524, 0.0120134179790815
525, 0.00426908396184444
526, 0.00421888560854963
527, 0.00761878663407905
528, 0.0543032269924879
529, 0.0142891434952617
530, 0.00440758536569774
531, 0.0376897314563394
532, 0.0424826024100184
533, 0.0182547005824745
534, 0.00531240397443374
535, 0.0118096291553229
536, 0.00811398169025779
537, 0.00982250909631451
538, 0.00685294577851892
539, 0.00593364335751782
540, 0.00455880242710312
541, 0.0137076640501618
542, 0.0118865038268268
543, 0.0200059451162815
544, 0.00519897641303639
545, 0.0228526235247652
546, 0.0144298274868301
547, 0.0295311473309994
548, 0.0352473113064965
549, 0.0347695614521702
550, 0.0375386339922746
551, 0.0155219067043314
552, 0.0273484826708833
553, 0.0190352834761143
554, 0.0168030695058405
555, 0.00449478702752718
556, 0.00646299259581914
557, 0.00730151085493465
558, 0.0046923168314
559, 0.00492729824812462
560, 0.00415406310930848
561, 0.00897696185857058
562, 0.0209759755991399
563, 0.00464145435641209
564, 0.00986547693610191
565, 0.0423628160109123
566, 0.0287793134339154
567, 0.00608857569750398
568, 0.00432844227179885
569, 0.00828105358717342
570, 0.00702381258209546
571, 0.0121733650698193
572, 0.00988191498133043
573, 0.00490417176236709
574, 0.00807082806713879
575, 0.017766856122762
576, 0.00585661448227863
577, 0.0204753721288095
578, 0.014342926753064
579, 0.0275174238098164
580, 0.0138301396742463
581, 0.0376025699079037
582, 0.0385186948503057
583, 0.0344497812911868
584, 0.0311660137293594
585, 0.0152546995474646
586, 0.00797567943421503
587, 0.00471208202652633
588, 0.00498302866859982
589, 0.00537844599845509
590, 0.00504970656973975
591, 0.0116749232790122
592, 0.039236970556279
593, 0.0413447292521596
594, 0.00725990658005079
595, 0.00849086216961344
596, 0.0390147234623631
597, 0.0100519874443611
598, 0.0114873668178916
599, 0.00547162784884373
600, 0.0094332544000021
601, 0.0158866078903278
602, 0.00694529378476242
603, 0.0184716417764624
604, 0.0390150022382538
605, 0.0255384884464244
606, 0.033295756050696
607, 0.0397060699760914
608, 0.0138669837421427
609, 0.00553391474143912
610, 0.0061792346338431
611, 0.00981954958600303
612, 0.0101716336794198
613, 0.0376460620512565
614, 0.00878886544766525
615, 0.0118833803571761
616, 0.0141760613769293
617, 0.00630549690686166
618, 0.00981013174168766
619, 0.00567085831426084
620, 0.00846606663738688
621, 0.0144299894260863
622, 0.0131528403920432
623, 0.0169352124600361
624, 0.0320214284583926
625, 0.0235882049115996
626, 0.0389443878084421
627, 0.0129361578729004
628, 0.00653781312783914
629, 0.00738114262154947
630, 0.0115461772462974
631, 0.0148493932293994
632, 0.0206052948321615
633, 0.0105680642494311
634, 0.0102617957163602
635, 0.0347585755710801
636, 0.00759613649764409
637, 0.0111378692090511
638, 0.0134138888679445
639, 0.0217223718230213
640, 0.015800201256449
641, 0.0121743505975852
642, 0.00894971820525825
643, 0.0115653296932578
644, 0.0283780745230615
645, 0.0308611692860723
646, 0.0130061448684761
647, 0.00931395976138966
648, 0.0114458821869145
649, 0.0107701239176095
650, 0.012650951942695
651, 0.0203696047887206
652, 0.0151036769151688
653, 0.0113883040224512
654, 0.00779624120332301
655, 0.0251780804246664
656, 0.0115704797208309
657, 0.0306368408724666
658, 0.0171230664321532
659, 0.0127568269769351
660, 0.0062828278557087
661, 0.0137474366541331
662, 0.0241391315745811
663, 0.00866961669332037
664, 0.0393123310059309
665, 0.00759305707955112
666, 0.00609096011612564
667, 0.00519474456086755
668, 0.00452900031814352
669, 0.00805221148766577
670, 0.0069338494213298
671, 0.0145794976657877
672, 0.0128898052498698
673, 0.0522339626525839
674, 0.0282298186793923
675, 0.0196048063226044
676, 0.0121276206336915
677, 0.0113721112720668
678, 0.00938650127500296
679, 0.00861542364582419
680, 0.00876518261308471
681, 0.00891584328686198
682, 0.00917637495634457
683, 0.00958152751748761
684, 0.0101355530011157
685, 0.0108077546271185
686, 0.0116183777960638
687, 0.0126010600943118
688, 0.0138421678760399
689, 0.0164275791030377
690, 0.0218644972580175
691, 0.0303165769825379
692, 0.0405207760632038
693, 0.0104746041664233
694, 0.0137745564958702
695, 0.0154008497484028
696, 0.0209164460344861
697, 0.0335237846399347
698, 0.0546625964343548
699, 0.00666829086064051
700, 0.0560467865850244
701, 0.00834604275102417
702, 0.0069185111982127
703, 0.0080885107939442
704, 0.00771238553958635
705, 0.00850755154776076
706, 0.00728202005848289
707, 0.0375882061198354
708, 0.0131087728465597
709, 0.0458414625997345
710, 0.0206471929171433
711, 0.0106881279498339
712, 0.0101369438537707
713, 0.0123024012427777
714, 0.0154819323991736
715, 0.0280728197346131
716, 0.00867903380033871
717, 0.00915235459494094
718, 0.0107612034771591
719, 0.0124254846790185
720, 0.0287564438767731
721, 0.0166329168714583
722, 0.00888135222097238
723, 0.00953722147581478
724, 0.0100800609992196
725, 0.0115284346199284
726, 0.0137277269580712
727, 0.0218352315326532
728, 0.0362756516163548
729, 0.0131639662819604
730, 0.0125459058520695
731, 0.0119025138362
732, 0.0112181725756576
733, 0.00982525516301394
734, 0.0168594544908653
735, 0.0234461664222181
736, 0.0335858926797907
737, 0.0434835649405917
738, 0.0122009144785504
739, 0.018586673507733
740, 0.009174269468834
741, 0.0298993654016938
742, 0.00973028092024227
743, 0.0102549124109958
744, 0.00854565582371184
745, 0.0415155980736017
746, 0.00836950695763032
747, 0.00841361466639986
748, 0.00830569032890101
749, 0.00836046691983938
750, 0.0109772305780401
751, 0.0227709258906543
752, 0.0135563839382182
753, 0.0168676609173417
754, 0.0295759903577467
755, 0.0115909795276821
756, 0.0352372592315078
757, 0.0440872649529151
758, 0.008690537729611
759, 0.0142180347659936
760, 0.0101531165807197
761, 0.0116066560149193
762, 0.0108338219579309
763, 0.0124453131575137
764, 0.0095999256397287
765, 0.0231211031787097
766, 0.0174161421600729
767, 0.0139326676726341
768, 0.00916806996489565
769, 0.0294546531513333
770, 0.0351555990055203
771, 0.0110408880282193
772, 0.0124708043100933
773, 0.0422198055312037
774, 0.0359459376583497
775, 0.0264585853243868
776, 0.0132118685481449
777, 0.0117580119986087
778, 0.010521393812572
779, 0.0405311857660611
780, 0.0724599026143551
781, 0.00880915089510381
782, 0.0113104605892052
783, 0.0376282310379403
784, 0.00952291659389933
785, 0.00909841215858857
786, 0.0084734574581186
787, 0.0315588559024036
788, 0.0251711246867975
789, 0.0118751548385868
790, 0.0187098421156406
791, 0.0125991529785097
792, 0.0349196853737036
793, 0.0392302334308624
794, 0.00878468747915966
795, 0.0186114936756591
796, 0.0186681785465529
797, 0.0248201734696825
798, 0.0110254507356634
799, 0.0117837217791627
800, 0.0145133362772564
801, 0.0103417457236598
802, 0.0126652742425601
803, 0.00968663060727219
804, 0.0353721634795268
805, 0.0311028221622109
806, 0.0116964769549668
807, 0.0378055625284711
808, 0.0424506726364295
809, 0.0133910203973452
810, 0.0125526614331951
811, 0.0147207403400292
812, 0.01089997459203
813, 0.0487604226917028
814, 0.0115762122773698
815, 0.037133176997304
816, 0.0102724054207404
817, 0.0333921566295127
818, 0.013076566082115
819, 0.0279356287792325
820, 0.0102639220810185
821, 0.00885804664964477
822, 0.00855367360636592
823, 0.0143844513222575
824, 0.035800285016497
825, 0.0291773526308437
826, 0.00917260814458132
827, 0.0266996280600627
828, 0.0113109375815839
829, 0.0203725931545099
830, 0.0120564724784344
831, 0.0155042038143923
832, 0.0130522872010867
833, 0.0105461697094142
834, 0.0325389170708756
835, 0.0364899874797889
836, 0.0420643348867695
837, 0.012674739677459
838, 0.0136398499986778
839, 0.0155748551866661
840, 0.0206113294698298
841, 0.0145851202153911
842, 0.00971039856917092
843, 0.0348643124103546
844, 0.0156184261819969
845, 0.0110931023179243
846, 0.0210753719632824
847, 0.0367219302182396
848, 0.0122533465425173
849, 0.0394831569865346
850, 0.0389117669935028
851, 0.0289567559957504
852, 0.0225217582968374
853, 0.0124607513037821
854, 0.0137258397104839
855, 0.0342692596216997
856, 0.0169562933345636
857, 0.0115899866602073
858, 0.0368842892348766
859, 0.0138551533621337
860, 0.0167508548280845
861, 0.0230161386231581
862, 0.031720327368627
863, 0.0121384288650006
864, 0.0118028461001813
865, 0.0234224040371676
866, 0.031713421855654
867, 0.0373145581356117
868, 0.0401860556254784
869, 0.037849512261649
870, 0.0107190149836242
871, 0.0407976980010668
872, 0.0313329555404683
873, 0.0359840461363395
874, 0.0250955869754155
875, 0.0129517343981812
876, 0.0148245717864484
877, 0.0190009114642938
878, 0.0172146347351372
879, 0.0258094109594822
880, 0.0341290896758437
881, 0.0394571907818317
882, 0.0373688799639543
883, 0.0124825745820999
884, 0.0346927517093718
885, 0.0317013527577122
886, 0.0314320575756331
887, 0.0373935379708807
888, 0.033795164587597
889, 0.0280095981433988
890, 0.0161658157594502
891, 0.0214879553144177
892, 0.0387028927604357
893, 0.0362150332269569
894, 0.0393937509506941
895, 0.0134857679717243
896, 0.0172850604036025
897, 0.0245635748530428
898, 0.0307906206697226
899, 0.0134230880066752
900, 0.0311426188175877
901, 0.0386998737230897
902, 0.0246502380552036
903, 0.0373799859856566
904, 0.0242244044008354
905, 0.0169337821813921
906, 0.0363466615478198
907, 0.0321433586999774
908, 0.0137123690607647
909, 0.0196370158344507
910, 0.0246457865461707
911, 0.0218768559085826
912, 0.00829833889535318
913, 0.00565890570093567
914, 0.00953245310423275
915, 0.0132630888838321
916, 0.0138866133056581
917, 0.0154638319897155
918, 0.0209182342514396
919, 0.0368383197734753
920, 0.0331814341867963
921, 0.0511427599315842
922, 0.0125733637639011
923, 0.0499996431171894
924, 0.00478754526314636
925, 0.00462907630329331
926, 0.00427126954309642
927, 0.0038015252406088
928, 0.00354137079557404
929, 0.0156579648610204
930, 0.0109386863186955
931, 0.00902774142256627
932, 0.00767560978420079
933, 0.00657471152953804
934, 0.00572880229447037
935, 0.00512393428167949
936, 0.00468917780866226
937, 0.00438946559249113
938, 0.00418198190163821
939, 0.00405091121016691
940, 0.00398771030207475
941, 0.00397179586191972
942, 0.00397801472960661
943, 0.00398880317031095
944, 0.0156968459486961
945, 0.0206662453711033
946, 0.0265773783127467
947, 0.0304179643280804
948, 0.0309772545782228
949, 0.0293496303881208
950, 0.0283910678699613
951, 0.0300597796837489
952, 0.0123216135737797
953, 0.0235439343377948
954, 0.00411085353698581
955, 0.00419330670653532
956, 0.00432539075457801
957, 0.00599593052174896
958, 0.00688241065169374
959, 0.00535529956687242
960, 0.00989604229107499
961, 0.00816504342947155
962, 0.00488241598941386
963, 0.0045492856297642
964, 0.00413125819371392
965, 0.0172376066911966
966, 0.0130698108114302
967, 0.0090740455314517
968, 0.0225889519788325
969, 0.0304416865110397
970, 0.0111576938846459
971, 0.0119360509173324
972, 0.0304899071343243
973, 0.0276950849220157
974, 0.0288985425916811
975, 0.0280473873329659
976, 0.0118803206520776
977, 0.0126026296056807
978, 0.0317330417844156
979, 0.0111315666387479
980, 0.0165311324720581
981, 0.0224631270393729
982, 0.0143417545283834
983, 0.00481665212040146
984, 0.00411148141138256
985, 0.00461121485568583
986, 0.00474707367053876
987, 0.00512067558399091
988, 0.00518129350772748
989, 0.00444265284265081
990, 0.00426369975320995
991, 0.00523903061791013
992, 0.0168296295617308
993, 0.00865381244303925
994, 0.0272809710974495
995, 0.0114754657261074
996, 0.0377310579642653
997, 0.0041387769659715
998, 0.0258625281442489
999, 0.00995549306805645
1000, 0.0403843789050976
1001, 0.0132953350742658
1002, 0.0186045602895319
1003, 0.0105003340480228
1004, 0.00640569262516995
1005, 0.00437218032311648
1006, 0.00477763117911915
1007, 0.00428879342507571
1008, 0.00515580278200408
1009, 0.0045262585238864
1010, 0.00861336946642647
1011, 0.00569512563136717
1012, 0.00732590902286271
1013, 0.0140543011172364
1014, 0.0104847768476854
1015, 0.00953819509595633
1016, 0.00925260921940207
1017, 0.0126259152311832
1018, 0.00994799720744292
1019, 0.0252816388383508
1020, 0.0278068434757491
1021, 0.0307128488396605
1022, 0.0296524415413539
1023, 0.0291762600342433
1024, 0.0173528220814963
1025, 0.00502954012093445
1026, 0.0133785436240335
1027, 0.0116746051547428
1028, 0.0103368579099576
1029, 0.0330480594808857
1030, 0.024424835263441
1031, 0.0177524717679868
1032, 0.0124960369430482
1033, 0.00473851058632135
1034, 0.00434180178369085
1035, 0.00454656368431946
1036, 0.0064698071219027
1037, 0.00592450397865226
1038, 0.00490341661497951
1039, 0.00543995787544797
1040, 0.0383545616641641
1041, 0.00727409229148179
1042, 0.00553790817502886
1043, 0.00792845260972778
1044, 0.00690221937838942
1045, 0.00505153439007699
1046, 0.00455437200920035
1047, 0.0188109114921341
1048, 0.0138882424216717
1049, 0.00548255544466277
1050, 0.00475553764651219
1051, 0.00609648355748504
1052, 0.00922727763342361
1053, 0.0241401949897408
1054, 0.0110208810462306
1055, 0.0248219409647087
1056, 0.00425269682891667
1057, 0.0110924664574365
1058, 0.0153782793786377
1059, 0.0241745753213763
1060, 0.0310323101778825
1061, 0.026159907070299
1062, 0.0105774622255315
1063, 0.0288652237504721
1064, 0.0194041167851537
1065, 0.0117945296224207
1066, 0.0147445233693967
1067, 0.0262088427941004
1068, 0.0340624904880921
1069, 0.010875167325139
1070, 0.0124587643270691
1071, 0.0135021441771338
1072, 0.00730176883128782
1073, 0.00446188546318029
1074, 0.00471216529452552
1075, 0.00497126668536415
1076, 0.00524197115252415
1077, 0.0101730840591093
1078, 0.00840608403086662
1079, 0.00647787369477252
1080, 0.0383513635024428
1081, 0.00853614179262271
1082, 0.00992598330291609
1083, 0.00742254813667387
1084, 0.00499895730588053
1085, 0.0199490824182119
1086, 0.00534234541313102
1087, 0.00583640846889466
1088, 0.00653614736317347
1089, 0.0139500724617392
1090, 0.0306506801086168
1091, 0.0115461371994267
1092, 0.0133120243748029
1093, 0.0117112022514145
1094, 0.0277199591509998
1095, 0.0123862451097618
1096, 0.0242613799249132
1097, 0.0218176483176649
1098, 0.0271591596926252
1099, 0.0190191105939448
1100, 0.0114996059176823
1101, 0.0346487627054254
1102, 0.0136362543174376
1103, 0.00469198320060968
1104, 0.00500540023980041
1105, 0.0151933863138159
1106, 0.00541983141253392
1107, 0.00589354937740912
1108, 0.0355617259629071
1109, 0.0112968876824847
1110, 0.0107271215878427
1111, 0.00980732978011171
1112, 0.00918760045897216
1113, 0.0378436505173643
1114, 0.0105735280861457
1115, 0.00912451922583083
1116, 0.007925134152174
1117, 0.00795595014157395
1118, 0.00618227443192154
1119, 0.00699442760863652
1120, 0.00561199276708066
1121, 0.0277961947334309
1122, 0.012370529351756
1123, 0.0310893116208414
1124, 0.0169961680658162
1125, 0.0216017202474177
1126, 0.0141751795696716
1127, 0.013032359459127
1128, 0.0294009301190575
1129, 0.0124571948157003
1130, 0.0319358767010272
1131, 0.0150748322873066
1132, 0.0157749685458839
1133, 0.00619810928280155
1134, 0.0203162672308584
1135, 0.0069601151238506
1136, 0.0187023682519794
1137, 0.0254891643832837
1138, 0.010671041207388
1139, 0.00977309707862636
1140, 0.0111242951049159
1141, 0.00970238648975889
1142, 0.0128636188649883
1143, 0.0055312323772038
1144, 0.0348987660060326
1145, 0.00746200617868453
1146, 0.00649348443507084
1147, 0.0262364589919647
1148, 0.00851804173241059
1149, 0.0244386239598195
1150, 0.0137581172665315
1151, 0.0123256230726838
1152, 0.0152828523423523
1153, 0.0327900896469752
1154, 0.0190984043292701
1155, 0.0307839970725278
1156, 0.0215485137887299
1157, 0.00847939789916078
1158, 0.0290975634319087
1159, 0.00738612934947014
1160, 0.0369671856363614
1161, 0.0351384741564592
1162, 0.017835722970111
1163, 0.0120534519664943
1164, 0.011263213508452
1165, 0.0116200072225183
1166, 0.0134254916726301
1167, 0.0103401760570705
1168, 0.0103359044684718
1169, 0.0339492815546691
1170, 0.00917337794921228
1171, 0.0314177324374517
1172, 0.0165030276402831
1173, 0.0223246345828686
1174, 0.0298037777344386
1175, 0.027492091525346
1176, 0.0356881882374485
1177, 0.0347385282317797
1178, 0.0300165076429645
1179, 0.00893932728407284
1180, 0.0176990470693757
1181, 0.0126391671753178
1182, 0.0117356202099472
1183, 0.0141927027143538
1184, 0.0121307988495876
1185, 0.00774967796169221
1186, 0.0320333898998797
1187, 0.0109783906489611
1188, 0.0331613266219695
1189, 0.0303428940474987
1190, 0.0330990607229372
1191, 0.0247413565715154
1192, 0.0341447852551937
1193, 0.0341460601027523
1194, 0.0187518235761672
1195, 0.0264528440311551
1196, 0.0195354258952041
1197, 0.0142123126424849
1198, 0.0131942257285118
1199, 0.0122029607494672
1200, 0.0149868947919458
1201, 0.0127143877824502
1202, 0.0297381134393315
1203, 0.0271466168175851
1204, 0.0236037308350205
1205, 0.0332810742159685
1206, 0.0249890726990998
1207, 0.0107524218037724
1208, 0.0186586018341283
1209, 0.0199134627357125
1210, 0.0153690208680928
1211, 0.0137046005111188
1212, 0.0170202082954347
1213, 0.0231016123046478
1214, 0.0263966544132148
1215, 0.0168460631743073
1216, 0.0331346344202757
1217, 0.0133039376232773
1218, 0.0171819277373808
1219, 0.0203181740362197
1220, 0.0271022375673056
1221, 0.014634611705939
1222, 0.0197119513526559
1223, 0.0167609009891748
1224, 0.0112611074000597
