1, 0.0109868065919727
2, 0.0401516924612224
3, 0.00684160157106817
4, 0.0114339613355696
5, 0.0125570315867662
6, 0.0174263743683696
7, 0.00531268212944269
8, 0.00687825813656673
9, 0.0340052300598472
10, 0.0126305841840804
11, 0.0162463206797838
12, 0.0205532349646091
13, 0.0121185802078495
14, 0.0141353042175372
15, 0.0195066763553768
16, 0.0299961810621123
17, 0.0351510501156251
18, 0.0204701852053404
19, 0.0105141820386052
20, 0.00653606781270355
21, 0.00794923418046286
22, 0.00923921819776297
23, 0.0101376198387394
24, 0.0106769821140915
25, 0.0109987077303231
26, 0.0112064897548407
27, 0.0113415735928963
28, 0.0114205501352747
29, 0.0115241726161912
30, 0.011666895976911
31, 0.0118175367824733
32, 0.0119870126557847
33, 0.01215843607982
34, 0.0123996160691604
35, 0.0125813107006252
36, 0.0129499460260073
37, 0.0137183293700218
38, 0.0152143663726747
39, 0.0180133214841286
40, 0.022128705556194
41, 0.0256172862524788
42, 0.0246243930111329
43, 0.0191390545417865
44, 0.0133957892345885
45, 0.0122530184453353
46, 0.012023838236928
47, 0.0128332792470853
48, 0.0166219500824809
49, 0.0208596823116144
50, 0.022562708084782
51, 0.0200609403351943
52, 0.0163207082077861
53, 0.0140197305008769
54, 0.0127037782222033
55, 0.0116656242559354
56, 0.0108868298120797
57, 0.0103106123084823
58, 0.00988952505091826
59, 0.00956209686895212
60, 0.00930051133036613
61, 0.00909674369419614
62, 0.00893052589769165
63, 0.00880936921263734
64, 0.00874006934463978
65, 0.00870653164262573
66, 0.00874467861528198
67, 0.00886412616819143
68, 0.00911609486987193
69, 0.00957123593737682
70, 0.0103651300693552
71, 0.0117722768336535
72, 0.0139231307742496
73, 0.0151138726311425
74, 0.012431355076842
75, 0.00785263480308155
76, 0.00667440992159148
77, 0.00606497245219847
78, 0.0057065497773389
79, 0.00552186463028193
80, 0.00561234022357634
81, 0.00635808811057359
82, 0.00714685628190637
83, 0.00801591210377713
84, 0.00893606889682511
85, 0.00979898544028401
86, 0.0105403278333445
87, 0.0111168043222278
88, 0.0115428586335232
89, 0.0118706445985784
90, 0.0121302627182255
91, 0.0123325809060285
92, 0.0124791690614074
93, 0.0125715762066344
94, 0.0126048548457523
95, 0.0125779137791445
96, 0.0124902354242901
97, 0.0123386206881454
98, 0.0121269051451236
99, 0.0118413987414291
100, 0.0114216427318752
101, 0.0108028469452014
102, 0.00985640450380743
103, 0.00845108553767204
104, 0.00678066532903661
105, 0.0106716974017521
106, 0.0199967658457657
107, 0.0348167481521765
108, 0.0244672140106559
109, 0.0168650778165708
110, 0.0143166610505432
111, 0.0138616790063679
112, 0.0137857227430989
113, 0.0137514299713075
114, 0.0136908517063906
115, 0.0136040076613426
116, 0.0134993219592919
117, 0.0133761390267561
118, 0.0132414921342085
119, 0.013092083701243
120, 0.0129234419825176
121, 0.0127428795676678
122, 0.012811126653105
123, 0.012974741247793
124, 0.0132015575654805
125, 0.0134818181395531
126, 0.013820491420726
127, 0.0142174583549301
128, 0.0146617917343974
129, 0.0151923128093282
130, 0.0158003986192246
131, 0.0162669448181987
132, 0.0164734153077006
133, 0.0166450363273422
134, 0.0171713850771387
135, 0.0173418944080671
136, 0.0170265467216571
137, 0.0162351553638776
138, 0.015237135036538
139, 0.0143881662127872
140, 0.0136810165519516
141, 0.0130274317537745
142, 0.0124722348215679
143, 0.0120275048539042
144, 0.0117023806087673
145, 0.0114940426622828
146, 0.0113791249071558
147, 0.0113489648016791
148, 0.0113749825395644
149, 0.0103703757437567
150, 0.0171988443471491
151, 0.0288806818425655
152, 0.0309205089385311
153, 0.0191349612238506
154, 0.0107875680550933
155, 0.00531093364891907
156, 0.00529468137150009
157, 0.00527441579227646
158, 0.00529428408481181
159, 0.00534963708681365
160, 0.0054370971241345
161, 0.00554569678691526
162, 0.00568036347006758
163, 0.00584658111135165
164, 0.00605189932199816
165, 0.006320080642278
166, 0.00668112584389746
167, 0.00720254719878236
168, 0.00799040147103369
169, 0.00947129881630341
170, 0.0148563410621136
171, 0.0181261332084735
172, 0.0168743166141212
173, 0.0143188665000101
174, 0.0129065142634014
175, 0.0121984109282494
176, 0.011887076155593
177, 0.0118201995889346
178, 0.0119210905395448
179, 0.0121547803282738
180, 0.0124855865724385
181, 0.0128939178151389
182, 0.0133368195965886
183, 0.0137503567772607
184, 0.0140359024517238
185, 0.0140738508974512
186, 0.0138324520861109
187, 0.0134361609816551
188, 0.0130603342937926
189, 0.0127860338737567
190, 0.0126015767455101
191, 0.0124864204165836
192, 0.0124140606882672
193, 0.0123857685054342
194, 0.0123884699617823
195, 0.0124028944410384
196, 0.0124306307795147
197, 0.0124791491155823
198, 0.0126097528263927
199, 0.0259554823860526
200, 0.0141991803733011
201, 0.0148048259184829
202, 0.00805157582120349
203, 0.00969318696297705
204, 0.0185227828721205
205, 0.0253559001721442
206, 0.0335219761667152
207, 0.0114714125326524
208, 0.0113134402005623
209, 0.0110799889856329
210, 0.0107596535235643
211, 0.0103304601895312
212, 0.00882254199435314
213, 0.00794756528921425
214, 0.012063783671086
215, 0.0118584256463995
216, 0.0116946124471724
217, 0.0188367206137627
218, 0.024209663271904
219, 0.0250668387549619
220, 0.0217916411347687
221, 0.0176497335390498
222, 0.0148879513144493
223, 0.0134839045349509
224, 0.012836717069149
225, 0.0125033084768802
226, 0.0253669464339813
227, 0.00989991581688325
228, 0.00988028563248614
229, 0.0105524872584889
230, 0.010922215335692
231, 0.0112459878437221
232, 0.0101644605553399
233, 0.0250898056353132
234, 0.0138524996582419
235, 0.0197210951397816
236, 0.0124041858750085
237, 0.014040210749954
238, 0.0240103853866458
239, 0.0159722398190449
240, 0.0127685294331362
241, 0.0115893149748445
242, 0.0118680021259934
243, 0.0122508787550032
244, 0.0116539419007798
245, 0.0114948941793825
246, 0.0206077823947583
247, 0.0122266687186701
248, 0.0257589071989059
249, 0.0105794681391368
250, 0.0112108603740732
251, 0.010886651230976
252, 0.0105867797198395
253, 0.011197092399622
254, 0.0106838561284045
255, 0.0279110474511981
256, 0.0136663258474852
257, 0.0129609130322933
258, 0.0176828341403355
259, 0.0230111532534162
260, 0.0120142717579646
261, 0.0118772607141485
262, 0.0115875535910683
263, 0.0238326652241605
264, 0.016406261206915
265, 0.0113646010092149
266, 0.0122580349755784
267, 0.0112365700770169
268, 0.011160574387759
269, 0.0114238046109676
270, 0.0119554779492319
271, 0.0155916073625641
272, 0.0216777848079801
273, 0.0119505662471056
274, 0.0119284885935485
275, 0.013716640494143
276, 0.0171896448979775
277, 0.0237053671541313
278, 0.0327596524730325
279, 0.0104318278220793
280, 0.00978974679795404
281, 0.00939738897917171
282, 0.00917748757638037
283, 0.00909966362329821
284, 0.00951030019981166
285, 0.00907182848701874
286, 0.00905567578350504
287, 0.00919097793909411
288, 0.00933283722649018
289, 0.00972918816842139
290, 0.012769045541063
291, 0.0124865393154323
292, 0.0114046155164639
293, 0.0221287856499354
294, 0.0103007574410488
295, 0.0118604919407517
296, 0.0138297504745424
297, 0.0199136179871857
298, 0.0207651097637912
299, 0.0168538719105224
300, 0.00998664111830294
301, 0.0106992941970627
302, 0.011207483165587
303, 0.0126956723009547
304, 0.0162359103560448
305, 0.0143947629258037
306, 0.0248285178095102
307, 0.0104913332033902
308, 0.00695141257407765
309, 0.0078819605987519
310, 0.00888002074013154
311, 0.00978861407687267
312, 0.0113479513674974
313, 0.0121488593673954
314, 0.0109990654358019
315, 0.011606655549258
316, 0.0121361438650638
317, 0.0122435119313498
318, 0.0123230838216841
319, 0.012270751176402
320, 0.0119564556516707
321, 0.0113253019905339
322, 0.0108321725856513
323, 0.00927462327914933
324, 0.00839575263671577
325, 0.0119910258799791
326, 0.0118162055344631
327, 0.0116908376415571
328, 0.0123109048387657
329, 0.0101616794709116
330, 0.00837461312767118
331, 0.00587718603201211
332, 0.00624901168824484
333, 0.0068911126581952
334, 0.00808715952249865
335, 0.0228637896167735
336, 0.00973173137754202
337, 0.0100672858922432
338, 0.00965527825367947
339, 0.00955295679159462
340, 0.0106466231712451
341, 0.0101710776798427
342, 0.0112400668052336
343, 0.0098511193258067
344, 0.0117076255070666
345, 0.0218605835301181
346, 0.0122924271660546
347, 0.0095610034186393
348, 0.00988445857850214
349, 0.0104960621489833
350, 0.010745725982512
351, 0.0110193710618963
352, 0.0185878509655595
353, 0.0102742333741238
354, 0.0221204793391128
355, 0.0113201163088282
356, 0.0132074974632512
357, 0.00961444899439812
358, 0.0117108845151961
359, 0.0151230720803142
360, 0.00605440252305319
361, 0.00784599889690677
362, 0.0113438189340134
363, 0.0117879729562749
364, 0.0117628595326096
365, 0.0100850877352059
366, 0.0111595610311876
367, 0.0114948175226649
368, 0.0120304846980919
369, 0.0115583961208661
370, 0.0108542460172127
371, 0.00894439360126853
372, 0.010532202043881
373, 0.00989524701920648
374, 0.0109175859640042
375, 0.0118855064890037
376, 0.0119432626136889
377, 0.0120247027371079
378, 0.0100840348750353
379, 0.0112396099915107
380, 0.011630974477157
381, 0.0104436097511401
382, 0.0119775754089157
383, 0.00977749973535538
384, 0.00867670906397204
385, 0.00683282205968031
386, 0.00752176938112825
387, 0.0186083688001548
388, 0.0108868581508952
389, 0.0109696607105434
390, 0.0159825511121502
391, 0.0259122425690293
392, 0.0100095487044503
393, 0.0104722200582425
394, 0.0101208109408617
395, 0.010081968192632
396, 0.0105747795508554
397, 0.0107747537549585
398, 0.0104006943292916
399, 0.0100316223688424
400, 0.0102487621673693
401, 0.0102430795474599
402, 0.0111568194503585
403, 0.0114526376128197
404, 0.0112583266260723
405, 0.0107490241837998
406, 0.0110526306089014
407, 0.0109122220116357
408, 0.0118701679942509
409, 0.0125594163158288
410, 0.0138839308638126
411, 0.0173515907178322
412, 0.0216679211395482
413, 0.0110692003897081
414, 0.0110576172980169
415, 0.011729997349903
416, 0.0112037876000007
417, 0.01174970708477
418, 0.0110518954073389
419, 0.011629484128207
420, 0.0111561637216558
421, 0.0114537101859848
422, 0.0109211568986731
423, 0.0114903274613122
424, 0.0113657139396916
425, 0.0112531008974959
426, 0.011700513229395
427, 0.0116076096116255
428, 0.0109029631130397
429, 0.0106497426362087
430, 0.010551871964708
431, 0.0108944597498824
432, 0.0108541069397082
433, 0.0106535967594633
434, 0.0101457251391063
435, 0.00915271160192788
436, 0.0134543675929308
437, 0.00795812699943781
438, 0.00938175558777792
439, 0.0219865904322692
440, 0.0108367021506031
441, 0.0105236389208585
442, 0.0111601972021163
443, 0.0113692503267278
444, 0.0106015623702357
445, 0.0104379473874966
446, 0.0108847240141282
447, 0.0112255833422144
448, 0.0111395542044193
449, 0.0111486931952337
450, 0.0104465306115647
451, 0.0112423119135201
452, 0.0111959203301618
453, 0.0107355339763065
454, 0.0110294041223824
455, 0.0104989033037176
456, 0.0105560440570116
457, 0.0107055921883633
458, 0.0108250396636625
459, 0.0117818935929487
460, 0.0233488523711761
461, 0.0163569681656857
462, 0.0126025362738541
463, 0.0106148974038661
464, 0.0121283552143723
465, 0.0111651445738971
466, 0.0206785719841719
467, 0.010778524633497
468, 0.0107931313104928
469, 0.0108529745290677
470, 0.0109406331709276
471, 0.0110598827401797
472, 0.0111928408344587
473, 0.0113214473240077
474, 0.0114219409103195
475, 0.0114743135248621
476, 0.0114568096275131
477, 0.0113586408551782
478, 0.0111972512677312
479, 0.0110075494740158
480, 0.0108699421398342
481, 0.0109101353834073
482, 0.010977250446255
483, 0.0093755340979745
484, 0.0112781743519008
485, 0.0111692170612514
486, 0.0106509948770205
487, 0.010126354250436
488, 0.00855376513209194
489, 0.0129292433460553
490, 0.0130568571233501
491, 0.0131790264664839
492, 0.0132869308193525
493, 0.0133979346137494
494, 0.0135002554549525
495, 0.0135976898018271
496, 0.0138023122369001
497, 0.0139548806473613
498, 0.0155416754229615
499, 0.0196018645850321
500, 0.0136983223104229
501, 0.0142817126276592
502, 0.0269105490297079
503, 0.0130574220259275
504, 0.0201655667541283
505, 0.0113389512524009
506, 0.0116040529683232
507, 0.0118848306592554
508, 0.012288096283252
509, 0.0128016892510156
510, 0.0134197097892563
511, 0.0141213558769474
512, 0.0149119920097291
513, 0.0157913989387453
514, 0.0165612132598956
515, 0.0169934857015808
516, 0.0170702162819604
517, 0.0168630311576029
518, 0.0143283830645184
519, 0.013627591310069
520, 0.0131217859840641
521, 0.0147458736319095
522, 0.0139573637085656
523, 0.0133469728752971
524, 0.00841520389076322
525, 0.011342289003854
526, 0.0110603789798915
527, 0.0111980457634976
528, 0.0107115529632817
529, 0.0107231962028891
530, 0.0108776710306605
531, 0.0112771013906846
532, 0.0162153265749415
533, 0.0137008260159443
534, 0.0190181167175372
535, 0.0142047630312542
536, 0.0135611518441389
537, 0.0134502473908166
538, 0.0133489196499189
539, 0.0132575458070884
540, 0.0131729864515364
541, 0.0147709671097497
542, 0.0138978587929159
543, 0.0114303053511928
544, 0.0163256757271787
545, 0.016077759830902
546, 0.0155897173875322
547, 0.0118212124798447
548, 0.0140175246633589
549, 0.0148267973369608
550, 0.0113525211345404
551, 0.0122047882371893
552, 0.0133071961657455
553, 0.0127002623242637
554, 0.0164339765906334
555, 0.0152972164408614
556, 0.0137362702128788
557, 0.0143867952283472
558, 0.0164875781163573
559, 0.0140423995132248
560, 0.0134748245278994
561, 0.0132578038610518
562, 0.0160071084586283
563, 0.0130881263342287
564, 0.0218012610450387
565, 0.0163856775366834
566, 0.0196674077638558
567, 0.0113186854869127
568, 0.0113612632267177
569, 0.0113581440721949
570, 0.0120638638424377
571, 0.0114049931677679
572, 0.0115898076134423
573, 0.0140118028502911
574, 0.0144221611941854
575, 0.0137453502199302
576, 0.0135685427424808
577, 0.0151683121609191
578, 0.0168738986831158
579, 0.0134479427554955
580, 0.0132887190363059
581, 0.0133586553080628
582, 0.0194863310704629
583, 0.0113390113692731
584, 0.0115508062299341
585, 0.014074606122449
586, 0.0149058331735432
587, 0.0133186804596335
588, 0.0127002623242637
589, 0.01220204657875
590, 0.0155677631652604
591, 0.0156729448741923
592, 0.0157129000096271
593, 0.0157872871495783
594, 0.01138858209985
595, 0.0148137033296128
596, 0.0141444231849164
597, 0.0138361278610925
598, 0.0135822914695988
599, 0.013380955505584
600, 0.0154676067177206
601, 0.0129577180370688
602, 0.0139831333421171
603, 0.0115975960313032
604, 0.011794291359062
605, 0.0121652903811385
606, 0.0128514988658329
607, 0.0136158890090883
608, 0.0171779822558165
609, 0.0154714811748515
610, 0.0192290979127089
611, 0.0138130807317793
612, 0.0134967593476176
613, 0.0141303169851502
614, 0.0146066969415794
615, 0.0134240611611555
616, 0.0113425278104842
617, 0.0132273459807038
618, 0.0118053182959557
619, 0.0156263342748086
620, 0.0155874917594095
621, 0.0151576625648886
622, 0.0143286811653525
623, 0.0151020314078778
624, 0.0134746058223148
625, 0.015305541921407
626, 0.0128153783734888
627, 0.0157517455518246
628, 0.0115032390957432
629, 0.0145112900063396
630, 0.0137030311549703
631, 0.0135144975967705
632, 0.0139819210550437
633, 0.0150359723983066
634, 0.0160846266895533
635, 0.012070379840831
636, 0.0125540521306296
637, 0.0132710563484579
638, 0.0139137531320254
639, 0.0185489888923864
640, 0.0137190251455953
641, 0.0172621050539116
642, 0.0157201714658489
643, 0.0142510362590353
644, 0.0136249261642141
645, 0.0147779412412395
646, 0.0129667549238851
647, 0.0192029316288729
648, 0.014076116339614
649, 0.0122771627668824
650, 0.0154232804197818
651, 0.0150314193063726
652, 0.0157430198354026
653, 0.0155771803110838
654, 0.0148177572991699
655, 0.0143377012573183
656, 0.0137968683460106
657, 0.0147036679887346
658, 0.0138944610177229
659, 0.0138621114194393
660, 0.0128165904898196
661, 0.0136337309765319
662, 0.0140641157049686
663, 0.0144082331098616
664, 0.0176741120715936
665, 0.0170964434122046
666, 0.0149469200987369
667, 0.0158872431299339
668, 0.0180459851399064
669, 0.0149733362320278
670, 0.0117683195509017
671, 0.0142469628093143
672, 0.014797491254285
673, 0.0152773087999473
674, 0.0146895909681916
675, 0.0158673553572347
676, 0.0145617985166609
677, 0.016104343192031
678, 0.0155491065233946
679, 0.0142418508683997
680, 0.0142593073791691
681, 0.0145924311752121
682, 0.015117051700751
683, 0.0165337357514848
684, 0.016648354784896
685, 0.0159231249708682
686, 0.0168960120839377
687, 0.0130244757048786
688, 0.0164967565797269
689, 0.0146529220975935
690, 0.0156155655470987
691, 0.0161896124482155
692, 0.0127921133923034
693, 0.0127903250201295
694, 0.0136591819270204
695, 0.0137717751010011
696, 0.0138681954704225
697, 0.0139443108346313
698, 0.0140550563422342
699, 0.0145049520457784
700, 0.0228861100040376
701, 0.0162676010125627
702, 0.0211117705330253
703, 0.028786425323536
704, 0.0141594037413597
705, 0.0112758098014941
706, 0.0117647270672023
707, 0.0121444286002467
708, 0.01243573675553
709, 0.0126455851520101
710, 0.0128604397177696
711, 0.0128632011668136
712, 0.0128062590180586
713, 0.0126870896201581
714, 0.0125159646073977
715, 0.0122907187324017
716, 0.0119782907422632
717, 0.0115306597823898
718, 0.0108875452230374
719, 0.0100025744953503
720, 0.00896521510245899
721, 0.00625616428442299
722, 0.00605138267079989
723, 0.00588053585185359
724, 0.00574956446265181
725, 0.00564279263683905
726, 0.00556671716428051
727, 0.00552392099052668
728, 0.00551823860344787
729, 0.00552074195972333
730, 0.0126089476980269
731, 0.0126935668910543
732, 0.0127806290208052
733, 0.0129029378294945
734, 0.0130673873548706
735, 0.0133007991438111
736, 0.0136179553810507
737, 0.0139751259703189
738, 0.0141935571252058
739, 0.014135581596444
740, 0.0138484858907759
741, 0.0134569628474613
742, 0.0130538765806705
743, 0.0126852618996054
744, 0.0123844569704185
745, 0.0121754830082258
746, 0.0120833936768274
747, 0.0121495348090927
748, 0.0124235378267864
749, 0.0130003519977132
750, 0.0139702387774984
751, 0.0151557951855163
752, 0.0154519308513651
753, 0.0133634630280236
754, 0.0135204420269777
755, 0.0175070799111078
756, 0.0140409495991965
757, 0.0131867357995361
758, 0.0138940439404299
759, 0.0214908762524525
760, 0.0144434797111899
761, 0.0142055579926819
762, 0.0151988692426433
763, 0.0126127029458682
764, 0.012643916066736
765, 0.0126296069473028
766, 0.0143438406909506
767, 0.0137719144113362
768, 0.0131751523974041
769, 0.0127258521970361
770, 0.0126178881619126
771, 0.0135355022891114
772, 0.0137668672638635
773, 0.0140638573405643
774, 0.014524979206423
775, 0.0139554762281477
776, 0.0135248325144251
777, 0.0133585956258078
778, 0.0132080738743146
779, 0.0124227229971439
780, 0.0143777755244325
781, 0.0131384952304264
782, 0.0128197895828635
783, 0.0125770195542524
784, 0.0123767480254173
785, 0.0124668699378769
786, 0.0142926403786987
787, 0.0085929447474579
788, 0.0106604709289968
789, 0.00906547058063249
790, 0.00990434627359112
791, 0.0128658442602803
792, 0.012720388903593
793, 0.0126869704884787
794, 0.012149614514783
795, 0.0114302057772875
796, 0.0113667064191153
797, 0.00820120307616889
798, 0.00736767166138937
799, 0.00660008285194635
800, 0.00599520304240286
801, 0.0130017827420185
802, 0.0130863016626487
803, 0.0131086530939986
804, 0.0129333562993755
805, 0.0120054308014611
806, 0.011480770772323
807, 0.0124492672427247
808, 0.0117839993132899
809, 0.0130637112694482
810, 0.0124157292302698
811, 0.00652192176009218
812, 0.006118378136307
813, 0.00622008352850874
814, 0.00635979673825204
815, 0.00741773995105177
816, 0.0068837022020792
817, 0.00677305591913561
818, 0.00653805455658585
819, 0.00604268019863715
820, 0.00828397448640317
821, 0.00979638285934925
822, 0.0118071814998984
823, 0.00600467218707005
824, 0.0132621553992586
825, 0.0129924644716084
826, 0.0247530272230506
827, 0.0128658693283796
828, 0.006092736663829
829, 0.0232295014762453
830, 0.01355167486084
831, 0.0133455618439863
832, 0.0142306311366459
833, 0.0144509305246174
834, 0.0148455531646808
835, 0.0226026424206793
836, 0.0159722993460794
837, 0.0187144308971862
838, 0.0137361511588097
839, 0.0130101706832647
840, 0.0128761353747298
841, 0.0129289450123906
842, 0.013085109492143
843, 0.012706739284719
844, 0.0146348504349589
845, 0.0141038920264691
846, 0.0129047062558432
847, 0.0149866369708131
848, 0.0149283239152282
849, 0.0136035307465742
850, 0.0131996492855251
851, 0.014587285850818
852, 0.0142452345074465
853, 0.0139766957145184
854, 0.0126686321261028
855, 0.0125929737308373
856, 0.0137764240304629
857, 0.0125751122832298
858, 0.0128789173128704
859, 0.0131928349534671
860, 0.013499362161383
861, 0.0135272966387371
862, 0.0129914901529749
863, 0.0122299015056342
864, 0.0100931143388152
865, 0.0108440137313058
866, 0.00926389452069998
867, 0.00842899239311616
868, 0.00761864714634915
869, 0.0133106932044029
870, 0.00684028964800139
871, 0.0132906462531537
872, 0.0124733270301173
873, 0.0131860996286074
874, 0.0129883318052938
875, 0.0126853016360352
876, 0.0128679296467453
877, 0.0124341072514653
878, 0.0122675920526187
879, 0.0126497175854941
880, 0.0132703213797261
881, 0.0128538833620648
882, 0.0130321805675824
883, 0.0131748348164062
884, 0.0117298782182237
885, 0.00707620533648878
886, 0.00809586226629714
887, 0.01061376153181
888, 0.00909290889588495
889, 0.00704201198338221
890, 0.00685280685623487
891, 0.00671835864583651
892, 0.00662235531490296
893, 0.00729640449086825
894, 0.00654520684232314
895, 0.00748771607565383
896, 0.0131295549993714
897, 0.0175399809765319
898, 0.0115446553432516
899, 0.0145063223317266
900, 0.0133043352980167
901, 0.0167161854915321
902, 0.0138087698724121
903, 0.013569138944149
904, 0.0196141831887265
905, 0.0152115652648111
906, 0.0146918722117941
907, 0.0140267237244795
908, 0.0227462888384859
909, 0.0130619036499411
910, 0.0130945073906332
911, 0.0127036594009648
912, 0.0129026202484965
913, 0.0126904075344404
914, 0.01328995039997
915, 0.0128083453358461
916, 0.0136966932720194
917, 0.0142561421574404
918, 0.013220244353371
919, 0.0132744535027693
920, 0.0149672057013959
921, 0.012794417484353
922, 0.0156069820902
923, 0.0129778805033614
924, 0.0156261753290892
925, 0.0151891539183756
926, 0.0147122968919575
927, 0.0127661054333051
928, 0.014373364392668
929, 0.0134217165565739
930, 0.0135899609110008
931, 0.0110788757447153
932, 0.0120175899937749
933, 0.0129939339434107
934, 0.0130765463691205
935, 0.0131423294078559
936, 0.0132094843623539
937, 0.0125459656895449
938, 0.0095350561508288
939, 0.013229094290485
940, 0.0134032394271344
941, 0.0133355481860538
942, 0.0134805666748434
943, 0.0129510984600832
944, 0.00714063764150654
945, 0.00792479650893559
946, 0.0087141809053719
947, 0.0138863347625981
948, 0.0103418841026723
949, 0.0134314924944192
950, 0.0134796726051718
951, 0.00649495213292539
952, 0.00763724410595993
953, 0.00966994169478615
954, 0.00724019742726038
955, 0.00737500342074782
956, 0.00713686276382456
957, 0.00756003598993023
958, 0.00782996559670816
959, 0.0087362548802048
960, 0.00809699463813255
961, 0.0130724214948714
962, 0.0158547787771871
963, 0.013568323959286
964, 0.0141456749600669
965, 0.02031660421441
966, 0.0174749330617487
967, 0.0138605461300661
968, 0.0156664681465675
969, 0.0226969363478323
970, 0.0144211874188234
971, 0.0229615222973128
972, 0.0120263464881905
973, 0.012747866489614
974, 0.0127521182099978
975, 0.0128729568483929
976, 0.0127898480277508
977, 0.0127754233932743
978, 0.0136818313815941
979, 0.0128550157727053
980, 0.0130597580379496
981, 0.0128700161197533
982, 0.0133566288277507
983, 0.0137852057038496
984, 0.0143781329194705
985, 0.0153387215298911
986, 0.0163052311788003
987, 0.0139052891948571
988, 0.0164407723738501
989, 0.0158813432014237
990, 0.0152013927387695
991, 0.0141488932228337
992, 0.0113707401324064
993, 0.0123284480068833
994, 0.013413153666382
995, 0.0137022159372767
996, 0.0147965574481835
997, 0.0134477443061769
998, 0.0128231071090947
999, 0.00906088133342564
1000, 0.0131874508224428
1001, 0.0134317503931622
1002, 0.0135781391678999
1003, 0.01351303094998
1004, 0.00827803369611502
1005, 0.00761478082276881
1006, 0.0136286641936749
1007, 0.0106403247918934
1008, 0.00986071598405639
1009, 0.0135780001680056
1010, 0.0136206375900656
1011, 0.00818813037282477
1012, 0.0103195135015994
1013, 0.00937183915326993
1014, 0.00785170422334756
1015, 0.00835635412173967
1016, 0.00789559027180076
1017, 0.00808302708901465
1018, 0.00868364376947284
1019, 0.0193012394011021
1020, 0.0113460563123226
1021, 0.0135069631971419
1022, 0.0124281471750389
1023, 0.0129562244595339
1024, 0.00866327853873372
1025, 0.0127884173610558
1026, 0.0127648935498049
1027, 0.0107836747386803
1028, 0.0143077396011601
1029, 0.0166712238763769
1030, 0.0119834925048053
1031, 0.0110032775749763
1032, 0.0220822137780488
1033, 0.0141450391771893
1034, 0.0137903913079451
1035, 0.0137483104287336
1036, 0.0126464787560205
1037, 0.0169690875336528
1038, 0.0102417286640654
1039, 0.0138900643879814
1040, 0.0145819011765222
1041, 0.0207167306604485
1042, 0.0214771247868027
1043, 0.0149364698057373
1044, 0.00923617874893049
1045, 0.0127757813315839
1046, 0.0128399357199669
1047, 0.0133846430107951
1048, 0.0138647182223698
1049, 0.0135879742447287
1050, 0.0137495420252283
1051, 0.0142453137474755
1052, 0.0147265023551881
1053, 0.0182105740532279
1054, 0.0144506122451276
1055, 0.0117116389640917
1056, 0.0158773094881326
1057, 0.0173016424911718
1058, 0.0130798045235376
1059, 0.0131506944696108
1060, 0.0134443466862043
1061, 0.0136986800935119
1062, 0.0169695251000424
1063, 0.0144992497904847
1064, 0.0156908464462807
1065, 0.0137471983519693
1066, 0.0137561387382448
1067, 0.00993244062798719
1068, 0.00872828733796875
1069, 0.0126905267437299
1070, 0.00946041118974487
1071, 0.00887898774817586
1072, 0.0085942759954681
1073, 0.0181904868222773
1074, 0.0151354699240377
1075, 0.0209765868882338
1076, 0.0206676561695834
1077, 0.0146829116468628
1078, 0.0161385169873635
1079, 0.0113435499370098
1080, 0.0121306404471397
1081, 0.0127527541480958
1082, 0.0124725324567407
1083, 0.0128248363422851
1084, 0.012659711142381
1085, 0.0129194088901083
1086, 0.0147292985846954
1087, 0.0130606714325647
1088, 0.0132640229227642
1089, 0.0135535224496076
1090, 0.0139573041815311
1091, 0.0146048292517662
1092, 0.0159316289549073
1093, 0.0150233739210914
1094, 0.0175200733356178
1095, 0.0181488824697832
1096, 0.0157532327187558
1097, 0.0120851022657007
1098, 0.0174031110613474
1099, 0.0114191197014103
1100, 0.0148727718430261
1101, 0.012930653989315
1102, 0.0132813480061789
1103, 0.0135284292045981
1104, 0.0140891299427797
1105, 0.0136931567297628
1106, 0.0106916845155259
1107, 0.0139679138083011
1108, 0.0137956767963866
1109, 0.00993808273536464
1110, 0.0139152428600937
1111, 0.0138652745323877
1112, 0.00923490695034464
1113, 0.00839836737141013
1114, 0.0103588721249253
1115, 0.00937833574910959
1116, 0.0097394404001534
1117, 0.00914759454982621
1118, 0.0143322734162211
1119, 0.019633773714304
1120, 0.0164592099220802
1121, 0.0201020271827777
1122, 0.0194643063470721
1123, 0.0186427670220534
1124, 0.0118684195913374
1125, 0.0127440320793539
1126, 0.0125690722682824
1127, 0.0122981288004667
1128, 0.0128774475306273
1129, 0.0130183128640056
1130, 0.0131906695508709
1131, 0.0134059216361493
1132, 0.0152850658632815
1133, 0.013688566784064
1134, 0.0140540624658267
1135, 0.0146489962159346
1136, 0.016281091220056
1137, 0.0160281685336183
1138, 0.017933232554545
1139, 0.0175476105262836
1140, 0.012459201272577
1141, 0.0118699295756718
1142, 0.0171019339002669
1143, 0.0111922446327905
1144, 0.013133369696637
1145, 0.0134104714573671
1146, 0.0152990642624597
1147, 0.0136190282646567
1148, 0.0142840964253992
1149, 0.0137708017136902
1150, 0.0104633587567757
1151, 0.0141102893588444
1152, 0.0138980773432801
1153, 0.0140093789280703
1154, 0.0215320631861687
1155, 0.00971343298442662
1156, 0.0108857004504119
1157, 0.0101383345512052
1158, 0.0113616014830768
1159, 0.0185636484197208
1160, 0.0187081531621516
1161, 0.0125211305761089
1162, 0.0116654256513963
1163, 0.0121527931963404
1164, 0.0127720858436078
1165, 0.0203332936701675
1166, 0.0129662974892805
1167, 0.0131527810202291
1168, 0.0133494363011171
1169, 0.0135710460599512
1170, 0.0138377569771061
1171, 0.0141409857509037
1172, 0.0165690807625651
1173, 0.0146440689762433
1174, 0.018521959228175
1175, 0.0159908162119488
1176, 0.0189779434973995
1177, 0.0127674366813153
1178, 0.0117115600345035
1179, 0.0123030171574404
1180, 0.0132530156988651
1181, 0.0110147416125983
1182, 0.0134799304263045
1183, 0.0157204097292076
1184, 0.0136716194295635
1185, 0.0144989513792098
1186, 0.0138513671699911
1187, 0.0141944514277081
1188, 0.0140271608252078
1189, 0.0102364353037306
1190, 0.0105744819156826
1191, 0.0121299448267867
1192, 0.0125422303099185
1193, 0.011445762855666
1194, 0.0152685871968667
1195, 0.0128509819041938
1196, 0.0130977057851851
1197, 0.0133130773125837
1198, 0.0135176201971869
1199, 0.0137334090347091
1200, 0.0139658075446884
1201, 0.0142029942944646
1202, 0.0195421971380711
1203, 0.0145989682835837
1204, 0.0181706976145506
1205, 0.012977522953103
1206, 0.012199722075214
1207, 0.0126349152221034
1208, 0.0115979334029059
1209, 0.0158646726825585
1210, 0.0109497568570077
1211, 0.0109442729502916
1212, 0.0199139551259577
1213, 0.00978412805125117
1214, 0.018344624278446
