1, 0.00712967047002167
2, 0.0178654824849218
3, 0.00451320494175889
4, 0.00924909277819097
5, 0.0102615375071764
6, 0.0154212731868029
7, 0.00402796361595392
8, 0.00316190796729643
9, 0.018046262790449
10, 0.00661301729269326
11, 0.00921070668846369
12, 0.0145010971464217
13, 0.00740327577417095
14, 0.00783201210045566
15, 0.00822597889540096
16, 0.00858150088849167
17, 0.0089068030162404
18, 0.00918448149847488
19, 0.00940440284709136
20, 0.00956175910929839
21, 0.00965339123892287
22, 0.00969340574617187
23, 0.00970528701630731
24, 0.0097377117878447
25, 0.00986083488290509
26, 0.0102627493906766
27, 0.0113791048061103
28, 0.0141144221027692
29, 0.0162589177489281
30, 0.0109171088164051
31, 0.00686431055267652
32, 0.00466597155900672
33, 0.00620814280894895
34, 0.00740422937087715
35, 0.00816997039752702
36, 0.00862648275991281
37, 0.00890443916432559
38, 0.00907798794408639
39, 0.00920107138032714
40, 0.0092918291532745
41, 0.0093586064564685
42, 0.00940770058271786
43, 0.00943404599092901
44, 0.00944598686570922
45, 0.00944155609856049
46, 0.00942925775113205
47, 0.0094100054508696
48, 0.00938532905032237
49, 0.00935640085178117
50, 0.00932328053750098
51, 0.00929612045486768
52, 0.00927871589859327
53, 0.00926077490051587
54, 0.00925716491682189
55, 0.00926605984568596
56, 0.00928743835538626
57, 0.00931048548469941
58, 0.00933420828854044
59, 0.00935638106117646
60, 0.009385428391397
61, 0.00942063502346476
62, 0.00945600060125192
63, 0.00950710118437807
64, 0.00956177851185203
65, 0.00961502563829223
66, 0.00968416733667254
67, 0.00975350709632039
68, 0.00982964178547263
69, 0.00991412143533429
70, 0.00999705167487264
71, 0.0100794248282909
72, 0.010179998120293
73, 0.0102341192153593
74, 0.0102426623925567
75, 0.0102541462207834
76, 0.0102730208697418
77, 0.0102964257821441
78, 0.0103102545253932
79, 0.0103133538117011
80, 0.0102996447434028
81, 0.0102761605133613
82, 0.0102138134340445
83, 0.0101260755521556
84, 0.00999689241871238
85, 0.00983476840580503
86, 0.00964160962030292
87, 0.00941515155136585
88, 0.00917196444546183
89, 0.00891550506154696
90, 0.00866162916645408
91, 0.00841470730180542
92, 0.00817875238135457
93, 0.00795761899401744
94, 0.00775563841064771
95, 0.00757571208911637
96, 0.00741724297404289
97, 0.00736233731731772
98, 0.00726121780462563
99, 0.00717989704571664
100, 0.00724967437175413
101, 0.00740532188986738
102, 0.0076740994118154
103, 0.00810627282286684
104, 0.00883039009446899
105, 0.0100742996049424
106, 0.0125235732023915
107, 0.0129640718223527
108, 0.0116703926275174
109, 0.00769889478882154
110, 0.00618946645408869
111, 0.00547448879418274
112, 0.0050484745297581
113, 0.00474488820570211
114, 0.00449593939508001
115, 0.00426415664454301
116, 0.00404493083866934
117, 0.00383651310888429
118, 0.0036600437015295
119, 0.00353749651306619
120, 0.00348115029434363
121, 0.00348234238723914
122, 0.00354282131108145
123, 0.00364442724579324
124, 0.00376717315521091
125, 0.00393882481148466
126, 0.00414178850284467
127, 0.00440613521883885
128, 0.00467397870185475
129, 0.00491277477703989
130, 0.00503907709692915
131, 0.00489252914364139
132, 0.00426517013693228
133, 0.00311893293595252
134, 0.00533354398794472
135, 0.00979399929443995
136, 0.0152978536983331
137, 0.0138342204348495
138, 0.0107723094988614
139, 0.00921072741039097
140, 0.00821558805182576
141, 0.00724695262033492
142, 0.0071243058773689
143, 0.00744072743691504
144, 0.00819440799144407
145, 0.00900360088174542
146, 0.0096640206562976
147, 0.00995942127580444
148, 0.0099035914366444
149, 0.00963187388454874
150, 0.00930376987283429
151, 0.00901850204293927
152, 0.00881938294818004
153, 0.00871141891305645
154, 0.00867800042033195
155, 0.00869949767366052
156, 0.00875397662942608
157, 0.00882212476183971
158, 0.00889190146699548
159, 0.00896108259136478
160, 0.00902021086464326
161, 0.00906837141762177
162, 0.00911700865253806
163, 0.00914998957887292
164, 0.0091728779176871
165, 0.00919326317186157
166, 0.00920584937557578
167, 0.00920645504569014
168, 0.00920415064319968
169, 0.00920911769693097
170, 0.00921491968135039
171, 0.00921853554124633
172, 0.00922775454819202
173, 0.00924563594162464
174, 0.00678936787880957
175, 0.0108015163180729
176, 0.0162676602291564
177, 0.0157148470170796
178, 0.0102772337074081
179, 0.00603131592894594
180, 0.00421717838617042
181, 0.00441376453575989
182, 0.0046615608346959
183, 0.00500091002322733
184, 0.00553004055594405
185, 0.00658162551311155
186, 0.0104709289735183
187, 0.0128008555620909
188, 0.0123466681689024
189, 0.0113070826046169
190, 0.0108106553864976
191, 0.0105295199900866
192, 0.0101134000966946
193, 0.009399455661575
194, 0.00848070927895606
195, 0.00760575259725253
196, 0.00720244756666943
197, 0.00946782195630173
198, 0.00770378264132887
199, 0.00975918956100941
200, 0.00988618703559041
201, 0.00998161391665538
202, 0.0100702066750576
203, 0.010212562357386
204, 0.0105186320530872
205, 0.0125985761793951
206, 0.0111933169731249
207, 0.0126189612783492
208, 0.0152833488148948
209, 0.00926988625100681
210, 0.00945874241491159
211, 0.00947131860690812
212, 0.00947368315731486
213, 0.00944942391167084
214, 0.00941791276757916
215, 0.00936613627709448
216, 0.00928539185163875
217, 0.00916846779485544
218, 0.00897177231187622
219, 0.00864611216820776
220, 0.00813603513718893
221, 0.00738112263691922
222, 0.00644771382212639
223, 0.00958836218342185
224, 0.00953706245248516
225, 0.00948157060580949
226, 0.00943708575020234
227, 0.00940398553696772
228, 0.0093729713310798
229, 0.00934624834917486
230, 0.00932272430509329
231, 0.00929858450156947
232, 0.00928044489895304
233, 0.0089344991526256
234, 0.00917699087100724
235, 0.00940366772313913
236, 0.00961663550697267
237, 0.00979789284368356
238, 0.00994835468009114
239, 0.010072351898998
240, 0.0101609642927845
241, 0.0102160193491727
242, 0.0102460004078845
243, 0.0102535899883757
244, 0.0102542854535083
245, 0.0102413514784227
246, 0.0102250194953134
247, 0.0102039791333179
248, 0.0101898527548959
249, 0.0101827400891731
250, 0.00591228512348607
251, 0.0101910448477914
252, 0.0105969332313786
253, 0.00935570577469965
254, 0.00958160730078816
255, 0.0115107914898545
256, 0.0122694793002059
257, 0.010953984533747
258, 0.0100080981695404
259, 0.0103709316657235
260, 0.00943937075013916
261, 0.00938916353819271
262, 0.00950533291324973
263, 0.00937024899758399
264, 0.0087636923417449
265, 0.00950104153404633
266, 0.00904750979195038
267, 0.00826915264284859
268, 0.00951000194375714
269, 0.00941234974501034
270, 0.00924919219687581
271, 0.0095126845408231
272, 0.0094426884315908
273, 0.0094840539774547
274, 0.0084457213524729
275, 0.00936037457237641
276, 0.00932840645934145
277, 0.00928801422317823
278, 0.0092727436684072
279, 0.00948649792311092
280, 0.00964705312314133
281, 0.00931620753059785
282, 0.00942359523226818
283, 0.00946390791796148
284, 0.00979042208443085
285, 0.00971748594505092
286, 0.00951101553315918
287, 0.00933996976042787
288, 0.00987037139323851
289, 0.0100453114913156
290, 0.010118796210736
291, 0.00936474581249058
292, 0.00939277970852951
293, 0.00995588457832734
294, 0.00955957360565662
295, 0.00869884256583949
296, 0.00926741119474173
297, 0.00982316529067854
298, 0.0101144531120857
299, 0.0101441759616137
300, 0.0101563750455777
301, 0.0101650175638497
302, 0.00786314543802291
303, 0.00824697967618704
304, 0.00846682155194382
305, 0.00966131904472907
306, 0.0101509313099086
307, 0.00947537203319371
308, 0.00994603025416533
309, 0.0100397885156175
310, 0.010113578910629
311, 0.010168752943476
312, 0.0101690311760952
313, 0.0101295131413887
314, 0.0129249518892417
315, 0.0119239115156233
316, 0.00929519261366555
317, 0.0125927551804731
318, 0.0100983910794769
319, 0.00854822143446654
320, 0.0095565733499825
321, 0.00876883836463094
322, 0.00908219961759945
323, 0.00843044285041591
324, 0.0108896909126391
325, 0.0105865216658761
326, 0.0103239430269847
327, 0.0123476212223371
328, 0.0112884662424525
329, 0.0118257821692775
330, 0.0098003960835437
331, 0.00943738354059557
332, 0.00930621335282922
333, 0.00938767357729375
334, 0.00941302518670758
335, 0.00956458024059733
336, 0.00935842772014439
337, 0.00955305644311011
338, 0.00951592298224568
339, 0.00953648611903191
340, 0.00956982498367628
341, 0.00936420906024675
342, 0.00945923888745407
343, 0.00952468416653574
344, 0.00955677172169089
345, 0.00924933127438029
346, 0.00936669281994303
347, 0.00919862751228114
348, 0.0094651000884672
349, 0.00968353108813365
350, 0.00991529366001487
351, 0.00975328870117664
352, 0.00983216535920898
353, 0.0100024162481229
354, 0.00935874537875255
355, 0.00941374044244488
356, 0.0093835610896349
357, 0.00944853038527071
358, 0.00933637338069578
359, 0.00949079007841647
360, 0.00953402308126291
361, 0.00961721121954421
362, 0.00904804615614315
363, 0.00770068319980055
364, 0.0080430320619295
365, 0.00756166116334498
366, 0.00862083995404343
367, 0.0100910485877345
368, 0.0100444376779099
369, 0.00997209719692667
370, 0.0101001283619553
371, 0.0101111947248379
372, 0.00987311367255946
373, 0.010109327500686
374, 0.0100883462000638
375, 0.00973550633837779
376, 0.0100782529916614
377, 0.0100541530021777
378, 0.0100659939926118
379, 0.00956982521650692
380, 0.0100439209491014
381, 0.00882897929598888
382, 0.0117156182947968
383, 0.00795163566778813
384, 0.0099281285268565
385, 0.00979572720825672
386, 0.00898341493060192
387, 0.0123506634097014
388, 0.0107110557922473
389, 0.0110623457779487
390, 0.00865974199647705
391, 0.00807424541562796
392, 0.0119304479255031
393, 0.00928803478988508
394, 0.0114707172227403
395, 0.0100654181248198
396, 0.00946263658503691
397, 0.0101063065230846
398, 0.00943629117682576
399, 0.00965001340955496
400, 0.00962692700947324
401, 0.00963960262015462
402, 0.0094071450488021
403, 0.00938391887272398
404, 0.00954431435093284
405, 0.00960552863155802
406, 0.00957495082790653
407, 0.00931203505024314
408, 0.00963038353559872
409, 0.00964725188290079
410, 0.00932953918042282
411, 0.00976292439736426
412, 0.00964498667356869
413, 0.00949136571337779
414, 0.00965045035506288
415, 0.00971619412302971
416, 0.00951087653326491
417, 0.0094726700335741
418, 0.00943964882753789
419, 0.00938381953164935
420, 0.00996310556573527
421, 0.00987138513786097
422, 0.00979433635560175
423, 0.00940994592383504
424, 0.00936267951813837
425, 0.00958766733917097
426, 0.010043194051832
427, 0.00842146202921867
428, 0.00937839473287264
429, 0.00808197426764915
430, 0.0100417356006801
431, 0.00997740216553211
432, 0.0100911080371588
433, 0.0100673652098825
434, 0.0100660739311328
435, 0.010021509292225
436, 0.00998989872944852
437, 0.0100878494946907
438, 0.0100219664163888
439, 0.00994803678865234
440, 0.0100084162161996
441, 0.00996919659276803
442, 0.00983439067689081
443, 0.00898065340394775
444, 0.00917764636687934
445, 0.00824483352092405
446, 0.0107653156543771
447, 0.0100798029452562
448, 0.00922477416073283
449, 0.0089100218222787
450, 0.0111323817012211
451, 0.0122155448421836
452, 0.011535110262533
453, 0.0119461044669151
454, 0.0083291147214671
455, 0.00951798950942854
456, 0.0125108743086457
457, 0.0103900053072721
458, 0.00948896165937185
459, 0.00946084805764258
460, 0.00943533734728893
461, 0.00978887275171777
462, 0.00984104676172137
463, 0.00940629056033989
464, 0.00962648928786317
465, 0.00958434857117633
466, 0.0097457782831043
467, 0.00995838836145898
468, 0.009666683152318
469, 0.00935936152624587
470, 0.00970618093075852
471, 0.0106047606871774
472, 0.00951632034654419
473, 0.0101956937772532
474, 0.00933732478214162
475, 0.00931789996102452
476, 0.00961746950633824
477, 0.00946164270862937
478, 0.00975070575562616
479, 0.0094944453643014
480, 0.00943370823127528
481, 0.00968003435991704
482, 0.00940917137389382
483, 0.00983647676184773
484, 0.00938947046441691
485, 0.00990188289433718
486, 0.00956253373684982
487, 0.00878828934704264
488, 0.00968541880138218
489, 0.00933383102528751
490, 0.0101101219964524
491, 0.00996458677885433
492, 0.0099985816826423
493, 0.0100793854023019
494, 0.00988744179319058
495, 0.0100382186161975
496, 0.010120095917955
497, 0.00990432702625791
498, 0.00994235432396332
499, 0.0101090888492763
500, 0.00992061849683523
501, 0.0100577496147404
502, 0.00861160107888281
503, 0.00951216788962483
504, 0.00849182431453041
505, 0.00828619161620736
506, 0.0119684560534855
507, 0.00857643449368576
508, 0.0112348814339687
509, 0.0104103502817452
510, 0.00947910725759963
511, 0.00916973936061064
512, 0.0114995661812524
513, 0.0119773001143975
514, 0.0118329947193464
515, 0.00977516383863986
516, 0.010760448484992
517, 0.00952005502767861
518, 0.00948502744237582
519, 0.00945794706543287
520, 0.00943776150234044
521, 0.00963646344219645
522, 0.00989576343757411
523, 0.0100101249602934
524, 0.0101923562275867
525, 0.009690187095354
526, 0.00938433579479655
527, 0.00980953507435819
528, 0.00974498370972772
529, 0.0104995587995897
530, 0.00955047357516984
531, 0.00959342873344819
532, 0.0094585830035309
533, 0.0094880280084908
534, 0.0109330632258207
535, 0.00943215851051112
536, 0.00979366075868408
537, 0.00941505637019873
538, 0.00971861835569143
539, 0.00964981488262614
540, 0.00953952642157674
541, 0.00914844040138026
542, 0.00996252079494298
543, 0.00966777559369802
544, 0.0100917234861602
545, 0.00992002252799769
546, 0.0099655210506171
547, 0.0100238537415862
548, 0.00988179592726131
549, 0.0101526396659513
550, 0.0101989128937324
551, 0.00982119528842824
552, 0.00985127850435674
553, 0.0102162580005825
554, 0.00879471460357308
555, 0.00895913589435319
556, 0.00982348310450713
557, 0.0120764992510279
558, 0.00885611935518682
559, 0.0114608824563523
560, 0.00975893142943581
561, 0.0107520243618637
562, 0.00946186187987526
563, 0.0116401140888532
564, 0.0117051426786929
565, 0.0100770411857714
566, 0.0111254476942122
567, 0.00955126830376685
568, 0.00951836653985083
569, 0.00947926589287817
570, 0.00945449052378535
571, 0.0101168768014759
572, 0.00936200823634863
573, 0.00941235044350227
574, 0.00969952515636881
575, 0.0103448643349111
576, 0.00996369294201334
577, 0.0106790678109974
578, 0.00985203357413411
579, 0.00976995782305797
580, 0.00957445489863555
581, 0.00948916041913132
582, 0.00958778616040945
583, 0.00946100708097219
584, 0.00943957275844046
585, 0.00962885407110055
586, 0.00969118027326961
587, 0.0111708154103586
588, 0.00952645321376622
589, 0.00950569069633881
590, 0.00983200250193477
591, 0.0101899125147611
592, 0.0100229200907052
593, 0.00994289099859695
594, 0.00987885581950347
595, 0.00983297995602091
596, 0.0101142740653207
597, 0.00979775345573823
598, 0.0102101579929392
599, 0.0102937041471402
600, 0.00978148160502315
601, 0.00998936290852726
602, 0.00913514589358653
603, 0.00931410165503621
604, 0.0101167773051808
605, 0.00976536826541026
606, 0.0100671465819081
607, 0.0110577167167018
608, 0.00974369196531673
609, 0.0115438245236874
610, 0.0114583991623173
611, 0.0104023631817351
612, 0.0113896354256819
613, 0.00959090531493227
614, 0.0095523614436388
615, 0.00951608231601616
616, 0.00947562472096511
617, 0.0104179598080615
618, 0.0101823827717453
619, 0.0094875113107264
620, 0.00955856024908523
621, 0.0107455273003628
622, 0.0100095486268401
623, 0.00978362707731625
624, 0.00960866811995705
625, 0.00963880789155761
626, 0.00988211389631033
627, 0.00967006074885527
628, 0.0095202741989245
629, 0.0110752839595079
630, 0.00984470204760631
631, 0.0103418446766833
632, 0.00993635412305593
633, 0.00985338445752859
634, 0.0100321393304815
635, 0.00979227013885975
636, 0.00975156016647816
637, 0.00972002072791968
638, 0.0101516068292161
639, 0.0102808495673041
640, 0.00970752078241536
641, 0.0102865713027616
642, 0.0103434338234365
643, 0.0103768722619861
644, 0.010056536955138
645, 0.0112416765186936
646, 0.0107136784742276
647, 0.011437756397451
648, 0.0095185058723603
649, 0.00955146714113653
650, 0.00959412419858078
651, 0.00964307940254609
652, 0.00955305683116118
653, 0.00959817731442551
654, 0.0107779322812955
655, 0.00964989427787562
656, 0.0104606168655058
657, 0.00951679695087175
658, 0.0102187015581876
659, 0.0100358741668363
660, 0.00970395584590733
661, 0.0111783259282155
662, 0.00989717423605422
663, 0.00973425495127837
664, 0.0101643424325933
665, 0.0103954692215969
666, 0.00983445012631516
667, 0.00992733449675143
668, 0.00976584549061954
669, 0.00971969154973825
670, 0.0100398875462512
671, 0.0101889387393991
672, 0.0105162277662506
673, 0.0104817170649767
674, 0.00947182374075055
675, 0.0106626169290394
676, 0.0103420378374202
677, 0.011273195873946
678, 0.0109678921289742
679, 0.00965007886822735
680, 0.00959686570179959
681, 0.00965078842515747
682, 0.00955462603208919
683, 0.00971043249592185
684, 0.00959430309012532
685, 0.00979022347989182
686, 0.010741315005968
687, 0.0100558018311858
688, 0.0102323114406317
689, 0.0104612329353889
690, 0.0095587027259171
691, 0.0104611731755237
692, 0.0103452816450348
693, 0.00982437701895833
694, 0.00974208295034865
695, 0.00968988907213012
696, 0.0100138925015926
697, 0.00992431445047259
698, 0.0100528015755117
699, 0.0106365898779283
700, 0.0104978103966763
701, 0.00969500727951527
702, 0.00960505141743592
703, 0.0108465970649074
704, 0.00963459154590964
705, 0.0110882713592478
706, 0.00965764264886578
707, 0.00972279037038485
708, 0.0110427363154789
709, 0.00980689252416293
710, 0.00991521410954495
711, 0.0102309403785815
712, 0.0104386029609789
713, 0.0106755713932216
714, 0.0107214639096388
715, 0.0102167739532888
716, 0.00972684348622958
717, 0.00966696107449631
718, 0.00981627063204845
719, 0.00992183038033545
720, 0.010399522104611
721, 0.0105974296263109
722, 0.0107790251107266
723, 0.0109160958478848
724, 0.0100605100548516
725, 0.0109189768321812
726, 0.0106238623149693
727, 0.0105602758005261
728, 0.00728923249213646
729, 0.0110692663251289
730, 0.0144924155902117
731, 0.00945979519747198
732, 0.00763444253243506
733, 0.00803347583860159
734, 0.00841617723926902
735, 0.00875707630378505
736, 0.00904683458308379
737, 0.00926526566036046
738, 0.00940253507966796
739, 0.00946293437543015
740, 0.00943235719266037
741, 0.00941860838793218
742, 0.00948312040418386
743, 0.00975821570803722
744, 0.0104647097953906
745, 0.0119679394022872
746, 0.00425126252230257
747, 0.00484937530321379
748, 0.00493788823951036
749, 0.00484126903271923
750, 0.00453388793782021
751, 0.00384273199597374
752, 0.00402732756144057
753, 0.00424403029804428
754, 0.00446109054610133
755, 0.00467666067803899
756, 0.00491118520343055
757, 0.00519677096356948
758, 0.00559727447883536
759, 0.00623806426301599
760, 0.00743943592533469
761, 0.00957026270528634
762, 0.00381324760382995
763, 0.00371489993995056
764, 0.00365130184218287
765, 0.00364730829217782
766, 0.00371482042828575
767, 0.00891131325624883
768, 0.00827709989001354
769, 0.00787381455302238
770, 0.00762552154871325
771, 0.00748688110616058
772, 0.00650404044426978
773, 0.00919507102419933
774, 0.00922362164904674
775, 0.00930349210587641
776, 0.00916306348517537
777, 0.00864396640099585
778, 0.0100035284801076
779, 0.0108357687325527
780, 0.00947133847512305
781, 0.00916471254701416
782, 0.00925630501781901
783, 0.00927756393017868
784, 0.00894636094259719
785, 0.00829780225952466
786, 0.00410801269269238
787, 0.00493544441026946
788, 0.00438664446119219
789, 0.00464592482118557
790, 0.00523434179679801
791, 0.00570772215723991
792, 0.00389502132311463
793, 0.00518324047637482
794, 0.0067059804374973
795, 0.00607355524941037
796, 0.00567215781969329
797, 0.00451781437732279
798, 0.00498052527351926
799, 0.00539682401965062
800, 0.00399512137907247
801, 0.00398848541469003
802, 0.00475909394056847
803, 0.00774965815556546
804, 0.00429070085131874
805, 0.00396722638591503
806, 0.00410413827436666
807, 0.00987166344809035
808, 0.00856302313817044
809, 0.00797538098413497
810, 0.0111048634474476
811, 0.0120469585992396
812, 0.00908772313656906
813, 0.0082081372772033
814, 0.0116436901347091
815, 0.00785548479429313
816, 0.00992444756307772
817, 0.0103553551249206
818, 0.0088011243691047
819, 0.00409647479786405
820, 0.00739232862057785
821, 0.0089586793910712
822, 0.00890265094737212
823, 0.00896521572334071
824, 0.00916542764753103
825, 0.00907387514598668
826, 0.00917764659970999
827, 0.00918567343614995
828, 0.0101990717618416
829, 0.00962277400928239
830, 0.00856973882764578
831, 0.00909565047671398
832, 0.00888510700315237
833, 0.00439125384824971
834, 0.00619087744659434
835, 0.00541001670838644
836, 0.00466988588838528
837, 0.00937276026234031
838, 0.00531107280403376
839, 0.00552783510647714
840, 0.00570984766818583
841, 0.005907238383467
842, 0.00505244836676866
843, 0.00452858302742243
844, 0.00477643904741853
845, 0.0043607959135746
846, 0.00430452913445021
847, 0.00617007515393198
848, 0.00820911027646313
849, 0.00719670567195863
850, 0.00656865145235012
851, 0.00975525573206445
852, 0.00875016239782174
853, 0.00914263841696084
854, 0.00851452516924058
855, 0.0103960052753488
856, 0.00740635511465371
857, 0.00957252444433314
858, 0.00925258407369256
859, 0.00912734020190934
860, 0.00904367522646984
861, 0.00907550371872882
862, 0.00950203789398074
863, 0.00862467428669333
864, 0.00872294271054367
865, 0.00863844334768752
866, 0.008885206344227
867, 0.00914436749493082
868, 0.00888325902633369
869, 0.00882097248298427
870, 0.00636148557532579
871, 0.00489376108938207
872, 0.00449216462826977
873, 0.0082470428198576
874, 0.00421004379168153
875, 0.00665672705508769
876, 0.00704070037075629
877, 0.00641312294950088
878, 0.00609878792117039
879, 0.00624611092886577
880, 0.00530483422335237
881, 0.00762395188212395
882, 0.00590048330680778
883, 0.0056212357012555
884, 0.00470600225962698
885, 0.00845654937438667
886, 0.00497249855349461
887, 0.00959470045442382
888, 0.00916359977175792
889, 0.00889039197936654
890, 0.00759128896364321
891, 0.00886184147869547
892, 0.00894707581028342
893, 0.00912726065143943
894, 0.00868835183791816
895, 0.00830412027426064
896, 0.00845352940571805
897, 0.00827529172723492
898, 0.00913589474345957
899, 0.00889249024912715
900, 0.00836338754743338
901, 0.0086133296135813
902, 0.00995469279587269
903, 0.00546419725287706
904, 0.00746077427174896
905, 0.00799964007455856
906, 0.00711945785830418
907, 0.00691215313660602
908, 0.00679274520371109
909, 0.00623275944963098
910, 0.00669886781057964
911, 0.00653622675842295
912, 0.00870369025506079
913, 0.00583666663927337
914, 0.0054379711592836
915, 0.0093047632170575
916, 0.00931914029642939
917, 0.00752099510282278
918, 0.00851613453899821
919, 0.00887898736012479
920, 0.00848551723174751
921, 0.00816031428985298
922, 0.0079478434442232
923, 0.00785545643884689
924, 0.00787284112690637
925, 0.00801275610657675
926, 0.00795656566818555
927, 0.0063689958381777
928, 0.00479348613104473
929, 0.00826269520136217
930, 0.00782948860432953
931, 0.00886706076562405
932, 0.00755240636256834
933, 0.00739965972024947
934, 0.0073424195094655
935, 0.00722251452195148
936, 0.00732662408457448
937, 0.00683579950903853
938, 0.00631744978018105
939, 0.00729338479383538
940, 0.00917313238605857
941, 0.0106010055945565
942, 0.00922417780384421
943, 0.015058281365782
944, 0.00792668387293816
945, 0.0088687752528737
946, 0.0100975650517891
947, 0.011904221571361
948, 0.0124469424287478
949, 0.00902847067586013
950, 0.00573223926282177
951, 0.00927661033347249
952, 0.00934904937942823
953, 0.00923224453193446
954, 0.00940203814146419
955, 0.00941072047377626
956, 0.00936701086660226
957, 0.00931360518249373
958, 0.00899861427024007
959, 0.00882556196302176
960, 0.00858358712866902
961, 0.00773213470044235
962, 0.00700146080149959
963, 0.00912946625612676
964, 0.00926170878422757
965, 0.00929476972669363
966, 0.00932075696376463
967, 0.00939047522842884
968, 0.0093974886306872
969, 0.00937140150927007
970, 0.00824058234381179
971, 0.00611078836179028
972, 0.0091497516259551
973, 0.00964156949582199
974, 0.00907409361874064
975, 0.00918706436641514
976, 0.00917116932881375
977, 0.00911452551372349
978, 0.00903318465376894
979, 0.00885550351813436
980, 0.00873502227477729
981, 0.0090045944477121
982, 0.00953817530535161
983, 0.00988135890414318
984, 0.0090545032483836
985, 0.00833316795372715
986, 0.00897888474476834
987, 0.00891860473590592
988, 0.00879524267899493
989, 0.00874970480799675
990, 0.00875576476876934
991, 0.00884123775176704
992, 0.00924712574730317
993, 0.00979449514610072
994, 0.009237649012357
995, 0.00921869440935552
996, 0.00921362801454961
997, 0.0092043694263945
998, 0.0092027997598052
999, 0.00806484759474794
1000, 0.0114031541161239
1001, 0.00996093141535918
1002, 0.00924917232866088
1003, 0.00926824612542987
1004, 0.00925719908749064
1005, 0.00933293656756481
1006, 0.00919449507879714
1007, 0.00874386363041898
1008, 0.0093135847710073
1009, 0.00796872544257591
1010, 0.0093620236342152
1011, 0.00826343055814505
1012, 0.00936208331647019
1013, 0.00763060773412387
1014, 0.00933232080812255
1015, 0.00770243148629864
1016, 0.00892148585990071
1017, 0.009370984043926
1018, 0.00927732574443022
1019, 0.00907164998352528
1020, 0.00852819431262712
1021, 0.00935125498411556
1022, 0.00928932583580414
1023, 0.00771436826325953
1024, 0.00916433481809994
1025, 0.00920031229034066
1026, 0.00882659511019786
1027, 0.00993691066590448
1028, 0.0090342378243804
1029, 0.00893221446312964
1030, 0.00875491051313778
1031, 0.00998099823482335
1032, 0.00944735808297992
1033, 0.00918968689317505
1034, 0.00887793465517461
1035, 0.00910782969246308
1036, 0.00917826228154202
1037, 0.00913779096057018
1038, 0.00907423254102468
1039, 0.00898524288398524
1040, 0.00878340168856084
1041, 0.00876351337259015
1042, 0.00884612556546926
1043, 0.00903252908028662
1044, 0.00933055269221465
1045, 0.00968798141305645
1046, 0.0092274167885383
1047, 0.0092182969674468
1048, 0.00920921727083623
1049, 0.00881992220612509
1050, 0.0100529928691685
1051, 0.00920086420540299
1052, 0.00924265557633979
1053, 0.0108754256119331
1054, 0.0125102304853499
1055, 0.00929169023099045
1056, 0.00923701282590628
1057, 0.00932359850654999
1058, 0.00931463786400855
1059, 0.00829629235280057
1060, 0.00870657114622494
1061, 0.00915773857074479
1062, 0.00904337712563574
1063, 0.00850322004407644
1064, 0.00928680233967801
1065, 0.00888902127432326
1066, 0.00931726046837866
1067, 0.00930627319030464
1068, 0.00925680164558192
1069, 0.00927659015481671
1070, 0.00812822727796932
1071, 0.00924577478629847
1072, 0.00811048496204118
1073, 0.0084139322473978
1074, 0.00918555430447062
1075, 0.00865260899687807
1076, 0.00894749304279685
1077, 0.00878419610671699
1078, 0.00914520172712704
1079, 0.00869713366652528
1080, 0.00901407158623139
1081, 0.00906139744135241
1082, 0.00916820919762055
1083, 0.00912608850436906
1084, 0.00909871018181244
1085, 0.00887070223689079
1086, 0.00863297912292182
1087, 0.0091921902106454
1088, 0.00881542917340994
1089, 0.00919880365420665
1090, 0.00917287807290753
1091, 0.00970379651213686
1092, 0.0102692064053069
1093, 0.0103995223374416
1094, 0.00922777418357631
1095, 0.00921019089097778
1096, 0.0114938898810319
1097, 0.00992305483669043
1098, 0.0091677326320981
1099, 0.00923218484967947
1100, 0.00925322521167497
1101, 0.00902038967857758
1102, 0.00925894725757341
1103, 0.00919203110970557
1104, 0.00923401257023215
1105, 0.00926278213349481
1106, 0.00912028721844157
1107, 0.00925644394010305
1108, 0.00888043797264496
1109, 0.00871277002928158
1110, 0.00926220564482113
1111, 0.00924384741423031
1112, 0.00852584994087617
1113, 0.00836026816007992
1114, 0.00828109309077263
1115, 0.00839380609492461
1116, 0.00883176092368861
1117, 0.00924170175567269
1118, 0.00920133767649531
1119, 0.00922596607623356
1120, 0.00922157514529924
1121, 0.00921722423906128
1122, 0.00921797892078757
1123, 0.00888135160009066
1124, 0.00919944210909307
1125, 0.00913548624763886
1126, 0.00916868580194811
1127, 0.00918974634259939
1128, 0.00907588168047369
1129, 0.00860466691665351
1130, 0.00874853250570595
1131, 0.00920983295266827
1132, 0.00899191860420009
1133, 0.00848422626343866
1134, 0.00904500647448003
1135, 0.00845428470832606
1136, 0.00861154170706868
1137, 0.0097786996824046
1138, 0.0107156399504415
1139, 0.0106912876944989
1140, 0.00968275653819243
1141, 0.011440899502486
1142, 0.00921745467931032
1143, 0.00897526904009283
1144, 0.00802584632765502
1145, 0.00831140937017543
1146, 0.00447076651228902
1147, 0.00532128529933592
1148, 0.0120868706144392
1149, 0.0101644215950121
1150, 0.0120315180004885
1151, 0.0149302710779011
1152, 0.00440667158303161
1153, 0.00470809258210162
1154, 0.00500653292207668
1155, 0.00525186563997219
1156, 0.00507541594561189
1157, 0.00450362856887902
1158, 0.00562175215842823
1159, 0.0050145397738864
1160, 0.0046561569130669
1161, 0.00860162727379551
1162, 0.00946386841436227
1163, 0.0100967707112432
1164, 0.0104351857832323
1165, 0.0106202977864693
1166, 0.0108752669766545
1167, 0.0111929200744877
1168, 0.0109825956169516
1169, 0.010225715348497
1170, 0.0115147056834151
1171, 0.00512818592445304
1172, 0.0061983676860109
1173, 0.00600989768281579
1174, 0.00580757961142808
1175, 0.00550872188371917
1176, 0.00676145284281423
1177, 0.00517020731543501
1178, 0.00828452287241816
1179, 0.00587781378999352
1180, 0.0104638161913802
1181, 0.0103954297956079
1182, 0.00786597859114408
1183, 0.0103624483260016
1184, 0.010296982480213
1185, 0.00988630640010039
1186, 0.0102585971665879
1187, 0.00906212155574134
1188, 0.00682127594094103
1189, 0.012725093588233
1190, 0.0117923552835626
1191, 0.0091867461334914
1192, 0.00929146336524614
1193, 0.0103784346021712
1194, 0.0112855657935143
1195, 0.00592516256230218
1196, 0.00635945921142896
1197, 0.006835342811731
1198, 0.00740512363457431
1199, 0.00478213280439377
1200, 0.00711057719308883
1201, 0.00590419874060899
1202, 0.00967918025950591
1203, 0.00930184296642741
1204, 0.0101044791129728
1205, 0.0105845550230394
1206, 0.0109201353708548
1207, 0.00442788689397275
1208, 0.00689313560724258
1209, 0.00758580525871366
1210, 0.00832655187696218
1211, 0.0052881489507854
1212, 0.00742963528526681
1213, 0.00888023534789681
1214, 0.00817927475353437
1215, 0.00900842893558244
1216, 0.00975018902681768
1217, 0.0106374643122156
1218, 0.00925352381697545
1219, 0.0113987708464265
1220, 0.00688522001728416
1221, 0.0105042307903724
1222, 0.0107263821177185
1223, 0.00830068361635009
