1, 0.0108337416313589
2, 0.0523841474205256
3, 0.00720802054274827
4, 0.0128086826298386
5, 0.0145095614716411
6, 0.0226331986486912
7, 0.00502896402031183
8, 0.00778126867953688
9, 0.0491647808812559
10, 0.0103575009852648
11, 0.0133168715983629
12, 0.0202676113694906
13, 0.0112938105594367
14, 0.0120214445050806
15, 0.0126857977205267
16, 0.0132963879344364
17, 0.0138416908836613
18, 0.0143202571198344
19, 0.014670871431008
20, 0.0148703882005066
21, 0.0152896670624614
22, 0.0176620515218625
23, 0.0251522103014092
24, 0.0389994050686558
25, 0.0480280003199975
26, 0.0304845621188482
27, 0.0145616160395245
28, 0.00705301870281498
29, 0.00948707402373354
30, 0.0112726910350223
31, 0.012319606806462
32, 0.0128786986072858
33, 0.0131359122072657
34, 0.0132191802064578
35, 0.0132113123157372
36, 0.0131514895086487
37, 0.0130689568662395
38, 0.0129975107653687
39, 0.0129329981282353
40, 0.0128895467302452
41, 0.0128560688657065
42, 0.0128318693799277
43, 0.0128164120639364
44, 0.0128114249091595
45, 0.012813034079348
46, 0.0128098900313489
47, 0.012769582370917
48, 0.0127353297236065
49, 0.0127350115217268
50, 0.0127702979370952
51, 0.0128362209846576
52, 0.0129352832833926
53, 0.0130582676889996
54, 0.0131961933026711
55, 0.0133634038890402
56, 0.0135384821332991
57, 0.0137372833366195
58, 0.0139344558119774
59, 0.0141191510483623
60, 0.0143424896523356
61, 0.0144610037095845
62, 0.0145341584769388
63, 0.0146888125066956
64, 0.0149220656603575
65, 0.0154647060359518
66, 0.0169022109669944
67, 0.0199081928779682
68, 0.023959004941086
69, 0.0274404725059867
70, 0.0286515215411782
71, 0.0268199099227786
72, 0.0225228108465672
73, 0.0175386293170353
74, 0.0142528242431581
75, 0.0133624500595033
76, 0.0130060540201763
77, 0.0126269282773137
78, 0.012268386160334
79, 0.0119464814973374
80, 0.011643848537157
81, 0.0113677205517888
82, 0.011249931761995
83, 0.0109944953583181
84, 0.010779899234573
85, 0.0108025491548081
86, 0.0109030425858994
87, 0.0111079639755189
88, 0.0114233512431383
89, 0.011879406714191
90, 0.0124677051790059
91, 0.013319971660773
92, 0.0151393048775693
93, 0.018462979234755
94, 0.0216232175007463
95, 0.0236607842768232
96, 0.0259817494079471
97, 0.0212013158015907
98, 0.0170565075241029
99, 0.011234444566071
100, 0.0089488842835029
101, 0.00764044281095266
102, 0.00676397606730461
103, 0.00614094827324152
104, 0.00567356846295297
105, 0.00533755705691874
106, 0.00510732418236633
107, 0.00496478976371388
108, 0.00488082676505049
109, 0.00485166014793019
110, 0.00487256151003142
111, 0.00499028066406026
112, 0.00520225462969393
113, 0.00564672658219934
114, 0.00615604842702548
115, 0.00674500196085622
116, 0.00740420969668776
117, 0.00808847129034499
118, 0.00877360673621297
119, 0.00939488581692179
120, 0.00985324561285476
121, 0.0100071052244554
122, 0.00966930583429833
123, 0.00864863554791858
124, 0.00715768480828653
125, 0.0133308987133205
126, 0.0258807788292567
127, 0.0444375363488992
128, 0.0348352248159548
129, 0.0214355429634452
130, 0.0154968723654747
131, 0.0139737951103598
132, 0.0132270682758341
133, 0.0123885298768679
134, 0.0112526589655317
135, 0.0108162981147567
136, 0.0111506000782053
137, 0.011568031894664
138, 0.0121009768918157
139, 0.0131482309661806
140, 0.0163176879286766
141, 0.0217030476778746
142, 0.0261513041332364
143, 0.0268665595601002
144, 0.0239911125972867
145, 0.0196648864075541
146, 0.0163673587764303
147, 0.0148997733679911
148, 0.0143048389193912
149, 0.0139492379191021
150, 0.0137129253707826
151, 0.0135521520860493
152, 0.0134471283915142
153, 0.0133872061657409
154, 0.0133519203712543
155, 0.0133293494582176
156, 0.0133155011571944
157, 0.0133070169637601
158, 0.0132845665017764
159, 0.0132601290630798
160, 0.0132292532362044
161, 0.0131902322173119
162, 0.0131412767805159
163, 0.0130768244465192
164, 0.013005616919448
165, 0.0129322235782941
166, 0.0128531081912418
167, 0.0135828686567644
168, 0.0276206787675619
169, 0.0438625098516544
170, 0.0452735498547554
171, 0.0286693225304286
172, 0.0141435090141992
173, 0.00521147361723706
174, 0.00539064523763955
175, 0.00563168649872144
176, 0.00593825297740598
177, 0.00631288803803424
178, 0.00680720930298169
179, 0.00748161630084117
180, 0.008567255611221
181, 0.0106237749569118
182, 0.0156277851201594
183, 0.0182262106100097
184, 0.0195009742553035
185, 0.0165995784724752
186, 0.0163393445933859
187, 0.0184377869591117
188, 0.0219790187353889
189, 0.0246667514244715
190, 0.0244480026885867
191, 0.0208934582769871
192, 0.0157721073677142
193, 0.0126581215299666
194, 0.0116403521969914
195, 0.0111591836127142
196, 0.0108396628250678
197, 0.0106723330294093
198, 0.0131656356000652
199, 0.0118369283154607
200, 0.0145895111684998
201, 0.0149018596857786
202, 0.0155196615960449
203, 0.017773372742037
204, 0.0344541815242597
205, 0.0233288247448703
206, 0.0327204926870763
207, 0.0443320758640766
208, 0.0199607845085363
209, 0.0129164879520734
210, 0.0129859471538415
211, 0.0130706257962932
212, 0.0132518634200096
213, 0.0133008980968346
214, 0.0132791223780562
215, 0.0131341836725672
216, 0.0127733770447473
217, 0.0120806517079473
218, 0.0109954893123358
219, 0.00983677447463075
220, 0.0132761029526591
221, 0.0131226607287923
222, 0.0129925235329817
223, 0.0128803477467348
224, 0.0128012325149029
225, 0.0127507074891279
226, 0.0127328059946497
227, 0.0127475086289148
228, 0.0121411304765691
229, 0.0131561184922854
230, 0.013600510933126
231, 0.0146485201548785
232, 0.0176011954123775
233, 0.0223642421575884
234, 0.0265925570080678
235, 0.0284087704494596
236, 0.0271823457442224
237, 0.0237047115030388
238, 0.0196850133749346
239, 0.0166857867346456
240, 0.0152462547024091
241, 0.0147778020861248
242, 0.0145839479907105
243, 0.0144511091833313
244, 0.0143645433709025
245, 0.0136478568116824
246, 0.0163014565284053
247, 0.0316644571721554
248, 0.0141591851909955
249, 0.0251374086365104
250, 0.0130806393766155
251, 0.0195261874857048
252, 0.0150522619175414
253, 0.0127706350758672
254, 0.0118548297323287
255, 0.0116059562191367
256, 0.0281010718705753
257, 0.0143672847965111
258, 0.0144966268756737
259, 0.0124419554291914
260, 0.0156613818059365
261, 0.0191368507221341
262, 0.0271957172080874
263, 0.0140124387883892
264, 0.0183341727436831
265, 0.0237171899837752
266, 0.0260889176279306
267, 0.0221999924009045
268, 0.0158504076922933
269, 0.0147896833562603
270, 0.014276089767615
271, 0.0128614334389567
272, 0.0127892521365235
273, 0.0132700624720504
274, 0.012712143206348
275, 0.012411636300385
276, 0.0127758014326294
277, 0.0133154814441999
278, 0.0131478734159221
279, 0.0129621848464012
280, 0.0130745197335879
281, 0.0128174449782819
282, 0.0133374161863079
283, 0.0130503401936342
284, 0.0122419023731103
285, 0.012769980278487
286, 0.0127712751738727
287, 0.013243638134251
288, 0.0134488368251671
289, 0.0127405546760807
290, 0.0128353657200933
291, 0.0129299389664084
292, 0.0138369822719445
293, 0.0136369290606429
294, 0.0131918417755514
295, 0.0130496648295472
296, 0.0127743704554935
297, 0.0140417641960084
298, 0.0142076280899346
299, 0.00986055665028592
300, 0.0124655784262965
301, 0.0141914597313319
302, 0.0122728369730924
303, 0.0127443269427334
304, 0.0140407904982567
305, 0.0134899442394574
306, 0.0172492495427529
307, 0.0330808221672972
308, 0.0214775248120228
309, 0.0275176018476486
310, 0.0145397610031068
311, 0.0365266871328155
312, 0.0140704415738583
313, 0.0125131632667035
314, 0.0128093188007673
315, 0.0134728971558313
316, 0.0205954151848952
317, 0.0247539929114282
318, 0.0276311693402628
319, 0.0278715939881901
320, 0.0253024557605386
321, 0.0208978891993562
322, 0.0144774939399213
323, 0.0170469710913797
324, 0.0151393039462467
325, 0.016796015901491
326, 0.0142654405596356
327, 0.014152946571509
328, 0.0140915734227747
329, 0.0131156467056523
330, 0.0128306373953819
331, 0.0132894938190778
332, 0.0127641383248071
333, 0.0127528334657351
334, 0.0127882583377262
335, 0.0132114911296715
336, 0.0130227825138718
337, 0.0131162624650945
338, 0.0132597313883404
339, 0.0133419460617006
340, 0.0133377934495608
341, 0.0142846529682477
342, 0.0131117523803065
343, 0.013118607380117
344, 0.0128915337069581
345, 0.0133578206102053
346, 0.0139426016248763
347, 0.0137403632203738
348, 0.0129835034410159
349, 0.0128749634604901
350, 0.0127991264065107
351, 0.0127553963878502
352, 0.0131117925047874
353, 0.013541323520864
354, 0.0129154944637169
355, 0.0325295738875866
356, 0.0138658819986241
357, 0.0133515420214583
358, 0.0232265833765268
359, 0.0145218400284648
360, 0.0292239633078376
361, 0.0139495955469708
362, 0.0152738323279967
363, 0.0338729076708357
364, 0.0139459791438033
365, 0.014051916776225
366, 0.0159108672911922
367, 0.0134782817525168
368, 0.014548840544497
369, 0.0138941227924079
370, 0.0132222714434777
371, 0.0189575192828973
372, 0.0271384369892379
373, 0.0233257262346645
374, 0.0285313588877519
375, 0.0268127573654056
376, 0.0141846161180486
377, 0.0145210846482466
378, 0.0226956449138622
379, 0.0138538105723759
380, 0.0133792980729292
381, 0.0129355612055709
382, 0.0133818809408695
383, 0.0181445112296691
384, 0.0132465984206647
385, 0.0131656946614385
386, 0.0128109084131817
387, 0.0127562307087438
388, 0.0127780463856955
389, 0.0130758503607164
390, 0.0158437914215028
391, 0.0133622905705124
392, 0.0128626252214114
393, 0.0137094678357244
394, 0.0133131369172285
395, 0.0132648174185306
396, 0.0127410910092294
397, 0.0128343331161886
398, 0.0127811257261783
399, 0.0129239980597049
400, 0.0130377435125411
401, 0.0136322009687622
402, 0.0134396379968772
403, 0.0128419185057282
404, 0.0241281228760878
405, 0.0302580447557072
406, 0.0156323142970602
407, 0.0145633249388387
408, 0.0335578971231977
409, 0.0183263453654945
410, 0.034416522209843
411, 0.013679251074791
412, 0.0137514298160871
413, 0.0141035345538209
414, 0.0138956728236129
415, 0.0149511129129678
416, 0.0142420559034993
417, 0.0138162397003422
418, 0.0349355197201172
419, 0.0174804958514869
420, 0.0219564082411428
421, 0.0265447354565064
422, 0.0289393913311263
423, 0.0138037231750786
424, 0.0152528513378153
425, 0.0181734392729898
426, 0.0281166679536303
427, 0.0206659470374386
428, 0.0129897814088811
429, 0.0135445616518458
430, 0.0142478767472009
431, 0.0134403333067894
432, 0.0170072544521342
433, 0.0132055503781885
434, 0.0131268327434858
435, 0.0128052261037131
436, 0.0127786182798445
437, 0.012910388254871
438, 0.0128472275100648
439, 0.0132829176727682
440, 0.0133589927572757
441, 0.0131799805288514
442, 0.0135412043115745
443, 0.0128175044831421
444, 0.0129758742017051
445, 0.0128855729320397
446, 0.0133489000145346
447, 0.0137182258069515
448, 0.0283609498292208
449, 0.0194416277421017
450, 0.0327249427015583
451, 0.0161337281266848
452, 0.0247113152096669
453, 0.0138937261266013
454, 0.0324371120271583
455, 0.0135504746809602
456, 0.0135512772637109
457, 0.0137642650709798
458, 0.0136429098589967
459, 0.0135839607100934
460, 0.0142697719857097
461, 0.0160971513638894
462, 0.0146802009881607
463, 0.0163343581371009
464, 0.0206313172044853
465, 0.019864066503942
466, 0.0257189520634711
467, 0.0245843377585212
468, 0.0290486266215642
469, 0.0237475676195962
470, 0.0130428893025964
471, 0.0148640696424991
472, 0.0183453195883582
473, 0.0136443001683801
474, 0.0131740793585777
475, 0.0134780430234969
476, 0.0129612511955202
477, 0.0132638837676495
478, 0.0128954078536481
479, 0.0128515389127036
480, 0.0133658477570862
481, 0.0130962556383262
482, 0.0128697898238897
483, 0.0129306543773661
484, 0.013255122040088
485, 0.0257483969132106
486, 0.0203541357380648
487, 0.0306601172002653
488, 0.0304267259004215
489, 0.0133516984725637
490, 0.0133680328726768
491, 0.0134367969197532
492, 0.0133948153040061
493, 0.0135449792724103
494, 0.0139114879226933
495, 0.0218838498528515
496, 0.015461089865615
497, 0.0193113717250526
498, 0.0266015785746276
499, 0.028719812259078
500, 0.0246515713321666
501, 0.02929181434835
502, 0.0201831094454974
503, 0.0131009443818281
504, 0.0157416883545617
505, 0.013813060708344
506, 0.0130196238557498
507, 0.0132509692727278
508, 0.0129533829167485
509, 0.0135327404520164
510, 0.0133764373604208
511, 0.0134382670124372
512, 0.0130282071574281
513, 0.013157390213261
514, 0.0168873814865947
515, 0.0305093578728182
516, 0.0318841397141417
517, 0.013309580894808
518, 0.0132535923427592
519, 0.0132186043386658
520, 0.0134515586153915
521, 0.0269726904641305
522, 0.0137327931976567
523, 0.0285159600898623
524, 0.0147489332593977
525, 0.030322417927285
526, 0.0180058102123439
527, 0.0289111989550292
528, 0.0131623771041632
529, 0.0225499231102211
530, 0.0163012376676003
531, 0.0131100780064506
532, 0.0130127692439904
533, 0.0129111520946026
534, 0.0139997429214418
535, 0.0133868278159449
536, 0.0135695366188884
537, 0.0129786758528401
538, 0.0130904431321791
539, 0.0132200029678643
540, 0.0230023423209786
541, 0.0300345672294497
542, 0.0131814982742071
543, 0.0131230782717466
544, 0.0132334937474557
545, 0.0134147628365705
546, 0.0311054036021233
547, 0.0281977870368532
548, 0.0232485371331374
549, 0.0129677557386458
550, 0.0271529244259
551, 0.025950937345624
552, 0.0130251675533752
553, 0.0130979046225548
554, 0.0149368864949793
555, 0.0132392669717471
556, 0.0136166439236452
557, 0.021254400908947
558, 0.0142111802318444
559, 0.0167704650666565
560, 0.0170117050098876
561, 0.011617484036833
562, 0.0122901424765587
563, 0.0129502437387904
564, 0.0148910309653729
565, 0.0153780211694539
566, 0.0216093496419489
567, 0.0307072455373903
568, 0.00948767007018129
569, 0.00950493624744316
570, 0.00894681767870983
571, 0.00827626526976625
572, 0.00984333137360712
573, 0.00987510095971326
574, 0.0135633970300357
575, 0.0183045899805923
576, 0.0153448611187438
577, 0.0127264684221397
578, 0.0121913970603297
579, 0.0117696546173344
580, 0.0114793403384586
581, 0.011303764457504
582, 0.0112191655983528
583, 0.0229336864625414
584, 0.00503734852342556
585, 0.00570482104861488
586, 0.0061601410076643
587, 0.00679318222682923
588, 0.00768572216232618
589, 0.00898715027142316
590, 0.0110053240011136
591, 0.0143916030259182
592, 0.016978284144508
593, 0.0302909673856837
594, 0.0423941494276126
595, 0.0145548208771894
596, 0.0159000779191653
597, 0.0135518731549382
598, 0.0126493797482302
599, 0.0286327653254072
600, 0.0140920302364975
601, 0.018349929091831
602, 0.0228940288846691
603, 0.00892619454922775
604, 0.00926975595454375
605, 0.0106652001074205
606, 0.00577165795645366
607, 0.00695218770609548
608, 0.00760775963620593
609, 0.00966992136090994
610, 0.0100389142365505
611, 0.0102935651472459
612, 0.0213174256496131
613, 0.023222927780201
614, 0.0142937328976889
615, 0.0164034598662208
616, 0.0127765364013612
617, 0.0123573963840803
618, 0.0120935465674847
619, 0.0192453105313083
620, 0.0133143491111696
621, 0.0119262560425947
622, 0.0220777785405517
623, 0.00503426891130706
624, 0.00539795650790135
625, 0.00503065688535571
626, 0.00648240333733459
627, 0.00520539373004188
628, 0.00509029723859082
629, 0.00817920880702635
630, 0.0071815262005354
631, 0.00959175964817405
632, 0.0116117616028835
633, 0.0118846746294626
634, 0.0167039313486644
635, 0.0336278267204762
636, 0.00915187760256231
637, 0.0138925136998296
638, 0.0144507314544171
639, 0.00721264032957454
640, 0.0197471814850966
641, 0.0245790335660179
642, 0.0290538528934121
643, 0.00527143571525812
644, 0.00632888191224386
645, 0.0116828900451461
646, 0.0101344008774807
647, 0.0107874692572902
648, 0.0132883219048381
649, 0.00785579415969551
650, 0.00852205495660504
651, 0.0149664512525002
652, 0.012063743857046
653, 0.0213517189646761
654, 0.0202410657269259
655, 0.0152443873230368
656, 0.0176850388913105
657, 0.0138951369250814
658, 0.0133259125674764
659, 0.0129176603319744
660, 0.0127529611677996
661, 0.0202608940502008
662, 0.00601329499234756
663, 0.0215472218890985
664, 0.00539658575629195
665, 0.00543236829495678
666, 0.0124867579434067
667, 0.0102694048546255
668, 0.00872163105911265
669, 0.00765254201057057
670, 0.00571141737358024
671, 0.00543628509954682
672, 0.00553633858604978
673, 0.0153109097853303
674, 0.011174251511693
675, 0.0164490252733231
676, 0.0284008693748287
677, 0.0137311842602988
678, 0.00888445142967006
679, 0.0150552024909606
680, 0.0143855037167668
681, 0.0254108958567182
682, 0.0285060059589644
683, 0.00818739466679593
684, 0.0111551109390954
685, 0.0171569782708372
686, 0.0124679428214828
687, 0.00751267020435383
688, 0.00658925506286323
689, 0.00952224099698166
690, 0.0130357372108847
691, 0.0165118604588012
692, 0.0124400162138045
693, 0.0212244434903065
694, 0.00692274277874579
695, 0.0191227432029943
696, 0.0211522813575963
697, 0.013415720500052
698, 0.0163189801387489
699, 0.0138611821457744
700, 0.0201842618795733
701, 0.0144894351251423
702, 0.00594010056617359
703, 0.00575645063072443
704, 0.00583344798845549
705, 0.0130747579193364
706, 0.0109087841895719
707, 0.00930373029162486
708, 0.00643086542064945
709, 0.00611535812883327
710, 0.021641830354929
711, 0.0172109835160275
712, 0.00944819223756591
713, 0.0152513409654299
714, 0.0143675230598698
715, 0.0269927028566599
716, 0.00598297617398202
717, 0.0135992590803653
718, 0.00868427908668915
719, 0.00788603369922688
720, 0.0129350254622598
721, 0.00693448524301251
722, 0.0102477488107979
723, 0.020954215588669
724, 0.0269788349978626
725, 0.0151697222609073
726, 0.0136224653106183
727, 0.0209451558378836
728, 0.00820533558726311
729, 0.0217280032423635
730, 0.0204792859343191
731, 0.0143980661274067
732, 0.0187882023553054
733, 0.0174692899454385
734, 0.0151530333484213
735, 0.00657111518861105
736, 0.00630157454205411
737, 0.0141937590337225
738, 0.00638854608405381
739, 0.0069025766570121
740, 0.0113652169238776
741, 0.00742707777923594
742, 0.0203286954866988
743, 0.0219467322652539
744, 0.010405701585114
745, 0.018111808768784
746, 0.00944173522293568
747, 0.0155947828510155
748, 0.00850931402029736
749, 0.0114552203255395
750, 0.00729384562000632
751, 0.0255005808236698
752, 0.0170489581567901
753, 0.0245675483408074
754, 0.0203067297115922
755, 0.00989212763185302
756, 0.0166214256547391
757, 0.0219170882677038
758, 0.00741829602823903
759, 0.0217030276544392
760, 0.0158224130049348
761, 0.00796282438871761
762, 0.0173629156779498
763, 0.00705083331558853
764, 0.0136967205442488
765, 0.018545650333787
766, 0.00877509661950171
767, 0.0249796157392363
768, 0.011762820261841
769, 0.0226786176984509
770, 0.0105819325738897
771, 0.0206975491717458
772, 0.00952038923278451
773, 0.0250053455432256
774, 0.013676248723641
775, 0.00752222677692771
776, 0.022178097628057
777, 0.0195675720460713
778, 0.0120768568788966
779, 0.00854824141909679
780, 0.0218992268977066
781, 0.0079462545303007
782, 0.00936393121567865
783, 0.0227873196293201
784, 0.00687146303243935
785, 0.0105118569141875
786, 0.0239101691792409
787, 0.0224299475861092
788, 0.0121089638366053
789, 0.0160360539198986
790, 0.010698541666248
791, 0.018852932844311
792, 0.0162264852784574
793, 0.0192041432795425
794, 0.0184919860524436
795, 0.0157452338109059
796, 0.0100033697672188
797, 0.00911512148256103
798, 0.0215214329461257
799, 0.0110987441148609
800, 0.0126557767701646
801, 0.0208534521982074
802, 0.0160870975038658
803, 0.0123997231014073
804, 0.0162253063837332
805, 0.0157918957062066
806, 0.0119190237795313
807, 0.0136961165505151
808, 0.0404586860289176
809, 0.0181108924693295
810, 0.012869579407076
811, 0.0129381046475222
812, 0.0153984650969505
813, 0.0195019278520097
814, 0.0282427129956583
815, 0.0133992459159344
816, 0.0134653078081707
817, 0.0128611744536708
818, 0.0128561522811651
819, 0.0128623868804425
820, 0.0135674506115417
821, 0.0128875998004029
822, 0.0141858083661646
823, 0.0129800071008503
824, 0.0130785330353926
825, 0.0265387343242764
826, 0.0215197238139808
827, 0.016592346985514
828, 0.0136230014419804
829, 0.0125226205370078
830, 0.0120038013750066
831, 0.011544885346666
832, 0.0131697281418989
833, 0.0132145311993857
834, 0.0132530158540855
835, 0.0132779308284322
836, 0.0132987919108321
837, 0.0128766722045839
838, 0.0137106802624961
839, 0.0139075938301782
840, 0.0129054212011397
841, 0.0146662420593202
842, 0.0161723920609802
843, 0.0130290218318502
844, 0.0194510657650729
845, 0.0237036983792981
846, 0.0130956592814376
847, 0.0130522275964419
848, 0.0257853311486542
849, 0.0128881164516012
850, 0.0125152292506148
851, 0.0118300539907068
852, 0.0106812141214808
853, 0.00904637761414051
854, 0.00856934177378813
855, 0.0315734375534313
856, 0.013357820843036
857, 0.0133086468558758
858, 0.0133295282721519
859, 0.013396543605874
860, 0.0135984444059432
861, 0.0142019613801191
862, 0.0152591698182126
863, 0.0221535198700925
864, 0.0231776482736071
865, 0.0134482407011092
866, 0.0183526515029371
867, 0.0148618048212181
868, 0.0133134863339365
869, 0.0135167067249616
870, 0.0137029509836187
871, 0.0138749303296208
872, 0.0179371471361568
873, 0.0257603571129342
874, 0.0263119782321155
875, 0.0131108983575056
876, 0.0132750296810021
877, 0.0130425121169537
878, 0.0128937390788148
879, 0.0131975639766703
880, 0.0129680460474143
881, 0.0132439163668702
882, 0.0129301574391623
883, 0.0129203991299229
884, 0.0129107860072205
885, 0.0128198685124516
886, 0.0121935826415817
887, 0.0129163887662192
888, 0.0129137857196232
889, 0.0129499061343571
890, 0.0112449951314678
891, 0.0129099314411481
892, 0.0129135075646142
893, 0.0129222897036622
894, 0.012916766339913
895, 0.0129448599958171
896, 0.0129243754781783
897, 0.0125905299404015
898, 0.0116597639086346
899, 0.0138711158651859
900, 0.0215352413554986
901, 0.0129246537107974
902, 0.0121025110594928
903, 0.0279338407951097
904, 0.0127513090015522
905, 0.0133005914810513
906, 0.0331564255058765
907, 0.0114926365204155
908, 0.0163413829037121
909, 0.0302748392735209
910, 0.0140173221938312
911, 0.0133240048307925
912, 0.0135884108021855
913, 0.016514065520217
914, 0.0249094218015671
915, 0.0138010806404054
916, 0.0144239296981444
917, 0.0205073589459062
918, 0.013471247938772
919, 0.0134079083800316
920, 0.0134267234243453
921, 0.0133897490644207
922, 0.0133692650900533
923, 0.0204602715869745
924, 0.0269658806112905
925, 0.0250417242447535
926, 0.016305747286727
927, 0.0133544627266626
928, 0.0130796658340842
929, 0.0130054976325482
930, 0.0132708375652631
931, 0.0132316375772158
932, 0.0131443168502301
933, 0.0132941509597003
934, 0.0128135307847212
935, 0.0125967288234582
936, 0.0127121435167889
937, 0.0127762184323122
938, 0.0128477241378278
939, 0.0129430916470786
940, 0.0128756589256227
941, 0.012902202627932
942, 0.0129271968423078
943, 0.012959562552472
944, 0.0129717017213504
945, 0.0129720591939986
946, 0.0124262990429997
947, 0.0125487869760642
948, 0.0129658723250031
949, 0.012284877554824
950, 0.0165285096348574
951, 0.0293142050504684
952, 0.0140740097655604
953, 0.0178748907388321
954, 0.0133062114806048
955, 0.0226748621401687
956, 0.0240106219425797
957, 0.0275083025917411
958, 0.0133816030186911
959, 0.0137463631108403
960, 0.013279877603054
961, 0.0132684533018619
962, 0.0152773680941512
963, 0.0189300813556959
964, 0.0132396643360456
965, 0.0132417507314434
966, 0.0132933682762086
967, 0.0133076938024412
968, 0.0268448642455041
969, 0.0131186866977563
970, 0.0132679564412683
971, 0.0133399592402081
972, 0.0131785299939414
973, 0.0125576078426093
974, 0.0126463795701663
975, 0.0129704898378501
976, 0.0129995176102966
977, 0.0126661284981916
978, 0.0127388060403367
979, 0.0126078152873864
980, 0.0128113452810794
981, 0.0125677608884871
982, 0.0128683076084902
983, 0.0129269779815028
984, 0.0134495125773052
985, 0.0130216109100729
986, 0.0130344255206486
987, 0.0130386208184063
988, 0.023744289452831
989, 0.0293981495002906
990, 0.0229393077703814
991, 0.0174735620773087
992, 0.0277736832698186
993, 0.0283765246470769
994, 0.0132241668955733
995, 0.014249823987484
996, 0.0130057957333823
997, 0.0129778611008078
998, 0.0130111604618529
999, 0.0130662352312356
1000, 0.0131279455963522
1001, 0.013187808295091
1002, 0.0132280415855348
1003, 0.0131514891205976
1004, 0.013311110669747
1005, 0.0132169748346011
1006, 0.0128772876535853
1007, 0.0141980870782087
1008, 0.0126203318747381
1009, 0.0125360510622462
1010, 0.0126322529589136
1011, 0.012555283959955
1012, 0.0127316933746139
1013, 0.0128249155047039
1014, 0.0129813973326236
1015, 0.0129095734252284
1016, 0.0130324588778118
1017, 0.0130675659359743
1018, 0.0131001839680331
1019, 0.0178081621415913
1020, 0.02494723116979
1021, 0.0292640472097056
1022, 0.0249998848885298
1023, 0.0241240076720715
1024, 0.0162492822079609
1025, 0.0217507916192214
1026, 0.0275459143643578
1027, 0.0135375885292888
1028, 0.0128630818799138
1029, 0.0127288327397158
1030, 0.0127399988317241
1031, 0.0128133918624371
1032, 0.0129114414254824
1033, 0.0130005107882122
1034, 0.013079963857308
1035, 0.013189318390297
1036, 0.0131409191526473
1037, 0.0132993959821761
1038, 0.0132608638765911
1039, 0.0132481086378296
1040, 0.0130931640043855
1041, 0.0187313193455338
1042, 0.0131031098620345
1043, 0.0131309532560408
1044, 0.0244484234601259
1045, 0.0263734913120667
1046, 0.0202189128225048
1047, 0.0130552874567608
1048, 0.0131753308232874
1049, 0.012986284835885
1050, 0.0151846236549318
1051, 0.013134005246684
1052, 0.0128961624577641
1053, 0.012683950131759
1054, 0.0127920334537824
1055, 0.0125724497872094
1056, 0.0125980801725139
1057, 0.0126838510235151
1058, 0.0102380730677396
1059, 0.00924855625877778
1060, 0.0154750969571372
1061, 0.0190660303591618
1062, 0.0329317902214825
1063, 0.0196140647555391
1064, 0.0281707293664416
1065, 0.040603583989044
1066, 0.00551339095303168
1067, 0.00793703571738054
1068, 0.0086569805474331
1069, 0.00933929478439192
1070, 0.00989820761606097
1071, 0.0102573252903918
1072, 0.00985346400799851
1073, 0.00903747653743873
1074, 0.0133234290406108
1075, 0.0103951913770288
1076, 0.00859584593369315
1077, 0.00754696289853503
1078, 0.00685376072457681
1079, 0.00635041925124824
1080, 0.00597475092702856
1081, 0.00567843644724538
1082, 0.0113726280784855
1083, 0.0117458722088486
1084, 0.0122309549090763
1085, 0.0132961892522871
1086, 0.0162493813938151
1087, 0.0208033557670812
1088, 0.0241751714299123
1089, 0.0243980934222539
1090, 0.021855140880992
1091, 0.018384222406894
1092, 0.0162175526687254
1093, 0.0160734485058735
1094, 0.0172913898713887
1095, 0.00723840936552733
1096, 0.0113557599640141
1097, 0.00996232226801415
1098, 0.00658301628815631
1099, 0.00601577871323874
1100, 0.00858418309750656
1101, 0.0109106123757859
1102, 0.00932447301844756
1103, 0.0107379376422614
1104, 0.0104455571466436
1105, 0.00661693148625394
1106, 0.00911742627310256
1107, 0.00797252034923683
1108, 0.00718488451093435
1109, 0.00621767951330791
1110, 0.0108343582445135
1111, 0.0236685114602248
1112, 0.0146774676007529
1113, 0.020590647123754
1114, 0.0155001115829994
1115, 0.0153103896882385
1116, 0.017230852584665
1117, 0.0246281268385549
1118, 0.0182321697939187
1119, 0.0131797022962322
1120, 0.0226445634228488
1121, 0.0156568919774145
1122, 0.0210824854051073
1123, 0.0138922559563071
1124, 0.0128892487070213
1125, 0.0273146885447204
1126, 0.0144366909350668
1127, 0.0323024651346107
1128, 0.0275072113921245
1129, 0.0310929080781837
1130, 0.00713565080271413
1131, 0.0100829224878301
1132, 0.0106610877749821
1133, 0.00936893823867043
1134, 0.0111317259725183
1135, 0.0127289118245244
1136, 0.0116171658349534
1137, 0.00783729712323596
1138, 0.00593982547122453
1139, 0.00750259721341232
1140, 0.00688000655888269
1141, 0.0083616990596056
1142, 0.0114264707857122
1143, 0.00960781378671527
1144, 0.0122139712795615
1145, 0.0192346803378314
1146, 0.0229824815566341
1147, 0.0159839618330201
1148, 0.0252588833682239
1149, 0.0146058828104287
1150, 0.0144999055967977
1151, 0.0246555460616946
1152, 0.0139498909536217
1153, 0.0161476562886188
1154, 0.0204769216943532
1155, 0.0126526380356933
1156, 0.0164302620881548
1157, 0.0284053538925946
1158, 0.0140669373019288
1159, 0.00648580111252765
1160, 0.0180247101932764
1161, 0.0265506946792205
1162, 0.00716027331405452
1163, 0.0114834334235638
1164, 0.0121272032459577
1165, 0.00784456885109345
1166, 0.0109203283209354
1167, 0.0139071764424443
1168, 0.0102548820432276
1169, 0.00858394460131725
1170, 0.00647273175418377
1171, 0.00996242168669899
1172, 0.0175122391831662
1173, 0.00867212004959583
1174, 0.00778571943131586
1175, 0.0116259480516116
1176, 0.0134569674730301
1177, 0.0265423119999468
1178, 0.0255483241441349
1179, 0.0222438808220128
1180, 0.0179847314332922
1181, 0.0133554009720683
1182, 0.0147909948136657
1183, 0.0227027381770313
1184, 0.0137146539054811
1185, 0.0135410852575054
1186, 0.0139535456895828
1187, 0.0228939703665674
1188, 0.0176865411257105
1189, 0.0120325827039778
1190, 0.0054540644865483
1191, 0.018856508579726
1192, 0.00893002103215882
1193, 0.00869075627997518
1194, 0.0150889581224571
1195, 0.011894994747958
1196, 0.0246615217998624
1197, 0.0281987580071603
1198, 0.0207549965319534
1199, 0.0304016515923043
1200, 0.024691466242075
1201, 0.0100717366052171
1202, 0.0167175359868755
1203, 0.0094579077946643
1204, 0.0137269718882938
1205, 0.012603126000613
1206, 0.0079830186907202
1207, 0.0125763837713748
1208, 0.0118359353703757
1209, 0.011242849053815
1210, 0.0128530882454167
1211, 0.0287990416400135
1212, 0.0168309752563281
1213, 0.0103277983920028
1214, 0.0209117654178824
1215, 0.0152581250295043
1216, 0.0129525884985924
1217, 0.0283900946378708
1218, 0.0260861441493034
1219, 0.0259002259001136
1220, 0.0116792766909514
1221, 0.0113458178006113
1222, 0.0105341351591051
1223, 0.0123004934284836
1224, 0.00955674853175878
1225, 0.0202233113348484
1226, 0.0128459559443096
1227, 0.0115805405192077
1228, 0.0121043746670087
