1, 0.0102335829287767
2, 0.0354773169383407
3, 0.00672295817639679
4, 0.0123380443546921
5, 0.0135842580348253
6, 0.0211939848959446
7, 0.00511145684868097
8, 0.00672763708280399
9, 0.0337710736785084
10, 0.0097250365652144
11, 0.012231114320457
12, 0.0186619805172086
13, 0.010676147416234
14, 0.0113780918375899
15, 0.0120298888068646
16, 0.0126409755709271
17, 0.0132115710681925
18, 0.0137284424466391
19, 0.0141761725147565
20, 0.0145354496004681
21, 0.0148349034910401
22, 0.015411896398291
23, 0.0182452034205198
24, 0.0262959456692139
25, 0.0325159272179008
26, 0.0199534919423362
27, 0.0108916773460805
28, 0.00677776460846265
29, 0.00885135082838436
30, 0.0105039497526983
31, 0.0115067979010443
32, 0.012016020482406
33, 0.0122430941555649
34, 0.012319090232874
35, 0.0123293822010358
36, 0.0123162691791852
37, 0.0123031163432946
38, 0.0122948312200606
39, 0.0122943938865016
40, 0.0123023018240929
41, 0.012311858125031
42, 0.0123197061475366
43, 0.0123325213013838
44, 0.0123399121997257
45, 0.0123426540909956
46, 0.0123405282696088
47, 0.012339952091376
48, 0.0123385511687957
49, 0.0123500052529077
50, 0.0123804829393824
51, 0.0124228818652531
52, 0.0124740229609112
53, 0.0125332299309472
54, 0.0126062259078026
55, 0.0126891955733299
56, 0.0127821791296204
57, 0.0128821561423441
58, 0.0129847556042174
59, 0.0130871961203714
60, 0.0131911463104188
61, 0.0132974009029567
62, 0.0134063588144879
63, 0.0135188126005232
64, 0.0135586286196485
65, 0.0136210545897484
66, 0.0137106602390607
67, 0.0138386512796084
68, 0.0140063785947859
69, 0.0142173000300924
70, 0.0144705398318668
71, 0.0147600198785464
72, 0.0150816468521953
73, 0.0155382982144753
74, 0.0161698693409562
75, 0.0165410867581765
76, 0.0160048430164655
77, 0.0149569539353251
78, 0.0142861626421412
79, 0.013696792225043
80, 0.0131502969500919
81, 0.0126320544319848
82, 0.0121682508227726
83, 0.0117510181541244
84, 0.0113814294648667
85, 0.0110628626619776
86, 0.0107795417619248
87, 0.0106461064424366
88, 0.0103948432952166
89, 0.0102076549082994
90, 0.0102411525634428
91, 0.0103549975901842
92, 0.0105558256618679
93, 0.0108564317536851
94, 0.0112648426244656
95, 0.0117803039029241
96, 0.0123912914035221
97, 0.0131037660563986
98, 0.0140298230883976
99, 0.015886229618142
100, 0.0199451874941587
101, 0.0189559188438579
102, 0.01629567410176
103, 0.0109294671565294
104, 0.00856320257298648
105, 0.00724236310149233
106, 0.00641838802645604
107, 0.00586132301638524
108, 0.00547218415886164
109, 0.00520360539667308
110, 0.00501887081190944
111, 0.00490812545952698
112, 0.00485738203860819
113, 0.00485122304720183
114, 0.0048812636329482
115, 0.00495334543908636
116, 0.00505248790917297
117, 0.00532083318103105
118, 0.00576885669336965
119, 0.00625801222243657
120, 0.00683812443943073
121, 0.00746903975959867
122, 0.00810603471472859
123, 0.00869333930313587
124, 0.00913103607793649
125, 0.00925930519588292
126, 0.0088728682603687
127, 0.00782817753497511
128, 0.00636585669902464
129, 0.00995667977258563
130, 0.017089092793564
131, 0.0292761381715536
132, 0.024189615311722
133, 0.0165842206527789
134, 0.0139927496978392
135, 0.0128868842342248
136, 0.0118779564121117
137, 0.0106615186668932
138, 0.0102541071052353
139, 0.0107997284891705
140, 0.0115610379725695
141, 0.0124578893495103
142, 0.0139549997014304
143, 0.0171518752661844
144, 0.0193439750000834
145, 0.0185383195057511
146, 0.0164471892639995
147, 0.015031737430642
148, 0.0142251679984232
149, 0.0136705664917827
150, 0.013255241792649
151, 0.0129523309879005
152, 0.0127405750875672
153, 0.0126001460788151
154, 0.0124976661366721
155, 0.012419941679885
156, 0.0123692379953961
157, 0.0123290247283876
158, 0.012299261521548
159, 0.0122735518962145
160, 0.0122512994954983
161, 0.0122435118537396
162, 0.0122439490320782
163, 0.0122580154178043
164, 0.0122667180063824
165, 0.012274068625023
166, 0.0122856320813298
167, 0.0122942944678167
168, 0.012301765071849
169, 0.012316070497036
170, 0.0123290245731672
171, 0.010124566188703
172, 0.017663839738816
173, 0.0300219903389613
174, 0.0293412258227666
175, 0.0178828674058119
176, 0.0104543784012397
177, 0.00525709094169239
178, 0.00548696626598636
179, 0.00572649777556459
180, 0.00601573901561399
181, 0.00639744716075559
182, 0.00693067070096731
183, 0.00782553502358496
184, 0.00969159773861369
185, 0.0143572127756973
186, 0.0162992511177436
187, 0.0165075875508289
188, 0.0140274389026066
189, 0.0134497115698953
190, 0.0135407075285912
191, 0.0139502706006169
192, 0.0143865766003728
193, 0.014480514296641
194, 0.0139368007269998
195, 0.0128477440836529
196, 0.0117486341235538
197, 0.0108373186861475
198, 0.0102419075556099
199, 0.0102442817296833
200, 0.0123171433030317
201, 0.0112149534591784
202, 0.0140591289382428
203, 0.0144774939399213
204, 0.0148111407955488
205, 0.0153776041697711
206, 0.0234969494243463
207, 0.017267369509985
208, 0.0219297450967133
209, 0.0296865752898157
210, 0.0147850196143346
211, 0.0122891087861111
212, 0.0122828901900599
213, 0.0122816981747746
214, 0.0122928443209579
215, 0.0123525483068079
216, 0.012392026760305
217, 0.0124178554397076
218, 0.0124026359214137
219, 0.0122878377636274
220, 0.0119843108113855
221, 0.0113781510541836
222, 0.0103927671443671
223, 0.00919999826389054
224, 0.0134648111804078
225, 0.0133610789974531
226, 0.0132516051332156
227, 0.0131399460757772
228, 0.0130351611102621
229, 0.0129294024469952
230, 0.0128288693570842
231, 0.0127283757707725
232, 0.012637697160244
233, 0.0125607275404036
234, 0.0124948444621017
235, 0.012443107785657
236, 0.0124004504953822
237, 0.0123674098091821
238, 0.0115525345318019
239, 0.0127183816706141
240, 0.0131962124723941
241, 0.0137121504327903
242, 0.0142597779631615
243, 0.0148988989337037
244, 0.0157529143616557
245, 0.0162871902187665
246, 0.0159805642130474
247, 0.0153905181990316
248, 0.0149411586268495
249, 0.0146423605425904
250, 0.0143903716622541
251, 0.0141616491600871
252, 0.0139685897156596
253, 0.0138057495933026
254, 0.0136813744126509
255, 0.0135901592827092
256, 0.0125107984834661
257, 0.0125803378565858
258, 0.0128667975465457
259, 0.0129738275427371
260, 0.0126643407468994
261, 0.0130874344613403
262, 0.012450399575755
263, 0.0124139611919721
264, 0.0132018954803546
265, 0.0133222966299703
266, 0.01276342314668
267, 0.0112663726322353
268, 0.0122871619338791
269, 0.0144433008972555
270, 0.0134298829361796
271, 0.0158795543635885
272, 0.0110073105432093
273, 0.0118934929681321
274, 0.0138994483277202
275, 0.0151366221252829
276, 0.0155421722059449
277, 0.0149789878632873
278, 0.0139855369149397
279, 0.013826908931757
280, 0.0136959774730106
281, 0.013588192484652
282, 0.0141652054929485
283, 0.0160698323355367
284, 0.0146328835592916
285, 0.0143767027184367
286, 0.0135084015782923
287, 0.0130368297298749
288, 0.0180931924842298
289, 0.0149811336304992
290, 0.0124580489161114
291, 0.0214998964220285
292, 0.013572397409007
293, 0.014494342263788
294, 0.0158704748998086
295, 0.00870829948689789
296, 0.012304208939895
297, 0.0123272364338239
298, 0.0123150770086795
299, 0.0124830427424361
300, 0.0120379745494574
301, 0.0122817972830186
302, 0.0123049241956323
303, 0.0115178447837631
304, 0.0123396941150228
305, 0.0123496875166893
306, 0.0123531125485897
307, 0.0124608502568056
308, 0.0124163253543278
309, 0.0123643501040836
310, 0.0123146201173464
311, 0.0122715454393377
312, 0.0124459884439905
313, 0.0116971351671964
314, 0.0122703535792728
315, 0.0123765154608658
316, 0.013450011877077
317, 0.0239431114556889
318, 0.0116728053295187
319, 0.0232587706608077
320, 0.0207100158246855
321, 0.0123877315782011
322, 0.012686830945313
323, 0.0127905233142277
324, 0.0130212726071477
325, 0.0129012687442203
326, 0.012596252374351
327, 0.0131481512604902
328, 0.013282977277413
329, 0.0125191831029952
330, 0.0124553268154462
331, 0.0124106833245605
332, 0.0125856221808741
333, 0.0159908360801637
334, 0.0161723919057598
335, 0.014082374672095
336, 0.0152026044670492
337, 0.0155047209312518
338, 0.0145985514391214
339, 0.0142930180300027
340, 0.0146988262422383
341, 0.0141366356207679
342, 0.0139065813273191
343, 0.0135566415265203
344, 0.0136536777329942
345, 0.0134756586824854
346, 0.0133968616968819
347, 0.0137690530779461
348, 0.0119020958275845
349, 0.0122103910737981
350, 0.0129946888579677
351, 0.0139863120857626
352, 0.0129084213792036
353, 0.0118425312296798
354, 0.0221264405796925
355, 0.0189807253579299
356, 0.0163658893822382
357, 0.0151132378571977
358, 0.0134615923743695
359, 0.0122396169075121
360, 0.0122803467481087
361, 0.0123154346365482
362, 0.0123581717101236
363, 0.0123362170998007
364, 0.0124769433556745
365, 0.0124206372226278
366, 0.012522938195616
367, 0.0123591446317732
368, 0.0125057719803105
369, 0.0125358325894922
370, 0.0123038509239753
371, 0.0122769098573675
372, 0.012449743769442
373, 0.0127612572784225
374, 0.0124560416831324
375, 0.0122673930600286
376, 0.0122971954600265
377, 0.0135458734817803
378, 0.0191557787890945
379, 0.0123672172028039
380, 0.0141249125978599
381, 0.0125216468392561
382, 0.0130847918335348
383, 0.0124544923504194
384, 0.0126057885742436
385, 0.0129444227398684
386, 0.0132281807406495
387, 0.0124066298982749
388, 0.0128198092182477
389, 0.0127054673309127
390, 0.0133900665678084
391, 0.0132764005878319
392, 0.0134488566157719
393, 0.0133898480174442
394, 0.0137746751618882
395, 0.0128827715913455
396, 0.0125305279313276
397, 0.0139768147685876
398, 0.014949065943559
399, 0.0165394977666438
400, 0.0159770875082662
401, 0.0143059714852522
402, 0.016000492653499
403, 0.0151050519974281
404, 0.0133219265379012
405, 0.013344786905994
406, 0.0135240782207499
407, 0.0136302138368289
408, 0.0136993555352092
409, 0.0123401308277001
410, 0.0139484633691609
411, 0.0144966871012002
412, 0.0134231676347554
413, 0.0221784159851571
414, 0.0194538875172536
415, 0.0167580679214249
416, 0.012266737408936
417, 0.0135137853212655
418, 0.0126470346779873
419, 0.0124799831149479
420, 0.0123001557464401
421, 0.0123367333629479
422, 0.0125460447743535
423, 0.0126007221018275
424, 0.0123481174620489
425, 0.0124119345564395
426, 0.0129090967432906
427, 0.0127221962902695
428, 0.0122780029196292
429, 0.0123069310405602
430, 0.0122815789654851
431, 0.0122388386167586
432, 0.0128475453571549
433, 0.0153980277633915
434, 0.0124530219472945
435, 0.0123882148680942
436, 0.0125218452109645
437, 0.0129983847339948
438, 0.013177159308855
439, 0.0128549560904503
440, 0.0126135772249351
441, 0.0127241434529424
442, 0.0139785236679018
443, 0.0131995107512921
444, 0.0131816688614587
445, 0.0135713443160057
446, 0.0131929345273723
447, 0.0140799112462749
448, 0.0147339925946047
449, 0.0159493517906715
450, 0.0169356496383746
451, 0.0166641308460385
452, 0.0135022820904851
453, 0.0137277867179364
454, 0.0133641185238957
455, 0.0132288163683067
456, 0.0132801160216331
457, 0.0144343401771039
458, 0.0145161175945153
459, 0.0139424430672079
460, 0.0152091215519855
461, 0.0199539309057097
462, 0.0219477944076061
463, 0.0226745458009342
464, 0.012269061912472
465, 0.0123042484434942
466, 0.012931706616655
467, 0.0123374483858546
468, 0.0127701185798893
469, 0.0125587805329512
470, 0.0124759698907534
471, 0.012403749084721
472, 0.0123455944315841
473, 0.0126556182124962
474, 0.0140861491672695
475, 0.012305440614
476, 0.0132211072680851
477, 0.0122779631831994
478, 0.0123667977750301
479, 0.0191541470587254
480, 0.0163756831704328
481, 0.0123940017074347
482, 0.012446981932347
483, 0.0129139246419072
484, 0.0125245874126752
485, 0.0127593300615748
486, 0.0126282397347192
487, 0.0147732124508669
488, 0.0130215510725975
489, 0.0142718583034972
490, 0.013921876371439
491, 0.0145155416491131
492, 0.013000788865611
493, 0.015891356083254
494, 0.0138840895767013
495, 0.0173434843309224
496, 0.0135265813053896
497, 0.0132823016804953
498, 0.0131321375568708
499, 0.013059594668448
500, 0.0130512541315208
501, 0.013014597663035
502, 0.015668733123069
503, 0.0134572295472026
504, 0.0153587486129254
505, 0.0145624105352908
506, 0.0171543985294799
507, 0.0207154615116971
508, 0.0122914533130825
509, 0.0124849303780744
510, 0.0131248061079532
511, 0.0125781123836835
512, 0.0128814602115502
513, 0.0124117558977256
514, 0.012700520378227
515, 0.0123122556445499
516, 0.013533912676697
517, 0.0148033925021688
518, 0.0123575353839745
519, 0.0122917116774867
520, 0.0210154608690313
521, 0.0173279867352297
522, 0.0123738587301757
523, 0.0124496843200177
524, 0.0128232945821115
525, 0.0125363694193463
526, 0.0126530947939803
527, 0.0163556367624551
528, 0.0151762591364483
529, 0.0145647790282965
530, 0.0143122896552086
531, 0.0137150309359034
532, 0.0133554756951829
533, 0.0158279768656939
534, 0.0131096068459253
535, 0.0129484164062887
536, 0.0128118621651083
537, 0.0128560289740562
538, 0.0174376798483233
539, 0.0128129947309693
540, 0.0174009031616151
541, 0.0154475593008101
542, 0.0199065436609089
543, 0.0123430714011192
544, 0.0123279909603298
545, 0.0125055733757714
546, 0.0126117491163313
547, 0.0129580121332159
548, 0.0127501311556747
549, 0.0132618572873374
550, 0.0137102429289371
551, 0.0157853393549366
552, 0.0124362135926882
553, 0.012335859083881
554, 0.0123235405577968
555, 0.0124540183294032
556, 0.012572310709705
557, 0.0177583007141948
558, 0.0182996421741943
559, 0.0173666677437723
560, 0.0135810795860986
561, 0.0141410850919783
562, 0.0132210477410505
563, 0.0129770064571251
564, 0.012811822273458
565, 0.0127080702222884
566, 0.0194169517296056
567, 0.0177104903074602
568, 0.0126332753071828
569, 0.0126561746001244
570, 0.0193498563021421
571, 0.0123903176281601
572, 0.0126532935537398
573, 0.0128079079246769
574, 0.0133352500076095
575, 0.013029676862061
576, 0.0137425086771448
577, 0.0150075697340071
578, 0.0125468394253403
579, 0.0123736885531495
580, 0.0123694362894942
581, 0.0126865889877081
582, 0.0123900200240314
583, 0.0125049612484872
584, 0.0179869558972617
585, 0.0131186668295413
586, 0.0134573997929692
587, 0.0128785793979963
588, 0.012718739764144
589, 0.012614292325452
590, 0.0157224959693849
591, 0.0180670568453414
592, 0.0125221634128441
593, 0.0125527603086084
594, 0.0124831816647202
595, 0.0139595091653367
596, 0.0154964549001306
597, 0.012441776227206
598, 0.0190447358414531
599, 0.0124319020348291
600, 0.0161624225787818
601, 0.0124434657239666
602, 0.010980965802446
603, 0.0116203054785728
604, 0.0122592872940004
605, 0.0128677116396526
606, 0.0134400552293907
607, 0.0139626485761255
608, 0.014430903053532
609, 0.0148768054010967
610, 0.0154817134607583
611, 0.0172549320074419
612, 0.0219503090096017
613, 0.0132663273252547
614, 0.0125853243904809
615, 0.0120013183138023
616, 0.0115166727143029
617, 0.0111360177397728
618, 0.0108704390780379
619, 0.0107026118785143
620, 0.0106144763994962
621, 0.00513508015622695
622, 0.0050204802925388
623, 0.00505743509468933
624, 0.00515898154117167
625, 0.00533072227456917
626, 0.00559395637052755
627, 0.0059758434848239
628, 0.00652875596036514
629, 0.00732680270448327
630, 0.00854220152056465
631, 0.0105723162026455
632, 0.0137954574699203
633, 0.00586732348892838
634, 0.00875270552933216
635, 0.00908599498992165
636, 0.00910588276262085
637, 0.00871340620021025
638, 0.00808874952296416
639, 0.0080179984603698
640, 0.0205224961973727
641, 0.00502745399717242
642, 0.00919991871342063
643, 0.00541446707211435
644, 0.00571570886919896
645, 0.00552284814572583
646, 0.0060134936356917
647, 0.00645152828656137
648, 0.00707115830543141
649, 0.00795428086227427
650, 0.0110199868213385
651, 0.00507158130252113
652, 0.00639371216918031
653, 0.00761391878283272
654, 0.00822508513617019
655, 0.0089069422489653
656, 0.00928537221625447
657, 0.00957133574411273
658, 0.00995699789685508
659, 0.0284594952439268
660, 0.0149903126681844
661, 0.0212614570433895
662, 0.0180270310180883
663, 0.0137707610459377
664, 0.0125520850997418
665, 0.0143628943090638
666, 0.0159352052335938
667, 0.0131715755754461
668, 0.0119404019011805
669, 0.0141089781342695
670, 0.0130124315619469
671, 0.0124646252176414
672, 0.011997781538715
673, 0.0116405710577965
674, 0.0114108744698266
675, 0.0112576504858832
676, 0.0174675808909039
677, 0.0154167835911115
678, 0.0136365316963444
679, 0.0148399922597621
680, 0.0108766974105189
681, 0.0124699103956421
682, 0.0147272180765867
683, 0.0138382694683969
684, 0.00593133879980693
685, 0.0086545559267203
686, 0.00769017244844387
687, 0.00614555769910415
688, 0.00699023510484646
689, 0.00648446978690724
690, 0.00996997129792968
691, 0.0118236558046192
692, 0.00537278359600653
693, 0.00600210938137025
694, 0.00840503124830624
695, 0.00698912291166683
696, 0.011053644043083
697, 0.010087154339999
698, 0.00938608412009974
699, 0.00780368010358264
700, 0.0185299551424881
701, 0.0213181017898023
702, 0.0162586397491395
703, 0.0142829046429445
704, 0.0150655138616761
705, 0.0135913910344243
706, 0.0129355216243615
707, 0.0122764329425991
708, 0.0237007420510054
709, 0.0112261791447444
710, 0.0143395286674301
711, 0.0158830112001548
712, 0.0187026292085648
713, 0.0134225113627811
714, 0.0129142426109562
715, 0.0139453634619713
716, 0.0124668104108423
717, 0.0121398791670799
718, 0.012004445639572
719, 0.0151686893465618
720, 0.00537783012259752
721, 0.00548521219752729
722, 0.0157576835093399
723, 0.0204768726336105
724, 0.0144675992695349
725, 0.00575868393449734
726, 0.0106887239962816
727, 0.0123470845477035
728, 0.00661321585842719
729, 0.00698934107397993
730, 0.00935926187473039
731, 0.00833374393793444
732, 0.00755469132370005
733, 0.00581733494376143
734, 0.00657906274621685
735, 0.00718720901447038
736, 0.00874853297136724
737, 0.011521580008169
738, 0.00810438553647449
739, 0.0103819985718777
740, 0.0127566476197292
741, 0.013438783508415
742, 0.0184903366801639
743, 0.0203282670117915
744, 0.0141961404588073
745, 0.0164098168412844
746, 0.015082580735907
747, 0.0105704325251281
748, 0.011729075293988
749, 0.00548277013003826
750, 0.0144422474938134
751, 0.0125731966458261
752, 0.0133616351522505
753, 0.0138334458849082
754, 0.0142424131433169
755, 0.0129104079678655
756, 0.0148784542301049
757, 0.00623933567355077
758, 0.0129025203641504
759, 0.00751604764567067
760, 0.0113790650696804
761, 0.00813402875792235
762, 0.00573244197294116
763, 0.010058047172303
764, 0.00897278543561697
765, 0.00638089682130764
766, 0.00621777027845383
767, 0.00745707909421374
768, 0.00943656940944493
769, 0.00860933625760178
770, 0.0116032145917416
771, 0.0132103591070821
772, 0.00683234275008241
773, 0.0179940485395491
774, 0.0133412929384836
775, 0.0163326092685262
776, 0.0187702407129109
777, 0.0192733642955621
778, 0.0141513376341512
779, 0.0150388706630717
780, 0.0145274425546328
781, 0.014265857792149
782, 0.013786099695911
783, 0.0145733778675397
784, 0.0143806276443814
785, 0.0154738696292043
786, 0.0068972974549979
787, 0.0132945599034429
788, 0.008716524966682
789, 0.0120334841776639
790, 0.00959199829958379
791, 0.0107183672953397
792, 0.00710447765110681
793, 0.0078670794221883
794, 0.0141321206465364
795, 0.00948023966824015
796, 0.0106114367954433
797, 0.00717129457431535
798, 0.0171407285767297
799, 0.0171790550618122
800, 0.0173396904331942
801, 0.0160464474465698
802, 0.0149302111628155
803, 0.0141768960282207
804, 0.0145883581135422
805, 0.0147731497750751
806, 0.0149377014022321
807, 0.0143572830595076
808, 0.0135415819074426
809, 0.0138645872606763
810, 0.00757169900462031
811, 0.0101719515708586
812, 0.00660820114426315
813, 0.0125592570596685
814, 0.011333169726034
815, 0.00803220427284638
816, 0.00852310804960628
817, 0.0108000061009079
818, 0.0124053468794695
819, 0.00767346366774291
820, 0.0157416290603578
821, 0.0161764047419031
822, 0.0155155093719562
823, 0.0156473545357585
824, 0.014687023901691
825, 0.00854333969099181
826, 0.0119667871234318
827, 0.0131942654649417
828, 0.00925030450647076
829, 0.00960097904317081
830, 0.0122416282072663
831, 0.0146118229410301
832, 0.014303508369873
833, 0.0147401799580881
834, 0.0153501857227335
835, 0.00971534429118037
836, 0.013851227859656
837, 0.0106813532765955
838, 0.0111745108983346
839, 0.0153271940536797
840, 0.0139961026608944
841, 0.0125678800977767
842, 0.0132930105707298
843, 0.028473660039405
844, 0.0168399243460347
845, 0.0124076828360558
846, 0.0135977095924318
847, 0.0127199116783837
848, 0.0139327869595339
849, 0.0160020219627768
850, 0.0209382805041969
851, 0.0123231435815493
852, 0.0123341308596234
853, 0.0123296046629548
854, 0.0123451374626408
855, 0.0123599994306763
856, 0.0123554490661869
857, 0.0123579125696172
858, 0.0125499193867048
859, 0.0123383828128378
860, 0.0129835236196717
861, 0.0122774665554365
862, 0.0140631620306522
863, 0.0122086826401452
864, 0.0119832975324243
865, 0.0131954324564763
866, 0.0142247300439825
867, 0.0127945164373765
868, 0.0119320573285222
869, 0.011153401962171
870, 0.0123006525294234
871, 0.0122942550418278
872, 0.0122855526860803
873, 0.0122740887260685
874, 0.0122648303707441
875, 0.012254319852218
876, 0.0124666521636148
877, 0.0123562238489588
878, 0.0123487137413273
879, 0.0126522604065637
880, 0.0127905833069235
881, 0.0123195080086589
882, 0.0122993017236392
883, 0.013249857040743
884, 0.0122588098359605
885, 0.0122408291790634
886, 0.0147605759557337
887, 0.0162389708372454
888, 0.0121436339492599
889, 0.0182804699676732
890, 0.018921935154746
891, 0.0116466305529078
892, 0.0110128941014409
893, 0.00995423582692941
894, 0.00850168999750167
895, 0.00787898052173356
896, 0.0219142818823457
897, 0.0123097721176843
898, 0.0122819765626142
899, 0.0123201037446658
900, 0.0123071894049644
901, 0.0123020633279035
902, 0.0122933807627608
903, 0.0122937182895839
904, 0.0123597210428367
905, 0.0125875694987675
906, 0.0130494458135217
907, 0.0141243165514121
908, 0.0132644599458824
909, 0.0178868401174744
910, 0.0135616684953372
911, 0.0122495670802891
912, 0.0174094674487909
913, 0.0122661610754828
914, 0.0125147129874676
915, 0.0126742944121361
916, 0.0128925662332525
917, 0.0153520536453774
918, 0.0153439266141504
919, 0.0124065301691492
920, 0.0124566777764509
921, 0.0127693039830774
922, 0.0135913912672549
923, 0.0189533865389725
924, 0.0123596609725306
925, 0.0120252792257816
926, 0.0123237052799336
927, 0.0122362001178165
928, 0.0113680382880072
929, 0.0123403294322391
930, 0.012371025669078
931, 0.0123813969548792
932, 0.0123844570480287
933, 0.0123889868458112
934, 0.0123350645881146
935, 0.0122915531198184
936, 0.0121082493569702
937, 0.0121772909381737
938, 0.0116877777036279
939, 0.010642947939535
940, 0.0118980829138309
941, 0.0109612767118961
942, 0.0123652844534566
943, 0.0169447888620198
944, 0.0117321513593197
945, 0.014298163043956
946, 0.02123511225606
947, 0.0122697546279856
948, 0.024622349627316
949, 0.0104325077030808
950, 0.0127080188665007
951, 0.013381415911551
952, 0.0223648081134473
953, 0.0122964886017144
954, 0.0123064940174421
955, 0.0123144017222027
956, 0.0123228855275859
957, 0.0123142620238165
958, 0.0123239776585251
959, 0.0127601252558331
960, 0.0126037422257165
961, 0.0125531976421674
962, 0.0131039444822818
963, 0.0128704533757021
964, 0.0127139909503361
965, 0.0125005665856103
966, 0.0126808107985804
967, 0.0126483861822635
968, 0.0135227072363098
969, 0.0144980178835491
970, 0.016727927296112
971, 0.0124487699940801
972, 0.0193000471529861
973, 0.0165821137682845
974, 0.0124003113402675
975, 0.0192607869394124
976, 0.0122928443985681
977, 0.0143264076672494
978, 0.012067797438552
979, 0.0121772113100936
980, 0.0118171795426557
981, 0.0122702739511927
982, 0.012340369168669
983, 0.0119438990950584
984, 0.0123895629464338
985, 0.0116868836339563
986, 0.0124187894786398
987, 0.0124269153457135
988, 0.0124179744937768
989, 0.0123963176738471
990, 0.0115897874347866
991, 0.0119058313624312
992, 0.0123752377306422
993, 0.0116031388752162
994, 0.0123505273035594
995, 0.0123296757228673
996, 0.0219303411431611
997, 0.0178853127706264
998, 0.0123252037779561
999, 0.0123343889135867
1000, 0.0123452171683311
1001, 0.0123273157514632
1002, 0.0162389705268045
1003, 0.0196130909025669
1004, 0.01247797627002
1005, 0.0124384183436632
1006, 0.0124604920856655
1007, 0.0125269115281602
1008, 0.0125638270595421
1009, 0.0125732250356426
1010, 0.0125574494401614
1011, 0.0125275277532637
1012, 0.0138511088055869
1013, 0.0126066036367168
1014, 0.012958271196112
1015, 0.0124846918818851
1016, 0.0124363128561527
1017, 0.0123603962517033
1018, 0.0125553631223738
1019, 0.0121023878455162
1020, 0.0122326832885543
1021, 0.012336315975214
1022, 0.0119543097292384
1023, 0.0124079210994144
1024, 0.0118100666441023
1025, 0.0124559824665387
1026, 0.0117133081269761
1027, 0.0124513332266361
1028, 0.0124640292488039
1029, 0.0124327760810653
1030, 0.011969767510891
1031, 0.0117336334660649
1032, 0.0124019008750717
1033, 0.0123701597563922
1034, 0.0218925043940544
1035, 0.0123501245398074
1036, 0.0123682441965987
1037, 0.0123548293486238
1038, 0.0156852027866989
1039, 0.0133913975829879
1040, 0.0122463325969875
1041, 0.0121371963371833
1042, 0.0123564823685835
1043, 0.0124484919166813
1044, 0.0125094280422976
1045, 0.0125338862805317
1046, 0.0120903273733954
1047, 0.0125379189072798
1048, 0.012528422055766
1049, 0.0121790789222966
1050, 0.0124992354152103
1051, 0.0124607703958948
1052, 0.0123897219697634
1053, 0.0206139323612054
1054, 0.0213820577288667
1055, 0.0144027892189721
1056, 0.012205344857648
1057, 0.0123302961389224
1058, 0.0120589557724694
1059, 0.0124227028960983
1060, 0.0124789302547773
1061, 0.0119174540353318
1062, 0.0118357359897345
1063, 0.0124941292839746
1064, 0.0125020769579957
1065, 0.0124671282246709
1066, 0.0119008640758693
1067, 0.0129562242267032
1068, 0.0124318619103481
1069, 0.0122331802267581
1070, 0.0123849109347377
1071, 0.017243913281709
1072, 0.01964002355401
1073, 0.0178583496405433
1074, 0.0124140603002161
1075, 0.0150090480068078
1076, 0.017493656091392
1077, 0.0136228826983521
1078, 0.0124619428534061
1079, 0.00952329401237269
1080, 0.0113344609271735
1081, 0.00810525946629544
1082, 0.0131928261502513
1083, 0.0206520596208672
1084, 0.0153487157852699
1085, 0.0193674995874365
1086, 0.0266292138646046
1087, 0.00738386476101975
1088, 0.00803021745135387
1089, 0.00866621911215285
1090, 0.00920957513153553
1091, 0.00948437210172415
1092, 0.0090074158894519
1093, 0.00816100948334982
1094, 0.0121133552553753
1095, 0.00946275563910604
1096, 0.00791939285894235
1097, 0.00705800597400715
1098, 0.00650286802556366
1099, 0.00610661638590197
1100, 0.0058001490154614
1101, 0.00554947167014082
1102, 0.0121052488684654
1103, 0.0130346244356285
1104, 0.0139533906088521
1105, 0.014415624551475
1106, 0.0142695732259502
1107, 0.0138684934160362
1108, 0.0135345086455345
1109, 0.013493322301656
1110, 0.0138928918167949
1111, 0.0148307506460696
1112, 0.00642476595627765
1113, 0.00847552414052188
1114, 0.00752387603279203
1115, 0.00687849669096371
1116, 0.00994183837125699
1117, 0.00675545287473748
1118, 0.00617993017658591
1119, 0.00869618030264974
1120, 0.0101089891201506
1121, 0.0103164727333933
1122, 0.00574021455831826
1123, 0.0100102042779326
1124, 0.00976717666101952
1125, 0.00931384352346261
1126, 0.00803448915636788
1127, 0.0154902962191651
1128, 0.0137179918431987
1129, 0.018385513064762
1130, 0.0113045793647567
1131, 0.0107864875346422
1132, 0.0145966040436178
1133, 0.0135664568903546
1134, 0.013230386034896
1135, 0.0138505924648295
1136, 0.0138690499588847
1137, 0.0132253791671246
1138, 0.014155032656466
1139, 0.0146767521897952
1140, 0.0134950111775349
1141, 0.0128818947289671
1142, 0.00611007339986307
1143, 0.0207365192472935
1144, 0.0105556026101112
1145, 0.0131925875321031
1146, 0.0175027875229716
1147, 0.0122406166712088
1148, 0.01957685003678
1149, 0.00720016309060156
1150, 0.00791845885881533
1151, 0.00895665267792841
1152, 0.0105008900475999
1153, 0.00674147754907608
1154, 0.00950046574386458
1155, 0.0100092710151027
1156, 0.0104149005686243
1157, 0.0108651339542121
1158, 0.0115693036156396
1159, 0.00884217210114002
1160, 0.00671980937477201
1161, 0.00737840096311023
1162, 0.0155302312535544
1163, 0.0182051085866988
1164, 0.0129848942936709
1165, 0.013281546610718
1166, 0.0141726161042849
1167, 0.0156874491367489
1168, 0.0128173260018229
1169, 0.0152971177206685
1170, 0.0127218791749328
1171, 0.0128680296087017
1172, 0.0125399004401905
1173, 0.0156598356552422
1174, 0.0164995416222761
1175, 0.0074838758113661
1176, 0.00818701748115321
1177, 0.00924803991802037
1178, 0.0106713195952276
1179, 0.0121922042220831
1180, 0.011297128473719
1181, 0.0121989073231816
1182, 0.0107442757580429
1183, 0.0103324274532497
1184, 0.00981639030699929
1185, 0.00815361908947428
1186, 0.0175732400578757
1187, 0.01382937701419
1188, 0.0133888505399227
1189, 0.0151471270780478
1190, 0.0142576128710061
1191, 0.0129853313943992
1192, 0.0161507959322383
1193, 0.0123916493418316
1194, 0.0120158936828375
1195, 0.0121046725350122
1196, 0.0121701183573653
1197, 0.0183089997929831
1198, 0.00922856867934267
1199, 0.010801742851202
1200, 0.0125211695364366
1201, 0.0116385836930325
1202, 0.011131308429564
1203, 0.0107838928233832
1204, 0.00907162988247971
1205, 0.0168949399143457
1206, 0.0127187392984827
1207, 0.0144864152340839
1208, 0.0119827610130111
1209, 0.0116081455877672
1210, 0.0113823232240975
1211, 0.0148469067976943
1212, 0.0171147619063656
1213, 0.00835702596232295
1214, 0.0102228934410959
