1, 0.0127708937507123
2, 0.0584804532118142
3, 0.00531503616366535
4, 0.020482424646616
5, 0.0360037162899971
6, 0.0753314644098282
7, 0.00468893946769337
8, 0.00398990607936867
9, 0.0701873730868101
10, 0.0104624049272388
11, 0.0232960041612387
12, 0.244094170629978
13, 0.0126876655655603
14, 0.012578251461188
15, 0.012518487793083
16, 0.0125623963152369
17, 0.012755197705701
18, 0.0130302337153504
19, 0.0132949378651877
20, 0.0135764900284509
21, 0.0139775304899861
22, 0.0142879711929709
23, 0.0141601787569622
24, 0.0137364495700846
25, 0.0135685827893515
26, 0.014445784346511
27, 0.0181344777811319
28, 0.0277979221815864
29, 0.0439021882290641
30, 0.0610967172930638
31, 0.0428437863787015
32, 0.0215456523001194
33, 0.00610572192817926
34, 0.00867074852188428
35, 0.0115327458673467
36, 0.0138101008099814
37, 0.0160071483502785
38, 0.0177153778883318
39, 0.018704556239148
40, 0.0192742374104758
41, 0.019673331019779
42, 0.0200114476804932
43, 0.0203142199898139
44, 0.0207253340631723
45, 0.0210999293873707
46, 0.0213732750465473
47, 0.021448099364837
48, 0.0212737759575248
49, 0.0208991399655739
50, 0.0202750793347756
51, 0.0194976758211851
52, 0.0194913971548279
53, 0.02161205218484
54, 0.0269531464825074
55, 0.0357604889820019
56, 0.0468847832332055
57, 0.0578942019492388
58, 0.0661648226281007
59, 0.0697372493644555
60, 0.0678661813338598
61, 0.0615472514182329
62, 0.0479579949751496
63, 0.0422322830806176
64, 0.0434437282383442
65, 0.040860462312897
66, 0.0382423071811597
67, 0.0346818044781685
68, 0.0300995564709107
69, 0.0246965136999885
70, 0.0193543074031671
71, 0.0155191843708356
72, 0.013871274733295
73, 0.0133013349647323
74, 0.013087791390717
75, 0.0129587276217838
76, 0.0128038848051801
77, 0.0126965665258467
78, 0.0127105341913799
79, 0.012557627633214
80, 0.0123027980638047
81, 0.0120900101028383
82, 0.0119243090351423
83, 0.0116441668942571
84, 0.0113030695356429
85, 0.0122284912504256
86, 0.0163098604728778
87, 0.0425420487299562
88, 0.051152516156435
89, 0.0233884276822209
90, 0.013039232386897
91, 0.0106033897027373
92, 0.00941630375261108
93, 0.0085884346626699
94, 0.00789177510887384
95, 0.00726437677318851
96, 0.00671164295636117
97, 0.00622030184604228
98, 0.00576686952263117
99, 0.00536620717806121
100, 0.00504338834434748
101, 0.0048283349412183
102, 0.00471035740338266
103, 0.00467125660118957
104, 0.00466875336132944
105, 0.00467447540722787
106, 0.00467503171724578
107, 0.00468590357340872
108, 0.00470505251238743
109, 0.00488215774142494
110, 0.00511668222801139
111, 0.00535553806306173
112, 0.00552783533930779
113, 0.00547025713603944
114, 0.0048475475050509
115, 0.00359751868139332
116, 0.00974146726851662
117, 0.0218091461186608
118, 0.041277298082908
119, 0.0653823899726073
120, 0.0518203657120466
121, 0.0360457571223378
122, 0.0246946859794358
123, 0.0178555479894082
124, 0.0138843877551456
125, 0.0120479092001915
126, 0.0115545815788209
127, 0.0113470180270573
128, 0.0110998769135525
129, 0.010857882288595
130, 0.010648331992949
131, 0.0105089759454131
132, 0.0101844687014818
133, 0.00982419836024443
134, 0.00962054869160056
135, 0.00942683375130097
136, 0.00929264382769664
137, 0.00925354302550356
138, 0.00921360791350404
139, 0.00917796449114879
140, 0.00937167989710967
141, 0.0100123900920153
142, 0.0114146890118718
143, 0.0142009683574239
144, 0.0173701479410132
145, 0.0205495699774474
146, 0.0211074395726124
147, 0.0173943464954694
148, 0.0138777125005921
149, 0.0114998444914818
150, 0.0103470499937733
151, 0.00981017109006643
152, 0.00980258174240589
153, 0.0103301621663074
154, 0.0113532960725327
155, 0.012797556972752
156, 0.0143897958720724
157, 0.0157803719242414
158, 0.0170139499629537
159, 0.0181978587061167
160, 0.0192185671379169
161, 0.0200436941037575
162, 0.00057977430212001
163, 0.0485801012255251
164, 0.100086234509945
165, 0.0493588938067357
166, 0.0212966238614172
167, 0.00633531925268471
168, 0.00476062396774068
169, 0.00494631232383351
170, 0.00514682219363749
171, 0.00539887067861855
172, 0.00570217877005537
173, 0.00608714553527534
174, 0.00660729532440503
175, 0.00730764990051587
176, 0.00823319105741878
177, 0.00962507895504435
178, 0.0129834837280214
179, 0.0277733467519283
180, 0.0679321444282929
181, 0.122274909168482
182, 0.116236794739962
183, 0.149499918023745
184, 0.133887787815183
185, 0.0358506909882029
186, 0.0270195848618944
187, 0.0171175828824441
188, 0.0112855457700789
189, 0.0105133873100082
190, 0.0109527131232123
191, 0.0110160529923936
192, 0.0109975356608629
193, 0.0109420240235825
194, 0.0107393581420183
195, 0.0127498133418461
196, 0.0314620275582586
197, 0.0131385542529946
198, 0.0143849281594157
199, 0.0129619265596072
200, 0.0132040409371257
201, 0.0134974146106591
202, 0.013778410696735
203, 0.0140634006044517
204, 0.0142683013497541
205, 0.0148716797120869
206, 0.0166320232674479
207, 0.0210777159469823
208, 0.0293061779811978
209, 0.049050561817629
210, 0.0414899876341224
211, 0.0563233016679684
212, 0.0178969539701939
213, 0.01595237168173
214, 0.0138821034537007
215, 0.0120656903212269
216, 0.0112941677992543
217, 0.062518270375828
218, 0.0670316343506177
219, 0.0665804451952378
220, 0.0612172583738963
221, 0.0522402211402853
222, 0.0417252058784167
223, 0.0320779934215049
224, 0.0250010741874576
225, 0.0210702062274019
226, 0.01973323430866
227, 0.0198990140731136
228, 0.0205223788507283
229, 0.0210368667418758
230, 0.0213335989974439
231, 0.0213836864568293
232, 0.0212043360807002
233, 0.0209037309202055
234, 0.0130110008176416
235, 0.0192585224285722
236, 0.0243710521608591
237, 0.0298848810295264
238, 0.0355665953829885
239, 0.0409731945643822
240, 0.0457022078335285
241, 0.0485900134469072
242, 0.0198741199759146
243, 0.0127835497260094
244, 0.0346130000737806
245, 0.0148982038566222
246, 0.0258653811179101
247, 0.0438618352636695
248, 0.0131657150729249
249, 0.0134487975543986
250, 0.0137619999392579
251, 0.0139960275652508
252, 0.0142472014607241
253, 0.016529345108817
254, 0.0126819831008712
255, 0.0155621396067242
256, 0.0128839276731014
257, 0.0178519121060769
258, 0.029686794616282
259, 0.0133719469886273
260, 0.0138524996582419
261, 0.0131559198877464
262, 0.0228750749180714
263, 0.0380735077584783
264, 0.0462797181680799
265, 0.0211796405104299
266, 0.0210207145040234
267, 0.0595887200906873
268, 0.0315099217308064
269, 0.0472330938403805
270, 0.0220829492124418
271, 0.0201582148050268
272, 0.0390661622708042
273, 0.0611229032898943
274, 0.0546053734918435
275, 0.0204304301490386
276, 0.0560293298214674
277, 0.0256802889828881
278, 0.0205809908608596
279, 0.0212241057306528
280, 0.0593886266772946
281, 0.0191136036689083
282, 0.0176811645117899
283, 0.0155768020388981
284, 0.0200138922470311
285, 0.0196729530580342
286, 0.0203247900741796
287, 0.0205353531986475
288, 0.0164366592653096
289, 0.016517462907359
290, 0.0126950170379132
291, 0.0537352830703769
292, 0.0208696337150676
293, 0.0128834614131067
294, 0.0129031168762594
295, 0.0139850802564373
296, 0.0137206342381736
297, 0.0143491852407654
298, 0.0155232381075621
299, 0.0134401347022504
300, 0.0183332399465144
301, 0.0232826317660511
302, 0.0306302968723079
303, 0.0396738729129235
304, 0.0478997717921933
305, 0.0130022792921712
306, 0.0130835201125592
307, 0.0148928191047162
308, 0.0134050673805177
309, 0.0428182364751895
310, 0.0322662255105873
311, 0.023243212296317
312, 0.0171559682736794
313, 0.0137125280840943
314, 0.013260108884424
315, 0.0514985423535109
316, 0.0448281848803163
317, 0.0393400077397625
318, 0.0527877711380521
319, 0.0503937264106103
320, 0.0276353217971822
321, 0.0519147611533602
322, 0.0490860625480612
323, 0.0332763075518111
324, 0.0203147763386369
325, 0.0205181078054011
326, 0.0234224644179146
327, 0.0208213170990348
328, 0.0209492091089487
329, 0.0210409602150321
330, 0.0209123173728585
331, 0.0201947724757095
332, 0.0205562550884982
333, 0.0213793949224055
334, 0.018954042190065
335, 0.0183958245130877
336, 0.0189233656662206
337, 0.0197616450799008
338, 0.0128484594946106
339, 0.0205294125868628
340, 0.0334695630396406
341, 0.0205424213781953
342, 0.0130709635559469
343, 0.0435067902629574
344, 0.0501218717545271
345, 0.0265741006781658
346, 0.0347051496307055
347, 0.0131355753013243
348, 0.0204033693298697
349, 0.0139559932673971
350, 0.0145547421804319
351, 0.0137328732137879
352, 0.0164470905438066
353, 0.0132393862586468
354, 0.0143833983068665
355, 0.013236354836928
356, 0.0495261047035456
357, 0.026924177693824
358, 0.0187212460053464
359, 0.0135016865096986
360, 0.0136613870660464
361, 0.0133941795987388
362, 0.0297791020323833
363, 0.0247353763940434
364, 0.0203030148210625
365, 0.0204592592393359
366, 0.0204200379860898
367, 0.0449915220960975
368, 0.0414470126852393
369, 0.0359289515763521
370, 0.0435783002525568
371, 0.0461919394632181
372, 0.0442670273284117
373, 0.0455763020242254
374, 0.0216514905914664
375, 0.026457989277939
376, 0.0193259352818131
377, 0.0200007394887507
378, 0.0219577193881075
379, 0.0186064873511593
380, 0.0130091453902423
381, 0.0511246227348844
382, 0.0461380397900939
383, 0.0381256031493346
384, 0.0133964049164206
385, 0.029843236785382
386, 0.0228679819653432
387, 0.0150173933555683
388, 0.0178289249694596
389, 0.0140701360069215
390, 0.0135439859392742
391, 0.0200939456000924
392, 0.0507676688333352
393, 0.014636360341683
394, 0.0375533582021793
395, 0.0136583672525982
396, 0.0134208224713802
397, 0.0236657108180225
398, 0.0137268332764506
399, 0.0135649070919802
400, 0.0319310890821119
401, 0.0385495492567619
402, 0.045363533621033
403, 0.0420108114679654
404, 0.0462882407009602
405, 0.043863682076335
406, 0.026168212449799
407, 0.0338297639308231
408, 0.037974146194756
409, 0.0198530848803265
410, 0.0204611853696406
411, 0.0223397252460321
412, 0.019223534502089
413, 0.019493424333632
414, 0.0200096406042576
415, 0.0306665549675624
416, 0.0337679777294397
417, 0.0511542465537786
418, 0.0477786768848697
419, 0.0410281907146176
420, 0.013713879045099
421, 0.0331775414136549
422, 0.0258272141218185
423, 0.0159348875749856
424, 0.0197980248679717
425, 0.0138598507425437
426, 0.0133098787628114
427, 0.0504347380871574
428, 0.0173760880716145
429, 0.0139703179399172
430, 0.014605008220921
431, 0.0138169950029502
432, 0.013589742260852
433, 0.0411058732618888
434, 0.0458499065910776
435, 0.0342997779759268
436, 0.0398506789157788
437, 0.0449414343262712
438, 0.0277963530582686
439, 0.0339542288954059
440, 0.0472309282049537
441, 0.044837343506515
442, 0.0300598682835698
443, 0.0229901319059233
444, 0.0204416785389185
445, 0.0215554875321686
446, 0.0247401050291955
447, 0.0407629933740411
448, 0.0245438689099891
449, 0.0506315908084313
450, 0.0488317903752128
451, 0.0435932958498597
452, 0.0140421219014873
453, 0.0365322500777741
454, 0.0291089873450498
455, 0.0222680616813401
456, 0.0144110349938273
457, 0.0495105087757111
458, 0.0463758073747158
459, 0.015257281716913
460, 0.0179528628165523
461, 0.0142315819726459
462, 0.0474231916790207
463, 0.0437531157707175
464, 0.0368334913315872
465, 0.0473693295692404
466, 0.0378722821672757
467, 0.0437901110077898
468, 0.0316047322315474
469, 0.0294002342658738
470, 0.0234864646834987
471, 0.0273421453312039
472, 0.0198004877505203
473, 0.0340304042523106
474, 0.0409236989915371
475, 0.0138804939575493
476, 0.0460701238896166
477, 0.0488634193316102
478, 0.0490828836336732
479, 0.045625835036238
480, 0.0395558957631389
481, 0.0324337746327122
482, 0.0172296451138599
483, 0.0189338362154861
484, 0.0159906174521893
485, 0.0485940671836336
486, 0.0463629650572936
487, 0.046863407207032
488, 0.0354786588189503
489, 0.0273294500740511
490, 0.0419992292299867
491, 0.0396219742085252
492, 0.0372269423678517
493, 0.0301338724792004
494, 0.0462262231856585
495, 0.0250267833471298
496, 0.0199349435046315
497, 0.0235309882089496
498, 0.0145490432158113
499, 0.0504723895341158
500, 0.0236093798652291
501, 0.0431550096720457
502, 0.00505266695593794
503, 0.00530709947148959
504, 0.00555338594131172
505, 0.00575173025329908
506, 0.00594085594639182
507, 0.0394210301650067
508, 0.0131323956884444
509, 0.0125150502814601
510, 0.0124000335733096
511, 0.0124008280690759
512, 0.0125423691545924
513, 0.0128357041782389
514, 0.0131665101119628
515, 0.0134892488519351
516, 0.0140016699830691
517, 0.014448903578644
518, 0.0142997330209861
519, 0.0137020176431785
520, 0.01306057209149
521, 0.0141652649423728
522, 0.0183993810011695
523, 0.0278178111960491
524, 0.00469337004081657
525, 0.00470725788424412
526, 0.00471896030164013
527, 0.00477033954424163
528, 0.00489668156175564
529, 0.00511445706554999
530, 0.00543928247255584
531, 0.00586797898480048
532, 0.00638145301491022
533, 0.00693820040517797
534, 0.00752862426452339
535, 0.00817402308651557
536, 0.00889637173774342
537, 0.00974081122937302
538, 0.010871511263152
539, 0.0130909895524383
540, 0.0200593096669763
541, 0.0328482634698351
542, 0.0119079969978581
543, 0.0121421444540222
544, 0.0123482968192548
545, 0.0124802810605615
546, 0.0125426278294375
547, 0.0223073831626347
548, 0.0113781884179584
549, 0.00607331712186957
550, 0.00698876543901861
551, 0.00512091431301087
552, 0.00473138354053455
553, 0.00485573309318473
554, 0.00547470773259799
555, 0.00597794990365704
556, 0.0138639439052592
557, 0.0137398068327457
558, 0.0158141083860149
559, 0.0130569958128035
560, 0.0132444922346622
561, 0.0145725037436932
562, 0.0148041469510645
563, 0.0142538371340682
564, 0.0135083422064781
565, 0.0130040079044799
566, 0.0126476911827922
567, 0.012415788990135
568, 0.0123189513882001
569, 0.0192700261250138
570, 0.00467592567050209
571, 0.00577964494004846
572, 0.0068651846377179
573, 0.00509639685818305
574, 0.00479199574328959
575, 0.0210361515637487
576, 0.0119881451440354
577, 0.0107574678647021
578, 0.00474522600416094
579, 0.00626307853963226
580, 0.00757118194208791
581, 0.00830402124362687
582, 0.00903886711845795
583, 0.00982789338255922
584, 0.00489739685629805
585, 0.00539120131482681
586, 0.0145555554578702
587, 0.0118840360082686
588, 0.0124996727487693
589, 0.0124576119706035
590, 0.0133720464073122
591, 0.018278741510585
592, 0.0254493521526456
593, 0.0123312298674136
594, 0.0125721322062115
595, 0.012388742794948
596, 0.0273132030186909
597, 0.00476343738846481
598, 0.00716291038164248
599, 0.00608321158991506
600, 0.00545764078075687
601, 0.00488157051482371
602, 0.0132454261959841
603, 0.0140968787794312
604, 0.01344299588042
605, 0.0149644638877362
606, 0.0153800866100937
607, 0.0146926864981651
608, 0.0135707084555179
609, 0.0128953287688394
610, 0.0124147364404052
611, 0.0125861394529541
612, 0.0137515491805971
613, 0.0167016814618061
614, 0.015179438283667
615, 0.00985048362053931
616, 0.00900815054774284
617, 0.010706565498064
618, 0.00815709567784021
619, 0.00738118251319975
620, 0.0067316108616069
621, 0.0116848564551522
622, 0.0219396189786494
623, 0.0160237577899049
624, 0.013056220797201
625, 0.00617474418443938
626, 0.00567909174909194
627, 0.00527288636658341
628, 0.00481883793448408
629, 0.00498632698630293
630, 0.0262554217129946
631, 0.0127475086289148
632, 0.0220065159567942
633, 0.0127372765758385
634, 0.0128431937191635
635, 0.0125475466650512
636, 0.0157889556139708
637, 0.0125931287184358
638, 0.00617102917749435
639, 0.00727145040097336
640, 0.0230121821431177
641, 0.0136397704482079
642, 0.0143723514241477
643, 0.00509061915799975
644, 0.0138344989002993
645, 0.0152257513254881
646, 0.0130097691435367
647, 0.0159970150950054
648, 0.015384358431523
649, 0.0143365886372825
650, 0.0133622114080936
651, 0.0136250878373782
652, 0.0148033329751343
653, 0.0126727646371971
654, 0.0123479870148003
655, 0.0158567624831838
656, 0.00925280572846532
657, 0.00724840307763467
658, 0.0124812146338324
659, 0.0139397801831365
660, 0.00504130233700077
661, 0.00803097263754656
662, 0.00655212109753241
663, 0.00887157682639857
664, 0.00970254489220679
665, 0.0114641406107694
666, 0.0105640307689706
667, 0.0220351455112298
668, 0.0172532633102189
669, 0.00540161249227822
670, 0.0059207888552919
671, 0.0137772186814497
672, 0.0132330283522606
673, 0.0127801918424666
674, 0.0173273518060644
675, 0.00554818876220712
676, 0.0136320416349918
677, 0.00739568623248488
678, 0.0134494926314801
679, 0.013401510581995
680, 0.0160440632607788
681, 0.0146003591362387
682, 0.0165509615714351
683, 0.0137244290672243
684, 0.0133698405697942
685, 0.0156275654832522
686, 0.0144705798011273
687, 0.0134630225864904
688, 0.0135789938115825
689, 0.0089978597437342
690, 0.00873373142288377
691, 0.00772885636736949
692, 0.0146333201167484
693, 0.0176437719880293
694, 0.0130982024905582
695, 0.00978462072089314
696, 0.0105721968381355
697, 0.0112593390513211
698, 0.0120837707072496
699, 0.0213726790887969
700, 0.0147506422363222
701, 0.00689490779768676
702, 0.00617136682073275
703, 0.018355253773431
704, 0.0220521485432982
705, 0.0122711083386093
706, 0.0128653467788051
707, 0.0130688964854926
708, 0.0173144169772665
709, 0.017215890965114
710, 0.0132488435289512
711, 0.0156475732413431
712, 0.0136419758200645
713, 0.0143342836915205
714, 0.0116592666932515
715, 0.00902229710482061
716, 0.00635461928322911
717, 0.00930156512185931
718, 0.0105880515960356
719, 0.0181365638660888
720, 0.0152793352026492
721, 0.0116632682537394
722, 0.0136109812495609
723, 0.0120698032745471
724, 0.0205382144078612
725, 0.0126541077625006
726, 0.0155218271538615
727, 0.00810384922660887
728, 0.0113135802093893
729, 0.00751010162223663
730, 0.0113179305723558
731, 0.0158794193528593
732, 0.0122175035066903
733, 0.0179201392456889
734, 0.0155914453789592
735, 0.012743117660284
736, 0.0128639957401901
737, 0.014000775758177
738, 0.013230186731865
739, 0.0106982256285846
740, 0.0113358039408922
741, 0.00924275481762985
742, 0.0188780203461647
743, 0.0191848118168612
744, 0.00807302156463265
745, 0.0239249037578702
746, 0.00980545959568449
747, 0.0116989160887897
748, 0.0596764048428408
749, 0.0130197430650393
750, 0.0145614941471389
751, 0.010369997859622
752, 0.0106479346286505
753, 0.0110096156131476
754, 0.0113905294953535
755, 0.0117146399182578
756, 0.0118894600309432
757, 0.0120263916129867
758, 0.016166630666703
759, 0.0227603361320992
760, 0.0350335116187731
761, 0.0541623927031954
762, 0.0099661962594837
763, 0.00984116573818028
764, 0.00979167401480178
765, 0.009741347671176
766, 0.00975704356096685
767, 0.00984758309399088
768, 0.00996391156998773
769, 0.0195183586329222
770, 0.0163109127121667
771, 0.0149349794567873
772, 0.0134657844901085
773, 0.0120172922809919
774, 0.0108637828379869
775, 0.0101448317679266
776, 0.00991640674571196
777, 0.0102212246662627
778, 0.0111406466457993
779, 0.0129697547915081
780, 0.015777849048997
781, 0.0187560945438842
782, 0.0193032656485836
783, 0.0139027462185671
784, 0.0122150009653221
785, 0.0101639248120288
786, 0.00739644126345714
787, 0.00392444024328142
788, 0.0175663066717486
789, 0.0131474956870079
790, 0.0114369015209377
791, 0.0152774476446211
792, 0.0107594750200709
793, 0.0186479526261489
794, 0.0138186637777835
795, 0.0125430449843407
796, 0.0114978574371586
797, 0.0104299208614975
798, 0.0105906546426316
799, 0.0152057438778381
800, 0.0759984795004129
801, 0.0136557445706179
802, 0.024755779809008
803, 0.0121554958168417
804, 0.0120407169063886
805, 0.0117302562575787
806, 0.0112888037692755
807, 0.0108396625922372
808, 0.0176046523265541
809, 0.0359830721281469
810, 0.0123139049392194
811, 0.01042783454371
812, 0.0106784525172164
813, 0.0133644170903911
814, 0.0114265304679672
815, 0.0105081817600876
816, 0.0104188738235583
817, 0.0103752034871529
818, 0.0109507460147142
819, 0.0103430963742236
820, 0.0160615078639239
821, 0.0183205159381032
822, 0.0188071962135534
823, 0.0116748434181015
824, 0.0156350960023701
825, 0.0170401166348408
826, 0.0123833243269473
827, 0.0117871187782536
828, 0.0169572182265776
829, 0.0103928548549967
830, 0.054106866568327
831, 0.0163364440202713
832, 0.0119941257871687
833, 0.0113902708205084
834, 0.011381171643734
835, 0.012869956670329
836, 0.011113188850383
837, 0.0123984438056747
838, 0.0141345286586632
839, 0.0156471952795982
840, 0.0140812222380191
841, 0.0167353181168437
842, 0.0120643997409691
843, 0.0127662842472394
844, 0.0123385810293257
845, 0.0116454980646571
846, 0.0111290630108366
847, 0.0140319093285749
848, 0.0287033958981435
849, 0.0223061485836903
850, 0.0170683296552549
851, 0.0114369608927518
852, 0.0157031447937091
853, 0.0140985675000896
854, 0.0113460243058701
855, 0.0117743831748764
856, 0.0111496266908944
857, 0.0110164103098214
858, 0.010931272059679
859, 0.0124290805930893
860, 0.0183635189508398
861, 0.0149240522490193
862, 0.0180898339798053
863, 0.0133261708542705
864, 0.0117886286073675
865, 0.0135158326011151
866, 0.0179043042783936
867, 0.0136295385115469
868, 0.0100781221874058
869, 0.0188779523596168
870, 0.021914104372263
871, 0.0338489398626345
872, 0.016358207977776
873, 0.0169354312432309
874, 0.0131749737386902
875, 0.0156884420042237
876, 0.0118889037985355
877, 0.0139102566366394
878, 0.0123539993073791
879, 0.0118282857971887
880, 0.0166884888894856
881, 0.0124744801626851
882, 0.0155673848930746
883, 0.0149982992249231
884, 0.0180857411275307
885, 0.0115605413448066
886, 0.0120437963244816
887, 0.0132344785767297
888, 0.0124618036982914
889, 0.0267146280966699
890, 0.0223059103203317
891, 0.0106979384087026
892, 0.012581330879281
893, 0.011436178162694
894, 0.0119719725723068
895, 0.0125670454775294
896, 0.0116765917434047
897, 0.0153240388414512
898, 0.0137593969702721
899, 0.0175159412125746
900, 0.019685628823936
901, 0.0130057560745627
902, 0.0163254965251933
903, 0.0139611389798423
904, 0.0120881225448102
905, 0.0155961340448509
906, 0.0126426247879863
907, 0.0191878712115188
908, 0.0126070210244507
909, 0.0181471151965005
910, 0.0174533164439102
911, 0.0138494203177591
912, 0.012322428325812
913, 0.0157096021187802
914, 0.0229666867914299
915, 0.015908879848818
916, 0.0293051454549034
917, 0.0179476533085108
918, 0.0143581454176456
919, 0.0137580858233074
920, 0.0120547863521746
921, 0.0126620157777021
922, 0.0257824901491404
923, 0.0137230579275638
924, 0.0294658007100225
925, 0.0167987577927609
926, 0.0125069047013919
927, 0.0134975139517337
928, 0.0153197277492533
929, 0.0168993168377451
930, 0.0120109343746056
931, 0.0143320586066693
932, 0.011956634465605
933, 0.0190431910256545
934, 0.0157618552135925
935, 0.0175346964970231
936, 0.0172337088733912
937, 0.026249277671533
938, 0.0142790897904585
939, 0.0234413985162973
940, 0.0200161379761994
941, 0.0127498135746767
942, 0.0135538805431376
943, 0.0154402685196449
944, 0.0194740569218993
945, 0.0176495544922849
946, 0.0191958385209243
947, 0.0167023772373796
948, 0.0253501377689342
949, 0.0132630292791873
950, 0.0142798651165018
951, 0.0150066438751916
952, 0.014649393835238
953, 0.0262940775913497
954, 0.0169149272454282
955, 0.0127774899204572
956, 0.0129286077804863
957, 0.0125400448062768
958, 0.0148373271804303
959, 0.020347768973027
960, 0.0139259125239083
961, 0.0130877320189029
962, 0.0235636876896024
963, 0.0205176913489898
964, 0.0145801935189714
965, 0.0245998149427275
966, 0.0171789559535682
967, 0.0250130465254188
968, 0.0195181999976436
969, 0.0199488607634391
970, 0.0207591891909639
971, 0.0153522760607302
972, 0.0172998941658686
973, 0.0127732780917237
974, 0.0165023629864057
975, 0.0183465518057346
976, 0.0246395116361479
977, 0.0185036094238361
978, 0.0122921491662661
979, 0.0127516533248127
980, 0.0168003386684826
981, 0.0199858698993921
982, 0.022905314185967
983, 0.0233718797874947
984, 0.0127215924273644
985, 0.0237343953922391
986, 0.0188537873327732
987, 0.0212565103235344
988, 0.0219013535728057
989, 0.0131189852642516
990, 0.0226582535542548
991, 0.0134063273668289
992, 0.0228841948943834
993, 0.0207137906303008
994, 0.0155720545444638
995, 0.0210811417549849
996, 0.0215679050112764
997, 0.0204814370455486
998, 0.0177769930101931
999, 0.0203482749251028
1000, 0.0163457427018632
1001, 0.0131326743867248
1002, 0.0108226554778715
1003, 0.0395469730719924
1004, 0.0093117012642324
1005, 0.00360312541015446
1006, 0.010943434589232
1007, 0.0110374110906074
1008, 0.011224907822907
1009, 0.0122001991452028
1010, 0.015306097920984
1011, 0.0208733710460365
1012, 0.028924985943983
1013, 0.0397168084358176
1014, 0.05116890805463
1015, 0.058002064935863
1016, 0.0575037111217777
1017, 0.00473473570309579
1018, 0.00486813085929801
1019, 0.00516468391288072
1020, 0.00546705827582628
1021, 0.00567060840936999
1022, 0.00565815099980682
1023, 0.00524914381094277
1024, 0.0043131122753645
1025, 0.12340174553295
1026, 0.07461809925735
1027, 0.0464289477095008
1028, 0.0241445742237071
1029, 0.0133673371747136
1030, 0.00983717245981097
1031, 0.00836436120638003
1032, 0.00735596947682401
1033, 0.00661305714553843
1034, 0.00608031067531556
1035, 0.00567058830832442
1036, 0.00531778837709377
1037, 0.00502258632332087
1038, 0.0107004268405338
1039, 0.0117976295296103
1040, 0.0170144472892086
1041, 0.0273055088085433
1042, 0.0382588982271651
1043, 0.00611424554760257
1044, 0.00587666154994319
1045, 0.00603658096709599
1046, 0.00554315373301506
1047, 0.00517118089677145
1048, 0.00602527579758316
1049, 0.101376400329173
1050, 0.00688060260533045
1051, 0.00623111054301262
1052, 0.00570241722743958
1053, 0.053169340826571
1054, 0.0444600461050868
1055, 0.0282020803230504
1056, 0.0159707496253153
1057, 0.0109533890305708
1058, 0.00899360779051979
1059, 0.00775993033312261
1060, 0.00526992580853403
1061, 0.0523477510238687
1062, 0.0333736399188638
1063, 0.0170943369933714
1064, 0.0108947374392301
1065, 0.0110845189386358
1066, 0.012678645318374
1067, 0.0109070164617151
1068, 0.0536337597295642
1069, 0.0241591380909085
1070, 0.0438908822834492
1071, 0.0108412525927027
1072, 0.0110380270828803
1073, 0.0109472094724576
1074, 0.0132234517950565
1075, 0.0300590648936729
1076, 0.0197542745930453
1077, 0.040040281911691
1078, 0.00493490795737931
1079, 0.00558841364302983
1080, 0.00760511685318003
1081, 0.00691028564081838
1082, 0.00648985426717748
1083, 0.00604949526799222
1084, 0.0120637444779277
1085, 0.0188187599026908
1086, 0.0322006791830063
1087, 0.0462599076951543
1088, 0.0523522005726894
1089, 0.00953187754688164
1090, 0.00815455305079619
1091, 0.00710845144931227
1092, 0.00633553791946421
1093, 0.00573240120762161
1094, 0.0519289067015052
1095, 0.00581085786689073
1096, 0.0372566860169172
1097, 0.0274681695736945
1098, 0.0194008582426856
1099, 0.0136999113795658
1100, 0.0113017777136217
1101, 0.0471613503371676
1102, 0.0508275724326571
1103, 0.0531656456490358
1104, 0.0109623693084965
1105, 0.050915227457881
1106, 0.00484395124949515
1107, 0.073864168088351
1108, 0.0108078538129727
1109, 0.01095917429775
1110, 0.0110068939005335
1111, 0.0230193180032074
1112, 0.0332799415724973
1113, 0.0427340348916394
1114, 0.0108215035870671
1115, 0.0110287005081773
1116, 0.00524644963443279
1117, 0.00963405396656266
1118, 0.039506936046694
1119, 0.0062013678252697
1120, 0.00873279722873122
1121, 0.00685364147648215
1122, 0.00765391322784126
1123, 0.052240044499437
1124, 0.0477506406605244
1125, 0.0358788644274076
1126, 0.0221206994416813
1127, 0.00723513126528511
1128, 0.00848978959644834
1129, 0.0135371516613911
1130, 0.0101049563381821
1131, 0.0110086700879037
1132, 0.0503713777288795
1133, 0.0492814490571618
1134, 0.0528454479450981
1135, 0.0155985981691629
1136, 0.0224350333834688
1137, 0.0310212230930726
1138, 0.0406298910578092
1139, 0.0475423630947868
1140, 0.0109708131446193
1141, 0.0469724975526333
1142, 0.0148623411078006
1143, 0.0362128888567289
1144, 0.0427294816821814
1145, 0.0110496474163873
1146, 0.0112751346702377
1147, 0.0082142767108356
1148, 0.00965639126176635
1149, 0.0196699136868119
1150, 0.0517200122897824
1151, 0.0523203915605942
1152, 0.0399829039039711
1153, 0.0490457120661934
1154, 0.0264194066015383
1155, 0.0506674746672312
1156, 0.0157357090308021
1157, 0.0087092937513565
1158, 0.0106673065262536
1159, 0.0494634409745534
1160, 0.0448553835352262
1161, 0.0266131220074991
1162, 0.0349909933283925
1163, 0.0439639777565996
1164, 0.0120619557953129
1165, 0.0354815584917863
1166, 0.0262777457634608
1167, 0.0475846116564104
1168, 0.0120847007259727
1169, 0.0168253808903197
1170, 0.00730473820918373
1171, 0.00643715988844633
1172, 0.0856006290763617
1173, 0.0189609220916671
1174, 0.01064970328783
1175, 0.049153852276504
1176, 0.0397603573898474
1177, 0.0517548181116581
1178, 0.0510092390967267
1179, 0.0436513501529892
1180, 0.051470626766483
1181, 0.0307627768876652
1182, 0.018029911754032
1183, 0.0391158148025473
1184, 0.0109983507233361
1185, 0.0471546137705445
1186, 0.0134603005523483
1187, 0.0286865630852325
1188, 0.0392635346700748
1189, 0.020385249517858
1190, 0.0294777806848288
1191, 0.0494048222899437
1192, 0.00879211621358991
1193, 0.0447609520051628
1194, 0.0206741988658905
1195, 0.0348086614782612
1196, 0.046521870419383
1197, 0.0516114132478833
1198, 0.0496851302683353
1199, 0.0317251985892653
1200, 0.0163641802500933
1201, 0.0294354969635606
1202, 0.0113246262383958
1203, 0.0196632181294262
