1, 0.00966865010559559
2, 0.0296272698324174
3, 0.00668400671565905
4, 0.0118905322160572
5, 0.0126845859922469
6, 0.0195715455338359
7, 0.00494730577338487
8, 0.00622728542657569
9, 0.0282247422728688
10, 0.00907713314518332
11, 0.0116542596369982
12, 0.0176283158361912
13, 0.010046324847887
14, 0.0106392120942473
15, 0.0111898600589484
16, 0.0117058579344302
17, 0.0121973577576379
18, 0.0126653934518496
19, 0.0131061697223534
20, 0.0135062759897361
21, 0.0139002626917015
22, 0.0145248793996871
23, 0.0163432188952963
24, 0.022183680596451
25, 0.0267591526110967
26, 0.0166494874283671
27, 0.00996216308946411
28, 0.00662585227595021
29, 0.0083880836609751
30, 0.00982852924304704
31, 0.0107157249003649
32, 0.0111804627037297
33, 0.0114004830053697
34, 0.0114973008943101
35, 0.0115412297503402
36, 0.0115613966093709
37, 0.0115849995054305
38, 0.0116166694400211
39, 0.0116559288774927
40, 0.0116972148728867
41, 0.0117385012563318
42, 0.0117722970899194
43, 0.0118078812180708
44, 0.0118352593077968
45, 0.0118537168794622
46, 0.0118680416295926
47, 0.0118776581560572
48, 0.0118832462467253
49, 0.0118949433478216
50, 0.0119167592686911
51, 0.0119435414671898
52, 0.0119668263942003
53, 0.0119993312594791
54, 0.0120392660610378
55, 0.0120894137459497
56, 0.0121444081887603
57, 0.0122082255159815
58, 0.0122747447652121
59, 0.0123415019673606
60, 0.0124089742700259
61, 0.0124847909125189
62, 0.012563628765444
63, 0.012637657734255
64, 0.0126722775166854
65, 0.0127214216627181
66, 0.0127877020277083
67, 0.0128864871027569
68, 0.0130186903600891
69, 0.0131744962806503
70, 0.0133493761532009
71, 0.0135373695132633
72, 0.0137234947954615
73, 0.0138818845152855
74, 0.0139894111392399
75, 0.014003438098977
76, 0.0139095412256817
77, 0.0136919839618107
78, 0.0133610592844586
79, 0.0129525292043885
80, 0.0125054141196112
81, 0.012052259563158
82, 0.0116112253939112
83, 0.011197727949669
84, 0.0108206689668198
85, 0.0104920485367378
86, 0.0102069394973417
87, 0.0100464840652421
88, 0.00977999123279005
89, 0.00958061389004191
90, 0.00958220319201549
91, 0.00964315872018536
92, 0.00977631596227487
93, 0.00999546175201734
94, 0.0103080684008698
95, 0.0107155265286565
96, 0.0112126295765241
97, 0.0118321604095399
98, 0.0126736575427155
99, 0.0140250151356061
100, 0.0173209542408586
101, 0.0171510305954143
102, 0.0149931929384669
103, 0.00996907707303762
104, 0.00779652696413298
105, 0.00666435683767001
106, 0.00596857179577152
107, 0.00549586699344218
108, 0.00517340586520731
109, 0.00495203405929108
110, 0.00481323494265477
111, 0.00473197386600077
112, 0.00470769490736226
113, 0.00470848963595927
114, 0.00475156400352716
115, 0.0048258313909173
116, 0.004903873661533
117, 0.00516903508105315
118, 0.00563873979263008
119, 0.00611390790436417
120, 0.00665342947468162
121, 0.00722150151462605
122, 0.00778099060213814
123, 0.00828397444759806
124, 0.00864593358710408
125, 0.00871517423850795
126, 0.00830064368589471
127, 0.00726360199041665
128, 0.00585740893923988
129, 0.00915003009140491
130, 0.0149582657031715
131, 0.0247038255135218
132, 0.0208396757952869
133, 0.0152188569772989
134, 0.0131483501754701
135, 0.0120177882102629
136, 0.0110488752058397
137, 0.00993897406650441
138, 0.00960000480214755
139, 0.0101963696070015
140, 0.0110441070670883
141, 0.0120840890643497
142, 0.0132762614327172
143, 0.0144225782714784
144, 0.0149656163218121
145, 0.0149251252102355
146, 0.0145304626785219
147, 0.0139987495106955
148, 0.0134636190099021
149, 0.0130033118960758
150, 0.0126347962456445
151, 0.012358151221027
152, 0.0121556553058326
153, 0.0120119275525212
154, 0.0119098445090155
155, 0.0118381208740175
156, 0.0117843576396505
157, 0.0117427928683658
158, 0.011711957398802
159, 0.01168573104466
160, 0.0116658227828642
161, 0.0116693396121264
162, 0.0116724589218696
163, 0.0117025397097071
164, 0.0117348850083848
165, 0.0117582501843572
166, 0.0117868604138494
167, 0.0118117358845969
168, 0.0118310477895041
169, 0.0118538159877062
170, 0.0118754326055447
171, 0.0095323344382147
172, 0.0150497392751276
173, 0.0245797286430995
174, 0.0247191227972507
175, 0.015548350289464
176, 0.00954500973845522
177, 0.00507191925620039
178, 0.00525919712769489
179, 0.00545585264141361
180, 0.00569876143708825
181, 0.00602138158865273
182, 0.00649500009603798
183, 0.00731043160582582
184, 0.00904520569990079
185, 0.013490600977093
186, 0.0151483155786991
187, 0.0151375962110857
188, 0.0129439461355408
189, 0.0122507040699323
190, 0.0121727408841252
191, 0.0123650256233911
192, 0.0125846094451845
193, 0.0126228759375711
194, 0.0123173419075708
195, 0.0116839429053167
196, 0.0108894530373315
197, 0.0101167776932319
198, 0.00956114288419485
199, 0.00953772838693112
200, 0.0116147623242189
201, 0.0105246719904244
202, 0.0130009280207256
203, 0.0134438104772319
204, 0.0138811098877341
205, 0.0144181875512004
206, 0.0194914567594727
207, 0.0155850475033124
208, 0.018720311888804
209, 0.024633034132421
210, 0.0130456027441791
211, 0.0117376466126492
212, 0.011699161802729
213, 0.0116621671865384
214, 0.0116326437176516
215, 0.0116043513795982
216, 0.0116030200539778
217, 0.0115955492171148
218, 0.0115535080743333
219, 0.0114371995441616
220, 0.011171681030343
221, 0.0106488287759324
222, 0.00981738309686383
223, 0.00881513091735542
224, 0.0126033252260337
225, 0.0125274283345789
226, 0.012447458691895
227, 0.0123774632811546
228, 0.0123044278007001
229, 0.0122358227769534
230, 0.0121702970160792
231, 0.0121117453866949
232, 0.0120609426715722
233, 0.0120153451959292
234, 0.0119786285019169
235, 0.011950058164075
236, 0.0119258984923363
237, 0.0119032089132816
238, 0.0109201092272997
239, 0.0120674793918928
240, 0.0124909898731858
241, 0.0129070704181989
242, 0.013288321516787
243, 0.013598622676606
244, 0.0138010007794946
245, 0.0138832354762902
246, 0.013870877524217
247, 0.0137787288210044
248, 0.0136346841075768
249, 0.0134675921872258
250, 0.0132953545544297
251, 0.0131361506258448
252, 0.0129950271608929
253, 0.0128712680501242
254, 0.012769701735427
255, 0.0126975203553836
256, 0.011982681384931
257, 0.0120258554040144
258, 0.0121905230917037
259, 0.012261293673267
260, 0.0120714129880071
261, 0.0123393159204473
262, 0.0119519057528426
263, 0.0119267526703576
264, 0.0124203186326971
265, 0.0125001292520513
266, 0.0121279778735091
267, 0.0106310066767037
268, 0.0116526510100812
269, 0.0133409923873842
270, 0.0126201536816855
271, 0.013751747397085
272, 0.0103782909922302
273, 0.0112629751674831
274, 0.0130026564002037
275, 0.0136039677696923
276, 0.0137089718288432
277, 0.0135956432204694
278, 0.0130154516082257
279, 0.0128980105898033
280, 0.0127995635848492
281, 0.0127080110056947
282, 0.0131500786325584
283, 0.0137731258291751
284, 0.0134525519485275
285, 0.0133009379108747
286, 0.0126397436639915
287, 0.0120566712381939
288, 0.015921198297292
289, 0.014008921959127
290, 0.0115612971130759
291, 0.0182043939518432
292, 0.0125344819389284
293, 0.0134516186856975
294, 0.0146908392974486
295, 0.00838154709587494
296, 0.0117726547177881
297, 0.0118405049821983
298, 0.0118094511174907
299, 0.0116460345840702
300, 0.0113015794971337
301, 0.0116495514133324
302, 0.0114912010418872
303, 0.0110050657143195
304, 0.011866313793386
305, 0.0118839563025782
306, 0.0118928218260407
307, 0.011649650754407
308, 0.0116366964454452
309, 0.0116332593218734
310, 0.0116348093530784
311, 0.0117093345616013
312, 0.0115967409995695
313, 0.0110713857381294
314, 0.0116747439218064
315, 0.0119054167797523
316, 0.0125922838092915
317, 0.0200337197942038
318, 0.0109364492818713
319, 0.019431812223047
320, 0.0175435966812074
321, 0.0119038606062531
322, 0.0120796780878057
323, 0.0121449253056198
324, 0.0122937187552452
325, 0.0122173054454227
326, 0.0120262927375734
327, 0.0123849535981814
328, 0.0124797845104088
329, 0.0119838540752729
330, 0.0119467400169621
331, 0.0119174544233829
332, 0.0118391935247928
333, 0.0137283625857284
334, 0.0137731063490113
335, 0.0131208127519737
336, 0.0136012656148523
337, 0.0136853483660767
338, 0.0134393001596133
339, 0.0132728640455753
340, 0.0134681886217246
341, 0.0131510521750897
342, 0.0129884113557637
343, 0.0126980370065818
344, 0.0127775099438926
345, 0.0126318164014568
346, 0.0125620557394411
347, 0.0128737910805891
348, 0.0111737469366441
349, 0.011479976043726
350, 0.0122252330183983
351, 0.0129379653371871
352, 0.0119597342175742
353, 0.0110445043537766
354, 0.0183978507605692
355, 0.0162832168862224
356, 0.014883163307483
357, 0.0140991037866722
358, 0.012446028413251
359, 0.0115443093236536
360, 0.0117455940538396
361, 0.011820815425987
362, 0.0118860031167666
363, 0.0118563598177085
364, 0.0116873405252894
365, 0.0116690217206875
366, 0.0117082818566511
367, 0.011660041520372
368, 0.0117031352904936
369, 0.011709513530756
370, 0.0116573200405886
371, 0.0116690620003889
372, 0.011722686002031
373, 0.0122017084310452
374, 0.011842570733279
375, 0.0116924669127911
376, 0.0117831852597495
377, 0.0126655600965023
378, 0.0165166540869645
379, 0.0118809792745326
380, 0.0131466016949465
381, 0.011975072324276
382, 0.0123418395717939
383, 0.0119370243822535
384, 0.0120234710630029
385, 0.0122473661322147
386, 0.0124446376382063
387, 0.0119051159514735
388, 0.0121642968151718
389, 0.0120877445830653
390, 0.0125531693920493
391, 0.0124151731530825
392, 0.0126377567648888
393, 0.0125780725696435
394, 0.0129462904296815
395, 0.0120499958284199
396, 0.0117045866015057
397, 0.0131128059389691
398, 0.0135363365989178
399, 0.0138642617190878
400, 0.0137392309649537
401, 0.0133168720640242
402, 0.0138436384343853
403, 0.0136554666484396
404, 0.0125161906704307
405, 0.0125390712637454
406, 0.0127165738182763
407, 0.0128172067925334
408, 0.012782238656655
409, 0.0114777309354395
410, 0.0129081034877648
411, 0.0134594664753725
412, 0.012426299508661
413, 0.0182282761670649
414, 0.0163345168499897
415, 0.0149584045478453
416, 0.0117280307846765
417, 0.0128635985311121
418, 0.0118696513430526
419, 0.0117200630096098
420, 0.0116874005179852
421, 0.011843763369446
422, 0.0117589653624843
423, 0.0118013046837101
424, 0.0116877182542036
425, 0.0116986453067511
426, 0.0123048250097781
427, 0.0120075967473288
428, 0.0116981094858299
429, 0.0118030928230534
430, 0.0117637734704961
431, 0.0114196320995688
432, 0.0119343680728759
433, 0.0140361410255233
434, 0.0119257393913964
435, 0.0118817961774766
436, 0.011967661169668
437, 0.0122904006857425
438, 0.0124141170776316
439, 0.0121904035719732
440, 0.0120265511019776
441, 0.0121012354114403
442, 0.0129885103863974
443, 0.012451452203095
444, 0.012262664657707
445, 0.0126343394319216
446, 0.0124343456700444
447, 0.0132129217963666
448, 0.0134932028595358
449, 0.0137858220841736
450, 0.0140136110130697
451, 0.0140675332707663
452, 0.0127902254462242
453, 0.0129725360311568
454, 0.0126570887708416
455, 0.0124932553929587
456, 0.0125627344629417
457, 0.0133436745187889
458, 0.0134657650099446
459, 0.0129059977674236
460, 0.0141255285901328
461, 0.0164583357206235
462, 0.017870119586587
463, 0.0188320310165485
464, 0.011724056986471
465, 0.01179319821919
466, 0.0122430946212262
467, 0.0118344250756005
468, 0.0120188419241458
469, 0.0118189672939479
470, 0.0117663561056058
471, 0.0117409448139369
472, 0.0117292429010073
473, 0.0118964336191614
474, 0.0132461211178452
475, 0.0117253688319276
476, 0.01262953140152
477, 0.0117571971689661
478, 0.0118705295957625
479, 0.0163823859766126
480, 0.0146170878627648
481, 0.0118741532787681
482, 0.0119103415248295
483, 0.0122344115904222
484, 0.0119648997206241
485, 0.0121242027574529
486, 0.0120351736744245
487, 0.0135941133679201
488, 0.0123162685583035
489, 0.0132249620122214
490, 0.0129044934708093
491, 0.0134646521570782
492, 0.0123184941864262
493, 0.0138540889602154
494, 0.013121388386935
495, 0.0142110015731305
496, 0.0128495912067592
497, 0.0126454258182396
498, 0.0125086925302943
499, 0.0123366855084896
500, 0.012412331920738
501, 0.0123496877495199
502, 0.0138981368703147
503, 0.0124746825546026
504, 0.0141238995517294
505, 0.0134719043659667
506, 0.0149923988307516
507, 0.0169420439217772
508, 0.0117345079779625
509, 0.0118295967889329
510, 0.0124463864291708
511, 0.0118906320227931
512, 0.0121630656843384
513, 0.0117938738937179
514, 0.0119919801751773
515, 0.0117938141338527
516, 0.0129174021227906
517, 0.0136448366877933
518, 0.0117748008730511
519, 0.011757912269483
520, 0.0174820111133158
521, 0.0150654341559857
522, 0.0118497290116336
523, 0.0119086528817813
524, 0.0121827998996845
525, 0.011973939758415
526, 0.0120560155871014
527, 0.0142097499532004
528, 0.0138628114170084
529, 0.0134597094729543
530, 0.0134312733231733
531, 0.0130324785131961
532, 0.0127335609092067
533, 0.0139261906345685
534, 0.0125159247933576
535, 0.0123711053747684
536, 0.0121953509903202
537, 0.0122754992141078
538, 0.014360708805422
539, 0.0122139279264957
540, 0.0149015213828534
541, 0.0140534070475648
542, 0.0161748356961956
543, 0.0118341665559759
544, 0.0117684429666648
545, 0.0118983013865848
546, 0.0119770786259323
547, 0.012290122685954
548, 0.0120926323967675
549, 0.012601715978235
550, 0.0130818112908552
551, 0.014095649455807
552, 0.0118528824920456
553, 0.0118079009310653
554, 0.0117798074303816
555, 0.0119054682685861
556, 0.0120012979799261
557, 0.0151516940444708
558, 0.0147734316221128
559, 0.0146664236672223
560, 0.0129416411121686
561, 0.0133866892041018
562, 0.0126218226893495
563, 0.0123992785035322
564, 0.0122533265966922
565, 0.0121569854672998
566, 0.0156502753185729
567, 0.0144498974550515
568, 0.0120596227768276
569, 0.0120977383727829
570, 0.0158696398915102
571, 0.0118274710451563
572, 0.0120602669194341
573, 0.0121980730909854
574, 0.0127163748256862
575, 0.0124054379605999
576, 0.0131587407086045
577, 0.0137439273297787
578, 0.0119730655569583
579, 0.0118346038895349
580, 0.0118204176736375
581, 0.0120921157300472
582, 0.0118557714857161
583, 0.011948420945555
584, 0.0147198866276691
585, 0.0125163622045269
586, 0.0128408297120283
587, 0.0122976327935855
588, 0.0121536282046388
589, 0.0120628299967696
590, 0.0139673577311138
591, 0.0149645152102624
592, 0.0119709790839503
593, 0.0120009599874417
594, 0.0119204739263902
595, 0.013297401368618
596, 0.0139196942715595
597, 0.0118914070383956
598, 0.0152615338563919
599, 0.0118858637288213
600, 0.0144657879136503
601, 0.0114427829782168
602, 0.0102851804501067
603, 0.01083769579418
604, 0.0113835156274339
605, 0.0118989369366318
606, 0.0123950465737532
607, 0.0128671353838096
608, 0.0133365018603702
609, 0.0138330485206097
610, 0.0144505326170474
611, 0.0156671228663375
612, 0.01894164380307
613, 0.0119836952847739
614, 0.0114024702149133
615, 0.0109354476444423
616, 0.0105582691418628
617, 0.0102756239163379
618, 0.0100859818048775
619, 0.0099793488625437
620, 0.00992979776735107
621, 0.00500808252642552
622, 0.00487703174197425
623, 0.00489670119713992
624, 0.00496524653863162
625, 0.0050958205635349
626, 0.00530954299028963
627, 0.00563252069211255
628, 0.00609821170413246
629, 0.00677732739131898
630, 0.0078157001407817
631, 0.00960342244555553
632, 0.0125641246947149
633, 0.00574737892020494
634, 0.00831455194080869
635, 0.0085869450122118
636, 0.00855577147255341
637, 0.00814171779590348
638, 0.00751884921919554
639, 0.00748241091302286
640, 0.0177832197930132
641, 0.00489783384061108
642, 0.00846531133477887
643, 0.00526714429724962
644, 0.0054859130953749
645, 0.00533660342140744
646, 0.00572939810808748
647, 0.00610224526220312
648, 0.00663089845329523
649, 0.00738902987601856
650, 0.0100574312576403
651, 0.0049545179742078
652, 0.00624323011531184
653, 0.00733884311436365
654, 0.00786598690319806
655, 0.00844596015910308
656, 0.0087623610937347
657, 0.00900723692029715
658, 0.00937126254818092
659, 0.0239799269475043
660, 0.0138524792467554
661, 0.0182892703451216
662, 0.016006154473871
663, 0.0126883609530826
664, 0.0116404914297163
665, 0.0132227761981388
666, 0.0146835474297404
667, 0.012172065442428
668, 0.0111102681451788
669, 0.0127438129857183
670, 0.0117899399871627
671, 0.0113626736371468
672, 0.0110131915813933
673, 0.0107544281054288
674, 0.0105984030136218
675, 0.010493459024777
676, 0.0152744679556539
677, 0.0137933515167485
678, 0.0122995796458175
679, 0.0132841233696256
680, 0.0102865317215522
681, 0.0118656184834739
682, 0.0136147366526226
683, 0.012511994317174
684, 0.00575153137712429
685, 0.00805260834749788
686, 0.00722267350647599
687, 0.00591615944479903
688, 0.00662307045422494
689, 0.00619838728259007
690, 0.00918080541305244
691, 0.010785164233918
692, 0.00523976585827768
693, 0.0058796217199415
694, 0.00801374681759626
695, 0.00678825518116355
696, 0.0104721013922244
697, 0.00953455944545567
698, 0.00888214679434896
699, 0.0075033320657288
700, 0.0161687962245196
701, 0.0180963904907306
702, 0.0147610925293217
703, 0.0131362703007956
704, 0.0138290152729799
705, 0.0125471774178247
706, 0.0119830394008507
707, 0.0114050727182378
708, 0.0202262677252293
709, 0.010481461549976
710, 0.012905699123318
711, 0.0141772453207523
712, 0.0164763242006302
713, 0.0121613362959276
714, 0.0117878137001147
715, 0.0125611250599225
716, 0.0114658297194789
717, 0.0112359744186203
718, 0.0111520480630653
719, 0.0136009283208599
720, 0.00526575363862018
721, 0.00537533519257392
722, 0.014473878312856
723, 0.0177517990315599
724, 0.0130086648943169
725, 0.00563166643648098
726, 0.00983156923515101
727, 0.0112354575345914
728, 0.00638318174363424
729, 0.00669785453161846
730, 0.00870879642510166
731, 0.00783066067378968
732, 0.0071694264964511
733, 0.00567007177354147
734, 0.00641469284892082
735, 0.00696305561965952
736, 0.00832426679941515
737, 0.0109356265359869
738, 0.007768175448291
739, 0.00982437717417876
740, 0.0118310074321926
741, 0.0124274515546858
742, 0.0158803086572637
743, 0.0171788165656229
744, 0.0130666120288273
745, 0.0146752023914208
746, 0.0137816892626385
747, 0.00991003662347794
748, 0.0109207411296666
749, 0.0053597938735038
750, 0.0129679860547185
751, 0.0116505882702768
752, 0.0122108880120019
753, 0.0125233154588689
754, 0.0128088612885525
755, 0.0119024737893293
756, 0.0133394423561792
757, 0.00608490027176837
758, 0.0117064534376065
759, 0.00721277921305348
760, 0.0104477819986641
761, 0.00773833338947346
762, 0.00562121956609189
763, 0.00935614264259736
764, 0.0084421051821361
765, 0.00619777160075804
766, 0.00607674555586917
767, 0.00720495125278831
768, 0.00896610963779191
769, 0.00823803897947073
770, 0.0110120791941881
771, 0.0125556416654338
772, 0.00664174665386478
773, 0.0153448609635234
774, 0.0123228879778513
775, 0.0144909051402162
776, 0.0159270988466839
777, 0.016731702722609
778, 0.0130146173760295
779, 0.0137006864727785
780, 0.0130302731413394
781, 0.0129056794879337
782, 0.0126265112000207
783, 0.0130738238804042
784, 0.0129210972227156
785, 0.0142847330309451
786, 0.00669316019463752
787, 0.0120397824017952
788, 0.00830809434410185
789, 0.0110358413464079
790, 0.00905233776817719
791, 0.00997793821928402
792, 0.00686512518829356
793, 0.00758002364697556
794, 0.0127217790111899
795, 0.00905541772954166
796, 0.0100735245117297
797, 0.00695248580692957
798, 0.0147733915752421
799, 0.0148844746096681
800, 0.0153352847167601
801, 0.0142204986574749
802, 0.0135579932636271
803, 0.0129964138381183
804, 0.0130731882527471
805, 0.0133532821200788
806, 0.0133586748658369
807, 0.0128971840254962
808, 0.0127843982273979
809, 0.0125106763360756
810, 0.00731675759889185
811, 0.00963113883820673
812, 0.00643313052132726
813, 0.0115147250859688
814, 0.010578773294886
815, 0.00772055122070014
816, 0.00819051467503111
817, 0.0103044133478155
818, 0.0117774202621409
819, 0.00741374643985182
820, 0.0140715864642213
821, 0.0142002926828961
822, 0.0140597847445558
823, 0.0139091039697329
824, 0.0131498000894984
825, 0.00821582058311573
826, 0.0112048008789619
827, 0.0120874466374516
828, 0.0088393505041798
829, 0.0091986875825872
830, 0.0116731903515756
831, 0.0133113093518962
832, 0.0132905467568586
833, 0.0132095495771085
834, 0.0136717383284122
835, 0.00929961362853646
836, 0.0126812676899135
837, 0.010156752464051
838, 0.0106605483618166
839, 0.0136480352841318
840, 0.0126349470578134
841, 0.0118156696359317
842, 0.0125073022209108
843, 0.0234882282093167
844, 0.0142552876689782
845, 0.0118284050840884
846, 0.0129473234216372
847, 0.0119114735474189
848, 0.0130393925743798
849, 0.0145568083971739
850, 0.0179728104267269
851, 0.0117441240387658
852, 0.0118651806842536
853, 0.0118649742566049
854, 0.0118601340800524
855, 0.0117837809957564
856, 0.0118509157715986
857, 0.0118364321533591
858, 0.0119585413485765
859, 0.0117468460618208
860, 0.0123838207218796
861, 0.0115983108989894
862, 0.0133474497124553
863, 0.0114408750863125
864, 0.01117517791378
865, 0.0119646133056709
866, 0.0132413929483543
867, 0.0122018679200361
868, 0.0112828832740585
869, 0.0104733924381435
870, 0.0118238353946557
871, 0.0118013445753604
872, 0.0117767081440737
873, 0.0117522698516647
874, 0.0117247325057785
875, 0.0116944733696679
876, 0.0118829629694422
877, 0.0118115170237919
878, 0.011781933484599
879, 0.0120603267569095
880, 0.0121980534556011
881, 0.0117006129585207
882, 0.0116484786073367
883, 0.0126282797815899
884, 0.0115476669743657
885, 0.011497956700623
886, 0.0138074386244019
887, 0.0142745405125121
888, 0.011345309127743
889, 0.0146390824423482
890, 0.0147312511689961
891, 0.0108527961807946
892, 0.010281167148302
893, 0.0093633943858246
894, 0.00815993725943069
895, 0.00775100969864676
896, 0.0181674481635647
897, 0.0118441802915186
898, 0.0117473421463122
899, 0.0118595183206101
900, 0.0118154708761722
901, 0.0117962182654689
902, 0.0117741446786871
903, 0.0117146793442468
904, 0.011789979878813
905, 0.0119925558877488
906, 0.0124530024671306
907, 0.0133273827377707
908, 0.0126677975834658
909, 0.0146110280572126
910, 0.0127529921786239
911, 0.0116801520809531
912, 0.0143063893386473
913, 0.0116917906949917
914, 0.0119275071192533
915, 0.012069684608529
916, 0.0122938379645348
917, 0.0137938684783876
918, 0.0137086737280091
919, 0.0118296764946232
920, 0.0118731079467883
921, 0.0121711317139367
922, 0.0129572777853658
923, 0.0147251912858337
924, 0.0118597570496301
925, 0.0112960557453334
926, 0.0118552470313651
927, 0.0115654293137292
928, 0.0106437627691776
929, 0.0118571739488592
930, 0.0118563401823243
931, 0.0118462066166103
932, 0.0117967153588931
933, 0.011824232681344
934, 0.011701407454287
935, 0.0116363188717514
936, 0.0114003639513006
937, 0.011483472927163
938, 0.010936719365418
939, 0.0101569711696357
940, 0.0111464083505174
941, 0.0103174665321906
942, 0.0117542173247784
943, 0.0149349401084085
944, 0.0109843991696835
945, 0.0132963884777079
946, 0.0176465734063337
947, 0.0117133875111384
948, 0.0200750380754471
949, 0.0100117706693709
950, 0.0119425590549197
951, 0.0123927449541433
952, 0.0182020517864398
953, 0.0117475767619908
954, 0.0117721381442
955, 0.0117966552109768
956, 0.01181594755811
957, 0.0118381603776167
958, 0.0117543959834923
959, 0.0121911785875758
960, 0.0119942252058536
961, 0.0119540912564844
962, 0.0125124878250062
963, 0.0123087392033388
964, 0.012124620222797
965, 0.0119105400517583
966, 0.012079360584418
967, 0.0120350147287051
968, 0.0128645126242191
969, 0.0134090210776776
970, 0.0141287868997703
971, 0.0118692737693588
972, 0.0150017365813255
973, 0.0143767822689066
974, 0.0118326568820824
975, 0.0153057402155052
976, 0.0117296598230799
977, 0.0133558535017073
978, 0.0114064043542991
979, 0.0115214609540999
980, 0.0111458122264594
981, 0.0116207618266344
982, 0.0117065329880764
983, 0.0112855058784286
984, 0.0117703300590316
985, 0.0110063571482897
986, 0.0118152921398481
987, 0.011844855810826
988, 0.0118597963980089
989, 0.0118620217156907
990, 0.0109120431200912
991, 0.0113867942709476
992, 0.011856459469224
993, 0.010972760617733
994, 0.0118469023810966
995, 0.0118457823060453
996, 0.0176843229370813
997, 0.0152257537868406
998, 0.0117742699304862
999, 0.0118002916375796
1000, 0.011820437774683
1001, 0.0118323987505088
1002, 0.0139940800145268
1003, 0.0154368305423607
1004, 0.011901917324091
1005, 0.0118822081324955
1006, 0.0119197192446639
1007, 0.0119346800881128
1008, 0.0119550454740723
1009, 0.0119608069459597
1010, 0.0119531971092025
1011, 0.0119299116389205
1012, 0.0130795266013592
1013, 0.0120803935763737
1014, 0.0124484126766523
1015, 0.0119004074173669
1016, 0.0118679824906091
1017, 0.0117983441644659
1018, 0.0120219812573244
1019, 0.011473022090892
1020, 0.0116008938445399
1021, 0.0117050626625617
1022, 0.0113348388113081
1023, 0.011784396522368
1024, 0.0112055165227503
1025, 0.0118751947302371
1026, 0.0111144604937484
1027, 0.0118344846026351
1028, 0.0118641285225749
1029, 0.0118736249084274
1030, 0.0113882646740725
1031, 0.011136255847911
1032, 0.0118632939799378
1033, 0.0118510747328401
1034, 0.0173229953274131
1035, 0.0118363320361823
1036, 0.0118271535417686
1037, 0.0118071580305696
1038, 0.0138129016074042
1039, 0.0127558533567935
1040, 0.0116634593966107
1041, 0.0115850392418603
1042, 0.0117584886029363
1043, 0.0118387561912338
1044, 0.011892360712712
1045, 0.0119216660192857
1046, 0.0115701778170963
1047, 0.0120698437870791
1048, 0.0119236725537727
1049, 0.0117019636866947
1050, 0.0119134210981429
1051, 0.0118911289609969
1052, 0.0118351205407331
1053, 0.0162560569588095
1054, 0.0172647063930829
1055, 0.0131793244120975
1056, 0.0115957680003097
1057, 0.0117133875998358
1058, 0.0114651940918217
1059, 0.0118001520168036
1060, 0.0118596178169052
1061, 0.0113514288483808
1062, 0.0113007051404566
1063, 0.0118976261777182
1064, 0.0118891620853295
1065, 0.0118923410773277
1066, 0.0113902906111131
1067, 0.0123977088369429
1068, 0.0118727708080163
1069, 0.0117205604910851
1070, 0.0118482135502355
1071, 0.0149092460982502
1072, 0.0158912651240826
1073, 0.0152717256763329
1074, 0.0118601742821435
1075, 0.0135222299334904
1076, 0.0149104150012135
1077, 0.0126631485763937
1078, 0.0115154803109666
1079, 0.00898528238758445
1080, 0.0104909161260972
1081, 0.00754841277375817
1082, 0.0120052287488111
1083, 0.0177179399567346
1084, 0.0142332143926372
1085, 0.0171774658374488
1086, 0.0226027810325225
1087, 0.00714941970848789
1088, 0.00773108172385643
1089, 0.0082897562533617
1090, 0.00874106275538603
1091, 0.00890658446587622
1092, 0.00842017063405365
1093, 0.00761246809270233
1094, 0.0112989969396343
1095, 0.00883066852111369
1096, 0.0074025805030639
1097, 0.00663075984145204
1098, 0.00614355124222736
1099, 0.00581071894460668
1100, 0.00555902832032492
1101, 0.00535104788529376
1102, 0.0111598988684515
1103, 0.0118634722506007
1104, 0.0124126696803917
1105, 0.0126590557241191
1106, 0.0125936298475911
1107, 0.012380443358173
1108, 0.0122263056691736
1109, 0.0123068314666549
1110, 0.012787086268266
1111, 0.0136735267781963
1112, 0.00615515435735385
1113, 0.00794154587977876
1114, 0.00709301400153587
1115, 0.00653036571263025
1116, 0.00927692876818279
1117, 0.00656567145294199
1118, 0.00601536159714063
1119, 0.00835329464947184
1120, 0.00950342579744756
1121, 0.00972889045563837
1122, 0.00557651640847325
1123, 0.0094254231856515
1124, 0.00924052981038888
1125, 0.00888270341480772
1126, 0.00774872477632016
1127, 0.0140916140129169
1128, 0.0125785692750166
1129, 0.016169888433069
1130, 0.0104668556402127
1131, 0.0100075976923108
1132, 0.0128998778915654
1133, 0.0123091170098633
1134, 0.012111189464728
1135, 0.012811087227116
1136, 0.012510758669426
1137, 0.0121661050555607
1138, 0.0126510687017192
1139, 0.0129307134387394
1140, 0.0124531611024092
1141, 0.0119442114872592
1142, 0.00590094617967095
1143, 0.017767213905851
1144, 0.00992567734792829
1145, 0.0123241479242487
1146, 0.0154054786544293
1147, 0.011245337714042
1148, 0.016699952694277
1149, 0.00688497357380887
1150, 0.00750341177141915
1151, 0.00841510482132435
1152, 0.00980133035530647
1153, 0.00648777601309121
1154, 0.00909086254735788
1155, 0.00952442681106428
1156, 0.00984738433423142
1157, 0.0102371191605926
1158, 0.0109587134017299
1159, 0.00849302780504028
1160, 0.00650012617309888
1161, 0.00713420069466035
1162, 0.013881944740812
1163, 0.0156914622833331
1164, 0.0118584057781845
1165, 0.0122492935042828
1166, 0.0128172259622564
1167, 0.0136230813805014
1168, 0.0119051957347741
1169, 0.0133933251102765
1170, 0.0118322989437729
1171, 0.011957408937936
1172, 0.0116522505081126
1173, 0.014396217558533
1174, 0.0146926071805259
1175, 0.00719700687165771
1176, 0.00781188583156715
1177, 0.00874132111979028
1178, 0.00999927738060554
1179, 0.011323335301131
1180, 0.0106991943127165
1181, 0.0115563294384629
1182, 0.0102328874636441
1183, 0.00987130589783192
1184, 0.00939212436787784
1185, 0.0078475095021228
1186, 0.0149576102072994
1187, 0.0125658058561385
1188, 0.0125893376767635
1189, 0.0134538950930749
1190, 0.0130190872587264
1191, 0.0121905823082974
1192, 0.0139435159508139
1193, 0.0116772673403223
1194, 0.0112338087521493
1195, 0.0113526802354803
1196, 0.0114509682171047
1197, 0.015553596507137
1198, 0.00879210419952869
1199, 0.0101914257476372
1200, 0.0119082753080875
1201, 0.0110989233168463
1202, 0.0106323582585901
1203, 0.0102846639541288
1204, 0.00869043823331594
1205, 0.0143595962785184
1206, 0.0120858571026474
1207, 0.0132247431514164
1208, 0.0114113112601141
1209, 0.0110301594249904
1210, 0.0107765414286405
1211, 0.0134976272737341
1212, 0.014587206300348
1213, 0.00800953079015016
1214, 0.00973745373388132
