1, 0.00668376812245697
2, 0.027000194725891
3, 0.005360008450225
4, 0.00788402673788369
5, 0.0126062650233507
6, 0.0184016255661845
7, 0.00339222012553364
8, 0.0023964648717083
9, 0.0270027363051971
10, 0.00668263586703688
11, 0.0125995907001197
12, 0.0183945931494236
13, 0.00714080169564113
14, 0.00772736605722457
15, 0.0081920043254892
16, 0.00866991436729828
17, 0.00913135365893443
18, 0.00960008489588896
19, 0.0101391092563669
20, 0.0109078304376453
21, 0.0123240373407801
22, 0.0155297946960976
23, 0.0220273383893073
24, 0.020989183569327
25, 0.0156774938416978
26, 0.0117073870884875
27, 0.00779835522795717
28, 0.0052654353591303
29, 0.00408709113253281
30, 0.00375380188537141
31, 0.00346843453977878
32, 0.00453817916180318
33, 0.0056289843050763
34, 0.00644689930292467
35, 0.00702003777648012
36, 0.0073976730927825
37, 0.00764376064762473
38, 0.00779036847719302
39, 0.00786338405062755
40, 0.00786718865856528
41, 0.0078292703256011
42, 0.00778671268684169
43, 0.00775329403889676
44, 0.00774105506328245
45, 0.00780789166068037
46, 0.00796985796963175
47, 0.00821562778825561
48, 0.00855851328621308
49, 0.00898027575264374
50, 0.00945484824478626
51, 0.00996422984947761
52, 0.0104913730174303
53, 0.011023762015005
54, 0.0115189572485785
55, 0.0121248986106366
56, 0.0123879139622053
57, 0.0122469294195374
58, 0.0120243652102848
59, 0.0117058378333847
60, 0.0112746974142889
61, 0.0107711171731353
62, 0.0102055884587268
63, 0.0096146281187733
64, 0.00904095328102509
65, 0.00849870980406801
66, 0.00802298534351091
67, 0.0076304687342296
68, 0.00732906768098474
69, 0.00709815959756573
70, 0.00692494857745866
71, 0.00684078666381538
72, 0.00690921279601753
73, 0.00705015806791683
74, 0.0072728805243969
75, 0.0075997922103852
76, 0.00801781953002016
77, 0.00851710777108868
78, 0.00907906067247192
79, 0.00968460397173961
80, 0.0103425206616521
81, 0.0110704521648586
82, 0.0119903110899031
83, 0.0133681323689719
84, 0.0154484931069116
85, 0.0162492220600446
86, 0.0131798407528549
87, 0.00810098803291718
88, 0.00656839312675099
89, 0.00562091738296052
90, 0.00490975465315084
91, 0.00436107371933758
92, 0.0039383575397854
93, 0.00363727457200487
94, 0.00343593012075871
95, 0.00330102498022219
96, 0.00324209589355936
97, 0.00322703582545122
98, 0.00326625572051853
99, 0.00332037666036437
100, 0.0033558215557908
101, 0.00339478309615515
102, 0.00341975751022498
103, 0.00346223577313746
104, 0.00344797047243143
105, 0.00336444447748363
106, 0.00318149781863516
107, 0.00285828164002548
108, 0.00234514517554392
109, 0.00163469743953707
110, 0.000902970782287108
111, 0.00116576773871202
112, 0.00164711511024507
113, 0.00342234045577546
114, 0.00640499708242714
115, 0.0106602536203961
116, 0.0154669315864642
117, 0.0220094164833426
118, 0.0219530300237238
119, 0.0155381190901001
120, 0.0123244745191187
121, 0.0109083872133245
122, 0.0101367450940112
123, 0.00960455508902669
124, 0.00913300279838344
125, 0.00867243739776313
126, 0.00819532192933063
127, 0.00772724692554524
128, 0.00714190443977714
129, 0.00691934566323956
130, 0.00709005336587628
131, 0.00732235261239111
132, 0.0076202170457691
133, 0.00801483968583246
134, 0.00848527920121948
135, 0.00902116469418009
136, 0.00960413739085197
137, 0.0101983564284941
138, 0.0107696074992418
139, 0.0112777571193874
140, 0.0117075069186588
141, 0.0120437168516219
142, 0.0122719625942409
143, 0.0124013451859355
144, 0.0121385781094432
145, 0.0115274214185774
146, 0.0110316694093247
147, 0.01049133312578
148, 0.00996558011199037
149, 0.00945353647693992
150, 0.0089751494427522
151, 0.00855716224759817
152, 0.00820938885832826
153, 0.0079595260322094
154, 0.00781285918007294
155, 0.00773747893981636
156, 0.00774558509389559
157, 0.00779195758514106
158, 0.00783415775125225
159, 0.00786432798486203
160, 0.00413864944130182
161, 0.00537192937918007
162, 0.00789749785326421
163, 0.0118798442805807
164, 0.0165130337700248
165, 0.0227129105478525
166, 0.0205026597250253
167, 0.0146628639971217
168, 0.0104751996695995
169, 0.0062831254520764
170, 0.00330730337494363
171, 0.00160345465701539
172, 0.00339317382895388
173, 0.00335526528457801
174, 0.00331727706361562
175, 0.00326482505382349
176, 0.00322953918172667
177, 0.00323736733601739
178, 0.00329776670938979
179, 0.00343680455504606
180, 0.00364319568810364
181, 0.00394117917555074
182, 0.00436918033907811
183, 0.00491945057486494
184, 0.00561928865499794
185, 0.00658047338947654
186, 0.00812184989141921
187, 0.0131707218242809
188, 0.0162168775374691
189, 0.0154132877166073
190, 0.0133851799182594
191, 0.0120069608092308
192, 0.0110744261182845
193, 0.0103381890803576
194, 0.00969346519559622
195, 0.00909769721329212
196, 0.00854206286991636
197, 0.00803633701677124
198, 0.00761588530925413
199, 0.00729060304972033
200, 0.00706490028339128
201, 0.00691775589560469
202, 0.00684575348471602
203, 0.0126514625070351
204, 0.00735485662395755
205, 0.00524954086480041
206, 0.00895695054593186
207, 0.00943458266556263
208, 0.00997086560043196
209, 0.0106707034477343
210, 0.0117874366696924
211, 0.0137363101821393
212, 0.0167015624853472
213, 0.00985539083679517
214, 0.0156539506278932
215, 0.00783058155017594
216, 0.00680907691518466
217, 0.00618672498967499
218, 0.00540353951510042
219, 0.00457525317324325
220, 0.00374603329692036
221, 0.0107686540577561
222, 0.0102533316239715
223, 0.00974238066313167
224, 0.00925646380831798
225, 0.00881207152269781
226, 0.00841969422375163
227, 0.00811670379092296
228, 0.007900358720993
229, 0.00777008264170339
230, 0.00774055859073997
231, 0.00775712868198752
232, 0.00779352729053547
233, 0.00728885480202734
234, 0.00749806698877364
235, 0.0100562985365589
236, 0.0105646071800341
237, 0.0110151386664559
238, 0.0114006618969142
239, 0.0116971356328577
240, 0.0118980233091861
241, 0.0120396439451724
242, 0.00953298954603573
243, 0.00775983060399691
244, 0.00810557762936999
245, 0.00852944616538783
246, 0.00901512475684285
247, 0.0104906777851284
248, 0.0108438750418524
249, 0.0111264012133082
250, 0.0113478523368637
251, 0.0114923341510197
252, 0.00723918426471452
253, 0.00771820692655941
254, 0.00753075008591016
255, 0.0059918372038131
256, 0.00675110138642291
257, 0.00630094712444892
258, 0.0112886251881719
259, 0.00772309446862588
260, 0.00961250229738653
261, 0.00836994398074845
262, 0.00787818563791613
263, 0.00916208986503383
264, 0.0105713030012945
265, 0.0100856640686591
266, 0.00873830099590123
267, 0.0117127199657261
268, 0.0077285779795299
269, 0.00808513288696607
270, 0.00775728782173246
271, 0.00848494128634532
272, 0.0106789290439337
273, 0.0116618696289758
274, 0.013029220358779
275, 0.00995964005899926
276, 0.00799042137805372
277, 0.00939013754638533
278, 0.00785228347272745
279, 0.0115354931248086
280, 0.00835299662624796
281, 0.0112336894497275
282, 0.00962762208655477
283, 0.00916950094203154
284, 0.00874392354550461
285, 0.0111701311543584
286, 0.011090002876396
287, 0.0109695023080955
288, 0.0107811711883793
289, 0.00804535710873703
290, 0.0100785909065356
291, 0.00740784542479863
292, 0.0070873707300052
293, 0.0070368261464561
294, 0.00713396212086082
295, 0.0077556895557791
296, 0.0104131918245306
297, 0.00876420883772274
298, 0.00916445394977927
299, 0.0100017009147753
300, 0.0095825605870535
301, 0.00840238869811098
302, 0.00787798695576688
303, 0.00773318752180785
304, 0.00810496136546135
305, 0.00766915218749394
306, 0.0110232057825973
307, 0.00887904727521042
308, 0.0127093221526593
309, 0.0116468095220625
310, 0.010733368108049
311, 0.00999784648107986
312, 0.00838613680874308
313, 0.0145387081429362
314, 0.00761785249536236
315, 0.00575504797355582
316, 0.0108595934829542
317, 0.00859942217357457
318, 0.00754877632217748
319, 0.0101799583838632
320, 0.00897739493908981
321, 0.00978281255811453
322, 0.0109056651902696
323, 0.0109295273044457
324, 0.0108993471755336
325, 0.00937638858643671
326, 0.0073800099392732
327, 0.00830793529748917
328, 0.0105220299835006
329, 0.00771671665521959
330, 0.00720131521423658
331, 0.0076644909568131
332, 0.00814755905109147
333, 0.0103751044565191
334, 0.0100194830447435
335, 0.00926220517915984
336, 0.00786308560054749
337, 0.009648940525949
338, 0.00766279439752301
339, 0.00848484202288091
340, 0.0088685965941598
341, 0.00941765479122599
342, 0.0107434212695807
343, 0.012473625363782
344, 0.0115898669852565
345, 0.00885989137792162
346, 0.0136344062630087
347, 0.00757954260334373
348, 0.00783383972011507
349, 0.00754072801209986
350, 0.00922451564110816
351, 0.010646702721715
352, 0.00963026463675002
353, 0.00999953520173828
354, 0.0103560502951344
355, 0.0108517227539172
356, 0.0106985588291926
357, 0.00751533235112826
358, 0.0108197156805545
359, 0.0106427924707532
360, 0.00816196327408155
361, 0.00857442772636811
362, 0.0104133308244248
363, 0.00981096597388387
364, 0.0101363679859787
365, 0.00778203484203134
366, 0.00943863554857671
367, 0.00901729023704926
368, 0.00753172382246703
369, 0.00811495906673372
370, 0.0136711820960045
371, 0.0100145158357918
372, 0.0114504118294766
373, 0.0122010132763535
374, 0.0131553638105591
375, 0.0116018871000657
376, 0.00786920516596486
377, 0.0101066332842622
378, 0.0109533489837001
379, 0.00790312024764717
380, 0.0108536103119453
381, 0.010302883029605
382, 0.0106175957868497
383, 0.0109343150785814
384, 0.00765887458276536
385, 0.00822343584150076
386, 0.0086380853317678
387, 0.0105612498397628
388, 0.0103615345433354
389, 0.00920434955817958
390, 0.010057371808216
391, 0.00967671652324498
392, 0.00875661917962134
393, 0.0106860417872667
394, 0.0131930733720462
395, 0.0127350511805465
396, 0.0118616162799299
397, 0.00998393286551748
398, 0.00947611471638083
399, 0.0106843251734972
400, 0.0110476036400845
401, 0.0111394547857344
402, 0.0109306791952501
403, 0.0111235403455794
404, 0.00853848573751748
405, 0.0108637320809066
406, 0.00941348235521998
407, 0.0106257817242295
408, 0.00995481200516224
409, 0.0103342154373725
410, 0.0126175902783871
411, 0.0112076221654812
412, 0.00940384329961879
413, 0.00916407660891612
414, 0.0123416605250289
415, 0.0128156170248985
416, 0.00814473740756512
417, 0.0106177585199475
418, 0.012297938910446
419, 0.0112057549413294
420, 0.0113718536061545
421, 0.0114500344110032
422, 0.0108453653131922
423, 0.0102888128720224
424, 0.0111091158663233
425, 0.0106432858544091
426, 0.0109098377482345
427, 0.0092886938713491
428, 0.00989018046918015
429, 0.0119828007183969
430, 0.0124329749960452
431, 0.0116833979929132
432, 0.0114128848537803
433, 0.0111825488404267
434, 0.0113916217815131
435, 0.0112000487744808
436, 0.0120049139174322
437, 0.0121481640574833
438, 0.0101459046515326
439, 0.0106697300604234
440, 0.0105002735120555
441, 0.0114050890319049
442, 0.0116750216111541
443, 0.0119285370223224
444, 0.0107188722118735
445, 0.0115517993302395
446, 0.0114715322852135
447, 0.0110456171290328
448, 0.0103574412253996
449, 0.00973785071012875
450, 0.0091667987095813
451, 0.00863645598292351
452, 0.00817100331187248
453, 0.00778259961710622
454, 0.0074965968184794
455, 0.0073078687225158
456, 0.00717842706944793
457, 0.0138616979432603
458, 0.0138185842273136
459, 0.00329653488006443
460, 0.00308370648417622
461, 0.00170781249956538
462, 0.00123121364595136
463, 0.00273529744784658
464, 0.00224920161417685
465, 0.00336847766690577
466, 0.00328580606340741
467, 0.00328409733871619
468, 0.00334129789068053
469, 0.00347560706237952
470, 0.00369159436862295
471, 0.00400583005587881
472, 0.00443377159535885
473, 0.00499200906294088
474, 0.00571519221800069
475, 0.0067356238529707
476, 0.00835766519109408
477, 0.0106757499743253
478, 0.011735203055044
479, 0.0137210118894776
480, 0.00844530439159522
481, 0.00289181932748761
482, 0.0167073214293591
483, 0.00541208306094632
484, 0.0118151589163712
485, 0.0118459684308618
486, 0.0105462689728787
487, 0.00815085709715883
488, 0.00851760447646181
489, 0.00895720859989524
490, 0.00945687480270863
491, 0.00998823034266631
492, 0.00788911338895559
493, 0.0128199881097923
494, 0.0111416402893762
495, 0.00343332748161629
496, 0.00344852668543657
497, 0.00341077715468903
498, 0.00328900486541291
499, 0.00294198650711526
500, 0.0031384236838979
501, 0.00278063667550062
502, 0.0033268736442551
503, 0.00339372220914811
504, 0.00392301945248619
505, 0.00347044126829132
506, 0.0048136916787674
507, 0.00625596540824821
508, 0.00899011028620104
509, 0.00736651914970328
510, 0.00431098610473176
511, 0.00338449148694053
512, 0.00365261293093984
513, 0.00543731540286293
514, 0.00998902483843267
515, 0.0180817484700431
516, 0.00945764958548049
517, 0.00896954691658417
518, 0.00847470931087931
519, 0.00795658580803623
520, 0.00752844940871
521, 0.0117214540174852
522, 0.0131666086769352
523, 0.00775373111745077
524, 0.0116995759973569
525, 0.00281451202075308
526, 0.00341968935182584
527, 0.00822425028309226
528, 0.0123815555901577
529, 0.0107425670139492
530, 0.0112160465214401
531, 0.0102592327942451
532, 0.00976373914939662
533, 0.00928894833972057
534, 0.00885601985889176
535, 0.00850323975707094
536, 0.012746673853447
537, 0.0117776018256942
538, 0.00341804880493631
539, 0.00349805826166024
540, 0.003671527626769
541, 0.00345224208043267
542, 0.00338347820797935
543, 0.00338812735086928
544, 0.00386466640823831
545, 0.00681531537945072
546, 0.00593471608590335
547, 0.00800562025203059
548, 0.00420592290659746
549, 0.00523761978062491
550, 0.00362175769017388
551, 0.00961866097835203
552, 0.00465895813734581
553, 0.00336762335306654
554, 0.0107328908828398
555, 0.00834117480553687
556, 0.00943543684358398
557, 0.00888119312003255
558, 0.0128921293653548
559, 0.0100175161690762
560, 0.0149509338662028
561, 0.0103587882593274
562, 0.00413704009649033
563, 0.00522082302320216
564, 0.0101991117311021
565, 0.00799710569637162
566, 0.0135274156928062
567, 0.0112176194787025
568, 0.00883921708113381
569, 0.00491839759827902
570, 0.0120404027402401
571, 0.0096226353974392
572, 0.010087551549077
573, 0.00918336856799821
574, 0.0105338314703355
575, 0.0109365205280483
576, 0.0112774588633329
577, 0.0116504850642135
578, 0.00342413410544395
579, 0.0116677471835698
580, 0.00426524970680475
581, 0.00389512453693897
582, 0.00343618856277317
583, 0.00341473089065403
584, 0.00569798630507042
585, 0.00646444254865249
586, 0.00738591064388553
587, 0.00853224723444631
588, 0.0100273902838429
589, 0.00503820254622648
590, 0.00408669394285729
591, 0.00450635037850589
592, 0.00346988507468874
593, 0.00948254430356125
594, 0.0108343582445135
595, 0.0101054128414641
596, 0.0117644090981533
597, 0.013906858706226
598, 0.0034058814868331
599, 0.0114564747283501
600, 0.00549147638957947
601, 0.00994195703727504
602, 0.0104301193884263
603, 0.0108341199035446
604, 0.01114581245929
605, 0.0113470971118659
606, 0.0115401166646431
607, 0.00471518518558393
608, 0.00366024246128897
609, 0.00702349453543623
610, 0.00351433027147626
611, 0.00794480360733966
612, 0.00899100427826246
613, 0.00619270489551127
614, 0.0101897137550016
615, 0.0054399180226028
616, 0.00557320243678987
617, 0.00483461306430399
618, 0.00374281485953058
619, 0.0117487136740237
620, 0.0109570443164557
621, 0.012631319463253
622, 0.0102313092377569
623, 0.0132340418640524
624, 0.00949468789622188
625, 0.00585925699366878
626, 0.0107628917321563
627, 0.0111665944568813
628, 0.0113830981620898
629, 0.0114080129812161
630, 0.0112802146135696
631, 0.00665167539513537
632, 0.00848913309164345
633, 0.00416253084161629
634, 0.00944378110580146
635, 0.00375084157955522
636, 0.00758568566137304
637, 0.0104404503169159
638, 0.00671035156119615
639, 0.00585264060646296
640, 0.00432087785364794
641, 0.0116787772470464
642, 0.0123400315642357
643, 0.0127035600598902
644, 0.00689690238796175
645, 0.00823974776236961
646, 0.0115554183056312
647, 0.0116475441027433
648, 0.0115083473889778
649, 0.0111636895686388
650, 0.0112866895273328
651, 0.00687754297784219
652, 0.009869139874354
653, 0.00901071354746819
654, 0.0106603119056672
655, 0.00499789005455871
656, 0.00816679117269814
657, 0.0035151249030605
658, 0.00516643621958792
659, 0.0072218986460939
660, 0.0120701414222519
661, 0.0110792654566467
662, 0.0122488560155034
663, 0.0123449189898868
664, 0.0116442660025011
665, 0.00696089412085712
666, 0.00830118008889258
667, 0.00622562112818871
668, 0.0109675459430686
669, 0.0101570384576917
670, 0.00972180853464774
671, 0.0086190120006601
672, 0.0118532000730435
673, 0.0128501082460086
674, 0.0119256994997462
675, 0.011879946757108
676, 0.00968504156917334
677, 0.00980276063395043
678, 0.0109625081531703
679, 0.0109441299656672
680, 0.0111728756954627
681, 0.00981421638280153
682, 0.0076998684865733
683, 0.00815618173995366
684, 0.0114676574400316
685, 0.0110163709614426
686, 0.00972725830173918
687, 0.00913049940330287
688, 0.0109263679012656
689, 0.0117996954359114
690, 0.0228753376752138
691, 0.0103719849139452
692, 0.0120625519193709
693, 0.0119217457249761
694, 0.0117099309961001
695, 0.0114069405632714
696, 0.0110192715656012
697, 0.0105624813586473
698, 0.0100524242346485
699, 0.00952482386492193
700, 0.00899358768947423
701, 0.00851309470211466
702, 0.00809206732083112
703, 0.00774632045067847
704, 0.00749147081902872
705, 0.00728438445366919
706, 0.0061969969732066
707, 0.00378298825429132
708, 0.00723705844332774
709, 0.0068075869542857
710, 0.00538804234626393
711, 0.00451908598188311
712, 0.0077948384375001
713, 0.00773092235128085
714, 0.0077756856335327
715, 0.00789988172861437
716, 0.00810510044296583
717, 0.00841361431715389
718, 0.00880207781059047
719, 0.00925153656862676
720, 0.00974420877173543
721, 0.0102487225085497
722, 0.0107755882199854
723, 0.0112981221949061
724, 0.0116149805641423
725, 0.0135561851784587
726, 0.00994575178871552
727, 0.0105876543093473
728, 0.00744017108809203
729, 0.00989538621312628
730, 0.017115324003888
731, 0.0053411932506909
732, 0.0126611531845161
733, 0.0104861077852547
734, 0.00833787660424908
735, 0.00872230692766607
736, 0.00914188396806518
737, 0.010072372155264
738, 0.00803460817163189
739, 0.0108507097077866
740, 0.0111386003748824
741, 0.0113590181960414
742, 0.011497440127035
743, 0.00961212472369274
744, 0.00771693528319399
745, 0.00753100856672972
746, 0.00712182260273645
747, 0.00586921100815137
748, 0.0078254557835559
749, 0.00674895592965186
750, 0.00630392758951833
751, 0.00783085986040533
752, 0.00775295631804814
753, 0.00915386473449568
754, 0.00960723729804158
755, 0.0100808357819915
756, 0.0105631769790004
757, 0.00808084181820353
758, 0.0087343273529162
759, 0.00776088369699816
760, 0.00788456349012752
761, 0.0110279340296984
762, 0.00836682467100521
763, 0.0094277677902331
764, 0.0129715624886254
765, 0.0180558398521195
766, 0.0115514613377551
767, 0.010603807012861
768, 0.00894487059364716
769, 0.0084831928058217
770, 0.00799016289723416
771, 0.00757618113420904
772, 0.00784821309415358
773, 0.0115433101808386
774, 0.00566432989823322
775, 0.00774947380913155
776, 0.00830128351226449
777, 0.0109823767561466
778, 0.0107919197374334
779, 0.0105155725032091
780, 0.0101762231594572
781, 0.0111017051773767
782, 0.00977351392308871
783, 0.00935087779847284
784, 0.0111692168284208
785, 0.00894898331413666
786, 0.00858980564710995
787, 0.0076134615810588
788, 0.0069636517825226
789, 0.0070150508157288
790, 0.00718796400663753
791, 0.00740635526987414
792, 0.00772472358463953
793, 0.00810496190873285
794, 0.00999868071327607
795, 0.0095809317038705
796, 0.00839348804826538
797, 0.010401648003608
798, 0.00788440454440812
799, 0.0108502778623785
800, 0.00915897032245994
801, 0.00875552642780046
802, 0.00771665708937993
803, 0.00993333438721796
804, 0.00837981848356625
805, 0.00886760302819312
806, 0.01159250891457
807, 0.0127361635677516
808, 0.00937911045427124
809, 0.0148086577343444
810, 0.0117280984297395
811, 0.00721126926752428
812, 0.00796543025145573
813, 0.0101495662571064
814, 0.0137714572095623
815, 0.0115642570114384
816, 0.011225320585072
817, 0.00885519099288753
818, 0.00810581616436442
819, 0.0095805541301767
820, 0.01090554598098
821, 0.0109394211322069
822, 0.00998834877585371
823, 0.0106334506999701
824, 0.0103555934038013
825, 0.0091874017380178
826, 0.0108274239270637
827, 0.0109237850798915
828, 0.00754422923949148
829, 0.00753235956653953
830, 0.00769317293694864
831, 0.00737599675388386
832, 0.00766164196344713
833, 0.00925572860675553
834, 0.00965368895170589
835, 0.0100309269037098
836, 0.0103739915260424
837, 0.00885357614606619
838, 0.00813573754082123
839, 0.00846684126493832
840, 0.00772969071598103
841, 0.0106933729257435
842, 0.0125198383660366
843, 0.00942568139483531
844, 0.00999528324852387
845, 0.0138635464633505
846, 0.00765578895807266
847, 0.00875459285452962
848, 0.00983876152895391
849, 0.0102620735609283
850, 0.0108665646985173
851, 0.0109588325334092
852, 0.0106037277728319
853, 0.0109568852931261
854, 0.0108382726709048
855, 0.00822848252331217
856, 0.00752333962979416
857, 0.00766096640533457
858, 0.0098157738490651
859, 0.0101480499530832
860, 0.0104239405288051
861, 0.00944054266437888
862, 0.00901321702015897
863, 0.00857039463395874
864, 0.008528639562428
865, 0.00786334412017216
866, 0.0100968069663005
867, 0.0115884363185614
868, 0.0107932505197823
869, 0.0132984543063988
870, 0.0107030378920691
871, 0.0106363554485142
872, 0.00943856369704008
873, 0.00913723511621356
874, 0.01057515743499
875, 0.0109284142187486
876, 0.0108541266527027
877, 0.0110607957467437
878, 0.0111566802952439
879, 0.0111118775481979
880, 0.00952257635071874
881, 0.00778867650244917
882, 0.0103650307282805
883, 0.0105657994281501
884, 0.0100681399150441
885, 0.00791561774288615
886, 0.00969175652911266
887, 0.00921036947208146
888, 0.00816655298694968
889, 0.0122666778819015
890, 0.0115078507612149
891, 0.0128339553096642
892, 0.00959799475967884
893, 0.0106945298612118
894, 0.0105588057388862
895, 0.0113579052101289
896, 0.011460464913398
897, 0.0108549783804587
898, 0.0112139403354377
899, 0.0114157021356126
900, 0.00978626986034214
901, 0.0106271124289682
902, 0.00815789839252829
903, 0.0103742895492663
904, 0.00754449511878192
905, 0.00998340228882929
906, 0.00864239688962698
907, 0.0120051324677964
908, 0.0108829990960658
909, 0.0124098678740362
910, 0.0128656250890344
911, 0.00855320886087914
912, 0.0117122950032353
913, 0.0114158214225123
914, 0.0098755138926208
915, 0.0106543326595177
916, 0.0110272361364748
917, 0.0106862407022466
918, 0.00940147660938757
919, 0.0110527534037828
920, 0.0120300872561832
921, 0.0132653141239037
922, 0.0124558035749942
923, 0.0117778085172176
924, 0.0114120981656015
925, 0.0115123809470485
926, 0.0116532893984446
927, 0.012278559285083
928, 0.0102962672244757
929, 0.0105645877774805
930, 0.0120838704363753
931, 0.0121053283413251
932, 0.0113687144281964
933, 0.0111334518130336
934, 0.0118362929982444
935, 0.0112392685376108
936, 0.0125545524060726
937, 0.0230989258736372
938, 0.0116400741040707
939, 0.0117817623540759
940, 0.00532547718224426
941, 0.00282768447262545
942, 0.00898047427957257
943, 0.00947507416519026
944, 0.010021628656735
945, 0.0107581038804104
946, 0.0119122090594222
947, 0.0138963286299258
948, 0.0167207943741232
949, 0.0084000442099447
950, 0.0152420226174096
951, 0.00343169828799243
952, 0.00308611053818216
953, 0.0027357940756095
954, 0.00226708290089543
955, 0.00176847009182287
956, 0.00122036553754394
957, 0.00675883047127475
958, 0.00572379546550413
959, 0.00499494975277533
960, 0.00444221589714289
961, 0.00401204903998102
962, 0.00369483308168128
963, 0.00347330244646097
964, 0.00334064231719822
965, 0.0032850510130326
966, 0.00328608408259849
967, 0.00331888644723222
968, 0.00336464306262011
969, 0.00718488400646796
970, 0.00732137883702914
971, 0.00975324880952636
972, 0.0103606999230882
973, 0.0110421997960657
974, 0.0118498827796429
975, 0.0128447838748495
976, 0.0138258765606831
977, 0.0138255185447633
978, 0.00918589229695499
979, 0.00751543165339778
980, 0.00780145466948549
981, 0.00818848765144745
982, 0.00865733809769154
983, 0.0105528454296291
984, 0.0111452365914981
985, 0.0117754961829633
986, 0.0124038086117556
987, 0.0128054051504781
988, 0.00329828324417273
989, 0.0034500367861862
990, 0.00341423420468345
991, 0.00295031117275357
992, 0.00314732443075627
993, 0.00290501160391917
994, 0.0083722093841061
995, 0.00482402353857954
996, 0.0039243904951339
997, 0.00627005212785055
998, 0.00743136958529552
999, 0.0103487751446664
1000, 0.00365249385746817
1001, 0.00336792135688787
1002, 0.00544915713059406
1003, 0.00431660906178877
1004, 0.00347616346941019
1005, 0.00339269707910717
1006, 0.0033808754136165
1007, 0.0132330083288252
1008, 0.00847858314712842
1009, 0.0108063636968533
1010, 0.0118352595406274
1011, 0.0100511132429043
1012, 0.00796417523330698
1013, 0.00944753689691424
1014, 0.00776672489675028
1015, 0.0117077681102923
1016, 0.00817384469943742
1017, 0.0113598371855915
1018, 0.00947020621970296
1019, 0.00898204417899251
1020, 0.00854518186921875
1021, 0.0119313423832258
1022, 0.0119637079381694
1023, 0.0116434520265708
1024, 0.0112041058794906
1025, 0.00790800775090853
1026, 0.00999937641123931
1027, 0.00338486882780368
1028, 0.00380257823659728
1029, 0.00353151619977628
1030, 0.00329081267894556
1031, 0.00341732231234866
1032, 0.00789320612481485
1033, 0.00467028317507356
1034, 0.00524608402823408
1035, 0.00679785121853153
1036, 0.00593551120255142
1037, 0.00420880391417692
1038, 0.00363218858061979
1039, 0.00348836251456911
1040, 0.00386279897065833
1041, 0.00341894291341305
1042, 0.00902533732975523
1043, 0.00889233918860555
1044, 0.0128684271282206
1045, 0.0118233584798872
1046, 0.010886273579672
1047, 0.0101164797476182
1048, 0.00835629451709489
1049, 0.0146646326563011
1050, 0.00342120796752473
1051, 0.00293827098600256
1052, 0.00985081041497844
1053, 0.0085213598019133
1054, 0.00342617770989559
1055, 0.0102667626148711
1056, 0.00889174306454758
1057, 0.00978086539544165
1058, 0.0114572269376367
1059, 0.0114632075031598
1060, 0.0111225668806583
1061, 0.00932252570055425
1062, 0.00343942692658554
1063, 0.00823943754658103
1064, 0.0107417323937019
1065, 0.0043098934693262
1066, 0.00347075915973013
1067, 0.00340275829657912
1068, 0.00408301828429103
1069, 0.00848204056577136
1070, 0.00736115523613989
1071, 0.00571243084656696
1072, 0.00376917990312601
1073, 0.00645661493763328
1074, 0.00354150991188362
1075, 0.0045043834252283
1076, 0.00506248162128031
1077, 0.00948057758311431
1078, 0.0109144469412665
1079, 0.012585086049512
1080, 0.011759402618433
1081, 0.00885546380387885
1082, 0.0136859049089253
1083, 0.00753355165943503
1084, 0.00339107573963702
1085, 0.00352792791090906
1086, 0.00923017831519246
1087, 0.0109441496897489
1088, 0.0096802133290718
1089, 0.0101140163217982
1090, 0.0105513947394987
1091, 0.0110836647606144
1092, 0.0102798448476408
1093, 0.00368038871480773
1094, 0.0112502398745467
1095, 0.0095853584818542
1096, 0.00892081034059326
1097, 0.0048027642769739
1098, 0.00427214378335824
1099, 0.00791073008440435
1100, 0.00700754082451264
1101, 0.00384848526612456
1102, 0.00620915604910503
1103, 0.00546407804358751
1104, 0.00391344301169738
1105, 0.00492420266382396
1106, 0.0134086038451642
1107, 0.0101415731478482
1108, 0.0116284115550419
1109, 0.0122725588735193
1110, 0.0130929776933044
1111, 0.0102384901450326
1112, 0.00518826711534833
1113, 0.00797322947931077
1114, 0.0113124672789127
1115, 0.00419487637312462
1116, 0.0111587465895961
1117, 0.0104722797404975
1118, 0.0108600281334172
1119, 0.0112867377853642
1120, 0.00463092391977885
1121, 0.00944570847786963
1122, 0.00475625286344439
1123, 0.00503949425183237
1124, 0.00853236679298182
1125, 0.00587117788381875
1126, 0.00757694387963663
1127, 0.00671474251430482
1128, 0.00555817371544739
1129, 0.0108686109694342
1130, 0.0127711719833314
1131, 0.012597841443494
1132, 0.0119135404404785
1133, 0.0101009794910039
1134, 0.00954568553715944
1135, 0.0102014320902526
1136, 0.0111753764407088
1137, 0.0113878073170781
1138, 0.0111612100930264
1139, 0.0113745948765427
1140, 0.00502840767148882
1141, 0.0101668174112482
1142, 0.00630004198423454
1143, 0.00723042214910189
1144, 0.0090205289889127
1145, 0.0080916895919169
1146, 0.0118412517942488
1147, 0.0114041788813969
1148, 0.00653745553323201
1149, 0.00600000327297797
1150, 0.0121362827097376
1151, 0.0122742479822288
1152, 0.00438485229387879
1153, 0.0108060855418444
1154, 0.0111769287447844
1155, 0.011116188718006
1156, 0.0114431000159432
1157, 0.0115961253953477
1158, 0.0106960358098149
1159, 0.0103642559455087
1160, 0.00779156829230487
1161, 0.00859270644529412
1162, 0.00946037153092523
1163, 0.00656292550265789
1164, 0.00711480900645256
1165, 0.011698033567518
1166, 0.0118102456132571
1167, 0.0114999178663961
1168, 0.00967564741149545
1169, 0.00947549768413107
1170, 0.0106552460541328
1171, 0.00986676402390003
1172, 0.0112526633311063
1173, 0.010990423305581
1174, 0.00752445193938911
1175, 0.0083279226673767
1176, 0.00817412258281062
1177, 0.0111562984064221
1178, 0.0107651491649449
1179, 0.0108897311147302
1180, 0.00841055046766996
1181, 0.00983009906485677
1182, 0.00974754670945307
