1, 0.00885528489015996
2, 0.0545069469759862
3, 0.00662624998949468
4, 0.00991571135818958
5, 0.0332424677908421
6, 0.0577708538621664
7, 0.00385177199495956
8, 0.00200545834377408
9, 0.0565032673378785
10, 0.00719535467214882
11, 0.0111714620143175
12, 0.0611252952367067
13, 0.00938599616555231
14, 0.0101411957293749
15, 0.0108084300688157
16, 0.0114781680361678
17, 0.0121262893856814
18, 0.0127443499707927
19, 0.0133270847145468
20, 0.0138565528516968
21, 0.014317813096568
22, 0.0147991807510455
23, 0.0161225233071794
24, 0.02133220853284
25, 0.0343108638189733
26, 0.0489071682095528
27, 0.0516110137104988
28, 0.0431919166197379
29, 0.0290672437598308
30, 0.016479454934597
31, 0.0089696260013928
32, 0.00597961821282903
33, 0.00504586193710566
34, 0.00463396409759298
35, 0.00434223874860133
36, 0.00578969821799546
37, 0.00724413129501045
38, 0.00830930611118674
39, 0.00897838788417478
40, 0.00937597104348242
41, 0.00960368080995977
42, 0.00972994323819876
43, 0.00980790588073432
44, 0.00986778891334931
45, 0.00989721397248407
46, 0.00990544439991936
47, 0.00990907568484545
48, 0.00990037356192867
49, 0.00988849205896258
50, 0.00988189534594615
51, 0.00987970999752482
52, 0.00992671865969896
53, 0.0100207347422838
54, 0.0101928729563951
55, 0.0104563251758615
56, 0.0108145489357412
57, 0.0112655581906438
58, 0.0118384781914453
59, 0.0125343423957626
60, 0.0133388860461613
61, 0.0142293002766867
62, 0.0151739146870871
63, 0.0167504182706277
64, 0.0197604537631075
65, 0.0268166402820498
66, 0.0299528477092584
67, 0.0298263284688195
68, 0.0314082360515992
69, 0.0313822496682405
70, 0.0288960188627243
71, 0.0242426441982388
72, 0.0186137392496069
73, 0.014573258968691
74, 0.0133149650258323
75, 0.0126068613802393
76, 0.0118647036142647
77, 0.0111591837679346
78, 0.0105419179114203
79, 0.010039569499592
80, 0.0096407748448352
81, 0.00935379803801576
82, 0.00916902379443248
83, 0.00919044180773199
84, 0.00905347056686878
85, 0.00913838700701793
86, 0.00927508032570283
87, 0.00950277022396525
88, 0.00987084877366821
89, 0.0103608383797109
90, 0.0109299037915965
91, 0.0115277784255644
92, 0.0120455839981635
93, 0.0132357296533883
94, 0.0170528519277771
95, 0.0338794039562345
96, 0.0371034995963176
97, 0.0172357984508077
98, 0.0119092880437771
99, 0.00980862167974313
100, 0.00846580819537242
101, 0.00744827704814573
102, 0.00660916270377735
103, 0.00589037050182621
104, 0.00529289338737726
105, 0.00479726058741411
106, 0.00437494204379618
107, 0.00401644005129735
108, 0.00374543756091346
109, 0.00356868984332929
110, 0.00347860731805364
111, 0.00348130935647835
112, 0.00355458329431713
113, 0.00366262664707998
114, 0.00377881596796215
115, 0.00366749155468174
116, 0.00324354637026166
117, 0.00271199197353174
118, 0.00198477546412808
119, 0.0010719301935751
120, 0.00023001445273015
121, 0.000646015192614868
122, 0.000990927503153216
123, 0.0022720898850821
124, 0.00570333135935168
125, 0.011451683472842
126, 0.0190670130153497
127, 0.0294075853501757
128, 0.0445870241771142
129, 0.0473411977291107
130, 0.0305138877592981
131, 0.0177213583762447
132, 0.0133418662784
133, 0.0116439083746324
134, 0.0102960484412809
135, 0.00857748236740008
136, 0.00765812528940539
137, 0.00800776621326804
138, 0.00871475716121495
139, 0.00976983876898885
140, 0.0111437261415025
141, 0.0127002423008283
142, 0.0141383431230982
143, 0.015075010402749
144, 0.0152999982237816
145, 0.0149195617996156
146, 0.014365516602993
147, 0.0138177894987166
148, 0.0132514267849425
149, 0.0126836722095807
150, 0.012157561412702
151, 0.0117121163445214
152, 0.0113826617598534
153, 0.0111572167370468
154, 0.0110411665712794
155, 0.0108131188899279
156, 0.0105939330533147
157, 0.0104013305778305
158, 0.0102468351833522
159, 0.0101112147482733
160, 0.0100096881700059
161, 0.00993232118586699
162, 0.00990136573091149
163, 0.00989643872405092
164, 0.0099048630023996
165, 0.00991134050612648
166, 0.00521117565222085
167, 0.00652198113190631
168, 0.00923359603621066
169, 0.0151537290463845
170, 0.024343893242379
171, 0.0353437326848507
172, 0.0487862111379703
173, 0.0494504682719707
174, 0.0381581454227368
175, 0.0234633327151338
176, 0.0121221953692536
177, 0.00590058229863644
178, 0.00321980363999804
179, 0.00129702711274149
180, 0.00381818492314778
181, 0.00384386462004234
182, 0.00381513510365039
183, 0.00386683223769069
184, 0.00408717066360017
185, 0.00453809966954092
186, 0.00526023004204035
187, 0.0062841190956533
188, 0.00759216320390503
189, 0.00923935774092873
190, 0.0130488501551251
191, 0.0354462044779211
192, 0.0403721022109191
193, 0.0291463974863291
194, 0.0318690578763684
195, 0.0344133842736483
196, 0.0335183599963784
197, 0.0282817318414648
198, 0.0201688242765764
199, 0.0133225545287132
200, 0.0109204075609644
201, 0.00986337832485636
202, 0.00882287990922729
203, 0.00800947472453117
204, 0.0203595986434569
205, 0.00846604626470556
206, 0.00617090961895883
207, 0.00981038987326125
208, 0.0131179318608095
209, 0.0137022562945882
210, 0.0142535397317261
211, 0.0149118730332702
212, 0.0165785582891355
213, 0.021555388191094
214, 0.0319661553949118
215, 0.0308990532842775
216, 0.0429283051441113
217, 0.0125450504710898
218, 0.0422528653095166
219, 0.00942087320921322
220, 0.0089891767129302
221, 0.0082557414425537
222, 0.00713855144567788
223, 0.00586718410098304
224, 0.00497656285629741
225, 0.0162916213739663
226, 0.0147739280946553
227, 0.0138085113527874
228, 0.0129554294981062
229, 0.0122047288653751
230, 0.0115731179248542
231, 0.0110626835376024
232, 0.0106599743788441
233, 0.0103466132034858
234, 0.0101261953047166
235, 0.00998666083129744
236, 0.00991245289333165
237, 0.00988731944623093
238, 0.00989035920550426
239, 0.00989631990281244
240, 0.00990158505737782
241, 0.00992214858221511
242, 0.0147118993724386
243, 0.0182196929429968
244, 0.0236501349136233
245, 0.0282814164335529
246, 0.0306952251121402
247, 0.0305525714841982
248, 0.0285292716386418
249, 0.0267112301662564
250, 0.0191298360005021
251, 0.00989973692533871
252, 0.00992979800018171
253, 0.00999713138056298
254, 0.0105953234403084
255, 0.0162353947137793
256, 0.0119837742143621
257, 0.0109612365874151
258, 0.0144463012305399
259, 0.0134603804908693
260, 0.0126558369180808
261, 0.0114206293753038
262, 0.0103183407336473
263, 0.0101218840572983
264, 0.00990609498694539
265, 0.0225925490260124
266, 0.0136374065186828
267, 0.0152332216190795
268, 0.0233010284913083
269, 0.0118400674934189
270, 0.0124925994314253
271, 0.0111664751699815
272, 0.031130676312993
273, 0.0177152986483028
274, 0.0142834215269734
275, 0.0133747087481121
276, 0.00966827245429158
277, 0.00948300575837493
278, 0.0102613188015918
279, 0.0119242092284063
280, 0.0126396438572556
281, 0.0194942786668738
282, 0.0245517344834904
283, 0.0283969898397724
284, 0.0300435088574886
285, 0.0293219735225042
286, 0.0268650703753034
287, 0.00965849705971777
288, 0.00978243498442074
289, 0.00854083018687864
290, 0.00912885018624365
291, 0.00778559944592416
292, 0.00988570988799135
293, 0.00990510154515505
294, 0.00984692744289835
295, 0.00952134684969982
296, 0.00991024728864431
297, 0.0261187202607592
298, 0.0127629061628665
299, 0.0180647395817297
300, 0.0345518654212356
301, 0.00928694161120802
302, 0.00990809852789555
303, 0.0234892410891397
304, 0.0102133769541979
305, 0.0371362824613849
306, 0.0131883645274987
307, 0.0141415425265829
308, 0.0159515569296976
309, 0.0113765819308658
310, 0.0124791090687116
311, 0.0118923808137576
312, 0.0109437327676763
313, 0.0103449639864266
314, 0.010161481021593
315, 0.00996416962395112
316, 0.0106021979202827
317, 0.0100344039965421
318, 0.00992550592248639
319, 0.0190999540500343
320, 0.0123099512420595
321, 0.0104782201039294
322, 0.0116300007794052
323, 0.0324188920979699
324, 0.0251764692366123
325, 0.014364523269857
326, 0.0189867254036168
327, 0.0156752096178631
328, 0.0129827291239053
329, 0.0156165789036701
330, 0.0104325232872119
331, 0.0107495007105172
332, 0.0112629752450933
333, 0.0107029893745979
334, 0.0129230242067327
335, 0.0253774578062197
336, 0.028003618431588
337, 0.0293385243664185
338, 0.0286939985429247
339, 0.0258597186766565
340, 0.0137334092675398
341, 0.00974353317481776
342, 0.0099175195209682
343, 0.00991326741253336
344, 0.00990488279300431
345, 0.00948300080684324
346, 0.00962404541981717
347, 0.00978853460401297
348, 0.00985258988415202
349, 0.00727696525864303
350, 0.00940999513841234
351, 0.0364128810664018
352, 0.0114079735552271
353, 0.0109910192744186
354, 0.010224105246986
355, 0.0119006854947656
356, 0.00999653494606415
357, 0.0104111447775116
358, 0.0162601496558636
359, 0.0140566850701968
360, 0.0100859023320178
361, 0.0124469622969627
362, 0.0200604920142463
363, 0.0130604728280256
364, 0.0106623986115058
365, 0.0268154793108503
366, 0.0204279067305227
367, 0.0121841055030624
368, 0.0128963619936258
369, 0.0333038442768157
370, 0.0136172004664938
371, 0.0163020323961973
372, 0.0109629253856838
373, 0.00990934539586306
374, 0.022952083684504
375, 0.0211925345162551
376, 0.00990720729654034
377, 0.0122420215047896
378, 0.0111207981438686
379, 0.028710569255054
380, 0.0265859421342611
381, 0.0235451110638678
382, 0.0290974831829468
383, 0.0113075310364366
384, 0.0142486912664026
385, 0.0116230867958317
386, 0.0167767830813924
387, 0.0106039260669301
388, 0.0103749650685738
389, 0.00996907715064784
390, 0.00993897433259658
391, 0.00997982577731212
392, 0.00996877920503418
393, 0.0108676454983652
394, 0.0114689092151821
395, 0.00679528815671802
396, 0.0364708378911018
397, 0.0114991686617335
398, 0.011098426921914
399, 0.0119747343317916
400, 0.0101263539732567
401, 0.0102850413726022
402, 0.0104915914125741
403, 0.0165680077237387
404, 0.0125121098632614
405, 0.0107647797558457
406, 0.0141883321727316
407, 0.0189882550388575
408, 0.0131199183718612
409, 0.0337852706822256
410, 0.0136244323415061
411, 0.028279370162636
412, 0.0128503665328026
413, 0.0144920971555014
414, 0.0219432758167386
415, 0.0102514838023732
416, 0.0272703818045557
417, 0.0132884009896467
418, 0.0115795753275355
419, 0.0253723912561933
420, 0.028064494797339
421, 0.0211285400603499
422, 0.0181996462245782
423, 0.0125989542187502
424, 0.0120177294593304
425, 0.0230245036073029
426, 0.0113180895180752
427, 0.0100644445822885
428, 0.0101348178771635
429, 0.0101923759405812
430, 0.0334957111626863
431, 0.0121148449834436
432, 0.0116554125367353
433, 0.0360104320570827
434, 0.0121106923713038
435, 0.0112426105576257
436, 0.0103343983180821
437, 0.012636663702627
438, 0.0105600574364265
439, 0.0108792204409838
440, 0.0178038710728288
441, 0.0149294959070782
442, 0.0133485816574345
443, 0.0119695880760749
444, 0.010874213417992
445, 0.0170895492192358
446, 0.0136995936433474
447, 0.0339416914309065
448, 0.0294586870198448
449, 0.0146869445064416
450, 0.010005094204098
451, 0.0294230630000432
452, 0.0150373405776918
453, 0.0120097664184868
454, 0.0209139155223966
455, 0.0237593102889756
456, 0.02486594983687
457, 0.0129971331916749
458, 0.0124510155680279
459, 0.0137253627957155
460, 0.0285573053794603
461, 0.0102538086939603
462, 0.0104085823210577
463, 0.0105829456976304
464, 0.0258045586358224
465, 0.0128742310750697
466, 0.0123233820001284
467, 0.0118642673672487
468, 0.0128020865377039
469, 0.0124962752064069
470, 0.0350790290782849
471, 0.0106047922745347
472, 0.0114196559103827
473, 0.0110015492731084
474, 0.02075583966715
475, 0.0135751590132713
476, 0.0155591992661357
477, 0.0234297552766899
478, 0.0149978628226866
479, 0.011060756087924
480, 0.0336651268104712
481, 0.0180445345273862
482, 0.0117852512436608
483, 0.0271322379509608
484, 0.0199599508196115
485, 0.0134512605145574
486, 0.0143139982440819
487, 0.0295199210134645
488, 0.0159966178083171
489, 0.0292843463165419
490, 0.0332613854358594
491, 0.0108477692119777
492, 0.0112292189927151
493, 0.0128045900880049
494, 0.0125861788013329
495, 0.0130691352145125
496, 0.013290248811245
497, 0.012107473720486
498, 0.0127206464918951
499, 0.0140066569826255
500, 0.0116200469035123
501, 0.0337221482768655
502, 0.0165138472026835
503, 0.0303178493243953
504, 0.0320391324348748
505, 0.0138563899323344
506, 0.0192140179375807
507, 0.0248805331066251
508, 0.0267733583847682
509, 0.0153887130187026
510, 0.0167997151613235
511, 0.0299763495102525
512, 0.0221536544018558
513, 0.0120860958316674
514, 0.0114691079749415
515, 0.0215270360931754
516, 0.0110438607633114
517, 0.0157399203628302
518, 0.0114299316890538
519, 0.018932369351387
520, 0.0162810112039248
521, 0.013441862926508
522, 0.0128711286621789
523, 0.014768781994159
524, 0.0144490225551029
525, 0.0135947691742331
526, 0.012371089309454
527, 0.0178908342495561
528, 0.0303447699795167
529, 0.031997548105816
530, 0.0330217750743032
531, 0.0229632497454683
532, 0.0263392978037397
533, 0.0304039570813378
534, 0.0129873775877059
535, 0.0308872133803864
536, 0.0167852665297687
537, 0.021055974864534
538, 0.0243847019349535
539, 0.0139106935821474
540, 0.0158100549597293
541, 0.0138490623794496
542, 0.013159941815372
543, 0.0195711088987688
544, 0.0283400074889263
545, 0.0300728535900513
546, 0.0122520549533268
547, 0.0270685606325666
548, 0.0206252772671481
549, 0.0256021462070445
550, 0.0289517187380365
551, 0.0285119822248816
552, 0.032062457408756
553, 0.0311188957033058
554, 0.0118563192896545
555, 0.0260971121490002
556, 0.0275366835296154
557, 0.026237015457203
558, 0.0170855550871541
559, 0.0144456654787064
560, 0.0215838386987646
561, 0.0155552857710669
562, 0.0240731476806104
563, 0.0258579702737431
564, 0.027684157093366
565, 0.0282009880368908
566, 0.0308590327788677
567, 0.0308658528762559
568, 0.0135646911471018
569, 0.0293477827683091
570, 0.0191373178469283
571, 0.018391118784036
572, 0.0236714522664746
573, 0.0164667402859777
574, 0.0218674185064932
575, 0.0141298402256022
576, 0.0191074881702662
577, 0.0150293142845233
578, 0.017662012251094
579, 0.00228285839936386
580, 0.00781989256696155
581, 0.00452111261741569
582, 0.0118355772768458
583, 0.00307911700413873
584, 0.00260782298088695
585, 0.00207414272396515
586, 0.00154425739795746
587, 0.000901411219577615
588, 0.0137156072693566
589, 0.0122965394984931
590, 0.0116696775270005
591, 0.0110820548143238
592, 0.0105613489480068
593, 0.0101350962650031
594, 0.00982898652243117
595, 0.00964534468948841
596, 0.00949919402288894
597, 0.00361442637707417
598, 0.00352740363450721
599, 0.00356751756044105
600, 0.00369517088014012
601, 0.00390571439250683
602, 0.004199664768142
603, 0.00457310777467986
604, 0.00501320844826599
605, 0.00552109962639709
606, 0.00611664956280341
607, 0.00682709715329111
608, 0.00767545013998946
609, 0.00870508095249534
610, 0.0100364504226794
611, 0.0119971456006169
612, 0.0163983332458884
613, 0.0252424723779162
614, 0.013090791956832
615, 0.0136649632671227
616, 0.0141965573032697
617, 0.0147274560295045
618, 0.0155008466293414
619, 0.0174665879458189
620, 0.023386998878171
621, 0.0355530232191086
622, 0.00286408330430277
623, 0.0299117611721158
624, 0.00286316931790983
625, 0.00310192575367788
626, 0.00291242268091689
627, 0.0178966757375747
628, 0.0103843630446742
629, 0.0110433519197007
630, 0.011515679070726
631, 0.0121199909287194
632, 0.0129202631457398
633, 0.0106619415649523
634, 0.0151253365911543
635, 0.0235422173514962
636, 0.00355313293403015
637, 0.00968406752993663
638, 0.00856866578881939
639, 0.00371086665351565
640, 0.00397189530000712
641, 0.0051587433166181
642, 0.00430305895861238
643, 0.00470010532687108
644, 0.0056727141685163
645, 0.00690672915273656
646, 0.00766700638147692
647, 0.0111206985699634
648, 0.01312011689879
649, 0.0169134368188679
650, 0.00624746185106536
651, 0.0124894604086876
652, 0.0136092331570884
653, 0.0149016804837932
654, 0.0175284973035256
655, 0.0229777134954929
656, 0.0118682205987473
657, 0.011210463475436
658, 0.0105250693547229
659, 0.0099490181542933
660, 0.0142323796947797
661, 0.0157958495741089
662, 0.0204496819836398
663, 0.00478486315114424
664, 0.0117254278489522
665, 0.006964665139094
666, 0.00920639898894089
667, 0.0102577737000372
668, 0.0229908270495278
669, 0.0168708790248881
670, 0.00374774204101413
671, 0.00346009014174342
672, 0.0126196563554307
673, 0.0135420384661605
674, 0.0115461367337654
675, 0.0120125634906193
676, 0.015926284249872
677, 0.0111524880242844
678, 0.0197327373704563
679, 0.00337491786506559
680, 0.0108395837247372
681, 0.00352013188724717
682, 0.00774457185373952
683, 0.00700918961471568
684, 0.00953157882516583
685, 0.00857198378071189
686, 0.00635663788610448
687, 0.00575717402777324
688, 0.00521189090795815
689, 0.0176385667485495
690, 0.00423872540704906
691, 0.00469444288561742
692, 0.0106806571905812
693, 0.0141509592843552
694, 0.0121473884986093
695, 0.012982311580951
696, 0.011019927294304
697, 0.0116927446021388
698, 0.0143654372853537
699, 0.0151048326709618
700, 0.0195866065720717
701, 0.0195653669846555
702, 0.0175817835455139
703, 0.0160292617511004
704, 0.0123521510201196
705, 0.0211409604176879
706, 0.0469949327409267
707, 0.00425797788193449
708, 0.0115914876306696
709, 0.0192035805167896
710, 0.00424214277882129
711, 0.00338006103411317
712, 0.0120035231423875
713, 0.0131679203671714
714, 0.0125378793260703
715, 0.0141070503741503
716, 0.0161451722960919
717, 0.00379065183057849
718, 0.0149518675946941
719, 0.0175776514224708
720, 0.00951186978879074
721, 0.00507517744942258
722, 0.0105385198257864
723, 0.00859791176238408
724, 0.00705595943145454
725, 0.00637436045023302
726, 0.00572248408570886
727, 0.00777491073434552
728, 0.0130965729088833
729, 0.0117197052265207
730, 0.0136746394758423
731, 0.0184677666984499
732, 0.0173794459551573
733, 0.017761968774721
734, 0.0123236798681319
735, 0.012988629595687
736, 0.0161520470088969
737, 0.0153200253844261
738, 0.00341010165866464
739, 0.00596288968032847
740, 0.00500770510795216
741, 0.0130946149916521
742, 0.014680447600161
743, 0.0137152501071493
744, 0.016371709217007
745, 0.0182139430195093
746, 0.0045046575833112
747, 0.00777618237771094
748, 0.0173098048461335
749, 0.00855271192267537
750, 0.0153271780194094
751, 0.00698431468723963
752, 0.00624096517761548
753, 0.0115622100420296
754, 0.0104555108894904
755, 0.0127403753964851
756, 0.00943092668118576
757, 0.0139725825283676
758, 0.0145894711216291
759, 0.0171922477893531
760, 0.0161383580416441
761, 0.0130474792482952
762, 0.0138331878309449
763, 0.0168961314484477
764, 0.0161588616513958
765, 0.00780018333656092
766, 0.0123880648054183
767, 0.00545421778224409
768, 0.0141862417571247
769, 0.0151678749049703
770, 0.0162765209873517
771, 0.0140494535832355
772, 0.00932471135941645
773, 0.00849598801384369
774, 0.00761983927804977
775, 0.0158980712294579
776, 0.010266743057097
777, 0.0125270309702804
778, 0.0137052756423752
779, 0.0148410224355757
780, 0.015561285118262
781, 0.0113151290764411
782, 0.0146906401496381
783, 0.0159110452514142
784, 0.0148686394871523
785, 0.0162601893146833
786, 0.0168400311842561
787, 0.0153211723746998
788, 0.0159751034474799
789, 0.0148864017489056
790, 0.0130928386934102
791, 0.00678668166510761
792, 0.0101044989811877
793, 0.00651518643523256
794, 0.011174839688465
795, 0.00928618658023576
796, 0.0140606386897465
797, 0.016092283030351
798, 0.0154058562281231
799, 0.0146244790271989
800, 0.0123411238503953
801, 0.0131119987927377
802, 0.0134865660996487
803, 0.0147518113787685
804, 0.0158188169201215
805, 0.00827176389949662
806, 0.0118374846254786
807, 0.0118851685896516
808, 0.012098751651744
809, 0.0109770318182806
810, 0.0158746504224837
811, 0.0158940579276532
812, 0.0159712580963969
813, 0.0102461256485965
814, 0.00921480851247907
815, 0.0103913804516196
816, 0.0085168497559304
817, 0.0153114629598955
818, 0.0111716213868931
819, 0.0217208312048266
820, 0.00630382817083349
821, 0.0147391979116946
822, 0.0131198791787028
823, 0.0136349624954164
824, 0.0141402112785727
825, 0.0146167505687724
826, 0.0148967531664918
827, 0.0140036367811263
828, 0.0127548996048669
829, 0.0113867938828965
830, 0.0102109329309314
831, 0.00933524124169101
832, 0.00871543217605601
833, 0.00955905695445836
834, 0.00935226841829717
835, 0.00901031633839011
836, 0.00767159593912462
837, 0.00664897891692817
838, 0.0054881782659019
839, 0.00969465744371215
840, 0.00846719865997632
841, 0.00454783534708743
842, 0.00989993576270839
843, 0.00988469668664038
844, 0.00994314920778076
845, 0.0100359141360968
846, 0.0101585008669645
847, 0.0103173472452909
848, 0.0105005124739061
849, 0.0107191619463265
850, 0.0109447260232021
851, 0.014392954763025
852, 0.0192618404204647
853, 0.0336711276322603
854, 0.0326466452596443
855, 0.00662022988156726
856, 0.0125991330326845
857, 0.0145507481259604
858, 0.0136270352328817
859, 0.0122866258025169
860, 0.0135321246149639
861, 0.0116623462333033
862, 0.0121005993957321
863, 0.0140506455209106
864, 0.0127311971349021
865, 0.0131907090544701
866, 0.014806412315617
867, 0.0144946007058024
868, 0.0112407822938015
869, 0.0113339247182012
870, 0.0111582776531577
871, 0.00978976666616897
872, 0.00810442500126859
873, 0.00754453866587331
874, 0.00933482389276226
875, 0.00904792671402295
876, 0.00704968134717395
877, 0.00985197389187912
878, 0.00953066527533034
879, 0.00864048930816352
880, 0.0098936571739614
881, 0.010636390807728
882, 0.0102055090634773
883, 0.0098751001060009
884, 0.00992550662097832
885, 0.010042609879747
886, 0.0104114830804368
887, 0.0124586247062931
888, 0.021738413721323
889, 0.0109265864205857
890, 0.00968475490808487
891, 0.0176933038358887
892, 0.00898695178329945
893, 0.0112430475031336
894, 0.012718541159605
895, 0.0145666235281775
896, 0.0105406233508672
897, 0.00984738713928631
898, 0.0109414563381246
899, 0.0189428541011044
900, 0.0122003578580916
901, 0.011836530873552
902, 0.0114406964275986
903, 0.011144163319841
904, 0.0152602424689879
905, 0.0143805770203471
906, 0.0131439591447512
907, 0.0136490885633975
908, 0.012304685699443
909, 0.0127174480973432
910, 0.0154864216068139
911, 0.0133184020717939
912, 0.0146302208304405
913, 0.012271625145028
914, 0.00977190506334106
915, 0.00847476868269344
916, 0.00878493130827943
917, 0.00908603426069021
918, 0.00933579751290381
919, 0.00823124381713569
920, 0.00845652120187879
921, 0.00967474941474696
922, 0.00985586798439423
923, 0.00982582732103765
924, 0.00989510832975308
925, 0.0100601136218756
926, 0.0102910221709559
927, 0.0105743626287828
928, 0.00982260851499935
929, 0.0144050746845702
930, 0.0108126182109118
931, 0.0202791524740557
932, 0.0123699728089074
933, 0.0489960290491581
934, 0.0126692762465349
935, 0.0141358998759339
936, 0.0107448322232813
937, 0.0144754843121128
938, 0.00863588050318261
939, 0.0108775939526302
940, 0.0158701964343588
941, 0.0166760513869425
942, 0.0144669841198872
943, 0.0123071098544945
944, 0.0115160964584599
945, 0.0111790516724189
946, 0.0134548371036847
947, 0.0128165308851749
948, 0.0118711810403814
949, 0.0160401489119977
950, 0.0118944268518438
951, 0.00890974351204932
952, 0.00914681128536662
953, 0.00967715362397333
954, 0.00873448622102539
955, 0.00953136035241187
956, 0.00897358024182419
957, 0.00869641856600841
958, 0.00979523081332445
959, 0.0097251297639949
960, 0.0104541000134001
961, 0.0101357917301357
962, 0.0176752242259681
963, 0.00988529335396985
964, 0.00974200332226853
965, 0.00977301793172955
966, 0.01621745301721
967, 0.0098886982537806
968, 0.00987259702136119
969, 0.0149419671589775
970, 0.0164257713283102
971, 0.014589908067137
972, 0.0179584852109353
973, 0.0126605056381474
974, 0.0134207632703086
975, 0.01202951092273
976, 0.0111628595429162
977, 0.0108823795647671
978, 0.0115048113899926
979, 0.0114915985614061
980, 0.00962591357529163
981, 0.009055894256259
982, 0.00895170518197119
983, 0.00937233508254091
984, 0.00972616882063448
985, 0.0103630358353257
986, 0.00993603693010906
987, 0.0090541859002163
988, 0.00964143057353795
989, 0.00943098628583054
990, 0.0190194197265165
991, 0.0175820381380618
992, 0.0115585551441958
993, 0.0172593854367733
994, 0.0146250549393396
995, 0.016641193668225
996, 0.013461035831521
997, 0.0126432603380332
998, 0.0118760490634789
999, 0.0105399310123175
1000, 0.00949466377496719
1001, 0.0107917605588833
1002, 0.0110942543639491
1003, 0.0112319410933803
1004, 0.018847730755806
1005, 0.00975818810984492
1006, 0.0107275265268981
1007, 0.00946428274203624
1008, 0.00919403787702322
1009, 0.00925082139049967
1010, 0.00957258728643258
1011, 0.00968337245285511
1012, 0.0101115486584604
1013, 0.00936210326229533
1014, 0.00953471846878529
1015, 0.00979737658053637
1016, 0.0135587081313133
1017, 0.0145072727464139
1018, 0.0127040171064436
1019, 0.0118012653353314
1020, 0.0107578258030117
1021, 0.0104580738892158
1022, 0.0110068144276738
1023, 0.010513580337699
1024, 0.00923627770195405
1025, 0.00975081098398992
1026, 0.00935735888779163
1027, 0.00972918294636267
1028, 0.00945260305888951
1029, 0.0101197579254707
1030, 0.0128092594289531
1031, 0.0104689219345649
1032, 0.0137166210139791
1033, 0.0128049476382633
1034, 0.0117723168805242
1035, 0.0104287087451667
1036, 0.0108073376274357
1037, 0.0101997271024932
1038, 0.0102136392146349
1039, 0.00944823220682641
1040, 0.0136948849074543
1041, 0.0117345678154379
1042, 0.0099031349333624
1043, 0.00494209995182852
1044, 0.0020801825739909
1045, 0.0183127561273674
1046, 0.0169960290659219
1047, 0.0288110827095807
1048, 0.0283566171613832
1049, 0.0400816279330424
1050, 0.00921774023057272
1051, 0.0406603422015905
1052, 0.00351713170918326
1053, 0.00299636575315769
1054, 0.0023461782936162
1055, 0.00153619082508764
1056, 0.000682075965111532
1057, 0.00025487946428863
1058, 0.00775144660534958
1059, 0.00621954716431598
1060, 0.0051026155318444
1061, 0.00434440444223583
1062, 0.00390772096579894
1063, 0.00370540291381379
1064, 0.00366427572832132
1065, 0.00926196753668288
1066, 0.0103504079549263
1067, 0.0140604402404279
1068, 0.0199135179476192
1069, 0.0276738650475939
1070, 0.0330017449644705
1071, 0.0342226689681411
1072, 0.0320737023527424
1073, 0.0296292157533268
1074, 0.0297060854112109
1075, 0.00184243956755381
1076, 0.00280241223905856
1077, 0.0022918784719271
1078, 0.0115186591477444
1079, 0.0288584496205052
1080, 0.0227530638997753
1081, 0.033127213207384
1082, 0.0293135301520427
1083, 0.0333915210018555
1084, 0.0310843445671101
1085, 0.0100198010137926
1086, 0.00343946681823581
1087, 0.0042620308813639
1088, 0.0065453463466838
1089, 0.0149367083019267
1090, 0.0226699866354465
1091, 0.00843839025280128
1092, 0.00373456941451877
1093, 0.00516593553281079
1094, 0.0135399523035934
1095, 0.0114476698605965
1096, 0.0290319782992204
1097, 0.0348673264629075
1098, 0.00857053320699682
1099, 0.0241320375353098
1100, 0.0144758843040715
1101, 0.00439425372557404
1102, 0.0114393935405782
1103, 0.00330332410521805
1104, 0.0254863545830761
1105, 0.0241852808743715
1106, 0.00300900207366794
1107, 0.00298231904162094
1108, 0.0127234481430302
1109, 0.0335673146570722
1110, 0.0293611342397829
1111, 0.0323042529635131
1112, 0.0316336614390214
1113, 0.0265992137913903
1114, 0.0164010755252093
1115, 0.00158002004294152
1116, 0.0113506341197838
1117, 0.00690539794353147
1118, 0.00889569699453811
1119, 0.00537753194415321
1120, 0.00433399355582272
1121, 0.0035716132260859
1122, 0.0165864061564207
1123, 0.0365269438674053
1124, 0.0198205747486403
1125, 0.00370841103140265
1126, 0.014202319085598
1127, 0.0117592633857081
1128, 0.0204517367029829
1129, 0.00712456131753113
1130, 0.030670846812427
1131, 0.0186135803482362
1132, 0.0190130116728445
1133, 0.00391638362392162
1134, 0.0340909026563168
1135, 0.031210049521178
1136, 0.0233880920956532
1137, 0.0262750441518923
1138, 0.0270061936850349
1139, 0.00350395894687002
1140, 0.00313069885596633
1141, 0.0141123319044709
1142, 0.0116602207223574
1143, 0.00948159055163463
1144, 0.00445265858434141
1145, 0.00746808577484141
1146, 0.00572101368258397
1147, 0.0306832852462928
1148, 0.0100288170389831
1149, 0.0218930457984763
1150, 0.0364672606810927
1151, 0.0060088304204068
1152, 0.0296657336875796
1153, 0.0297408952998618
1154, 0.0247738406372567
1155, 0.0338851676012079
1156, 0.0190198118798435
1157, 0.00494072921962167
1158, 0.0124811357818544
1159, 0.0366520456969738
1160, 0.0360952485352755
1161, 0.0102129993805041
1162, 0.0082007859988759
1163, 0.0164907725527883
1164, 0.0324261475354433
1165, 0.0073481572791934
1166, 0.0218835913886627
1167, 0.0181493797339499
1168, 0.034069168381393
1169, 0.0128605589270592
1170, 0.0352729229877392
1171, 0.0354576685598918
1172, 0.0113459050965806
1173, 0.0143754906021059
1174, 0.029250607204934
1175, 0.0280200700896482
1176, 0.00905482145026326
1177, 0.0101983966305852
1178, 0.0332568474113941
1179, 0.0118816640228033
1180, 0.0214849036186934
1181, 0.0178554392186925
1182, 0.0276765668143829
1183, 0.0340435172741612
1184, 0.0143615038444599
