1, 0.0106267351657152
2, 0.0417041257023811
3, 0.00659516581799835
4, 0.0125708607956767
5, 0.0141767277382314
6, 0.0215697307139635
7, 0.00499880372080952
8, 0.00720164325321093
9, 0.0391829092986882
10, 0.0101659919600934
11, 0.0130192060023546
12, 0.0197083996608853
13, 0.011078896233812
14, 0.0117905361888309
15, 0.0124472998237858
16, 0.0130482537982365
17, 0.0135989213207116
18, 0.0140886332374066
19, 0.014485361908252
20, 0.0147527883139749
21, 0.0149776965069274
22, 0.0160140623338521
23, 0.0206681531853974
24, 0.0310078722735246
25, 0.0375702033440272
26, 0.0228704636295636
27, 0.0114225565145413
28, 0.00666729733347893
29, 0.00900077994447201
30, 0.0108292320122321
31, 0.0119254615468284
32, 0.0125063681043684
33, 0.012778781587258
34, 0.0128758375067264
35, 0.0128733343444765
36, 0.0128289088606834
37, 0.0127666416422774
38, 0.0127049909594158
39, 0.0126511876781782
40, 0.0126139942246179
41, 0.0125935701653361
42, 0.012576026453947
43, 0.0125672840513289
44, 0.0125682579043011
45, 0.0125703242762635
46, 0.0125709648709744
47, 0.0125346605976423
48, 0.0125000104308128
49, 0.0124970693141222
50, 0.0125329519311587
51, 0.0125964907929301
52, 0.0126912615572413
53, 0.0128132921333114
54, 0.0129570988938212
55, 0.0131203755736351
56, 0.0132950173380474
57, 0.0134758975667258
58, 0.0136588440897564
59, 0.013830902831008
60, 0.0140393998008221
61, 0.014144423417747
62, 0.0142052594261865
63, 0.0143466812248031
64, 0.0145456025687357
65, 0.01480440578113
66, 0.015239122013251
67, 0.0162179105294247
68, 0.0181888767207662
69, 0.0204840134829283
70, 0.021619482897222
71, 0.0206261112665137
72, 0.0178668528484801
73, 0.0151627093243102
74, 0.0139278592541814
75, 0.0133656289738913
76, 0.0128934010863304
77, 0.0124710416421294
78, 0.0121020890461902
79, 0.0117653630053004
80, 0.0114539484493434
81, 0.0111695942468941
82, 0.011042686062865
83, 0.0107912443345413
84, 0.0105856680311263
85, 0.010606092090408
86, 0.0107141753348211
87, 0.0109137715771794
88, 0.0112336097906033
89, 0.011682632068793
90, 0.0122710890136659
91, 0.0129903977115949
92, 0.0138093659964701
93, 0.0146596858588358
94, 0.0160790712883075
95, 0.0183452405035496
96, 0.0219946342209975
97, 0.0196619058260694
98, 0.0164729772756497
99, 0.011034013548245
100, 0.00875338027253747
101, 0.0074539987059931
102, 0.00659704332550367
103, 0.00600004297060271
104, 0.00558018793041507
105, 0.00528697273693979
106, 0.00508582669620713
107, 0.0049650677635024
108, 0.00488086642387013
109, 0.00484422943554819
110, 0.00486127636395395
111, 0.00496810756158084
112, 0.00516315398272127
113, 0.00558837363496423
114, 0.00609056259660671
115, 0.00665948916381846
116, 0.00728583487216383
117, 0.00794607559995105
118, 0.00859139525952438
119, 0.00916836845378081
120, 0.00957540849534174
121, 0.00966215312170486
122, 0.00922535033896565
123, 0.00813979065666596
124, 0.00670431193429977
125, 0.0112549091378848
126, 0.0200672978535295
127, 0.0351386141652862
128, 0.027935689004759
129, 0.0183698365775247
130, 0.0148367309787621
131, 0.0138380352873355
132, 0.0130438633107891
133, 0.0122124378103763
134, 0.0110700597870164
135, 0.0106389547387759
136, 0.0110032580172022
137, 0.0114864132677515
138, 0.0121334808257719
139, 0.0129931393700341
140, 0.0145893127967914
141, 0.0181843064104517
142, 0.0214680470526218
143, 0.021783236724635
144, 0.0194258720924457
145, 0.0166739649139345
146, 0.0151263900722067
147, 0.0143961139644186
148, 0.0139481650354962
149, 0.0136281674106916
150, 0.0134117232325176
151, 0.0132606055897971
152, 0.0131550656321148
153, 0.013092242491742
154, 0.0130518302321434
155, 0.013027988995115
156, 0.0130166735034436
157, 0.0130118555389345
158, 0.0129976302074889
159, 0.0129766490620871
160, 0.0129545956539611
161, 0.0129266208969057
162, 0.0128803281113505
163, 0.0128211999932925
164, 0.0127597676279644
165, 0.0126856987675031
166, 0.0126124645272891
167, 0.011270763973395
168, 0.0212662660827239
169, 0.0350236572946111
170, 0.0348837040364742
171, 0.0211624332393209
172, 0.0114825982600451
173, 0.00516429648268968
174, 0.0053230933068941
175, 0.00554851784060399
176, 0.00583465994956593
177, 0.00618497654795647
178, 0.00662974640727043
179, 0.00725281370493273
180, 0.00827376218512654
181, 0.0102692864214381
182, 0.0151755052308242
183, 0.0175820332951844
184, 0.0183961431806286
185, 0.0154423735414942
186, 0.014763278576235
187, 0.0149463436876734
188, 0.0157368603783349
189, 0.016959749472638
190, 0.017221612855792
191, 0.015673759393394
192, 0.0136079811491072
193, 0.0123106266061465
194, 0.011493407189846
195, 0.0109521568131944
196, 0.0106197215306262
197, 0.010469477934142
198, 0.01285221404396
199, 0.0116170271455
200, 0.01437688114432
201, 0.0147129918914288
202, 0.015067083761096
203, 0.0161345431115478
204, 0.0265216528038893
205, 0.019482814706862
206, 0.0261027662393947
207, 0.0348926046863198
208, 0.0153748608815173
209, 0.0126401806094994
210, 0.01269984501414
211, 0.0127701583163192
212, 0.0129190907658388
213, 0.0129584496996055
214, 0.012927912408486
215, 0.0127647743405153
216, 0.0123820129471521
217, 0.0116707703564316
218, 0.0105463682363431
219, 0.009175699398232
220, 0.0130345448075483
221, 0.0128810632353028
222, 0.0127470514271408
223, 0.0126390282530338
224, 0.0125618403156598
225, 0.0125121098632614
226, 0.0124967913919439
227, 0.0125126861191044
228, 0.0119510513419906
229, 0.013021431863308
230, 0.0134604597308983
231, 0.0140628839532534
232, 0.0153212777804583
233, 0.017701847711578
234, 0.0203409031964839
235, 0.0213604411110282
236, 0.0202736097077529
237, 0.0180317587219179
238, 0.0160604344370464
239, 0.0150465595070273
240, 0.0146709110898276
241, 0.0144506521367778
242, 0.0142795272016277
243, 0.0141397936580082
244, 0.014056744830062
245, 0.0134152004029602
246, 0.0153856702769796
247, 0.0255225542932749
248, 0.0139359261374921
249, 0.0208502641568581
250, 0.012853128137067
251, 0.017140768856431
252, 0.0147572386388977
253, 0.0126262328897913
254, 0.011655174040546
255, 0.01139922356233
256, 0.0209988793358207
257, 0.0140974349342287
258, 0.014222386215503
259, 0.0122703932380925
260, 0.0144595727324486
261, 0.0160670907547077
262, 0.0206746694942315
263, 0.0137667682332297
264, 0.0154436256270856
265, 0.0185519689694047
266, 0.0194100773272415
267, 0.017102085519582
268, 0.0146757986706992
269, 0.0143960941738139
270, 0.0139981139606486
271, 0.0125929739636679
272, 0.0125422701239586
273, 0.0129172034406414
274, 0.0123249907822659
275, 0.0116525307918588
276, 0.0125336473962913
277, 0.0129720395586143
278, 0.0128351868285487
279, 0.0126812680779646
280, 0.0127058650056521
281, 0.0125621783081442
282, 0.0129893447738141
283, 0.0127518595351527
284, 0.0118448353217294
285, 0.0125342635437846
286, 0.0125358366407454
287, 0.0129144416035463
288, 0.0132043581300726
289, 0.0125007453219344
290, 0.0125919806305319
291, 0.0126847646509608
292, 0.0135721190987776
293, 0.0133832915841291
294, 0.01294664797994
295, 0.0128031400187562
296, 0.012530428590253
297, 0.0137597347299258
298, 0.0139117266051471
299, 0.00856497002920757
300, 0.012244405845801
301, 0.013900725304016
302, 0.012059793607997
303, 0.0125073215791157
304, 0.0138253200954447
305, 0.0132693277361492
306, 0.0158217978508522
307, 0.0265824057472249
308, 0.0182207853843768
309, 0.0223931316286325
310, 0.0143287806616475
311, 0.0288287253739933
312, 0.0138026263564825
313, 0.0123108848929405
314, 0.0126249020298322
315, 0.0133532513864338
316, 0.0161876507724325
317, 0.0184851513865093
318, 0.0206400387299558
319, 0.0211387708162268
320, 0.0195310941586892
321, 0.0169625708367676
322, 0.0141368534726401
323, 0.0148508973264446
324, 0.0143569936044514
325, 0.0150421688643595
326, 0.013984464496995
327, 0.0138835336547345
328, 0.0138258165679872
329, 0.0129629797302186
330, 0.0125684561983993
331, 0.012951277429238
332, 0.0125168779244026
333, 0.0125096067010115
334, 0.0125368854496628
335, 0.0128877786143372
336, 0.0127287930808961
337, 0.0128110273120304
338, 0.0129143026036521
339, 0.0129934374708682
340, 0.0129866626424094
341, 0.0131572900184741
342, 0.0126782675894598
343, 0.012776893718789
344, 0.0126185043870161
345, 0.0131102029699832
346, 0.0136773014285912
347, 0.0134801690777143
348, 0.012731256429106
349, 0.0126286371766279
350, 0.0125552241224796
351, 0.0125140967623641
352, 0.0128591484390199
353, 0.0132861759824057
354, 0.0127067988893638
355, 0.02551837451756
356, 0.0136034168702151
357, 0.0131492838263512
358, 0.0192561784448723
359, 0.014303488501658
360, 0.0234369880830248
361, 0.0137388928948591
362, 0.0148433477152139
363, 0.0269070129531125
364, 0.0136666520653913
365, 0.0137563571333885
366, 0.0143443172952781
367, 0.0132950970437378
368, 0.0140224324228863
369, 0.013628822673733
370, 0.0130348234171314
371, 0.0153918487485498
372, 0.0202972724412878
373, 0.0176227315484236
374, 0.0215472617807488
375, 0.0205266907190283
376, 0.0138690895400941
377, 0.0141168263896058
378, 0.0180847083684057
379, 0.0136779176536947
380, 0.0130323791721215
381, 0.0126560357554505
382, 0.0130769037641585
383, 0.0153775039749841
384, 0.0129180971998721
385, 0.0128545786719769
386, 0.0125484289601445
387, 0.0125109830072948
388, 0.0125269117609908
389, 0.0127829537571718
390, 0.0141496877186
391, 0.0130073851129661
392, 0.0125924569244186
393, 0.0132173919118941
394, 0.0129738078297426
395, 0.0130152724062403
396, 0.01250164732337
397, 0.012590768514201
398, 0.0125377995427698
399, 0.0126725260633975
400, 0.0127797348735233
401, 0.0133726221974939
402, 0.0131901525892317
403, 0.0126452235504985
404, 0.0190255669100831
405, 0.024014318206658
406, 0.0149452715025594
407, 0.0142827259842306
408, 0.0264372273037831
409, 0.0163258343624572
410, 0.0272736210996906
411, 0.0134047632371741
412, 0.013461572661375
413, 0.0137197400132815
414, 0.0135968353909751
415, 0.0139728214902182
416, 0.013984027163436
417, 0.0135209984146059
418, 0.0278016390899817
419, 0.0147627620026469
420, 0.0168561563671877
421, 0.0198703637967507
422, 0.0218477089268466
423, 0.013605382759124
424, 0.014479202684015
425, 0.015813989409556
426, 0.0215277920166651
427, 0.017080408676217
428, 0.0127044743858278
429, 0.0132386902502427
430, 0.0135354421411951
431, 0.0130975665524602
432, 0.0148495461326092
433, 0.0128951888376226
434, 0.0128286900774886
435, 0.0125498201232404
436, 0.0125346208922565
437, 0.0126372002996504
438, 0.0125827213438849
439, 0.0129641517220686
440, 0.0130257828471561
441, 0.0129215146880597
442, 0.0132779305179914
443, 0.0125697538522737
444, 0.0127139312680811
445, 0.0126300482855489
446, 0.0130867986008525
447, 0.0134511251933873
448, 0.0225595615005919
449, 0.0168000881870588
450, 0.0255941391612093
451, 0.0150791235112896
452, 0.0200732190472384
453, 0.0136822089552879
454, 0.0255167332167427
455, 0.0132659221999347
456, 0.013266506139189
457, 0.0134709701718142
458, 0.0133565091527998
459, 0.0133002422905217
460, 0.013704123829181
461, 0.0148935544614991
462, 0.0143018644303083
463, 0.0142896997276694
464, 0.0161793061221639
465, 0.0167297151250144
466, 0.0193770960904658
467, 0.0193649569215874
468, 0.0220375106049081
469, 0.0190717692353896
470, 0.0127567471936345
471, 0.0137391904524217
472, 0.0155224432237446
473, 0.0133310180002203
474, 0.0128767314211776
475, 0.0131674629325668
476, 0.0126813080472251
477, 0.0129663171246648
478, 0.01262549807628
479, 0.0125901921807478
480, 0.0130619431535403
481, 0.0128334781620651
482, 0.0126113444566727
483, 0.0126697051649292
484, 0.0129860070689271
485, 0.0205599504212538
486, 0.0171648091636598
487, 0.0240688965034982
488, 0.023856981502225
489, 0.0130723231871213
490, 0.0130891430502137
491, 0.0131752712186426
492, 0.0131197399459779
493, 0.0132942024307946
494, 0.0135233228405317
495, 0.0179418182399656
496, 0.0139709141415854
497, 0.0156059494086852
498, 0.0207374926346044
499, 0.0227206265553832
500, 0.0187973421998322
501, 0.0224537098159393
502, 0.0164469111089905
503, 0.0128063581263026
504, 0.0140942954458296
505, 0.0134580554440618
506, 0.0127393426373601
507, 0.0129659996212771
508, 0.0126806322174768
509, 0.0132529359931747
510, 0.0130960169869165
511, 0.0131634501740336
512, 0.0127645754255354
513, 0.0128847386998435
514, 0.0153261691331863
515, 0.0237148193908589
516, 0.0247258792320887
517, 0.0130526842549443
518, 0.0129894043784589
519, 0.0129467276080201
520, 0.0131781722884625
521, 0.0211561786543046
522, 0.0134088423413535
523, 0.0221426129962007
524, 0.0137621586521467
525, 0.0232575181871653
526, 0.0150564541885008
527, 0.0220391393328706
528, 0.0128699568100274
529, 0.0177937269743
530, 0.0143024745242049
531, 0.0128212342970073
532, 0.0127383495370547
533, 0.012644565996847
534, 0.0135572974880536
535, 0.0131098851561546
536, 0.0133068986081829
537, 0.0127115477031718
538, 0.0128182198054024
539, 0.0129452018067241
540, 0.0184368165209889
541, 0.0231319912709296
542, 0.0129073408432305
543, 0.0128528101680179
544, 0.0129477323165962
545, 0.013123713588963
546, 0.0239140318706632
547, 0.021613874871816
548, 0.0179793275892735
549, 0.0126944568008184
550, 0.0210597081109881
551, 0.0205355677753687
552, 0.0127540056128055
553, 0.0128198689781129
554, 0.0127251164522022
555, 0.0129507605452091
556, 0.0133422839765747
557, 0.0167537717148662
558, 0.0136123327538371
559, 0.0144673213362694
560, 0.0158977332369735
561, 0.0114004237111658
562, 0.0120522005017847
563, 0.0126983544323593
564, 0.014737032353878
565, 0.0150912227885177
566, 0.018576485880961
567, 0.0248951559575895
568, 0.00927537858175735
569, 0.00908508081920445
570, 0.00845500008047869
571, 0.00813770457170904
572, 0.00957576596798996
573, 0.00953293009661138
574, 0.0131462438342472
575, 0.0147183963563293
576, 0.0139087464970847
577, 0.0124881096029033
578, 0.0119551640624801
579, 0.0115421037189662
580, 0.0112629155628383
581, 0.011095823875318
582, 0.0110109667293727
583, 0.0176651713748773
584, 0.00502121545529614
585, 0.00564666686113924
586, 0.00605414411984384
587, 0.00663908442948014
588, 0.00748465582728386
589, 0.0087471417694663
590, 0.0107777333663156
591, 0.013988019976144
592, 0.0142264396085271
593, 0.0241510063143713
594, 0.0337529648095369
595, 0.0143272108398378
596, 0.0153697358909994
597, 0.0132917386169235
598, 0.0123980461309354
599, 0.0238094772212207
600, 0.013840777411436
601, 0.0167197410482913
602, 0.019691430653135
603, 0.00875560621110102
604, 0.00858930944620321
605, 0.0103411096303413
606, 0.00571688121029486
607, 0.00686142985553791
608, 0.00749542455499371
609, 0.0094744183588773
610, 0.0098064160750558
611, 0.0100230789588143
612, 0.0158956677187234
613, 0.019437932719787
614, 0.0136173588689417
615, 0.0143619001222154
616, 0.0124811357042442
617, 0.0120919766680648
618, 0.0118571142666042
619, 0.0151329067690919
620, 0.0129960007810344
621, 0.0116997778726121
622, 0.0198661359027028
623, 0.00501428144828727
624, 0.00537345884367824
625, 0.00500965211540461
626, 0.0064213485068952
627, 0.00519732723478228
628, 0.00508564811510344
629, 0.007994832082962
630, 0.0070706222516795
631, 0.00932685697140793
632, 0.0112786112197985
633, 0.011660867237619
634, 0.0155250026977488
635, 0.0272828634828329
636, 0.00899036911626657
637, 0.013622008341675
638, 0.0141868024754028
639, 0.00712001455637316
640, 0.0174556012886266
641, 0.0207374532086154
642, 0.0241539728206893
643, 0.00523611006792635
644, 0.00626436985718707
645, 0.0114805124079188
646, 0.00997642877822121
647, 0.0106305898322413
648, 0.0130164644991358
649, 0.00774266477674246
650, 0.00838486555342873
651, 0.0147332774940878
652, 0.0113195600376154
653, 0.015971087384969
654, 0.0155803981857995
655, 0.0141372107124577
656, 0.01492705126293
657, 0.0134992427968731
658, 0.0129997557960451
659, 0.0126442138571292
660, 0.0124986193675016
661, 0.0173118939468016
662, 0.00598448608070612
663, 0.0168976616114378
664, 0.00535706772158543
665, 0.00540155269360791
666, 0.012039683215941
667, 0.0100160654013356
668, 0.00858950766269118
669, 0.00757781788706779
670, 0.00569826453768959
671, 0.00539565186149308
672, 0.00551736451840649
673, 0.0143682739697397
674, 0.0109708329662681
675, 0.0145689992234111
676, 0.0234431072271296
677, 0.0134401941516747
678, 0.00874811597168446
679, 0.0147175615032514
680, 0.0140813217343142
681, 0.0210543905074398
682, 0.0234291798745592
683, 0.00806969563321521
684, 0.0110318284326543
685, 0.0152382874595267
686, 0.0122018282612165
687, 0.00741724312926332
688, 0.00652084864365558
689, 0.00937674636952579
690, 0.0127686679673692
691, 0.0156019955563049
692, 0.0121976632624865
693, 0.0159763722525289
694, 0.00687509887696554
695, 0.0155958357887963
696, 0.0160489111828307
697, 0.013121035322547
698, 0.0146819574292749
699, 0.0134984278896203
700, 0.0161750942934304
701, 0.0139943784258018
702, 0.00590483444587638
703, 0.00570769412443042
704, 0.00578884388475368
705, 0.0125381172013779
706, 0.0106879686936736
707, 0.00919034246665736
708, 0.00639748678077012
709, 0.00608790010058631
710, 0.0179319180548191
711, 0.015871905333673
712, 0.00930929362463454
713, 0.0147642916999757
714, 0.0140078489979108
715, 0.0219534675901135
716, 0.00592897436581552
717, 0.0132990702210615
718, 0.00855767858835558
719, 0.00778857998860379
720, 0.0125399459308634
721, 0.00685946282465011
722, 0.0101115524303168
723, 0.0179974663381775
724, 0.0222734253232678
725, 0.0139751265912006
726, 0.0128165509086102
727, 0.0159007536713034
728, 0.00813033307592074
729, 0.016455911565572
730, 0.0163069984409958
731, 0.0139668355030673
732, 0.0154700504305462
733, 0.0153237015474588
734, 0.0144791037309915
735, 0.00652659040254851
736, 0.0062492586605783
737, 0.013321674029742
738, 0.00633984905046721
739, 0.00685713801067322
740, 0.0111370895368358
741, 0.00737536077698072
742, 0.0173756430324699
743, 0.018366836477071
744, 0.0102572261045376
745, 0.0162017964757979
746, 0.00930231949314475
747, 0.0148643279292931
748, 0.00839826185256243
749, 0.0113313222924868
750, 0.00721054212190211
751, 0.0207999975730975
752, 0.0151050289693688
753, 0.0202380449821552
754, 0.0156894754618406
755, 0.00975149994095167
756, 0.0148217221722007
757, 0.0167480531769494
758, 0.00735465813583384
759, 0.0171014696049194
760, 0.0149226694367826
761, 0.00790276265858362
762, 0.0147628413978964
763, 0.0069859834232678
764, 0.0130359189584851
765, 0.016002201087152
766, 0.00868725916370749
767, 0.0200715304041902
768, 0.0116179610292117
769, 0.0184430110578736
770, 0.0104194898934414
771, 0.017513516638428
772, 0.00938780466094613
773, 0.0201610163785517
774, 0.0129691588226706
775, 0.0074380055302754
776, 0.018239124212414
777, 0.0154877929016948
778, 0.0117446193471551
779, 0.00846574843550722
780, 0.0169696034863591
781, 0.00786258936083565
782, 0.00927357041897873
783, 0.0180306801838534
784, 0.00680114949742953
785, 0.0103560303493092
786, 0.0189378499053419
787, 0.018096847847725
788, 0.0118735455907881
789, 0.0141593073494732
790, 0.0105277148873678
791, 0.0163692458687971
792, 0.0144998107105494
793, 0.0161560804893573
794, 0.01509724285764
795, 0.013921007647046
796, 0.00988610764034092
797, 0.00900497194379568
798, 0.0169951742670188
799, 0.0109642169748743
800, 0.0122329612107327
801, 0.0167222294956446
802, 0.0140569037757814
803, 0.0121267336420715
804, 0.0140875428915024
805, 0.0139582892879844
806, 0.0116633393336087
807, 0.0129025199760993
808, 0.0327279435781141
809, 0.0150574818253517
810, 0.012609801798438
811, 0.0126538105929891
812, 0.0147861464259525
813, 0.0174776740993063
814, 0.0236322128524383
815, 0.0131063091102988
816, 0.013177715241909
817, 0.0126173523409913
818, 0.0126139190047979
819, 0.0126117491163313
820, 0.0132805135411521
821, 0.0126208687045922
822, 0.0138871890182296
823, 0.0126892948367943
824, 0.0127618936821818
825, 0.0214422193045417
826, 0.0179663530240456
827, 0.0149612061213702
828, 0.0133093420881778
829, 0.0124308290736129
830, 0.0118536175383876
831, 0.0113854826583217
832, 0.0129086997670432
833, 0.0129449393910666
834, 0.0129687814041972
835, 0.0129937555951377
836, 0.0130102860275656
837, 0.0126144313253462
838, 0.0134181402002772
839, 0.013615312675635
840, 0.0126273855566978
841, 0.0142509565533449
842, 0.0148827853457381
843, 0.0127294882355879
844, 0.0165029591104637
845, 0.0192486679491897
846, 0.0127677941539635
847, 0.0127106527797878
848, 0.0210213498212397
849, 0.01253618990692
850, 0.0121639195519189
851, 0.0114613795497765
852, 0.0102865517449876
853, 0.00866117250795166
854, 0.00802749577754488
855, 0.0255044238375766
856, 0.0130621222779155
857, 0.0130881092821558
858, 0.0130338693658511
859, 0.0131051366527875
860, 0.0133361838913212
861, 0.0138713144697249
862, 0.0143323364512374
863, 0.018050455643485
864, 0.0192625952574114
865, 0.013167761421452
866, 0.016190213849768
867, 0.0140698976659526
868, 0.0130193736404181
869, 0.0132434389088303
870, 0.0134590491652489
871, 0.0136256837286055
872, 0.0156084921521445
873, 0.0206662064107756
874, 0.0213579169164101
875, 0.0128532873932272
876, 0.0129915898821006
877, 0.0127922520041466
878, 0.0126508302055299
879, 0.0129306340434899
880, 0.0127213427331299
881, 0.0129644496676823
882, 0.0126412137566755
883, 0.0126774849237076
884, 0.012651068236058
885, 0.012479446362704
886, 0.0118907516201337
887, 0.0126639036461711
888, 0.0126311211691548
889, 0.0126397634545962
890, 0.0109559122938663
891, 0.0126394453303268
892, 0.0126702220489581
893, 0.0126339621686687
894, 0.0126569494605064
895, 0.0126503732365867
896, 0.0125940267462283
897, 0.0122577967122197
898, 0.0113897546349714
899, 0.0136725330570092
900, 0.0189059602562338
901, 0.0127615356662621
902, 0.0119518540799618
903, 0.0238183770949642
904, 0.0125869195243078
905, 0.0130171288869211
906, 0.027678351663053
907, 0.0108784457203001
908, 0.0146385798496859
909, 0.0253710112135325
910, 0.0137160086072981
911, 0.0130352998773257
912, 0.0133221969784548
913, 0.0146847590027998
914, 0.0200701591869195
915, 0.0135054416023195
916, 0.0138361677527428
917, 0.0168713165912777
918, 0.0132318364921957
919, 0.0131580457091331
920, 0.0131852255823712
921, 0.0131258394103497
922, 0.0130912289023399
923, 0.0175665251445025
924, 0.0219754219676058
925, 0.0207262674036125
926, 0.0150290154075871
927, 0.0130607315804809
928, 0.0128250940081974
929, 0.0127574627598127
930, 0.0129950665868819
931, 0.0129616681952029
932, 0.0128841626768311
933, 0.013017585221678
934, 0.0125287598930299
935, 0.0122804464772344
936, 0.0123999341546247
937, 0.0124778178675721
938, 0.0125621779977034
939, 0.0126828576127688
940, 0.0125863774834822
941, 0.0126189019841452
942, 0.0126522606393943
943, 0.0127025075877706
944, 0.0127168724623819
945, 0.0127233101520687
946, 0.0121354285317163
947, 0.0122784398651371
948, 0.012722781021148
949, 0.012071531964466
950, 0.0154348833020777
951, 0.0247029704041779
952, 0.0137707417986045
953, 0.0161944482741611
954, 0.0130292883009783
955, 0.0191942884897192
956, 0.019553347180287
957, 0.0224325104306142
958, 0.0131190444808453
959, 0.0133190774358809
960, 0.0130190678561727
961, 0.0130242730956525
962, 0.0139255546964705
963, 0.0159940949330727
964, 0.0129881130220989
965, 0.0129988814393679
966, 0.0130428300083925
967, 0.0130447768606246
968, 0.0220913530016939
969, 0.0128636781591922
970, 0.0129966561216861
971, 0.0130574333791931
972, 0.0129165278437237
973, 0.0122786387025068
974, 0.0124155899199347
975, 0.0127060638430218
976, 0.0127391046844423
977, 0.0123906161946555
978, 0.0124571547688295
979, 0.0123329982161522
980, 0.0125245871798446
981, 0.0122893277245263
982, 0.0125902517853926
983, 0.0126546250345806
984, 0.0129747012785325
985, 0.0127657278596113
986, 0.0127793576102704
987, 0.0127877872437239
988, 0.0203510755673051
989, 0.024461074732244
990, 0.0188598266492287
991, 0.0152495328802615
992, 0.0226403716951609
993, 0.0233945691337188
994, 0.0129017654495935
995, 0.0134364986636986
996, 0.0127364026072125
997, 0.0127149848267436
998, 0.0127496746523927
999, 0.012812835474809
1000, 0.0128806654829532
1001, 0.0129390781124433
1002, 0.0129735494653384
1003, 0.0128919902878503
1004, 0.0130360154435039
1005, 0.0129502240257959
1006, 0.0126240671767543
1007, 0.0133551380131394
1008, 0.0123947085812688
1009, 0.0123024211109926
1010, 0.0123569197021425
1011, 0.0123007125997295
1012, 0.0124503597617149
1013, 0.0125503169062237
1014, 0.0127149252220988
1015, 0.0126397637650371
1016, 0.0127731983084232
1017, 0.0128111265754948
1018, 0.0128459444136492
1019, 0.0157789015987267
1020, 0.0208334363996983
1021, 0.0243371602680002
1022, 0.0210692210122943
1023, 0.0200779715552926
1024, 0.0145517215132713
1025, 0.0180777749046683
1026, 0.0225870255380869
1027, 0.013109408163776
1028, 0.0126554990808169
1029, 0.0124778571383407
1030, 0.0124705262326946
1031, 0.0125432240311056
1032, 0.0126461610974123
1033, 0.0127421445213258
1034, 0.0128237432800233
1035, 0.0129258995210486
1036, 0.0128878979788472
1037, 0.013026836514473
1038, 0.0129875365334253
1039, 0.0129848742702355
1040, 0.012837007176131
1041, 0.016290746939679
1042, 0.0128494920985152
1043, 0.0128735564649105
1044, 0.0203487195074558
1045, 0.0217963494360447
1046, 0.0171368749967466
1047, 0.0127980538333456
1048, 0.0129177595178286
1049, 0.0127179451131572
1050, 0.0139008787615846
1051, 0.0128526312764734
1052, 0.0126276238976667
1053, 0.012510460956643
1054, 0.0125155274290591
1055, 0.0123540584463626
1056, 0.0123367533863833
1057, 0.0124058948519329
1058, 0.00989322030606369
1059, 0.00850095510638008
1060, 0.0147076873884847
1061, 0.014946003710585
1062, 0.0247755890401701
1063, 0.0169537101561824
1064, 0.0224402385453383
1065, 0.0315483474793533
1066, 0.00545398518443108
1067, 0.007787984291402
1068, 0.00846584793180227
1069, 0.00909495524441203
1070, 0.0096045551666369
1071, 0.00985195386844377
1072, 0.00938328246896466
1073, 0.00852300855331123
1074, 0.0128840634133667
1075, 0.0100295563073208
1076, 0.00832408848994722
1077, 0.00734456535428762
1078, 0.00670069591918339
1079, 0.00623216359720876
1080, 0.0058793833013624
1081, 0.00560180454825362
1082, 0.0111536202020943
1083, 0.0114818437335392
1084, 0.0119825229824831
1085, 0.0127246207557619
1086, 0.0139171703873823
1087, 0.0156867130038639
1088, 0.0170064000412822
1089, 0.0167864986384908
1090, 0.0156591760460287
1091, 0.0148675068436811
1092, 0.0147429731829713
1093, 0.0151711731062581
1094, 0.0163293910833697
1095, 0.00712025305256248
1096, 0.0108031842391938
1097, 0.00965881549442808
1098, 0.00650364273072531
1099, 0.00594689561209331
1100, 0.00838830244416992
1101, 0.010536910345157
1102, 0.00906870925488571
1103, 0.0103627856976042
1104, 0.0100958764087409
1105, 0.00649549687902133
1106, 0.00886525927732388
1107, 0.00777789123822004
1108, 0.00703042881408085
1109, 0.00612559033712993
1110, 0.010489883289362
1111, 0.0163792597595602
1112, 0.0135923850660523
1113, 0.0151056076865643
1114, 0.0143834777797262
1115, 0.0146399769000709
1116, 0.0144605267948161
1117, 0.0173368086107075
1118, 0.0149907697923481
1119, 0.0127975372597575
1120, 0.016674283426255
1121, 0.0149930347688496
1122, 0.01760596393918
1123, 0.0136404063863059
1124, 0.0126694663582991
1125, 0.0215702303685248
1126, 0.013868419919163
1127, 0.0248221405781806
1128, 0.0209646867588162
1129, 0.023819114236782
1130, 0.00702450812483827
1131, 0.00975712326665719
1132, 0.0103071550838649
1133, 0.00910651862310866
1134, 0.0107670646781723
1135, 0.012099486310035
1136, 0.011289956048131
1137, 0.00768166943453252
1138, 0.00586683532622244
1139, 0.00734492282693585
1140, 0.00676349926895152
1141, 0.00815961929038167
1142, 0.0110907380003482
1143, 0.00934950712447365
1144, 0.0111420410685241
1145, 0.0146139285837611
1146, 0.0161997705387572
1147, 0.0139317933935672
1148, 0.0178829072974622
1149, 0.0137864973706504
1150, 0.0138967266927163
1151, 0.017989042835931
1152, 0.0134466233264123
1153, 0.0144349560917666
1154, 0.0162745742127299
1155, 0.0123715255675571
1156, 0.0150329298339784
1157, 0.0219681907134751
1158, 0.0136200612566123
1159, 0.00640654688080152
1160, 0.0172097722999752
1161, 0.0202660594756405
1162, 0.00704489578492939
1163, 0.01111761899665
1164, 0.0117601177965601
1165, 0.00768995436374098
1166, 0.0105515933440377
1167, 0.0127870262755702
1168, 0.00993138706932465
1169, 0.00838011681723098
1170, 0.00638539916835725
1171, 0.00968736596405506
1172, 0.0147164917684027
1173, 0.00846185457582275
1174, 0.00762806483544409
1175, 0.011266412679106
1176, 0.0130092647857964
1177, 0.0193958901800215
1178, 0.0183408685649435
1179, 0.0160543949653705
1180, 0.0142525658787539
1181, 0.0128651169128716
1182, 0.0134162331620852
1183, 0.0176509245454023
1184, 0.0131221836588035
1185, 0.0130283264443278
1186, 0.0134810953401029
1187, 0.0183650092221797
1188, 0.0154081438002842
1189, 0.0118335266597569
1190, 0.00538954855874181
1191, 0.015492004264767
1192, 0.00872234108724764
1193, 0.00849108079758783
1194, 0.013297282004108
1195, 0.011506661905774
1196, 0.019051936455071
1197, 0.0208016495619501
1198, 0.0155590595677495
1199, 0.0229743563880523
1200, 0.0181737651250192
1201, 0.00979461458822091
1202, 0.0138588769671818
1203, 0.00920281978324056
1204, 0.012932779888312
1205, 0.0121884766655664
1206, 0.00782747440971434
1207, 0.0121305603533983
1208, 0.0114578028054287
1209, 0.0108787435262154
1210, 0.012456042226404
1211, 0.0217780911674102
1212, 0.0140450873545238
1213, 0.0100449145150681
1214, 0.0163888955887939
1215, 0.0133645079098642
1216, 0.0125256597530097
1217, 0.0211451291106641
1218, 0.0196810752153397
1219, 0.0191316869109869
1220, 0.0113477727531322
1221, 0.0110031627118587
1222, 0.0102268812645759
1223, 0.012003443747138
1224, 0.00931112933903933
1225, 0.0156578565947711
1226, 0.0123530645699551
1227, 0.0112416046671569
1228, 0.0117496471696844
