1, 0.0109180232975632
2, 0.0471648965030909
3, 0.0076986865606159
4, 0.0133919741492718
5, 0.0339750107377768
6, 0.0212804097682238
7, 0.00574565026909113
8, 0.00808540161233395
9, 0.0493334322236478
10, 0.020244303625077
11, 0.0129143032245338
12, 0.0616721101105213
13, 0.0116170865173141
14, 0.0126643600718429
15, 0.0135068123539289
16, 0.01411301161473
17, 0.0155384573154151
18, 0.0213370365090668
19, 0.0341870848399897
20, 0.0419024309764306
21, 0.0265061091631651
22, 0.0133839463815093
23, 0.00775081074486176
24, 0.0102606233364592
25, 0.0117732307408005
26, 0.0126472138799727
27, 0.0131034081956993
28, 0.0133118059602566
29, 0.0130806392990053
30, 0.0125745559732119
31, 0.0121448459103703
32, 0.0119177916397651
33, 0.0120862744127711
34, 0.012899242186298
35, 0.0148390955291688
36, 0.0188395607595642
37, 0.0271792453713715
38, 0.0301597571621339
39, 0.0277578082556526
40, 0.0247139579926928
41, 0.0190618877920012
42, 0.0142273137656351
43, 0.0126544659336408
44, 0.0120395845733583
45, 0.0115401366104682
46, 0.011442007846199
47, 0.0113429153570905
48, 0.0113019958759348
49, 0.0116819166578352
50, 0.0122499886589746
51, 0.0135152364770571
52, 0.0170262690323095
53, 0.0213609185690681
54, 0.023054286527137
55, 0.0208420399576426
56, 0.0171588696539402
57, 0.0148812959281107
58, 0.013782543130219
59, 0.0131373036031922
60, 0.012756349829336
61, 0.0126357106491923
62, 0.0128262864115338
63, 0.0134629832270245
64, 0.0148796266876161
65, 0.0176985692232847
66, 0.0189107684418559
67, 0.015461208531633
68, 0.00991404227291544
69, 0.00835601628447572
70, 0.00750871608033776
71, 0.00697068497538567
72, 0.00659616896882653
73, 0.00630815901483099
74, 0.00608885373609761
75, 0.00593459705123678
76, 0.00592608197725245
77, 0.00639106923093398
78, 0.00686286005657166
79, 0.00738012914856275
80, 0.00796173163689673
81, 0.00858891173265874
82, 0.00925501350623866
83, 0.00992413524848719
84, 0.0105534412432462
85, 0.0111231027015795
86, 0.0116065165493637
87, 0.0119856416713446
88, 0.0122286104597151
89, 0.012276970082894
90, 0.0120487435099979
91, 0.0113850654258082
92, 0.00998964114114642
93, 0.00783352212359508
94, 0.0143536753021181
95, 0.0277597578242421
96, 0.0435096515963475
97, 0.0367906348158916
98, 0.0240990167173247
99, 0.0179588428388039
100, 0.0159650278898577
101, 0.0156243079497168
102, 0.0156208709813654
103, 0.0155674249399453
104, 0.015391670477887
105, 0.0151451058530559
106, 0.0148745998740196
107, 0.0146062994996707
108, 0.0143980013672262
109, 0.0143263963206361
110, 0.0144593941513449
111, 0.0148742028977722
112, 0.0156742956023663
113, 0.0169494975513468
114, 0.0184542763357361
115, 0.019800734706223
116, 0.0199896531800429
117, 0.0190079249441624
118, 0.0169299078794817
119, 0.01497400055329
120, 0.0140607779224714
121, 0.013653082617869
122, 0.0134830897053083
123, 0.013353270633767
124, 0.0132330680886904
125, 0.0136878516059369
126, 0.0146896474373837
127, 0.015537463594228
128, 0.0165526888643702
129, 0.0181835126131773
130, 0.0208786365886529
131, 0.0247336275254687
132, 0.0293186567723751
133, 0.0336244963109493
134, 0.0366020655880372
135, 0.0372270817557971
136, 0.034835464010636
137, 0.0297066016743581
138, 0.0234223638350765
139, 0.0182176452750961
140, 0.0153182375555237
141, 0.0143485890390972
142, 0.0141590461134911
143, 0.0140418635370831
144, 0.0138839903908471
145, 0.0136109218001366
146, 0.0151257941809793
147, 0.029518213433524
148, 0.0452114827930927
149, 0.0429251256088416
150, 0.0267787808552384
151, 0.0137778938127061
152, 0.00569729103396336
153, 0.00560478454766174
154, 0.00552427861839533
155, 0.00547274046887954
156, 0.00545279278109471
157, 0.00546050164848566
158, 0.00549237034283578
159, 0.00555753808779021
160, 0.00565199150393407
161, 0.00578081731994947
162, 0.00595188280567527
163, 0.00617981088968615
164, 0.00647493335418403
165, 0.00685529046071072
166, 0.00734988988066713
167, 0.00798913021571934
168, 0.00880285305902362
169, 0.00985948462039232
170, 0.0111616480474671
171, 0.0148752564564347
172, 0.0370979998260736
173, 0.0392136278872689
174, 0.0211968856553237
175, 0.0164194529255231
176, 0.0141650062675277
177, 0.0136790303513408
178, 0.0133717083372176
179, 0.0130517108676334
180, 0.0127843640123804
181, 0.0125821850573023
182, 0.0124557833187282
183, 0.0124089741148055
184, 0.0124516117696961
185, 0.0125925571968158
186, 0.0128368167206645
187, 0.0131951992710431
188, 0.0136847916680078
189, 0.0143222040496767
190, 0.0155009461256365
191, 0.0173723731810848
192, 0.0190676487982273
193, 0.0132547050404052
194, 0.0123177000011007
195, 0.0296871370768973
196, 0.00926186804038783
197, 0.014081679439793
198, 0.0156604278211792
199, 0.0200803717598319
200, 0.0284469580898682
201, 0.0388095453381538
202, 0.017388108264034
203, 0.0120677767942349
204, 0.0111521102953702
205, 0.00970733336483439
206, 0.0178576939894507
207, 0.014264805164809
208, 0.0126256173631797
209, 0.0120584388884405
210, 0.0120360476430506
211, 0.0123445813854535
212, 0.012771291192621
213, 0.014783007480825
214, 0.0186278061786046
215, 0.0235455678775907
216, 0.0260579039653142
217, 0.0264618045960863
218, 0.0279380533223351
219, 0.0168465408496559
220, 0.022009655367583
221, 0.0143545096895347
222, 0.0130883284534017
223, 0.0119195962324739
224, 0.0123683239022891
225, 0.020501498443385
226, 0.0241564956183235
227, 0.0250173859919111
228, 0.0128493134398013
229, 0.0179135439296563
230, 0.0146525735035539
231, 0.0222438845783472
232, 0.0122334781723718
233, 0.0122097157097111
234, 0.0126193584874272
235, 0.0119608466823896
236, 0.0129097010008991
237, 0.0116960826174666
238, 0.013037226938953
239, 0.0317790168337524
240, 0.0130761205218732
241, 0.0275827212259173
242, 0.0228472825671945
243, 0.0124899171558874
244, 0.0179568165137122
245, 0.0288628193860253
246, 0.0238149613142014
247, 0.0138662685640156
248, 0.0248912220510344
249, 0.0255441314851244
250, 0.0164014130520324
251, 0.0200401072257331
252, 0.0152818391410013
253, 0.0124333125228683
254, 0.013202351750806
255, 0.0122343320399523
256, 0.0157983927056193
257, 0.0131817685129742
258, 0.0204256013190995
259, 0.0299863669400414
260, 0.0286725821594397
261, 0.0186522041580507
262, 0.0146676565520465
263, 0.0249154220024745
264, 0.0247374616252879
265, 0.0229038043568532
266, 0.0225330395624042
267, 0.012646285683981
268, 0.0169319541503986
269, 0.0201924836263061
270, 0.0122685926966369
271, 0.0141823515295982
272, 0.0236469952700039
273, 0.0237005387122432
274, 0.0252926165238023
275, 0.0272337429757629
276, 0.0266539508787294
277, 0.0152652489487082
278, 0.0207997600414923
279, 0.0187459815448771
280, 0.0271303873243076
281, 0.0264762215316296
282, 0.0218673501163721
283, 0.0312412056761483
284, 0.0190781398365895
285, 0.0122783403688421
286, 0.0154372682639708
287, 0.0270853098481894
288, 0.0132480879159023
289, 0.0192142170077811
290, 0.0387207350383202
291, 0.0121635219547898
292, 0.0119109769972662
293, 0.0122229081268112
294, 0.011870724381879
295, 0.00737784422623614
296, 0.00798539429282149
297, 0.00999711135712763
298, 0.00682411707627277
299, 0.00864549617593487
300, 0.00932783059154948
301, 0.0106035290906827
302, 0.0111288643286874
303, 0.0115647534063707
304, 0.0122886723062644
305, 0.0111425142580022
306, 0.0102114101561407
307, 0.0104756574534501
308, 0.0130270348551373
309, 0.0137174751920005
310, 0.0145193167651693
311, 0.0135525489070763
312, 0.01292288575011
313, 0.0146551760844886
314, 0.0207529111454884
315, 0.017204546292002
316, 0.014177603336672
317, 0.0128539233313253
318, 0.0122010534008344
319, 0.012845002192383
320, 0.0132104383471111
321, 0.0170920921955258
322, 0.0228082382430633
323, 0.0211566332727671
324, 0.0161993729416281
325, 0.00619509308598936
326, 0.00714006146881729
327, 0.00770257036977758
328, 0.00860997188525895
329, 0.0101998664128284
330, 0.029887821059674
331, 0.014099441235885
332, 0.0259405818457405
333, 0.0206116281139354
334, 0.00627650914248079
335, 0.0115676538553089
336, 0.0107556997487942
337, 0.0122196697629988
338, 0.0122893278797468
339, 0.0120313990240296
340, 0.0118438822682947
341, 0.00949444520908097
342, 0.0073999771848321
343, 0.0080606552073732
344, 0.00876699015498161
345, 0.0122237232668946
346, 0.0101804352986316
347, 0.0112135626841336
348, 0.0122422202645491
349, 0.0120632472292831
350, 0.0158261683924745
351, 0.0160938334496071
352, 0.0190628212100516
353, 0.0138034251673768
354, 0.0226606967238088
355, 0.0136701291582237
356, 0.0129217134478192
357, 0.014311395585537
358, 0.013336462356771
359, 0.0132133790757507
360, 0.0129757750934611
361, 0.0130293394128482
362, 0.0140190542830775
363, 0.0157893530558795
364, 0.0196885702510675
365, 0.0223196991719306
366, 0.00674335266618679
367, 0.0123161335475743
368, 0.00939184590242803
369, 0.00643324933480471
370, 0.00834731350187212
371, 0.010968786276256
372, 0.0147862071947505
373, 0.0130448023389493
374, 0.0242213916831783
375, 0.0067913883831352
376, 0.017011765545855
377, 0.016393485556667
378, 0.014317971887067
379, 0.0268553545077642
380, 0.011823298331971
381, 0.0121139312007775
382, 0.0113943440373987
383, 0.0119729661382735
384, 0.011643650320669
385, 0.00893918836178879
386, 0.00973997668673595
387, 0.0110203245809923
388, 0.0104708688644071
389, 0.0122570619763186
390, 0.00816112888666491
391, 0.0124154513857017
392, 0.0135304560729613
393, 0.012616776007538
394, 0.0131815302496155
395, 0.0129077264573425
396, 0.0129785164414595
397, 0.0186945631479224
398, 0.0226783598773181
399, 0.0127570262023558
400, 0.012757880302767
401, 0.0135060177029421
402, 0.0151450070552528
403, 0.0135620461466412
404, 0.0237630258003871
405, 0.0139696028394004
406, 0.0178744653905077
407, 0.0213544407549004
408, 0.0148729310215761
409, 0.0138196966477803
410, 0.00765997264534235
411, 0.0119428315332958
412, 0.00996401067823172
413, 0.00716753909364343
414, 0.0118023179471493
415, 0.0173335896494488
416, 0.0290165001836916
417, 0.0223073006297151
418, 0.0091224725668629
419, 0.0146153238601983
420, 0.0144153661094606
421, 0.0119302093517035
422, 0.0116817376886805
423, 0.0118790687993169
424, 0.0121864502628644
425, 0.0113886015800138
426, 0.0120217226600895
427, 0.0118167822559675
428, 0.0108613787063708
429, 0.0100556430406868
430, 0.0129139645335575
431, 0.0124599164507041
432, 0.00746216871775687
433, 0.0140439098079999
434, 0.0132741755029807
435, 0.013445797143504
436, 0.0235968152061105
437, 0.0130461680237204
438, 0.01253017069151
439, 0.0124959172680974
440, 0.0126535519957542
441, 0.0143511917752524
442, 0.0127107525089135
443, 0.0129844371695071
444, 0.0178524881290893
445, 0.0226413045699398
446, 0.025086466067781
447, 0.00894695605772237
448, 0.0135020753368735
449, 0.0117809792980552
450, 0.00819495849178306
451, 0.0183007561136037
452, 0.0249453635575871
453, 0.0252821689161162
454, 0.0232620875661572
455, 0.0274124196065324
456, 0.0104096351036181
457, 0.0118438818026334
458, 0.0113382557562242
459, 0.0121434153212855
460, 0.0119779926414291
461, 0.011995317802454
462, 0.0120245044430097
463, 0.0120728834687422
464, 0.0120470343778531
465, 0.0151835705619305
466, 0.0124651016667485
467, 0.0130755726713687
468, 0.0129213358741254
469, 0.0132459229013572
470, 0.0128983481166263
471, 0.0124688170229395
472, 0.0126963076957812
473, 0.0127090439976503
474, 0.0123688604217023
475, 0.0122636973392218
476, 0.0123085996601731
477, 0.0259349561695542
478, 0.0222332905977964
479, 0.0137657744344324
480, 0.0170236649767806
481, 0.0106701866856643
482, 0.0196057997333507
483, 0.0125255209859461
484, 0.0253865530714393
485, 0.0288803869858384
486, 0.0118707042032232
487, 0.0123565616086125
488, 0.0124658960849047
489, 0.0122299215290695
490, 0.0123753962883105
491, 0.0121940797350059
492, 0.0120812676226099
493, 0.0121149639599025
494, 0.0125282429313908
495, 0.00933983456343412
496, 0.0160183138214052
497, 0.0133306010781477
498, 0.0210806572188934
499, 0.0150804941852887
500, 0.0205196184106171
501, 0.0167666703928262
502, 0.0157556164388855
503, 0.0150692289850364
504, 0.0147214159369469
505, 0.014677169189478
506, 0.0148320620258649
507, 0.0153690405034771
508, 0.0156352149012188
509, 0.0158334799731771
510, 0.0160570770967752
511, 0.0166210164315999
512, 0.0183072321427365
513, 0.0225030019258459
514, 0.0303816640128692
515, 0.0138067426159978
516, 0.0139752848384281
517, 0.0141660994850099
518, 0.0146271612029523
519, 0.0155696495591352
520, 0.0172503623956194
521, 0.0191700298649569
522, 0.0201040150908132
523, 0.0137305879034102
524, 0.0139404359894494
525, 0.0140979314843814
526, 0.0143080382452657
527, 0.0150729450397193
528, 0.0172779394003252
529, 0.0214590863324702
530, 0.0269745038822293
531, 0.0321458027077218
532, 0.0354087216158708
533, 0.0360794331257542
534, 0.0343830243994792
535, 0.0310569868112604
536, 0.0269810805718104
537, 0.0229812703716258
538, 0.0197677455532054
539, 0.0175497958747049
540, 0.0161154299664001
541, 0.0151092836943765
542, 0.0131905900004009
543, 0.0126108551242699
544, 0.0117424547982713
545, 0.0106884058720122
546, 0.0108581605212142
547, 0.0330790144701799
548, 0.0410983220984538
549, 0.0199981176604827
550, 0.0167837964060406
551, 0.0155946642626077
552, 0.0185029543936253
553, 0.0149315027520061
554, 0.0180657333694398
555, 0.0243430372017125
556, 0.0293084238655865
557, 0.0178827273969849
558, 0.0166764291934669
559, 0.0156479705280314
560, 0.0152788582878808
561, 0.0168766003722946
562, 0.0193148686860998
563, 0.0153143232067426
564, 0.0150760633405298
565, 0.0180575478201111
566, 0.015030585307007
567, 0.0199961461126804
568, 0.0159104686075201
569, 0.0202900200771789
570, 0.0160513346393903
571, 0.0154212549484024
572, 0.0307627962902188
573, 0.0143457875431826
574, 0.0178263229317963
575, 0.0216095098294318
576, 0.0259036077186465
577, 0.0295477961190045
578, 0.0319513531091313
579, 0.0324515160173178
580, 0.0282415794208646
581, 0.0253039843713244
582, 0.0195326842367649
583, 0.0174107584170997
584, 0.0222295569255948
585, 0.0139843247209986
586, 0.0329192929590742
587, 0.0158877999056131
588, 0.0134577779099345
589, 0.0130853676237166
590, 0.0133049312668542
591, 0.013269645627588
592, 0.0159687630366534
593, 0.0147554049534457
594, 0.0204297854964222
595, 0.025889010168612
596, 0.0324723978216449
597, 0.0209447190475961
598, 0.0197667515215774
599, 0.017973823317637
600, 0.0165350663786133
601, 0.0202264420998593
602, 0.0192131435809036
603, 0.0156859386091431
604, 0.0173460077494383
605, 0.0162770374057194
606, 0.0154330163107564
607, 0.0160582691896707
608, 0.0155369862914085
609, 0.016961458294342
610, 0.0181344575248659
611, 0.0193628097573916
612, 0.0222670865866045
613, 0.0264390550243358
614, 0.0304818198395272
615, 0.0193311801801125
616, 0.0136528889914708
617, 0.0284480497551461
618, 0.0280275195837021
619, 0.0273116873577237
620, 0.0287319657703241
621, 0.0261692853334049
622, 0.0288792311524351
623, 0.0284221031082173
624, 0.0265520070679486
625, 0.0229748535590867
626, 0.0244992620622118
627, 0.0221797075743477
628, 0.0189400953240693
629, 0.0197261011538406
630, 0.01749669068626
631, 0.0144031074208518
632, 0.0159946112738301
633, 0.0143753555603325
634, 0.0189882963895798
635, 0.0154793099500239
636, 0.0143706312935267
637, 0.0263231810182333
638, 0.0314260185696185
639, 0.0209253658540547
640, 0.0218775706986586
641, 0.0190616877128681
642, 0.0212786064616271
643, 0.0166929981981715
644, 0.0181000454661747
645, 0.0204910471414526
646, 0.0170651700658103
647, 0.0161261789035052
648, 0.0162913825673362
649, 0.0182594296832879
650, 0.0195448833207289
651, 0.0206865696236491
652, 0.0209680836647749
653, 0.0204965507922073
654, 0.0239079832099378
655, 0.030983612096558
656, 0.0156230475753546
657, 0.0278726266697049
658, 0.0167823659721762
659, 0.0238992419714729
660, 0.0242722681723535
661, 0.0241319970227778
662, 0.0247400254011154
663, 0.025284910419335
664, 0.0270842568327983
665, 0.0284643831352393
666, 0.0199950251728296
667, 0.027979697411259
668, 0.0137710832990706
669, 0.0222161457252999
670, 0.0247888811863959
671, 0.0240863806878527
672, 0.0247912059227626
673, 0.0203698316278557
674, 0.0180462639157971
675, 0.0216585050026576
676, 0.0295141303379621
677, 0.022128764539957
678, 0.0226880522178752
679, 0.0218559149652719
680, 0.022021703235805
681, 0.0191337098367512
682, 0.0217141741886735
683, 0.018413447154065
684, 0.017762981976072
685, 0.0176081884031494
686, 0.0197701890332003
687, 0.0212081118176381
688, 0.022180302379032
689, 0.0216344431973994
690, 0.0251678074710071
691, 0.0286273405266305
692, 0.0305699755748113
693, 0.0267846231969694
694, 0.0201292267690102
695, 0.0205194784017901
696, 0.0216347215076288
697, 0.0209502214565873
698, 0.0231112280550102
699, 0.0260980579381188
700, 0.0287413850116233
701, 0.0228578889121612
702, 0.0234605288133025
703, 0.0294537988180916
704, 0.0236293521399299
705, 0.0285765578349431
706, 0.0240217968821526
707, 0.0225421460345387
708, 0.0177510413341224
709, 0.014136356767267
710, 0.014360410006096
711, 0.0146439097200831
712, 0.0149366286738465
713, 0.0151938231817136
714, 0.015392783175533
715, 0.0155208736347655
716, 0.015985750593245
717, 0.0176390243383745
718, 0.0308427064058681
719, 0.0218930086120963
720, 0.0298838278589149
721, 0.0401440734664599
722, 0.0179661536988403
723, 0.0105860648521533
724, 0.0111717601151516
725, 0.0116642931631456
726, 0.0120349144563079
727, 0.0122288685912887
728, 0.0121841255264978
729, 0.0118202788289636
730, 0.0110210200461249
731, 0.00972098275087774
732, 0.0167728697415441
733, 0.0120327499850343
734, 0.0101783893381556
735, 0.00898065379199882
736, 0.00811622726420561
737, 0.00746550317853689
738, 0.00697144016157836
739, 0.0065900101326406
740, 0.00629447043562929
741, 0.00606811178537707
742, 0.0058966885941724
743, 0.00576837966218591
744, 0.00567390626141181
745, 0.00561726186424494
746, 0.00558767813102653
747, 0.00558988350288322
748, 0.00562522905723502
749, 0.00569341661563764
750, 0.00577147887088358
751, 0.0129583699939152
752, 0.0131876890081912
753, 0.0134678900552293
754, 0.0138526780065149
755, 0.0146338168221215
756, 0.0170301230779539
757, 0.0219217978107433
758, 0.0285916783226033
759, 0.00945160945411772
760, 0.0155984991385291
761, 0.0152562290119628
762, 0.0141141037456691
763, 0.0230520210849742
764, 0.028123224619776
765, 0.0140524336602539
766, 0.0140161941914509
767, 0.0149193233034263
768, 0.0147129322091738
769, 0.0150097636505961
770, 0.014403345140939
771, 0.0154614280133198
772, 0.0189077293810745
773, 0.00994044713055094
774, 0.0120522398501635
775, 0.0106687761532764
776, 0.0112458684792121
777, 0.012200754834339
778, 0.0118120332093289
779, 0.00860317711097499
780, 0.00926747095460693
781, 0.00798450068881114
782, 0.0074152957337598
783, 0.00690368912182748
784, 0.00644962097673366
785, 0.00609850976616144
786, 0.0121184606881191
787, 0.0117196461651474
788, 0.0116916516174873
789, 0.00591665603375683
790, 0.00586509805483123
791, 0.00589390692766756
792, 0.00595784292090684
793, 0.006057959011135
794, 0.0134427577722818
795, 0.00699073219827066
796, 0.00971820174405972
797, 0.00798217634049555
798, 0.00639734789729118
799, 0.00620329492570211
800, 0.00587115782157828
801, 0.0246398018673062
802, 0.0182466149174919
803, 0.0111720188676069
804, 0.00665658852085471
805, 0.00871350561889509
806, 0.00742719718255103
807, 0.012778542858238
808, 0.0133665030977378
809, 0.0130447371241947
810, 0.012820961807544
811, 0.0126845467990885
812, 0.0126341610836486
813, 0.0126700427693625
814, 0.0135088584696253
815, 0.0137707615892092
816, 0.014239233918488
817, 0.0154731689641873
818, 0.0184736486990005
819, 0.0231373757123947
820, 0.0313456919975579
821, 0.0251805627097686
822, 0.00606271295276071
823, 0.0253924007660576
824, 0.0121477622538805
825, 0.0291136956463257
826, 0.0137608873968323
827, 0.0143218264759829
828, 0.016100588409851
829, 0.0148188696863751
830, 0.0151304826140404
831, 0.0154262412494669
832, 0.014496348798275
833, 0.0141779608093202
834, 0.0282537791257103
835, 0.0244092789168159
836, 0.0165847375368079
837, 0.0138858185770611
838, 0.0157283976053198
839, 0.00935165234841406
840, 0.00806067538602898
841, 0.00696839997544885
842, 0.00749087457855542
843, 0.00649641058407724
844, 0.00868382196252545
845, 0.0113468787943323
846, 0.0107928729460885
847, 0.0117938140562425
848, 0.0121145268591742
849, 0.0123038114979863
850, 0.0128779628624519
851, 0.0123755158080409
852, 0.0100261784779529
853, 0.00791502161882818
854, 0.00855352659709752
855, 0.00937219654830793
856, 0.0104779225463668
857, 0.0120680556477358
858, 0.0145751469147702
859, 0.0193080743774772
860, 0.00675330683588982
861, 0.0074228261752675
862, 0.00704389965782563
863, 0.00653561061092963
864, 0.00637726105439166
865, 0.00626615788011501
866, 0.00620095043753584
867, 0.00617750571109354
868, 0.00618787707450489
869, 0.0132777117347966
870, 0.013772787914301
871, 0.0132013983869304
872, 0.0129613106449445
873, 0.0129898417120179
874, 0.0155604116929074
875, 0.0143113161126773
876, 0.0130457507135967
877, 0.0129420980035017
878, 0.0224442702851125
879, 0.0194340185262263
880, 0.0163735374808311
881, 0.0148054588741312
882, 0.0141467675566673
883, 0.0131039049010724
884, 0.0235231565311551
885, 0.0163057897506016
886, 0.0137955571214358
887, 0.0278045387628178
888, 0.0201942164761325
889, 0.0136839376452068
890, 0.0143077795704206
891, 0.0146517381848147
892, 0.0154056575459739
893, 0.0150135385338217
894, 0.0172556477288405
895, 0.0138957523740828
896, 0.0158960458356887
897, 0.014447830695038
898, 0.0140109483618289
899, 0.0148969741005983
900, 0.00950269075110555
901, 0.00883710524067283
902, 0.0109740119272222
903, 0.00658650154114834
904, 0.00820475964186092
905, 0.00709505984559655
906, 0.00762605810693155
907, 0.0119722504944851
908, 0.0115169306130459
909, 0.0101642624164621
910, 0.0126832147749762
911, 0.0123478594856958
912, 0.00621700389310718
913, 0.0237098982557654
914, 0.00744942990907778
915, 0.0194096808942656
916, 0.0154347255981217
917, 0.0128708311046163
918, 0.0112446173249433
919, 0.0100479940883815
920, 0.00912465845855574
921, 0.00654252474972357
922, 0.00786765583325177
923, 0.00671895469228427
924, 0.00841315769745658
925, 0.00712730619125068
926, 0.00660683843307197
927, 0.0068890267284587
928, 0.0065179675584659
929, 0.0138266109861434
930, 0.0134217765492698
931, 0.0172806294634938
932, 0.0141750600499411
933, 0.013165635522455
934, 0.0132749103164921
935, 0.0131959342397749
936, 0.0131905702874064
937, 0.0155305895023048
938, 0.0173324977513403
939, 0.0215488716959953
940, 0.0198162039741874
941, 0.0137225610669702
942, 0.0134083652713646
943, 0.0135899807016055
944, 0.0275336756991843
945, 0.0212077541897694
946, 0.0153851880292807
947, 0.0137323761203637
948, 0.013622167132174
949, 0.0145246612373739
950, 0.025096501223743
951, 0.0149305293646952
952, 0.0138297501641015
953, 0.0154064324839662
954, 0.0179363515538474
955, 0.013581774973621
956, 0.0139928287050376
957, 0.0161188869581868
958, 0.0212140522586803
959, 0.0169165637344122
960, 0.0134645918539415
961, 0.0138707182680567
962, 0.0148873756018778
963, 0.0154556063935161
964, 0.0185873340815306
965, 0.0265663714768986
966, 0.0135086995239059
967, 0.0141713446161399
968, 0.021905724114428
969, 0.0163796973259499
970, 0.0135475022252649
971, 0.0097119427130868
972, 0.00841665407642722
973, 0.0078237468842417
974, 0.00905708642676473
975, 0.00728070871749272
976, 0.0112597962530951
977, 0.00684561831876636
978, 0.0118394910823554
979, 0.0103606995350371
980, 0.0250814411168297
981, 0.0141150019131601
982, 0.0153202832831691
983, 0.0123563828722884
984, 0.0129261435940862
985, 0.0196687366281237
986, 0.0157930285980304
987, 0.0135847358809163
988, 0.00832528050523251
989, 0.0119583037060996
990, 0.0106707435722152
991, 0.00786608616666248
992, 0.00968031298058728
993, 0.00891532686849435
994, 0.0069590478669852
995, 0.00751350451416026
996, 0.00726203255665799
997, 0.00697304960340261
998, 0.00709055014885962
999, 0.0132728642784059
1000, 0.0145318141827981
1001, 0.0200596301195522
1002, 0.0135140640195459
1003, 0.0133953118541588
1004, 0.0133153421338648
1005, 0.0182576413887242
1006, 0.0138864340260625
1007, 0.0136781157149623
1008, 0.0136820272808628
1009, 0.0134198688901961
1010, 0.0141403108524779
1011, 0.025395477656275
1012, 0.0195225989446044
1013, 0.0134734733340641
1014, 0.0140966202598065
1015, 0.0133866777510515
1016, 0.0155534773754577
1017, 0.0191465650374691
1018, 0.0222845321210722
1019, 0.0144529766403139
1020, 0.0166702894493937
1021, 0.0136332140148928
1022, 0.0246700691059232
1023, 0.00999850197695196
1024, 0.00807813927531242
1025, 0.00750766329777737
1026, 0.00870033252673844
1027, 0.00934650655835867
1028, 0.0117473822707931
1029, 0.0106410402028511
1030, 0.0251485747285187
1031, 0.0124281866010278
1032, 0.0160550700966269
1033, 0.0132830763080468
1034, 0.0217641286019768
1035, 0.0125884638788799
1036, 0.0143807561447223
1037, 0.00877871310027937
1038, 0.0166752573568374
1039, 0.00941703926461438
1040, 0.011263273578758
1041, 0.0102301262474308
1042, 0.00828459020704031
1043, 0.00790691507669787
1044, 0.0076480124068136
1045, 0.00753080984577537
1046, 0.0132842289749533
1047, 0.0162970459399124
1048, 0.0137147529361149
1049, 0.0135544161312282
1050, 0.0141597412681828
1051, 0.0194597481749952
1052, 0.0139129984502991
1053, 0.0134202267043293
1054, 0.0144682551423709
1055, 0.0149907104981442
1056, 0.0133153424443056
1057, 0.0190037531778216
1058, 0.0135870007798076
1059, 0.0144371415177981
1060, 0.0134469533339143
1061, 0.0195952880506714
1062, 0.0222734450362623
1063, 0.0148960577789694
1064, 0.0170077712585529
1065, 0.01380920681792
1066, 0.0236377171240747
1067, 0.0103935613296926
1068, 0.00841168717791637
1069, 0.0097263070444266
1070, 0.0090587749145925
1071, 0.0110585510265082
1072, 0.0124769433556745
1073, 0.02301476833721
1074, 0.0134941963478923
1075, 0.0172605718752103
1076, 0.00730996266938746
1077, 0.014730356944104
1078, 0.0130730101373047
1079, 0.0177931985152619
1080, 0.0134350878652185
1081, 0.0098953068566819
1082, 0.0118078611946354
1083, 0.00920882006175816
1084, 0.0107561571833988
1085, 0.00869202761289974
1086, 0.00829772294188539
1087, 0.008030702220276
1088, 0.0188504088049134
1089, 0.0138905469017724
1090, 0.0141238202340901
1091, 0.0147857886428634
1092, 0.0144028294210633
1093, 0.0155337872759749
1094, 0.0170473286416382
1095, 0.00780121621210128
1096, 0.0137960142455995
1097, 0.0149449734793355
1098, 0.0135624602969204
1099, 0.0199121665209532
1100, 0.0218823587832352
1101, 0.0173575112906595
1102, 0.0157098600951334
1103, 0.0140751427970827
1104, 0.022203767982622
1105, 0.0210736067965627
1106, 0.0102342183236033
1107, 0.0109503085259348
1108, 0.00883688692313929
1109, 0.00953165845324596
1110, 0.0117144805068771
1111, 0.0209153535154959
1112, 0.013629717597117
1113, 0.0149842728860676
1114, 0.0136882883186142
1115, 0.0134762946981937
1116, 0.0112254045282801
1117, 0.0103308578642706
1118, 0.0122970763283471
1119, 0.00960862822830677
1120, 0.0133654500047366
1121, 0.00907687509121994
1122, 0.00871011355359639
1123, 0.0151368807225178
1124, 0.0143215484761943
1125, 0.0146379298530519
1126, 0.0161040450911969
1127, 0.0176912176733216
1128, 0.0176180435034136
1129, 0.0140784806571901
1130, 0.0159271985758096
1131, 0.0200407939652602
1132, 0.0212496556341648
1133, 0.0144557385550191
1134, 0.0177218945076068
1135, 0.0206255558878183
1136, 0.010937414287279
1137, 0.0101755676635851
1138, 0.00943305258018275
1139, 0.0125973451261719
1140, 0.0118015034434696
1141, 0.0176988869373287
1142, 0.00817261310294271
1143, 0.0140843926263707
1144, 0.015726370892177
1145, 0.0139914776664227
1146, 0.0127403164127221
1147, 0.0116294840505968
1148, 0.0107046979634712
1149, 0.00994756002910435
1150, 0.0155624579638243
1151, 0.0148630761541426
1152, 0.0167982815764844
1153, 0.0175089634954929
1154, 0.0183191332034767
1155, 0.0190186531593402
1156, 0.0138149284757674
1157, 0.0144893156830221
1158, 0.0185877630220992
1159, 0.0180960131498675
1160, 0.0102589490291263
1161, 0.0203177173001071
1162, 0.0200047134421766
1163, 0.0150255193778624
1164, 0.0190006728904943
1165, 0.0119402827695012
1166, 0.0110343911219388
1167, 0.0162798394449055
1168, 0.0132203809916973
1169, 0.0164486798457801
1170, 0.0144648579880595
1171, 0.0131027918929855
1172, 0.0119363681878895
1173, 0.0109926080331206
1174, 0.0190328196622431
1175, 0.0179763552067535
1176, 0.0159281912880639
1177, 0.0188976801931858
1178, 0.00942270923405886
1179, 0.0149973657292624
1180, 0.0189095173651973
1181, 0.0111839792691171
1182, 0.0199555791914463
1183, 0.0196277339321872
1184, 0.016274268007172
1185, 0.0167661932563143
1186, 0.0160628349520266
1187, 0.0120717110888412
1188, 0.0152527836151421
1189, 0.0133435950459292
1190, 0.0145090841688216
1191, 0.0171122785347203
1192, 0.014911515560622
1193, 0.0133931460635116
1194, 0.012130560586229
1195, 0.0182204279117286
1196, 0.0193463998536269
1197, 0.0187166567581395
1198, 0.0166251215152442
1199, 0.0186712302267551
1200, 0.0137884131898837
1201, 0.0178357992942135
1202, 0.0198123292066157
1203, 0.0154992968309671
1204, 0.0140080480836332
