1, 0.00852739973925054
2, 0.0397425652481616
3, 0.00642550137126818
4, 0.00900805182754993
5, 0.0141843594610691
6, 0.0163503913208842
7, 0.00469839642755687
8, 0.00642359361518174
9, 0.0400983751751482
10, 0.00953817530535161
11, 0.0188936032354832
12, 0.0190684832632542
13, 0.00949527702427336
14, 0.0108396632131189
15, 0.0118835192794601
16, 0.0129319847716639
17, 0.0146894680801779
18, 0.0206133561829726
19, 0.0309196771122515
20, 0.0340124014765024
21, 0.0220770065983136
22, 0.0139226536266506
23, 0.00874130078591406
24, 0.00691374290424089
25, 0.00501656613778323
26, 0.00531800700506816
27, 0.00655671119845162
28, 0.0076256210450083
29, 0.00833706192982694
30, 0.00874400278553367
31, 0.00894508929923177
32, 0.00902394616665939
33, 0.00903823149080078
34, 0.00903181397976975
35, 0.00902196512158428
36, 0.00903686073919137
37, 0.00911796263729533
38, 0.00925103994086385
39, 0.00945047692706188
40, 0.00973348024611672
41, 0.0101067644233505
42, 0.0105800253028671
43, 0.01117114458854
44, 0.0118728899396956
45, 0.0127008380368352
46, 0.0136150944357117
47, 0.013923826511018
48, 0.014316044592609
49, 0.0147230257280171
50, 0.0155474375933409
51, 0.0171722598994772
52, 0.0195757982631524
53, 0.0212399205192924
54, 0.0201023456950982
55, 0.016580107777069
56, 0.013415537464122
57, 0.0118669293199976
58, 0.0106753531532983
59, 0.00974885824446877
60, 0.00938132556620985
61, 0.00884139708553751
62, 0.00907341794421276
63, 0.00958585894356171
64, 0.0103855946411689
65, 0.0114613394252956
66, 0.0126285577813784
67, 0.0135477407214542
68, 0.0140013718046248
69, 0.0139608406461775
70, 0.0135735298196475
71, 0.0129845965032776
72, 0.0123222696905335
73, 0.0116570418079694
74, 0.0110694194833438
75, 0.0106122914391259
76, 0.0103432359173894
77, 0.0103168906643987
78, 0.0106362123042345
79, 0.0115586936784287
80, 0.0138712345312039
81, 0.013972224551253
82, 0.0124605912715197
83, 0.00837485135222475
84, 0.00679767232698699
85, 0.00606310491760572
86, 0.00564599138063689
87, 0.00537788961082697
88, 0.0052096852256606
89, 0.00507156124028067
90, 0.00495302739242713
91, 0.00486079944918553
92, 0.00476261049819489
93, 0.00485825618462903
94, 0.0051900555457299
95, 0.00554837880190462
96, 0.00593896800031265
97, 0.00637076403169582
98, 0.00684078646978984
99, 0.00733792902125667
100, 0.0078365618440633
101, 0.00831727342059215
102, 0.00872828718274832
103, 0.00901293909798066
104, 0.00909958430565894
105, 0.00890483606296281
106, 0.00831635936629027
107, 0.00730963668320328
108, 0.00612050391888867
109, 0.00544502442547431
110, 0.00806828471831977
111, 0.00993061267460386
112, 0.0147151582253476
113, 0.0227270579586426
114, 0.0339007048557202
115, 0.0318601581578453
116, 0.0214900809029738
117, 0.0154870781116188
118, 0.0141246351413429
119, 0.0136704472824931
120, 0.0133418863794456
121, 0.0129490716693302
122, 0.012475691192473
123, 0.0119361103667567
124, 0.0113386928569525
125, 0.0106902540816615
126, 0.00998477304043869
127, 0.00998845836147666
128, 0.0101861570340892
129, 0.0105677458147208
130, 0.0110342915480336
131, 0.0115875027452906
132, 0.0122102520739039
133, 0.0129289655014873
134, 0.0137077198984722
135, 0.0144899315200746
136, 0.0153296023296813
137, 0.0165782406305273
138, 0.0176851774255435
139, 0.0182615146040916
140, 0.0182767838705331
141, 0.0180151096234719
142, 0.0165832464893659
143, 0.0151771732295553
144, 0.013884666065375
145, 0.0127808277805646
146, 0.0118468228417138
147, 0.0110615512045721
148, 0.0104172648862004
149, 0.00992357932652036
150, 0.00956773944199085
151, 0.00932435365393758
152, 0.00916675881793102
153, 0.00907504744827747
154, 0.0090293901351591
155, 0.00901085312943906
156, 0.00700831552967429
157, 0.00911895635848244
158, 0.0137564366062482
159, 0.0216650593404969
160, 0.0334998018418749
161, 0.0348235011721651
162, 0.0236244630068541
163, 0.0152021672887107
164, 0.00948318016404907
165, 0.0077863943297416
166, 0.00470656238030642
167, 0.00465226266533136
168, 0.00466001111393174
169, 0.00468973404106994
170, 0.00474480873284241
171, 0.00483258650638163
172, 0.00496173013622562
173, 0.00512353703379631
174, 0.00534089522746702
175, 0.00562989835937818
176, 0.00602225594532986
177, 0.00655675066324572
178, 0.00734392964902024
179, 0.00875862625737985
180, 0.0137996405828744
181, 0.016940637336423
182, 0.0162892776230971
183, 0.0144560365006328
184, 0.0135066138270001
185, 0.013192457302163
186, 0.0132034247120221
187, 0.0133454431779683
188, 0.0134968388204773
189, 0.0135560457905134
190, 0.0134289289514224
191, 0.0130448367757102
192, 0.0124624591941635
193, 0.0117852706462145
194, 0.0111312883285185
195, 0.0105457726555566
196, 0.0100729883027573
197, 0.00973542717595895
198, 0.00953193691869577
199, 0.00944324489682913
200, 0.00943835731595755
201, 0.00967261358164251
202, 0.0085400955285877
203, 0.0105204004794359
204, 0.0111214933761706
205, 0.0145705963950604
206, 0.0164000217337161
207, 0.018924478519087
208, 0.0266591963979105
209, 0.0347138233482838
210, 0.00776399991342
211, 0.0249879698967561
212, 0.00896767930438121
213, 0.00882389326579869
214, 0.00804990681353956
215, 0.00729209328225503
216, 0.00638363867377241
217, 0.00573643133975565
218, 0.0131378988735378
219, 0.0123120368613551
220, 0.011538428409646
221, 0.0108770351701727
222, 0.0103251956558476
223, 0.00989282340742648
224, 0.00956505707775553
225, 0.0093274530954659
226, 0.00916803069412708
227, 0.00907617978130778
228, 0.0110017478776475
229, 0.0121436739961306
230, 0.0136294587670515
231, 0.016357821955656
232, 0.0195217166716854
233, 0.0206876038573682
234, 0.0191938512337704
235, 0.0168070821091533
236, 0.0151638416573405
237, 0.0143405426448832
238, 0.0139152036669354
239, 0.00902791996486485
240, 0.00817515600162248
241, 0.00841001218317875
242, 0.00904635751309494
243, 0.00790880247950554
244, 0.00890402177659174
245, 0.00904750972986221
246, 0.00847973589164515
247, 0.00873309567881127
248, 0.00921509857289493
249, 0.0106011849517624
250, 0.011250259509931
251, 0.00967916039129098
252, 0.00939675319629411
253, 0.0119798604088525
254, 0.0100776376978805
255, 0.0128525917728742
256, 0.0242409359974166
257, 0.0195284923538566
258, 0.00585129386745393
259, 0.0101786152459681
260, 0.0199512673231463
261, 0.0156770974863321
262, 0.0129210379285117
263, 0.014330747226874
264, 0.0132427242739747
265, 0.0174861977963398
266, 0.0178749990494301
267, 0.0147165288993468
268, 0.0199597508956989
269, 0.0136569171057393
270, 0.0129272280527013
271, 0.00910060919289078
272, 0.011744927149266
273, 0.00906837172806263
274, 0.00964772887527943
275, 0.00890795552792648
276, 0.00898814333292345
277, 0.00880982625919084
278, 0.00879943510517478
279, 0.00900348190528651
280, 0.00924297329038382
281, 0.00946812013474604
282, 0.00983127152236799
283, 0.0103371560884019
284, 0.0109859723597765
285, 0.0117572170371811
286, 0.0117011095086733
287, 0.015320125889654
288, 0.0207171083117525
289, 0.0194869870319963
290, 0.0191247301797072
291, 0.0166776805029561
292, 0.0145752855266134
293, 0.0163857798491205
294, 0.0130160475770632
295, 0.013582629384473
296, 0.0124916886644704
297, 0.0137306950986385
298, 0.00910333404317498
299, 0.0092766301240772
300, 0.00909570992613832
301, 0.00971990986727178
302, 0.0105276721684883
303, 0.00901140940065185
304, 0.0100838559834907
305, 0.00959479995071888
306, 0.0107384542158494
307, 0.00928503453421096
308, 0.0114952945150435
309, 0.00913393693044782
310, 0.0132468567850689
311, 0.0124399448744953
312, 0.0203576334752142
313, 0.0136687545105815
314, 0.0124094309285283
315, 0.0158537457852314
316, 0.021491134694467
317, 0.0121335529722273
318, 0.0137412372666101
319, 0.019119623893251
320, 0.0128842414511989
321, 0.0209179919213057
322, 0.0238432336288194
323, 0.0144676393053184
324, 0.0112392578407058
325, 0.0160487924392025
326, 0.00914168544113636
327, 0.00971317430958152
328, 0.0103085459365199
329, 0.0112049601351221
330, 0.00986417266540229
331, 0.0104697758797556
332, 0.00937571010685393
333, 0.0113799589952188
334, 0.00909767703463634
335, 0.0114074369582037
336, 0.0233678665633003
337, 0.013239703917255
338, 0.0152410299827655
339, 0.0117825286773344
340, 0.0186703641278048
341, 0.0123153747990727
342, 0.021950112921851
343, 0.0231940314173698
344, 0.0186333290766925
345, 0.021328351061259
346, 0.0207649112368623
347, 0.0109346643090248
348, 0.0116308357100934
349, 0.0107379775339117
350, 0.00971265742555261
351, 0.0103470298927277
352, 0.0123068911489099
353, 0.0170233752578497
354, 0.01290013641119
355, 0.0119385942816734
356, 0.0110856823490134
357, 0.0146738917877277
358, 0.0179430874995887
359, 0.0174004465807229
360, 0.0102368606254458
361, 0.0126680162114402
362, 0.0138382763335747
363, 0.0210313117131591
364, 0.0143327742504577
365, 0.00932290684431791
366, 0.0106419641524553
367, 0.016283535088102
368, 0.00629015852852414
369, 0.0140901037181417
370, 0.01674050403138
371, 0.0234267759535994
372, 0.0105328381371995
373, 0.00586913118604571
374, 0.010551474445189
375, 0.007246078341268
376, 0.0117296207075318
377, 0.00860961441261073
378, 0.00905349004703263
379, 0.0139049711481979
380, 0.0135320449092736
381, 0.0127134149273237
382, 0.0116938372763495
383, 0.0107879261486232
384, 0.010129592459028
385, 0.00965372884335617
386, 0.00495465685768674
387, 0.00547719094902277
388, 0.0055452991121759
389, 0.00581117548669378
390, 0.00622495120236029
391, 0.00690623236975322
392, 0.0081714205055808
393, 0.0103941973454008
394, 0.00675622734706849
395, 0.0107931117527187
396, 0.0112009666239222
397, 0.00773165743642797
398, 0.00819973306109508
399, 0.0123239781241864
400, 0.0129275147337466
401, 0.00890980311669409
402, 0.0134657448312889
403, 0.0138376576360315
404, 0.00899263385993739
405, 0.00866013920555512
406, 0.00800707109738141
407, 0.00919922367514422
408, 0.00710729886001597
409, 0.00638429432486494
410, 0.00690684832322101
411, 0.0333605343475938
412, 0.0122177456505597
413, 0.023721520944188
414, 0.00536135910078883
415, 0.00862954168890913
416, 0.00747398640184353
417, 0.00521085725631565
418, 0.00627575407270342
419, 0.00507795896070699
420, 0.00674261746462435
421, 0.0108049135499944
422, 0.011676135007292
423, 0.0133671188571801
424, 0.0140757188200951
425, 0.0114561140847703
426, 0.0108330864459276
427, 0.0111423953591535
428, 0.0120967450396468
429, 0.0126682743430138
430, 0.0137580060400069
431, 0.0106938102593025
432, 0.0124676251628747
433, 0.0106714782305062
434, 0.0115777674751977
435, 0.0132375388250997
436, 0.0132508538663387
437, 0.0139717881102115
438, 0.0124855262693018
439, 0.0126558365300298
440, 0.0114328680404772
441, 0.016624553129077
442, 0.0104261892847717
443, 0.0090489205904305
444, 0.00624233569639425
445, 0.00769647090540578
446, 0.00884682103060186
447, 0.00721776597977926
448, 0.00901719097358485
449, 0.00894993706606328
450, 0.00579494331032038
451, 0.00672173589312782
452, 0.00855336749615769
453, 0.00815487063179413
454, 0.00874807608003418
455, 0.00849068335567912
456, 0.0110124708153307
457, 0.0111333320715598
458, 0.0193226372024843
459, 0.00571636452029149
460, 0.00801766031266501
461, 0.00724824382147441
462, 0.00920095178298652
463, 0.00595331296790391
464, 0.0109325270944585
465, 0.0117653824854642
466, 0.0113615020333479
467, 0.0133895302036156
468, 0.0109808465155462
469, 0.0106341658780972
470, 0.0107333481622239
471, 0.0118551477789879
472, 0.0138603474479169
473, 0.0144733615840475
474, 0.0143108196401348
475, 0.0131373233937969
476, 0.0124531415446351
477, 0.0106788494158536
478, 0.0147097137911866
479, 0.0113484678634753
480, 0.0126341603075465
481, 0.0142561426231017
482, 0.00536503210397703
483, 0.00901244231499732
484, 0.00773809481567393
485, 0.00884487386792898
486, 0.00819693148757021
487, 0.00858090468682349
488, 0.00725096584452937
489, 0.00909509424430629
490, 0.00913500948809087
491, 0.00672658389278998
492, 0.00922697961019973
493, 0.0094811141025275
494, 0.00619584430630008
495, 0.00831010099500418
496, 0.00551913278953483
497, 0.0150940843547384
498, 0.0181423959189228
499, 0.0113850457128137
500, 0.00609498474347804
501, 0.00634855156143506
502, 0.00949925347231328
503, 0.00846926495432854
504, 0.0105089198797941
505, 0.00671891483943909
506, 0.0154775010887533
507, 0.0111107650057723
508, 0.0116319681207339
509, 0.0157744512738039
510, 0.0110953866193692
511, 0.0104752994763354
512, 0.0123092759555827
513, 0.010748189718773
514, 0.0105377852451056
515, 0.0108633738543306
516, 0.0131208326977988
517, 0.015081309247762
518, 0.0105304140597582
519, 0.0140435324671368
520, 0.0108509481263657
521, 0.0124956868588924
522, 0.0143414591439068
523, 0.0166824093709389
524, 0.00574829685501754
525, 0.00952607564007243
526, 0.00928239206162592
527, 0.00917577914272746
528, 0.0100432654532293
529, 0.008323472381259
530, 0.00784711182738344
531, 0.00870380954196056
532, 0.00893891020677984
533, 0.00907995466453334
534, 0.007315577318271
535, 0.00671128540610274
536, 0.00859642180148512
537, 0.00996482581831515
538, 0.00514366715215147
539, 0.00671103103086352
540, 0.00710237138749411
541, 0.00983250280842185
542, 0.00768250339509298
543, 0.0108820023015141
544, 0.0114737971841047
545, 0.010490439288939
546, 0.017093780583569
547, 0.0107134992722422
548, 0.0102860548067838
549, 0.0102381328276048
550, 0.0122389819783469
551, 0.0102798955049366
552, 0.0158477656077594
553, 0.0131419127186139
554, 0.0143046213003496
555, 0.0106552259530872
556, 0.0166571413166821
557, 0.00972300946402053
558, 0.0103004792860399
559, 0.00942947630149623
560, 0.00929973701325556
561, 0.0092208005177478
562, 0.00911718762169282
563, 0.00852747905688981
564, 0.00890946566748122
565, 0.00800778612028807
566, 0.0108979768895855
567, 0.0074206944222429
568, 0.018984738116463
569, 0.00800991201928506
570, 0.00872763129882514
571, 0.0106970688017706
572, 0.0102539879735559
573, 0.0106015936471522
574, 0.0113709194896122
575, 0.0100239933623622
576, 0.00996591857013603
577, 0.00999589955123762
578, 0.0162652284838259
579, 0.0103208237172415
580, 0.0122324651262412
581, 0.0146003400441259
582, 0.010347566800192
583, 0.013224206942444
584, 0.0104353252487878
585, 0.00987998807492355
586, 0.00958919672605892
587, 0.0112107423289369
588, 0.00947189517319202
589, 0.00943042974298199
590, 0.0093676660520335
591, 0.00918823628065487
592, 0.00877008998456101
593, 0.0120088397525251
594, 0.0182061622229715
595, 0.0188674759119749
596, 0.0100551463353137
597, 0.0105607529015591
598, 0.00978962758866449
599, 0.00969726056791842
600, 0.0113227396116902
601, 0.00969575027314325
602, 0.00990794296376407
603, 0.0150619600234287
604, 0.0123005929247787
605, 0.010021549416706
606, 0.0133978947220991
607, 0.00818500686436891
608, 0.0112778174225241
609, 0.0124437040649354
610, 0.0096763587401559
611, 0.00952247972600162
612, 0.00899347410138164
613, 0.00965216299518943
614, 0.0173599356785417
615, 0.0123592439728479
616, 0.0134405873715878
617, 0.0141208538386439
618, 0.0163220365398697
619, 0.013664367608726
620, 0.0101925870403647
621, 0.0149014322087169
622, 0.0202785164583474
623, 0.0105489308480173
624, 0.0111537595124294
625, 0.0136472012382001
626, 0.0181995656651755
627, 0.0251020235009491
628, 0.0117450380542626
629, 0.0122854930038253
630, 0.012789530136312
631, 0.0132337436856081
632, 0.0151776499891033
633, 0.0141364959223817
634, 0.00823893312675258
635, 0.0059751085160921
636, 0.00902944966219366
637, 0.00893132047106822
638, 0.00868690161344906
639, 0.00753714827199777
640, 0.00663630318983148
641, 0.00591132752597332
642, 0.0156250027163575
643, 0.0235250033438206
644, 0.00843496801098809
645, 0.0114629889527957
646, 0.00901947161182761
647, 0.00905174172172944
648, 0.0092525299017628
649, 0.00945864299622675
650, 0.00976761368413766
651, 0.0102063835753749
652, 0.0107853039323042
653, 0.0115044338939091
654, 0.0123590651589135
655, 0.0133634630280236
656, 0.014532290554295
657, 0.015858295140788
658, 0.017178716758887
659, 0.0148846534236024
660, 0.0142100679998597
661, 0.0135107663615296
662, 0.0128190740942955
663, 0.0121814629528672
664, 0.0116157555021346
665, 0.0111228047559659
666, 0.0107085126607368
667, 0.0338478373363614
668, 0.0182751446651916
669, 0.0144372411693136
670, 0.0207598584571055
671, 0.0137721323408186
672, 0.0127059046644717
673, 0.0116472069639713
674, 0.0121757811866701
675, 0.013224008337905
676, 0.0156173931900412
677, 0.00905412582991024
678, 0.00854720865997175
679, 0.00833710213191807
680, 0.00902197913577159
681, 0.00904264215690394
682, 0.00831518756846587
683, 0.00906719903772076
684, 0.00880034927589198
685, 0.00897753370615343
686, 0.00912690310118099
687, 0.015151383743311
688, 0.0130015832837671
689, 0.0121005000546575
690, 0.0113143745499353
691, 0.0106471998151392
692, 0.0090463858629976
693, 0.00940781994722784
694, 0.00969141915751
695, 0.0101050356558214
696, 0.0140363797545433
697, 0.015823625959456
698, 0.0168349376569192
699, 0.0141389398680379
700, 0.0129173021608343
701, 0.0123421969668319
702, 0.0114009800211837
703, 0.0135353628235559
704, 0.014744045988967
705, 0.0174782496566574
706, 0.0177890324965119
707, 0.0118424319662154
708, 0.0110465303462531
709, 0.0165326272669647
710, 0.0146962628544619
711, 0.0185740222223103
712, 0.0160659977700561
713, 0.0138976401649415
714, 0.0126994672852258
715, 0.0132599893646936
716, 0.0121407733143618
717, 0.0206595098910232
718, 0.0092370726633817
719, 0.00919890566729009
720, 0.0093023597728461
721, 0.00950779719278216
722, 0.00909497480218609
723, 0.00922775431536138
724, 0.0137291774153709
725, 0.0147201641617964
726, 0.0128190342802554
727, 0.0100808955418567
728, 0.0119973839415858
729, 0.01061739694948
730, 0.0112608096096665
731, 0.0096675770667692
732, 0.00911228048304717
733, 0.0154178169711183
734, 0.0163640205282718
735, 0.0142270748037845
736, 0.0136608701820175
737, 0.0147935379451762
738, 0.0125501973864933
739, 0.0130791688958804
740, 0.0121492002425449
741, 0.016026043255503
742, 0.0103844419121742
743, 0.0100092710927129
744, 0.0201369561254978
745, 0.0163659875591596
746, 0.0148744012694806
747, 0.0127663036497931
748, 0.0186541511987646
749, 0.0140213788642238
750, 0.0133498331221441
751, 0.00956132200857004
752, 0.0103271030044804
753, 0.00987218025450905
754, 0.00907659701382121
755, 0.00918660708703101
756, 0.0110983276584496
757, 0.0116647028364241
758, 0.00909502701833844
759, 0.00939587946049869
760, 0.0113163018443932
761, 0.0106682799135645
762, 0.0144514068185041
763, 0.0136213523801416
764, 0.0127838474387924
765, 0.0120230938773602
766, 0.0101148698789378
767, 0.0153370329644531
768, 0.0155878085643053
769, 0.0150152672237406
770, 0.0132890172147503
771, 0.0154146322581385
772, 0.0144192403337608
773, 0.0138584999367595
774, 0.0127937103621662
775, 0.015587769759198
776, 0.00921367068908044
777, 0.010517003480345
778, 0.014497601116697
779, 0.0183309012624834
780, 0.00914569858772059
781, 0.011761449665452
782, 0.0164757589809597
783, 0.0192577866837382
784, 0.0183982277909915
785, 0.0150234322839727
786, 0.0141951066131393
787, 0.0109076124305526
788, 0.0103392790603851
789, 0.0198034686036408
790, 0.00940340920351446
791, 0.0120511276181787
792, 0.00967325968667865
793, 0.0153965982608497
794, 0.0114462402028342
795, 0.0128405912934492
796, 0.0121371177956462
797, 0.0135909540113062
798, 0.0145118094847671
799, 0.0107774558321883
800, 0.0153657423797995
801, 0.014115177327767
802, 0.0135078455454537
803, 0.014712594759961
804, 0.0150992420502007
805, 0.00939984507858753
806, 0.015351616544649
807, 0.0123975303334494
808, 0.00930331298150122
809, 0.0121279780287296
810, 0.0179211325012147
811, 0.0164904817162702
812, 0.0182702968207498
813, 0.0151749476790428
814, 0.0112895986065269
815, 0.0128170280562093
816, 0.00978448586538434
817, 0.0183715849804382
818, 0.0141413072124124
819, 0.01018369391871
820, 0.0155717167071998
821, 0.0137503761798143
822, 0.0130138217937201
823, 0.0123381837426374
824, 0.0116520745990177
825, 0.0143424775451422
826, 0.0158473879564553
827, 0.0152260262652167
828, 0.00966853954430137
829, 0.012333991405155
830, 0.0173982807124654
831, 0.017317159101367
832, 0.0164663419903566
833, 0.0102696840961774
834, 0.0131016998396566
835, 0.0171707299693177
836, 0.016703390982002
837, 0.010954084340483
838, 0.0158214995171875
839, 0.0151563318601499
840, 0.0139885162158559
841, 0.0132264710652332
842, 0.0149420015513897
843, 0.0125972849782556
844, 0.0140496043488383
845, 0.0164109303926428
846, 0.0168662900105119
847, 0.011178297145913
848, 0.013302586817493
849, 0.0157664448488504
850, 0.01623358631817
851, 0.0119420706760138
852, 0.0161781172002
853, 0.0145533788683159
854, 0.0152171396650374
855, 0.0133661056868732
856, 0.0164019137620926
857, 0.0144013908691704
858, 0.0146719585172832
859, 0.0136080011725426
860, 0.0153063564406087
861, 0.0129951063233117
862, 0.015911010093987
863, 0.0143897318281233
864, 0.014460515164371
865, 0.0212932862341404
866, 0.00914180433998505
867, 0.0102888564579189
868, 0.0137367473604778
869, 0.012058796438699
870, 0.0142412013374269
871, 0.0153214564391722
872, 0.0172642492689192
873, 0.0188710525011023
874, 0.0267431978136301
875, 0.0353738598525524
876, 0.00912050565239042
877, 0.0251021571457386
878, 0.00492107965207348
879, 0.00526380635953198
880, 0.00563440817253043
881, 0.00604750829127928
882, 0.00649410594875614
883, 0.00697839368755619
884, 0.00749164947774261
885, 0.00800885888747871
886, 0.00848657016952833
887, 0.00888856422776977
888, 0.00917389142947892
889, 0.00889684904056291
890, 0.00826492059665422
891, 0.00738356627213458
892, 0.00662154036884507
893, 0.00541490444447845
894, 0.00519381087118139
895, 0.00502546725329012
896, 0.00490095307274411
897, 0.00482549367006868
898, 0.00478420740303894
899, 0.00477093547427406
900, 0.0101066248801847
901, 0.01039717773286
902, 0.0108062250073999
903, 0.0113292360523095
904, 0.0119290971197188
905, 0.0125469192086409
906, 0.0130796259424339
907, 0.0134180214566489
908, 0.0135324622970074
909, 0.0134738313499838
910, 0.0133448864022891
911, 0.0132399027546247
912, 0.0132446114439517
913, 0.0134819770852725
914, 0.0140610562327007
915, 0.0147751401333759
916, 0.0145844652627905
917, 0.0233497858668367
918, 0.0146717455548545
919, 0.0192497603905698
920, 0.0127663433086127
921, 0.0132689700306704
922, 0.0116101522774746
923, 0.0160392348965009
924, 0.00994076486676931
925, 0.0113628921875109
926, 0.0098395362496376
927, 0.0136052392578373
928, 0.00987345112177233
929, 0.0123652443289757
930, 0.0135819142063459
931, 0.0133973382568608
932, 0.0132656118366867
933, 0.0129367336630821
934, 0.0134332603774965
935, 0.0118198019918054
936, 0.0131619398016483
937, 0.0136550291596601
938, 0.0133577412925661
939, 0.0131860198453069
940, 0.0109926878164212
941, 0.0138453669690837
942, 0.00933561862135927
943, 0.00939428946003318
944, 0.00823189939061801
945, 0.00667135044932365
946, 0.00870714716923734
947, 0.00926888120981554
948, 0.00904820517947276
949, 0.00894191007440289
950, 0.00620371231343597
951, 0.005770743979762
952, 0.00538102878878514
953, 0.00909465691074729
954, 0.00771306102008869
955, 0.00718097016215324
956, 0.00692504749167711
957, 0.00571753693899761
958, 0.00671625277027488
959, 0.00613008070892344
960, 0.00567656879623731
961, 0.00541756651364267
962, 0.0052305469289422
963, 0.00511155622856071
964, 0.00503947438361744
965, 0.00500955277432998
966, 0.00761729626295467
967, 0.00911641318816692
968, 0.01101796887815
969, 0.0109568853707363
970, 0.0125781836520348
971, 0.0105606338142284
972, 0.0132420884134869
973, 0.0122165302745998
974, 0.0167304507922381
975, 0.0200218794246515
976, 0.0139032032651206
977, 0.0123367098160088
978, 0.0107232152173916
979, 0.0137351378022383
980, 0.0134415850819399
981, 0.0139293495255212
982, 0.013844134984538
983, 0.0134225312309961
984, 0.0128793539479375
985, 0.011948666923369
986, 0.0131806158460677
987, 0.0123737275910874
988, 0.0130147167171041
989, 0.0129813974102338
990, 0.0130514130772402
991, 0.013124985465159
992, 0.0129547345762451
993, 0.0105746805978318
994, 0.00851984966235856
995, 0.0090017335023731
996, 0.0094026739243418
997, 0.00799149422285458
998, 0.0108175495018562
999, 0.0103180622681975
1000, 0.00998715707100928
1001, 0.00971806227850417
1002, 0.00744927069172263
1003, 0.00595973032371451
1004, 0.00641727556164066
1005, 0.00691455734583239
1006, 0.00554287522876014
1007, 0.00503262541522937
1008, 0.00603451467274378
1009, 0.0072365419085448
1010, 0.00991827466835578
1011, 0.00833068473730236
1012, 0.00594725320115685
1013, 0.00566848223873725
1014, 0.00547921758455535
1015, 0.00535396851288776
1016, 0.00532816250675491
1017, 0.00652984921665241
1018, 0.0113485477243861
1019, 0.0107576871024711
1020, 0.0140158167729775
1021, 0.0202964579996963
1022, 0.0126279814479252
1023, 0.0149987964735677
1024, 0.023318215738982
1025, 0.0115811446836839
1026, 0.0131000104981164
1027, 0.0126072788455834
1028, 0.0124415580648929
1029, 0.0129665161948651
1030, 0.0128307963411013
1031, 0.0126839702328046
1032, 0.0120331469612817
1033, 0.0144220220390707
1034, 0.013954661708946
1035, 0.0143501186588158
1036, 0.013490003766492
1037, 0.0140428568702191
1038, 0.0135037726722658
1039, 0.0112939695051561
1040, 0.0119948212523013
1041, 0.00779797800350934
1042, 0.00723693900120755
1043, 0.00575240573380142
1044, 0.00943269479709367
1045, 0.00992653930249313
1046, 0.00475566475652158
1047, 0.00836366578005254
1048, 0.00891695567406714
1049, 0.0119379779013495
1050, 0.0104363181162626
1051, 0.0110843398142606
1052, 0.00621382511841754
1053, 0.00670238471745203
1054, 0.011536480858922
1055, 0.00522406194359064
1056, 0.0110919499769807
1057, 0.00634815411952635
1058, 0.00874487733623634
1059, 0.00624626987458517
1060, 0.00561232692562044
1061, 0.00595524022355676
1062, 0.00574000796768814
1063, 0.00767725869081914
1064, 0.00690704727700601
1065, 0.011816027308149
1066, 0.012559575571989
1067, 0.0152417851301531
1068, 0.0132411945766459
1069, 0.0171553527470678
1070, 0.0228685184071461
1071, 0.0110050292153444
1072, 0.0126458229497075
1073, 0.0123687209561467
1074, 0.0118351007501284
1075, 0.0130224846458683
1076, 0.0121368196948121
1077, 0.0125468992628157
1078, 0.0135380846137802
1079, 0.0141739869335045
1080, 0.014841738389805
1081, 0.0142246117660155
1082, 0.0151761405480405
1083, 0.0148692560226967
1084, 0.0121243616255621
1085, 0.00824723811820149
1086, 0.00765164848417044
1087, 0.00708665586231897
1088, 0.0100691535044461
1089, 0.0107345200764636
1090, 0.0088612453546375
1091, 0.00946295401081443
1092, 0.00605017921355154
1093, 0.00655339293492337
1094, 0.0115147651328395
1095, 0.0124721550382674
1096, 0.0129488528861354
1097, 0.0219023659204443
1098, 0.0066628468533357
1099, 0.00921678729355335
1100, 0.00656281046879788
1101, 0.00809969652133683
1102, 0.00624154154987385
1103, 0.00726775475777686
1104, 0.0103907367214561
1105, 0.0174097848745684
1106, 0.0132612213492393
1107, 0.0218548811972141
1108, 0.0218402774383624
1109, 0.0141354829538614
1110, 0.0200795371395846
1111, 0.0124482337851077
1112, 0.0120631478105982
1113, 0.0107978601939976
1114, 0.0117172821580122
1115, 0.0112843934136132
1116, 0.0129223486874253
1117, 0.0135403892491013
1118, 0.0143411781949302
1119, 0.0135989616004129
1120, 0.0154119762592018
1121, 0.0158749253799518
1122, 0.0132065696774849
1123, 0.0161283845081925
1124, 0.0081994547508657
1125, 0.00757992426709582
1126, 0.00885236395212511
1127, 0.0109314342650274
1128, 0.00951415440067649
1129, 0.00699899745328973
1130, 0.0101886209255705
1131, 0.011784614995122
1132, 0.0127307597237329
1133, 0.0135663172695786
1134, 0.0141220518077413
1135, 0.00648775231093168
1136, 0.00700785852192591
1137, 0.00950414113079508
1138, 0.00691735894153161
1139, 0.00847053706335525
1140, 0.00761697860434651
1141, 0.0188565482385457
1142, 0.0142521886931111
1143, 0.0195324254843096
1144, 0.0206335823362072
1145, 0.0154795479805519
1146, 0.0117498458518336
1147, 0.0122407301484297
1148, 0.0112823264983793
1149, 0.0208410845759014
1150, 0.00992197829431721
1151, 0.0107825815211982
1152, 0.0127987090187768
1153, 0.0134897454020878
1154, 0.00822889952299496
1155, 0.00892432685941458
1156, 0.0150688722884903
1157, 0.0144899708684534
1158, 0.014192465133965
1159, 0.01599077686357
1160, 0.0171283115632832
1161, 0.00755955938560267
1162, 0.00960983980136613
1163, 0.0110841415977726
1164, 0.0103196914618214
1165, 0.0119461638387293
1166, 0.0128925264192124
1167, 0.0138138950957606
1168, 0.0149376220845928
1169, 0.00736679796439906
1170, 0.00872488995082676
1171, 0.00797989137936383
1172, 0.0125740552321076
1173, 0.0188066984216372
1174, 0.019459945615381
1175, 0.0174687657505274
1176, 0.0114381136372685
1177, 0.0108781275339425
1178, 0.0120051724370569
1179, 0.0102895117209603
1180, 0.00909942574799061
1181, 0.0194022092036903
1182, 0.0126287166494876
1183, 0.00979842928548654
1184, 0.0133866293666263
1185, 0.0170739323366433
1186, 0.0112618030204127
1187, 0.0105080422945321
1188, 0.0120876453196009
1189, 0.0145238264619062
1190, 0.0163480668949584
1191, 0.0129726352946212
1192, 0.0139516613756617
1193, 0.0153649474183718
1194, 0.0166642499001076
1195, 0.00913828782116373
1196, 0.0084424206454839
1197, 0.00833849290696283
1198, 0.00762558151036501
1199, 0.00976867843419313
1200, 0.0177972343129416
1201, 0.00936750749436518
1202, 0.010459941579029
1203, 0.0110944133096685
1204, 0.0186164409720472
1205, 0.00976546768409511
1206, 0.010083160828799
1207, 0.0117298388698449
1208, 0.0181099399924278
1209, 0.0107682765616725
1210, 0.0124274122063071
1211, 0.0159338748614703
1212, 0.0122569423013677
1213, 0.0114800554389755
1214, 0.0181100005283952
1215, 0.0132393067857871
1216, 0.0131072620861232
1217, 0.0143622184017052
1218, 0.0140498107454429
1219, 0.0159789350415979
1220, 0.0167871979996562
1221, 0.0165641332444336
1222, 0.0163986707727114
1223, 0.01419607992284
1224, 0.0153905181214213
1225, 0.0185383595526218
1226, 0.0180535346269608
1227, 0.00912016765990605
1228, 0.015475786623678
1229, 0.012180509356161
