1, 0.00841087265871465
2, 0.0640115849673748
3, 0.00639593694359064
4, 0.0060548793990165
5, 0.0209907349199057
6, 0.0217535523697734
7, 0.00460839329753071
8, 0.00579249963629991
9, 0.0668632686138153
10, 0.0124875328037888
11, 0.00914192385971546
12, 0.0679556280374527
13, 0.00931386812590063
14, 0.0104224702809006
15, 0.0112839167316755
16, 0.0121787414730837
17, 0.0134316113932679
18, 0.0169897504771749
19, 0.0297869305747251
20, 0.0501587279140949
21, 0.0470132003538311
22, 0.0336599797010422
23, 0.0217578050990899
24, 0.0124681815505028
25, 0.00738295059030255
26, 0.00501391384750605
27, 0.00424355334447076
28, 0.00380406831391156
29, 0.00500484396858762
30, 0.00590860952312748
31, 0.00604665389982983
32, 0.00672149805662533
33, 0.00781305786222219
34, 0.00929542599866788
35, 0.010756177517275
36, 0.0121169115106265
37, 0.013298951399823
38, 0.0144895343109965
39, 0.0166125333247085
40, 0.0199159026766817
41, 0.0224463986232877
42, 0.0222825452219695
43, 0.0213900056357185
44, 0.0190789730598529
45, 0.0155393310512106
46, 0.0135103088493148
47, 0.0119455675594509
48, 0.0106639882239203
49, 0.00969521359850963
50, 0.00901369393492738
51, 0.00868618643532197
52, 0.00892285661151012
53, 0.00942198575163881
54, 0.0101376790553331
55, 0.0112254642881453
56, 0.0144428440059225
57, 0.0225150232824186
58, 0.0321654522170623
59, 0.03838285493354
60, 0.0393825434148312
61, 0.0357543677091599
62, 0.0297131979217132
63, 0.0239392969136437
64, 0.0203386582434177
65, 0.0194852789863944
66, 0.0203632942090432
67, 0.0197986389199893
68, 0.0157086870167404
69, 0.0100246683383981
70, 0.00846032441283266
71, 0.00751737854443491
72, 0.00684968754649162
73, 0.00634487563123306
74, 0.0059466768677036
75, 0.00561622863945862
76, 0.00533266939843694
77, 0.00508797246341904
78, 0.0048854755392919
79, 0.00471146963536739
80, 0.0046599663910456
81, 0.00477910127180318
82, 0.00492034437290082
83, 0.00509723101276904
84, 0.00528574063597868
85, 0.00545404424580435
86, 0.00555926638965805
87, 0.00550776805418233
88, 0.00515560390582929
89, 0.00439475059586888
90, 0.00336655037244782
91, 0.00380110802749793
92, 0.00456932280212641
93, 0.00748078183581432
94, 0.0140575595820944
95, 0.0276341099912922
96, 0.0439104729642471
97, 0.058390191445748
98, 0.0517360645656784
99, 0.0302243487288554
100, 0.0194760595137874
101, 0.0153476619161665
102, 0.0142797257285565
103, 0.0140463536760459
104, 0.0140516584118207
105, 0.0141930010480185
106, 0.014495275914669
107, 0.0153656029918542
108, 0.0173841739694277
109, 0.0206732985874017
110, 0.0246777587259809
111, 0.0284546460025012
112, 0.0310680128944417
113, 0.0318251118684808
114, 0.0304046526240806
115, 0.0269052831766506
116, 0.0218895914343496
117, 0.0173095296292255
118, 0.0140415456844494
119, 0.0122447040242453
120, 0.0114000660056869
121, 0.0106924390420318
122, 0.0102123832330108
123, 0.00988539246221383
124, 0.00964113262792428
125, 0.0094708614051342
126, 0.00958040496334434
127, 0.00984684781481822
128, 0.010960739882042
129, 0.01202806038782
130, 0.0130310083429019
131, 0.0139304425877829
132, 0.0147153958678246
133, 0.0154197635129094
134, 0.0164295863360167
135, 0.0191220473498106
136, 0.0248340812201301
137, 0.0336939164747794
138, 0.0448072447131077
139, 0.0560979563742876
140, 0.0644654134909312
141, 0.0669716683526834
142, 0.0628591117759546
143, 0.0541113720585903
144, 0.0432159981379906
145, 0.0325926197692752
146, 0.0242515057325363
147, 0.0182396999249856
148, 0.0144199556671083
149, 0.0120470547117293
150, 0.00994253329311808
151, 0.00828381526904801
152, 0.00678074493771419
153, 0.00494346086634323
154, 0.00851627338367204
155, 0.0166561636142433
156, 0.0311040536810954
157, 0.0470841818799575
158, 0.059477262198925
159, 0.0454694093205035
160, 0.0283685956771175
161, 0.0192846882467469
162, 0.0118680816764633
163, 0.00704475321496526
164, 0.00455725254141726
165, 0.00453472191778322
166, 0.00441801594570279
167, 0.00432455594030519
168, 0.00424774565423528
169, 0.004178445165356
170, 0.0041349734334896
171, 0.00411204543585579
172, 0.00413286755792797
173, 0.00420614153457185
174, 0.00433055629643301
175, 0.00451453619947036
176, 0.00477119372226298
177, 0.00509146957968672
178, 0.00548323088636001
179, 0.00591365612732867
180, 0.00638377798410753
181, 0.00688477465882897
182, 0.00741378567181528
183, 0.00797494415504237
184, 0.00859403780971964
185, 0.0093033731294175
186, 0.0101614811768134
187, 0.0111886284624537
188, 0.0123512372374535
189, 0.0161765050143003
190, 0.0406071317847818
191, 0.0426089043418566
192, 0.0217527188360691
193, 0.0161055360610286
194, 0.0145693646433453
195, 0.0147595829330385
196, 0.0152130553809305
197, 0.0161364500721296
198, 0.0182903641834855
199, 0.0217139363909761
200, 0.025618597244223
201, 0.028817659864823
202, 0.0302157069866856
203, 0.0294166073823969
204, 0.0267066216717164
205, 0.02228343890359
206, 0.0173226625969013
207, 0.0139078721404076
208, 0.0108838104642928
209, 0.0101659557782114
210, 0.020692649219806
211, 0.00660961978913595
212, 0.00959615075650314
213, 0.0117285473582645
214, 0.0127902454696596
215, 0.0146583743238201
216, 0.0192132230537633
217, 0.0313200809371968
218, 0.0135767880516748
219, 0.02884110265101
220, 0.00570617200961957
221, 0.00515528589797517
222, 0.00441368490767976
223, 0.0207461557971934
224, 0.0183446447675427
225, 0.0158389043062925
226, 0.0140736726267884
227, 0.0128544791756819
228, 0.011614225882416
229, 0.0102229736900578
230, 0.00875234774624308
231, 0.00730011973064393
232, 0.00636470438912511
233, 0.0128197295901676
234, 0.0142292007803917
235, 0.017104092054069
236, 0.0208637150935829
237, 0.0115649723447859
238, 0.00977118980760376
239, 0.0105405270587653
240, 0.0138517247202496
241, 0.0157142313352476
242, 0.0177184372829894
243, 0.0127744899752239
244, 0.0117039108493676
245, 0.0108510788663157
246, 0.0145090053168436
247, 0.0179340080358088
248, 0.0139821394501875
249, 0.00858438131399453
250, 0.0220127383247018
251, 0.0100569345522672
252, 0.0114482861633102
253, 0.00681706927051502
254, 0.0126659495290369
255, 0.0189851361016432
256, 0.0158919923317929
257, 0.00684754162405928
258, 0.0117390686646104
259, 0.00934791712400814
260, 0.0185143574296186
261, 0.0145055414177477
262, 0.0190738132223487
263, 0.017496326752007
264, 0.0116548360480616
265, 0.0156545867212117
266, 0.0127495948690921
267, 0.0212262733174222
268, 0.0146081874457498
269, 0.0129436677477012
270, 0.0173970490383605
271, 0.0119216945022345
272, 0.00870978956421216
273, 0.0180987149166564
274, 0.0127904041049381
275, 0.0115744891421249
276, 0.0141818946382652
277, 0.0162346788371603
278, 0.0179950026795268
279, 0.0101958331651986
280, 0.014176430956771
281, 0.019891185220331
282, 0.0173410209827125
283, 0.0132122234707432
284, 0.0148869377250473
285, 0.0168586004680643
286, 0.0147328597959131
287, 0.0131233959303548
288, 0.018352670284609
289, 0.0117836219724268
290, 0.0192535741565128
291, 0.0174843701533973
292, 0.0177544187754393
293, 0.0155674588334348
294, 0.0177716043156882
295, 0.0187210077419877
296, 0.0153896440751851
297, 0.0131788278929889
298, 0.0105204839259386
299, 0.0160696774721146
300, 0.0189215374800066
301, 0.0176429061219096
302, 0.0200051579624414
303, 0.032748625613749
304, 0.010684253492703
305, 0.00630563621719678
306, 0.01935883735617
307, 0.0293571789128085
308, 0.035365587255607
309, 0.038968569599092
310, 0.0172428314108402
311, 0.0184188121929765
312, 0.0185953611508012
313, 0.0198804577812552
314, 0.0379072691624363
315, 0.0316676950703065
316, 0.0225105325225741
317, 0.0153487153196086
318, 0.0119019768511256
319, 0.0106704055021207
320, 0.00998089873852829
321, 0.0094543710971872
322, 0.0137632908299565
323, 0.0272809504531324
324, 0.0174984959109376
325, 0.00484041446664681
326, 0.00552880853259315
327, 0.00587761491381874
328, 0.00630629163545867
329, 0.00685670083233466
330, 0.00760064642721166
331, 0.00871143866485606
332, 0.0104702130580942
333, 0.0049433516493688
334, 0.005894026098152
335, 0.00578216800931841
336, 0.00532056977196286
337, 0.00453833830154811
338, 0.00373866234440356
339, 0.0472411513328552
340, 0.0235731249364714
341, 0.0116617108384768
342, 0.0179929961450398
343, 0.0269952655459444
344, 0.037765746936202
345, 0.0338469417765737
346, 0.0172217326859633
347, 0.0332138591135542
348, 0.0167283047921956
349, 0.0259000898028413
350, 0.0382238505408168
351, 0.013290566780294
352, 0.0122299415525049
353, 0.0110925654880702
354, 0.0302655738778412
355, 0.0447316933423281
356, 0.0101360098458827
357, 0.0203712016809732
358, 0.00650601850689522
359, 0.00524077894321332
360, 0.00706772129827489
361, 0.00936265926187237
362, 0.00501219501408438
363, 0.00588518470370521
364, 0.00639255938585848
365, 0.00798724219202995
366, 0.0112988566979766
367, 0.00511644365421186
368, 0.0055606373740981
369, 0.00577368416513006
370, 0.00639788418387373
371, 0.00639762605230014
372, 0.00623134888398151
373, 0.026755357782046
374, 0.00986953762670358
375, 0.0164829696129475
376, 0.014689890401704
377, 0.0109662518038281
378, 0.00970965794598063
379, 0.0183988250792027
380, 0.0387139990925789
381, 0.0362093305836121
382, 0.0306378458626568
383, 0.0364975788009663
384, 0.0209971903823316
385, 0.0149501396808773
386, 0.0243741519128283
387, 0.0295623391866684
388, 0.0152383076492697
389, 0.0125156667083502
390, 0.0216077202931046
391, 0.0149581648875028
392, 0.0395460430532694
393, 0.0341381090693176
394, 0.0125336668764551
395, 0.0377155806248387
396, 0.00549386038134495
397, 0.00721021617452304
398, 0.00823273424369594
399, 0.00645246217027307
400, 0.00962801921802262
401, 0.0121860180848411
402, 0.00622981883740673
403, 0.00515804761865487
404, 0.00533225216592352
405, 0.00754928740207106
406, 0.00724421080667526
407, 0.00595019346413513
408, 0.0126205937936902
409, 0.00520805587681631
410, 0.00500127310598535
411, 0.0168573197775653
412, 0.0348122582460443
413, 0.012559555315723
414, 0.0169124035940816
415, 0.0392230208963156
416, 0.0388986331721147
417, 0.0216684776047866
418, 0.0279566502819459
419, 0.0347501489644249
420, 0.0243521568675836
421, 0.0333329897063474
422, 0.0195215380129715
423, 0.0158672959078103
424, 0.0239733091245095
425, 0.0142658731900156
426, 0.0424199566865961
427, 0.00547927687875926
428, 0.00588617815325658
429, 0.00690396743205686
430, 0.00731466318635891
431, 0.0115506428293884
432, 0.00841659443297734
433, 0.00994944735430181
434, 0.0053842671137924
435, 0.00564920979862412
436, 0.00860476680099964
437, 0.00652772269677371
438, 0.00482513983733952
439, 0.0114369654096663
440, 0.0426737144589424
441, 0.0145180451994141
442, 0.0153826106494913
443, 0.039163913577795
444, 0.033174023963511
445, 0.0191571354710807
446, 0.0410226673508684
447, 0.0254921771896382
448, 0.0377442732985531
449, 0.0174436006539812
450, 0.0137815300840884
451, 0.00591526518110186
452, 0.0430155284702778
453, 0.0275276938453317
454, 0.036684182472527
455, 0.0171137603931129
456, 0.00955821966220226
457, 0.00650119894028952
458, 0.00800277952415248
459, 0.00523092811927199
460, 0.00850884259367982
461, 0.0121777931095234
462, 0.0100020583098133
463, 0.0061157156402866
464, 0.00549904017576149
465, 0.00575844536069781
466, 0.00740363316920896
467, 0.0119878758809396
468, 0.0401072179277738
469, 0.0443964082126816
470, 0.0245474826854964
471, 0.0143748950213194
472, 0.0140595862952371
473, 0.031112774896125
474, 0.0132842288197329
475, 0.0382490633055568
476, 0.0230823198022942
477, 0.0170971783033262
478, 0.0417029231786728
479, 0.0156101807175825
480, 0.00657294587498265
481, 0.00778119689784944
482, 0.0097643838131002
483, 0.00740311659562091
484, 0.010126810753718
485, 0.00684287247713655
486, 0.0115454690530896
487, 0.00630992763520529
488, 0.00865125811348359
489, 0.0210637492127717
490, 0.0312599201376239
491, 0.028967028328528
492, 0.0207721618159364
493, 0.0131981397978961
494, 0.0373740068947276
495, 0.0154113989944259
496, 0.0140318893051396
497, 0.0420494664992605
498, 0.0102396507747471
499, 0.00753247868269682
500, 0.0085682882151256
501, 0.00591759774833918
502, 0.00791454435481379
503, 0.011976244194167
504, 0.0102991081463794
505, 0.00718738751796385
506, 0.0117442968434521
507, 0.0269307802830424
508, 0.0114363851025701
509, 0.0187610424278925
510, 0.0366246286779642
511, 0.0138346665272755
512, 0.0129358790193995
513, 0.00855328505193549
514, 0.00931022719790538
515, 0.0101092276163399
516, 0.0166496072585384
517, 0.00997359957545996
518, 0.0134803083725274
519, 0.01207073762392
520, 0.0113783857785165
521, 0.0109483817747484
522, 0.0582176793366671
523, 0.00542146056735267
524, 0.00434096724105378
525, 0.049645851055781
526, 0.0364365248630444
527, 0.0131002493823568
528, 0.00734218101327618
529, 0.0228959564119577
530, 0.0107054334754745
531, 0.0111714622471482
532, 0.0127182033999513
533, 0.0103785612154752
534, 0.0118643864213179
535, 0.00760595956817269
536, 0.00903211211940894
537, 0.011134944545726
538, 0.0135103488961856
539, 0.0168523413594812
540, 0.0218900083564222
541, 0.0290856218586365
542, 0.0384962242096663
543, 0.0488191150749723
544, 0.0580575180550416
545, 0.0638770557319124
546, 0.0641862628981471
547, 0.0588235581914584
548, 0.0496169241766135
549, 0.0391840419421593
550, 0.0297502338265379
551, 0.0226427755939464
552, 0.018254780365775
553, 0.0161254435467223
554, 0.0151416488612692
555, 0.0143791861676921
556, 0.0135216341974835
557, 0.0125683170432846
558, 0.0115362229601791
559, 0.0105122941701363
560, 0.0203216904774308
561, 0.020854934429129
562, 0.0260177908154825
563, 0.0301459104133149
564, 0.0323631633073092
565, 0.0324027781995634
566, 0.0303703602403402
567, 0.026842858021458
568, 0.0227389171098669
569, 0.0189805258996785
570, 0.0162689117714763
571, 0.0148554071007917
572, 0.0142941497421513
573, 0.0146189554749678
574, 0.0143510524649173
575, 0.0158258900046349
576, 0.0301619806947807
577, 0.00636778391587238
578, 0.0590155832469463
579, 0.0101617988354216
580, 0.0119528202340007
581, 0.00998098971322179
582, 0.0114766776872178
583, 0.0126233126502484
584, 0.0447006911660234
585, 0.010490042079861
586, 0.0279607029321293
587, 0.016817950255548
588, 0.0575926800568899
589, 0.0186775562663873
590, 0.0228250867997607
591, 0.0285331266932189
592, 0.0355606948335965
593, 0.0431675994768739
594, 0.0502737260734042
595, 0.055766393430531
596, 0.0585718443617225
597, 0.0524059024949869
598, 0.0161822671070695
599, 0.00785810749844781
600, 0.0140918721444905
601, 0.0362059148028493
602, 0.0215802035915355
603, 0.0130955007237693
604, 0.0131587809883058
605, 0.0122019670282801
606, 0.0149501195022215
607, 0.0165197883422176
608, 0.0328751855219404
609, 0.0321662876134117
610, 0.0249732181740304
611, 0.0175466964331766
612, 0.0154479767661542
613, 0.0295975275027255
614, 0.0326105008522669
615, 0.0250337179750204
616, 0.0143469359725714
617, 0.019863450123618
618, 0.0335007946317395
619, 0.0290597522010406
620, 0.0208452384298046
621, 0.017752014954264
622, 0.0155953594172994
623, 0.0149495426254968
624, 0.0236245632792513
625, 0.049930462303261
626, 0.0110456109978259
627, 0.0137294216879777
628, 0.0126456844154745
629, 0.0132630097990235
630, 0.0111729719210416
631, 0.0239901781703035
632, 0.0292305204396447
633, 0.0194516015859942
634, 0.0344702272365491
635, 0.0391239207237959
636, 0.0427970758949717
637, 0.0456295292824507
638, 0.0481536282847325
639, 0.0503664904584487
640, 0.0509036074702938
641, 0.048143871439
642, 0.012884006369859
643, 0.0223911254045864
644, 0.0163993667811155
645, 0.0138979783126463
646, 0.0428560264408588
647, 0.0172771050905188
648, 0.0148392150488993
649, 0.0286637200042605
650, 0.0361128704001506
651, 0.0129044677596539
652, 0.00992684550583363
653, 0.00745582712503771
654, 0.0160356983542442
655, 0.0230394445049266
656, 0.0273231719620526
657, 0.031260853788505
658, 0.0194397602851192
659, 0.0173404837648074
660, 0.0338174362356464
661, 0.0343179364378254
662, 0.0174173544316242
663, 0.0325481346808374
664, 0.0205770962250729
665, 0.0284201346027354
666, 0.0288403489006062
667, 0.0240004708369573
668, 0.0191895007155836
669, 0.0379818544412653
670, 0.0305388713521617
671, 0.0416476012518009
672, 0.0123659735545516
673, 0.0198167995549738
674, 0.046457100349168
675, 0.0139473903303345
676, 0.0301962549177309
677, 0.0148125519044697
678, 0.0138516688719392
679, 0.0376445129513741
680, 0.02532482581834
681, 0.0304448859145244
682, 0.0347110886747638
683, 0.0373238592098157
684, 0.038097050661842
685, 0.0376838908220331
686, 0.0374559623499711
687, 0.0388496577118834
688, 0.0422370312735438
689, 0.0458263633772731
690, 0.0168095658688496
691, 0.0233619851060212
692, 0.0461151686807474
693, 0.0204490656033158
694, 0.0179676244345804
695, 0.0428993583967288
696, 0.0118691706098616
697, 0.0121937618435671
698, 0.0139486575499177
699, 0.0153651776324425
700, 0.0318234814330935
701, 0.0298205066161851
702, 0.0333914415289958
703, 0.0225988865519563
704, 0.0257803445371489
705, 0.03528750470529
706, 0.0348658825581272
707, 0.0217047370970249
708, 0.0244691416931649
709, 0.0321862160538634
710, 0.0278530974561969
711, 0.0227871582222482
712, 0.0182289115618914
713, 0.0420953115182264
714, 0.0239316027611494
715, 0.0312159315993388
716, 0.0397835445279876
717, 0.014816116475101
718, 0.0364036417255799
719, 0.0350135822469989
720, 0.0354579358051221
721, 0.031473483890295
722, 0.032871450142314
723, 0.0300464290194213
724, 0.028722647887965
725, 0.0304780057631433
726, 0.0359348319470882
727, 0.0173824859472613
728, 0.0266559574132164
729, 0.0215752764294545
730, 0.0428485553711653
731, 0.0444369999070962
732, 0.0458619210869074
733, 0.0132876460750898
734, 0.0156543521210551
735, 0.0453999468258449
736, 0.0406223417570194
737, 0.0465113992492358
738, 0.0443221405148506
739, 0.0440678255011638
740, 0.013976973714307
741, 0.00926025855975846
742, 0.00623770638291414
743, 0.0310089035580556
744, 0.0295606705670555
745, 0.0264672284635405
746, 0.0225570642699798
747, 0.0188156406705578
748, 0.0160895614729573
749, 0.0147185150999576
750, 0.0142855868519594
751, 0.0141356415115297
752, 0.0140224921051413
753, 0.0141203430636475
754, 0.0147417215630412
755, 0.0163046150313069
756, 0.0175954811940236
757, 0.0209104853371779
758, 0.030711159730951
759, 0.0128636780039718
760, 0.0267479863638679
761, 0.0053493984354039
762, 0.00524409705152114
763, 0.0049614318801711
764, 0.00482891373602407
765, 0.00403446015358592
766, 0.0135564235970378
767, 0.0115905428150048
768, 0.0103687666511784
769, 0.00946700766993066
770, 0.00872667816778024
771, 0.008082014004079
772, 0.00749196740798652
773, 0.00694700217961023
774, 0.00643529634301861
775, 0.00596080320732047
776, 0.0055191923553745
777, 0.00513285483854512
778, 0.00481341371778399
779, 0.00456229927173505
780, 0.00437992877171685
781, 0.00425863339720915
782, 0.00419153843540698
783, 0.00417623979349931
784, 0.00420433337179323
785, 0.0042583552422002
786, 0.00433041718012343
787, 0.00441622784516464
788, 0.00450346933212131
789, 0.0172472825894753
790, 0.0221935550992688
791, 0.0266151480997602
792, 0.0292731584049761
793, 0.0299828906233112
794, 0.0285724255566796
795, 0.0253590589078764
796, 0.0214750605324904
797, 0.0181214048837622
798, 0.0160163273103535
799, 0.0151339794974774
800, 0.0148697720530132
801, 0.0150638249857972
802, 0.0169636843105157
803, 0.0226424187421799
804, 0.0308351567946374
805, 0.0200970604394873
806, 0.0294580908181767
807, 0.0275257473501066
808, 0.0171095955496033
809, 0.015509369627883
810, 0.0149499998272707
811, 0.0149180518152813
812, 0.0156676396727562
813, 0.0183842022282382
814, 0.0241657745403548
815, 0.0276247511307398
816, 0.029523636524876
817, 0.0239680244897803
818, 0.0186587415325145
819, 0.00434162296975652
820, 0.00456416688393801
821, 0.00433764936557661
822, 0.00446264011164506
823, 0.0126372998735557
824, 0.0101216058246791
825, 0.00855352667470773
826, 0.00790480939516177
827, 0.00627698617366453
828, 0.00731855789975574
829, 0.00678032780221353
830, 0.00581109624666472
831, 0.00540153286419809
832, 0.00505850809471061
833, 0.0270370775833726
834, 0.0152300424718608
835, 0.00477695550459127
836, 0.0111785352540513
837, 0.00927543834162255
838, 0.00439373718108982
839, 0.00431376757721106
840, 0.00442123502337684
841, 0.0181230537903806
842, 0.0172039105867346
843, 0.0143304693046957
844, 0.0141011304222047
845, 0.0142214526422322
846, 0.0303880022838712
847, 0.0278850439935923
848, 0.0244605784925322
849, 0.0228833199168245
850, 0.0276493875620266
851, 0.0205556590420504
852, 0.0159364376061906
853, 0.0140524532956382
854, 0.0140495724820842
855, 0.0147749414512267
856, 0.015153827999408
857, 0.014148376804466
858, 0.00532998715061694
859, 0.00507613100732366
860, 0.00522812289030602
861, 0.00531691413683196
862, 0.00538412823031346
863, 0.00567629036959261
864, 0.00490828436644127
865, 0.0047528949022914
866, 0.00463984096422791
867, 0.0111111588776112
868, 0.00882868100112925
869, 0.0122641345486045
870, 0.0177983075380325
871, 0.0239370082105909
872, 0.0045753042546234
873, 0.0279499353574855
874, 0.0286258751526475
875, 0.00459110816009343
876, 0.0224332643362383
877, 0.0262906801265975
878, 0.0288637527264655
879, 0.0239614692206184
880, 0.0194188592334588
881, 0.0162487255098919
882, 0.0187306036241353
883, 0.0150626731726031
884, 0.0148805008114626
885, 0.0151064820432415
886, 0.0162168966295818
887, 0.0295140193775296
888, 0.00615139907070746
889, 0.00571996078360826
890, 0.00663568692592283
891, 0.0071590159398814
892, 0.00771087563286225
893, 0.00831641916496058
894, 0.00900143555675944
895, 0.0097859522793442
896, 0.0107138180173934
897, 0.0118812744040042
898, 0.0134185578984519
899, 0.015816652138407
900, 0.00503371248487383
901, 0.00534888205584139
902, 0.00461562559939921
903, 0.00479072421633949
904, 0.00451155573440095
905, 0.00447247503325343
906, 0.00449361473632356
907, 0.00454125871571402
908, 0.0205750504198174
909, 0.0263549614697695
910, 0.0210542547117387
911, 0.029917781551679
912, 0.0282536006222169
913, 0.0140810041533162
914, 0.0141337144499024
915, 0.0140776063005129
916, 0.014086825074628
917, 0.014136436007296
918, 0.0145269458492597
919, 0.0159239201651265
920, 0.0187303262452285
921, 0.0223897340086599
922, 0.014338615272815
923, 0.0174569327694674
924, 0.0148579905896137
925, 0.0158516600883255
926, 0.0301104835234582
927, 0.00631096062716097
928, 0.00526412405694524
929, 0.00505360056801389
930, 0.00472960931559404
931, 0.00489348250751694
932, 0.00624118337873369
933, 0.00569629762321711
934, 0.0051829624377812
935, 0.00783032287533084
936, 0.0295172638392874
937, 0.00471605649883194
938, 0.0220288251127516
939, 0.0281902995581428
940, 0.0148002134325604
941, 0.0167090724377582
942, 0.0198658538671831
943, 0.0152493744778136
944, 0.0231653302907944
945, 0.0148225656400124
946, 0.0250298624547819
947, 0.0208835046117504
948, 0.0154523675640424
949, 0.0174151294243832
950, 0.0053342590884616
951, 0.00470906577538699
952, 0.00568562854702274
953, 0.00465188501402736
954, 0.00484051380772144
955, 0.0046549248509109
956, 0.00655116750082622
957, 0.00705148888907085
958, 0.00758340112709751
959, 0.00814225431531668
960, 0.00875053973868489
961, 0.00944650351690749
962, 0.0102623720498135
963, 0.0112483125800888
964, 0.012500467710197
965, 0.0141715439191709
966, 0.0169169739043961
967, 0.00505226932000369
968, 0.00609209252676616
969, 0.018379354228576
970, 0.00541387098686149
971, 0.0167151526547968
972, 0.0259727087492744
973, 0.0140983692059914
974, 0.0141761333215982
975, 0.0140787585793684
976, 0.0140575589612126
977, 0.014032803553467
978, 0.0141727350031336
979, 0.0149799811964234
980, 0.0170554552072038
981, 0.0156412951958676
982, 0.0285484842024744
983, 0.014396253041923
984, 0.014857433969155
985, 0.00663902447558939
986, 0.00489489326719195
987, 0.00506993224068234
988, 0.00523054677372177
989, 0.018369654007256
990, 0.0239679263904691
991, 0.019779645682623
992, 0.02089020530028
993, 0.016979975781093
994, 0.0147441654310872
995, 0.0153765906579792
996, 0.0194832713653644
997, 0.0163113106197367
998, 0.0145437545143068
999, 0.0148269759956747
1000, 0.00606554863043129
1001, 0.00567223713733256
1002, 0.00492862949613482
1003, 0.00482626841403544
1004, 0.00510146305896342
1005, 0.00534957728814334
1006, 0.00752840575296432
1007, 0.00806490750983357
1008, 0.00861861486919224
1009, 0.00921402537884812
1010, 0.00989526696503162
1011, 0.0107079171575606
1012, 0.0117118183989078
1013, 0.0129972523233543
1014, 0.0147164498145382
1015, 0.017201049408565
1016, 0.00651880233393361
1017, 0.00700746131284783
1018, 0.0205195471644402
1019, 0.0171711876367529
1020, 0.00759033459083488
1021, 0.00595645199064165
1022, 0.0201360223193963
1023, 0.0158641769085079
1024, 0.0140932623762637
1025, 0.0140585325813542
1026, 0.0140059015247971
1027, 0.014167251996696
1028, 0.0141089390187214
1029, 0.0140046697730819
1030, 0.0143402245206138
1031, 0.0143511121471723
1032, 0.0235333652900798
1033, 0.0152800114204486
1034, 0.0147215554801126
1035, 0.00498104178612786
1036, 0.00522069213911891
1037, 0.00552163614581029
1038, 0.00478603919036686
1039, 0.0185239544759194
1040, 0.0190559066832066
1041, 0.00649567549893012
1042, 0.0154060750889281
1043, 0.016985360532999
1044, 0.0154904155836751
1045, 0.0146491156580547
1046, 0.0143297738395631
1047, 0.0143850673145304
1048, 0.0069903148105368
1049, 0.00537365764224281
1050, 0.00512341747526079
1051, 0.00605944889442374
1052, 0.00568570794227223
1053, 0.00860009746005138
1054, 0.0111420374984543
1055, 0.0103728592706223
1056, 0.00971915510793527
1057, 0.0148793292852739
1058, 0.00914079129385451
1059, 0.0133368006596963
1060, 0.0121082293335348
1061, 0.0177157131422843
1062, 0.00806341727729887
1063, 0.00752212755226841
1064, 0.0161627955579509
1065, 0.0276051333174109
1066, 0.00791311376572897
1067, 0.0158442289102823
1068, 0.00692055719749381
1069, 0.0157109923505535
1070, 0.0141347472866376
1071, 0.0141051836156597
1072, 0.0141074484369407
1073, 0.0141046274608622
1074, 0.0140313927549869
1075, 0.0139594303133587
1076, 0.0142080016278972
1077, 0.0150337447412312
1078, 0.0144434199513247
1079, 0.014781199550877
1080, 0.00560210233864685
1081, 0.00616230664309114
1082, 0.0199719460681081
1083, 0.0148823116240757
1084, 0.00751362376225491
1085, 0.00698107593537619
1086, 0.0166276131446163
1087, 0.00564062685173537
1088, 0.0153364966002603
1089, 0.00602509686723351
1090, 0.014576695781822
1091, 0.0140553143961976
1092, 0.0141731131200989
1093, 0.00647066161036491
1094, 0.00807722560906162
1095, 0.0108793002242843
1096, 0.00970733352005482
1097, 0.010262053925544
1098, 0.0152014130726457
1099, 0.0115899863497665
1100, 0.0136717587398986
1101, 0.0168858798220754
1102, 0.0124761487046878
1103, 0.00918915052898228
1104, 0.00864931110603114
1105, 0.00906429804551105
1106, 0.00812240581338604
1107, 0.0149248267213504
1108, 0.0147746231717368
1109, 0.00523819993250072
1110, 0.0140456585213542
1111, 0.0140949912214031
1112, 0.0142075842401634
1113, 0.013986371923238
1114, 0.0142154522084941
1115, 0.0141400919140627
1116, 0.0139658878712604
1117, 0.014039757506301
1118, 0.0141720996859173
1119, 0.0141549531836063
1120, 0.00712865719106048
1121, 0.00628380085496853
1122, 0.00811269037270298
1123, 0.00751586887054145
1124, 0.013957527000457
1125, 0.00870575685985386
1126, 0.00688976177480072
1127, 0.0160883494342367
1128, 0.0151967827696353
1129, 0.0145123427888999
1130, 0.0140933620277792
1131, 0.00927531851145128
1132, 0.00864313178074857
1133, 0.0113970655947924
1134, 0.0108358087018132
1135, 0.0135878350120038
1136, 0.0168402823619545
1137, 0.0153565778663116
1138, 0.0120301864420374
1139, 0.0138064851053059
1140, 0.0128075307390342
1141, 0.0103105330684533
1142, 0.00927235861308873
1143, 0.0098102311603725
1144, 0.0179468419402838
1145, 0.0139099981170148
1146, 0.01385547965765
1147, 0.0140571280249528
1148, 0.00830028605802605
1149, 0.0138222008633117
1150, 0.0140766328355918
1151, 0.0143289790333559
1152, 0.0144092071180542
1153, 0.0136382212707152
1154, 0.0135221511591226
1155, 0.0134324460135152
1156, 0.0132524198852479
1157, 0.00731110709187176
1158, 0.00635693175718188
1159, 0.00879556111370524
1160, 0.00944910625306269
1161, 0.0105118769376228
1162, 0.0149223835517963
1163, 0.00942188641056418
1164, 0.0143953388712058
1165, 0.00998630312581857
1166, 0.010302286905547
1167, 0.0119363091265162
1168, 0.0124639693337182
1169, 0.0141303735519094
1170, 0.0129498265062769
1171, 0.0148597748018801
1172, 0.0131249652865032
1173, 0.01400061766617
1174, 0.0114238284683476
1175, 0.0180937286155919
1176, 0.0104494711073736
1177, 0.010918083290259
1178, 0.0131690722579757
1179, 0.0128788181270162
1180, 0.0136177370635172
1181, 0.0140607980235169
1182, 0.0145075550923745
1183, 0.0132714540231973
1184, 0.0129897421381126
1185, 0.0125123968214861
1186, 0.00848047900944948
1187, 0.0122991624909143
1188, 0.0102984329375128
1189, 0.0108803532396754
1190, 0.0118327329068312
1191, 0.0120823234984917
1192, 0.0154805409256369
1193, 0.00983270133535067
1194, 0.014660738951837
1195, 0.0106099463688831
1196, 0.008081397973001
1197, 0.0128800301657369
1198, 0.0112719160194198
1199, 0.0148085218721202
1200, 0.0124712807592005
1201, 0.0133888352817545
1202, 0.0140492748469114
1203, 0.017402771115303
1204, 0.011978290664653
1205, 0.0114355348050594
1206, 0.00957934224667648
1207, 0.012344402493909
1208, 0.0118469221827885
1209, 0.0143212815746665
1210, 0.00958740904128977
1211, 0.0112509978935122
1212, 0.0116194984875619
1213, 0.0107464209819833
1214, 0.0113053742485742
1215, 0.0123846352410813
1216, 0.0118272323161364
1217, 0.0109066981822252
1218, 0.00702907746502509
1219, 0.0063049326185137
