1, 0.00780528923496604
2, 0.0878408551216125
3, 0.00705981370992959
4, 0.00857961364090443
5, 0.0344386175274849
6, 0.0198562182486057
7, 0.00396680901758373
8, 0.00650644383858889
9, 0.0885714031755924
10, 0.00846064207144082
11, 0.0699261575937271
12, 0.0653793960809708
13, 0.00870782292137543
14, 0.0101119298487902
15, 0.0113511503053208
16, 0.0123695951576034
17, 0.0133116468011091
18, 0.0161320597399026
19, 0.0270741442218423
20, 0.0476022657627861
21, 0.0728578533356388
22, 0.0737022906541824
23, 0.0608644957343737
24, 0.0403194477160772
25, 0.0215540761128068
26, 0.0107394869749745
27, 0.0068469059964021
28, 0.00539890042273328
29, 0.00481712913218265
30, 0.00403138089071338
31, 0.00516841902087132
32, 0.00636045238934457
33, 0.00725978744837145
34, 0.00787063575504969
35, 0.008247198148941
36, 0.00846193381585181
37, 0.00853473972529173
38, 0.00843970151618123
39, 0.00821709788093964
40, 0.00804833710814516
41, 0.00798758010690411
42, 0.00809129218881329
43, 0.00842960815255841
44, 0.00903503239775697
45, 0.00993081089109182
46, 0.0110948504880071
47, 0.0124548695360621
48, 0.0138262137770653
49, 0.015070798030744
50, 0.0174989725152651
51, 0.0259537450037897
52, 0.0305107096210122
53, 0.0327564931164185
54, 0.0388631081829468
55, 0.042644506941239
56, 0.0420313353339831
57, 0.0370324930797021
58, 0.028789088750879
59, 0.0194341375802954
60, 0.0130583867430687
61, 0.0112652801908553
62, 0.0101572691152493
63, 0.00925489390889804
64, 0.00859173263112704
65, 0.00846302672289312
66, 0.00839883205480874
67, 0.00842285295948386
68, 0.00895277814318736
69, 0.00964693399146199
70, 0.0105083406281968
71, 0.0124160867805282
72, 0.0192841727597018
73, 0.0295754736289382
74, 0.0383562321464221
75, 0.0422032369921605
76, 0.0406005053470532
77, 0.0349473599344492
78, 0.0278809905673067
79, 0.0222762056315939
80, 0.0197038277983665
81, 0.0209000141670307
82, 0.0183227986562997
83, 0.0152877201326191
84, 0.0103160954701404
85, 0.00815491013539334
86, 0.00693365054515501
87, 0.00614682957530022
88, 0.0055934995568047
89, 0.00517777710532149
90, 0.00486373994499445
91, 0.00461955950595438
92, 0.00443724861058096
93, 0.00429678025345008
94, 0.00418782311802109
95, 0.00409666790316502
96, 0.00401755251611273
97, 0.00404335625353269
98, 0.0042006578684474
99, 0.00436590200600525
100, 0.00453871577822914
101, 0.00469009174654881
102, 0.00477852509357035
103, 0.00476483597109715
104, 0.00465256057213992
105, 0.00434523910128822
106, 0.00369556805041308
107, 0.00300604149621601
108, 0.00408200485010942
109, 0.00484997098101303
110, 0.0065778106606255
111, 0.0110607965228458
112, 0.0226151992877324
113, 0.0409503454963366
114, 0.0621181447058916
115, 0.0804435970882575
116, 0.0743822380900383
117, 0.0475659652923544
118, 0.0253487083440026
119, 0.0158844819137206
120, 0.0137550660098592
121, 0.0132549232803285
122, 0.0128037754911929
123, 0.0121889136110743
124, 0.0115020096612473
125, 0.0107676007319242
126, 0.0099976675119251
127, 0.00911142277930464
128, 0.00881811107198397
129, 0.00912205611045162
130, 0.00951043951014678
131, 0.0100142975958685
132, 0.0106470605048041
133, 0.0113951781143745
134, 0.0122260275917749
135, 0.0130274716454248
136, 0.01577544460694
137, 0.0236862553283572
138, 0.035379018013676
139, 0.0479263557742039
140, 0.0584123252580563
141, 0.0655797844131788
142, 0.0631367973983288
143, 0.0518183788905541
144, 0.0399506557732821
145, 0.0278946210940679
146, 0.0190922850742936
147, 0.0147207601306339
148, 0.0131394489047428
149, 0.0120407361537218
150, 0.011171223440518
151, 0.0104904986607532
152, 0.00989222728336851
153, 0.00941201206296682
154, 0.00911263780047496
155, 0.00895929476246238
156, 0.00888113351538777
157, 0.00882244265327851
158, 0.00869640905875713
159, 0.00531947711715475
160, 0.006626885306711
161, 0.0113208714562158
162, 0.0233073281124234
163, 0.0412693501760562
164, 0.0621322939793269
165, 0.0803814505537351
166, 0.0740576172247529
167, 0.059120067084829
168, 0.0388288969794909
169, 0.0209932361419002
170, 0.0103685474799325
171, 0.00635163105713824
172, 0.00472316244849935
173, 0.0039551662436376
174, 0.00393239719172319
175, 0.00391399922470252
176, 0.00391443640304108
177, 0.00395075573275487
178, 0.00403364569259187
179, 0.00417077642244597
180, 0.00439397587130467
181, 0.00472668884322047
182, 0.00519077084027231
183, 0.00582671297403673
184, 0.00667262201507886
185, 0.00764962177102764
186, 0.00871475708360473
187, 0.0100796242865423
188, 0.01392591263478
189, 0.0381715665571392
190, 0.0432813648755352
191, 0.030557558250924
192, 0.0324777401983738
193, 0.0348658598959446
194, 0.0346162375062704
195, 0.030445858836174
196, 0.023463770126303
197, 0.0166590635975202
198, 0.0128930037220319
199, 0.0116688034807642
200, 0.0108704587134222
201, 0.0101767793918649
202, 0.00961907875413696
203, 0.00917128892615438
204, 0.00885605982815226
205, 0.00866226494933168
206, 0.00877416285220534
207, 0.00900091867273053
208, 0.00640438097373893
209, 0.00964174854258696
210, 0.0166672498453408
211, 0.0264528035186231
212, 0.024727090417097
213, 0.0437982740501563
214, 0.0376107363651196
215, 0.0555332815274596
216, 0.0143234157003462
217, 0.0565463397651911
218, 0.00693684940536817
219, 0.00607079372275621
220, 0.00515079591423273
221, 0.00450895309525852
222, 0.0118254646658897
223, 0.0105388582063218
224, 0.00950217402229706
225, 0.00875465207112332
226, 0.00827483483590186
227, 0.00804052882206937
228, 0.00800669317444166
229, 0.00811398169025779
230, 0.0082984782444934
231, 0.00970524673660596
232, 0.0105917670298368
233, 0.0117305739161869
234, 0.0137579468234132
235, 0.0193332468625158
236, 0.0282425728316108
237, 0.0362988769387205
238, 0.0411422333369652
239, 0.0416857668509086
240, 0.0379267592603962
241, 0.0316568861405055
242, 0.0266674604887764
243, 0.00911672282963991
244, 0.0202499155088195
245, 0.0135267405615499
246, 0.00804265487628678
247, 0.00805582719234129
248, 0.00800311705097556
249, 0.00759007653687149
250, 0.00711574277374893
251, 0.0291208278698226
252, 0.0353057243240376
253, 0.0147424564541628
254, 0.0132239485004296
255, 0.0113594154827297
256, 0.011500400568669
257, 0.0129054808833947
258, 0.0089854810697337
259, 0.0109434149538477
260, 0.0267710527405143
261, 0.0361891834375759
262, 0.0334032836059729
263, 0.044630277591447
264, 0.0438566887751222
265, 0.00928052382854124
266, 0.00672700120291362
267, 0.00650469578492145
268, 0.0372298819323381
269, 0.0101655738738676
270, 0.0126036259877895
271, 0.00865068170242012
272, 0.00824654242023826
273, 0.00823396615063151
274, 0.00816466266821538
275, 0.00836570421233773
276, 0.0122095768650373
277, 0.0157698821276426
278, 0.0221627203281969
279, 0.0305872221166889
280, 0.0406096450363596
281, 0.0398579314351082
282, 0.017349483910948
283, 0.0230371650042278
284, 0.0209299597889185
285, 0.0106446932602142
286, 0.0140296646859497
287, 0.0379960605253776
288, 0.0182626084424555
289, 0.0078718475997448
290, 0.00805856916122139
291, 0.0080836626002565
292, 0.00754898906840632
293, 0.0127176467018823
294, 0.0174789461307228
295, 0.00867734500207007
296, 0.00925864923434953
297, 0.0100325958337635
298, 0.00828617935379346
299, 0.0110436102841049
300, 0.00808137818239629
301, 0.0144206110853702
302, 0.0335512237312893
303, 0.0324202046419183
304, 0.0264738048426807
305, 0.0256498507224023
306, 0.0377971998726328
307, 0.0184589261965205
308, 0.0385031172384818
309, 0.0400592951724927
310, 0.0147872343659401
311, 0.0224334515631199
312, 0.00804376741871238
313, 0.0122626051306725
314, 0.00842899223789573
315, 0.0430012025559942
316, 0.0184442859941295
317, 0.0080526400623577
318, 0.0145457019098103
319, 0.0198198196788629
320, 0.0290136989206076
321, 0.00800623628310859
322, 0.00802602506397913
323, 0.0122954867159327
324, 0.0123891619965434
325, 0.0110672928858548
326, 0.0101516459447642
327, 0.00939430979390939
328, 0.00879434884215395
329, 0.00833861172820131
330, 0.0138761821823815
331, 0.039861228937904
332, 0.0397005748624603
333, 0.0294364555738866
334, 0.0365297870400051
335, 0.0357758464912573
336, 0.0232809032313526
337, 0.0292820987912516
338, 0.0218876883387566
339, 0.0418576883773009
340, 0.0309390079540511
341, 0.0393385368709763
342, 0.00908057034636537
343, 0.00860766701710721
344, 0.0121488394215703
345, 0.0113234738043199
346, 0.0104088405302415
347, 0.00964264245703816
348, 0.00895302769328867
349, 0.0139669203199446
350, 0.0393916654090087
351, 0.0340725262649357
352, 0.0408786814659834
353, 0.0392150776460767
354, 0.0267432186131676
355, 0.0194252252445689
356, 0.0329575259238482
357, 0.0434931395575404
358, 0.0402861110245188
359, 0.0214462117291987
360, 0.00967524588728944
361, 0.00830073496326804
362, 0.0123400910912702
363, 0.011613749122868
364, 0.0167220385745168
365, 0.010747871749724
366, 0.0099429146386683
367, 0.0141537811917563
368, 0.0387041646366318
369, 0.032321002955238
370, 0.0413291538134217
371, 0.0245079041148225
372, 0.0191017898730934
373, 0.0415435917675495
374, 0.0322435173826913
375, 0.0430070724338293
376, 0.0409130143622557
377, 0.0432065802936753
378, 0.0105734088768562
379, 0.0125999078154564
380, 0.0121367397562911
381, 0.0111473477445543
382, 0.0300628606540461
383, 0.0374119933694601
384, 0.0219694615031282
385, 0.0159634039072054
386, 0.0306020838518937
387, 0.00974361257006725
388, 0.0133873843587935
389, 0.0409661416585247
390, 0.0283518283007046
391, 0.0191183635698897
392, 0.0120241181924939
393, 0.0128005368945499
394, 0.0139232552610338
395, 0.03916863804417
396, 0.0209777586472531
397, 0.0116048672546943
398, 0.0144174521168073
399, 0.0164615937198202
400, 0.0193645387577514
401, 0.0195075312629342
402, 0.0107815683198472
403, 0.0153796222060919
404, 0.0153768326155841
405, 0.0133344552014023
406, 0.0270956964897258
407, 0.0157260199077427
408, 0.0360331349074841
409, 0.014820082190757
410, 0.0447032330557704
411, 0.0639799746374289
412, 0.00599887090114256
413, 0.00892172451131046
414, 0.0268713684442143
415, 0.0151337810481588
416, 0.0219077508275708
417, 0.039543238778909
418, 0.00956930879813929
419, 0.0131754699784021
420, 0.00409803869357953
421, 0.00437857781071216
422, 0.00455240490070234
423, 0.00479612833199402
424, 0.00512906004829953
425, 0.00557382998522371
426, 0.00617450576586028
427, 0.0070071432661886
428, 0.00824252900201827
429, 0.0101720904931426
430, 0.0131869534185777
431, 0.0379271578664581
432, 0.0345645399453739
433, 0.0401778100058436
434, 0.041769055960079
435, 0.0293496306985617
436, 0.0195507442113012
437, 0.0134013916831464
438, 0.0111949860583991
439, 0.0102189600778123
440, 0.0094949621707201
441, 0.00466148155586173
442, 0.00410962172706301
443, 0.00428694548706214
444, 0.00481840060092509
445, 0.00479141956505676
446, 0.00439262479388465
447, 0.00380992961193745
448, 0.00582848112874975
449, 0.0757936385149757
450, 0.0121166926498214
451, 0.0243390638691684
452, 0.0365526946261525
453, 0.0108608026833584
454, 0.016819102767234
455, 0.00425803727315118
456, 0.0108695843567451
457, 0.00749057678816219
458, 0.00646360808362563
459, 0.0057119339859734
460, 0.00517261113661031
461, 0.00479151890613139
462, 0.00416767678689212
463, 0.00453390751499683
464, 0.00891129346564412
465, 0.0275739271504184
466, 0.0323825545298556
467, 0.0123482570052147
468, 0.0393234568958481
469, 0.0229701643499235
470, 0.0219366384359698
471, 0.019118411000818
472, 0.032017196683834
473, 0.0413132589310408
474, 0.0383330062031746
475, 0.0157377945724875
476, 0.0111476803043236
477, 0.0186608065851033
478, 0.0186013963073492
479, 0.00445352083382507
480, 0.00501728143232564
481, 0.00462089079276969
482, 0.00475263684832801
483, 0.00516865747825553
484, 0.00510486060132583
485, 0.00543477250418315
486, 0.0187443526616941
487, 0.0473430644099911
488, 0.0120379101884152
489, 0.0085860111285001
490, 0.0321876385382244
491, 0.0147318692345704
492, 0.0541834759392909
493, 0.0393030309739212
494, 0.0281493910588324
495, 0.0137427276155601
496, 0.00436931918375194
497, 0.0048286922974512
498, 0.00669781471757839
499, 0.00582957360893488
500, 0.00952033380356928
501, 0.00791440535491953
502, 0.00522923554914693
503, 0.0116448820723842
504, 0.0104766760819725
505, 0.0251065334305167
506, 0.0166577128693461
507, 0.0175249403497825
508, 0.0291189999940495
509, 0.0360720418393612
510, 0.0406815493479371
511, 0.0409145656352242
512, 0.0358803143414358
513, 0.0268365383769075
514, 0.0182116063466916
515, 0.0135135873376081
516, 0.0200383698878189
517, 0.00488408484185735
518, 0.00437369011342525
519, 0.00650545100991925
520, 0.00591594081682463
521, 0.00553391470263402
522, 0.00455125258304179
523, 0.00472496046374242
524, 0.0121171296729396
525, 0.00427448819391429
526, 0.00422462465108505
527, 0.00769400766252407
528, 0.0601128935813904
529, 0.014787880969899
530, 0.00441430086114754
531, 0.0420147661740581
532, 0.0472397096455097
533, 0.0195302004770686
534, 0.00532945078642418
535, 0.0119559188218166
536, 0.00819705081327508
537, 0.00994726185066005
538, 0.00688952323980629
539, 0.00595585602180411
540, 0.00456708743392179
541, 0.0138501431792974
542, 0.0120007059536874
543, 0.0224593519233167
544, 0.00521914253477007
545, 0.0260896325732271
546, 0.0146291619831962
547, 0.0337682822719216
548, 0.040015110746026
549, 0.0391897419467568
550, 0.0424062497913837
551, 0.0160441823924581
552, 0.0306113014618556
553, 0.0206521189150711
554, 0.0180740387489398
555, 0.00450624818248408
556, 0.0064844898491477
557, 0.007341167734315
558, 0.00470272793124119
559, 0.00493868277408183
560, 0.0041614300571382
561, 0.00899553438648582
562, 0.0229360857978463
563, 0.00464977909966062
564, 0.00990483975037932
565, 0.0472674850995342
566, 0.0319707851546506
567, 0.00611349059424053
568, 0.00433569033630192
569, 0.00835871828409533
570, 0.00705377381139745
571, 0.0123254930201386
572, 0.0100160057966908
573, 0.00491744361352175
574, 0.00810952368192375
575, 0.0197530424532791
576, 0.00587427720893174
577, 0.0233114810350041
578, 0.0146669373692324
579, 0.0314904106780887
580, 0.0139954589307308
581, 0.0422463898236553
582, 0.0434447222699722
583, 0.0391058204695582
584, 0.0348640395594495
585, 0.0161672658286989
586, 0.00801048819751789
587, 0.00471801860257983
588, 0.0049894064043959
589, 0.00539074434588353
590, 0.00505968595721892
591, 0.0118193853801737
592, 0.0440413827697436
593, 0.0463428388660153
594, 0.00728770225153615
595, 0.00853246559078495
596, 0.0436674437175194
597, 0.0101746734386931
598, 0.0116369266062975
599, 0.00548523742084702
600, 0.00949100251974804
601, 0.0173354780611893
602, 0.00696383051884671
603, 0.0208374690264463
604, 0.0439387848600745
605, 0.0291723250411451
606, 0.0377687693883975
607, 0.0445286106318235
608, 0.0144601889575521
609, 0.00554446472475926
610, 0.00619208921367923
611, 0.0098655642165492
612, 0.0102442916637907
613, 0.0423709033057094
614, 0.00883005210198462
615, 0.0120445853764457
616, 0.0149662048555911
617, 0.00632470950949937
618, 0.00984597376858195
619, 0.00568394744768739
620, 0.00849249097518623
621, 0.015516025867934
622, 0.0133916756603867
623, 0.0187452468865861
624, 0.0363063090480864
625, 0.0268325062158207
626, 0.0438289549201727
627, 0.013249419707184
628, 0.00655194791033864
629, 0.00739775225520134
630, 0.0116894866029421
631, 0.0157964258853878
632, 0.0229989672079682
633, 0.0106940680804352
634, 0.0102897701629748
635, 0.0392781759922703
636, 0.0076173956040293
637, 0.0112091324292123
638, 0.0141168059781194
639, 0.0245537462511233
640, 0.017202420393005
641, 0.0124151728426417
642, 0.00897371916410824
643, 0.0116869945079088
644, 0.0321220417196552
645, 0.0349942980334163
646, 0.0133713171817362
647, 0.00936654788841094
648, 0.0114795586559922
649, 0.0108255363690356
650, 0.0129809915088117
651, 0.0228113213554025
652, 0.0162538320757449
653, 0.0115597265927742
654, 0.00781059409491718
655, 0.0285160387866199
656, 0.0116189260035753
657, 0.034605748206377
658, 0.018834613962099
659, 0.0130137031277021
660, 0.00637980445753783
661, 0.0152507854315142
662, 0.0276126116514206
663, 0.00901836331468076
664, 0.0443765415499608
665, 0.00775698983731369
666, 0.00626562147711714
667, 0.00533221293396006
668, 0.00458373738608013
669, 0.00821195209088425
670, 0.00710620614700019
671, 0.0151714112920066
672, 0.0129239785019308
673, 0.0596045171841979
674, 0.0315704008874794
675, 0.02145924543341
676, 0.012129607067133
677, 0.0113738000703355
678, 0.00938884587958455
679, 0.00876817852258682
680, 0.00892639330898722
681, 0.0090630070772022
682, 0.00929800816811621
683, 0.00969938592364391
684, 0.0102724053431302
685, 0.0109488784801215
686, 0.0117290242730329
687, 0.0127126201211164
688, 0.014130972015361
689, 0.017517668971171
690, 0.0244138484510283
691, 0.0345630712496738
692, 0.0464042108505964
693, 0.0104833461809903
694, 0.0138636057575544
695, 0.015877448177586
696, 0.0224622728613516
697, 0.0368741412336628
698, 0.060329963453114
699, 0.00681124305507789
700, 0.0621973403862544
701, 0.00850006115312378
702, 0.00709752373707791
703, 0.00824093997168044
704, 0.00787345735200991
705, 0.00865556967134277
706, 0.00745493309417119
707, 0.042431917351981
708, 0.0132355511498948
709, 0.0521145164966583
710, 0.0226243968742589
711, 0.0106951414297024
712, 0.0101444739072273
713, 0.0123110434506088
714, 0.0163185622853537
715, 0.0312045468017459
716, 0.00883696655121942
717, 0.00930233982702096
718, 0.010892670834437
719, 0.0125808343291283
720, 0.0323843224905431
721, 0.0179206165485084
722, 0.00904294025773803
723, 0.0096610204782337
724, 0.0101959720874826
725, 0.0116800488904119
726, 0.0141457540448755
727, 0.0242715516748528
728, 0.0411669897536437
729, 0.0131920204342653
730, 0.0125736817717552
731, 0.0119285606003056
732, 0.0112310270002733
733, 0.00982778258621693
734, 0.0177334976227333
735, 0.0254926926766833
736, 0.0368434061917166
737, 0.0479190430293481
738, 0.0127419457615664
739, 0.0207323217764497
740, 0.00933983130380511
741, 0.0337202096624034
742, 0.00973709602840245
743, 0.0102615204772779
744, 0.00870451065046447
745, 0.0461870717505614
746, 0.00851847891074916
747, 0.00857222247092674
748, 0.00845476150667916
749, 0.00851237960159779
750, 0.0109828928640733
751, 0.0251181962278982
752, 0.0138205512582014
753, 0.0180178512043009
754, 0.0328400583627323
755, 0.0115932047677537
756, 0.0394439985975623
757, 0.0501814495239939
758, 0.00885830485882858
759, 0.014414809566612
760, 0.010288915829733
761, 0.0117412825735907
762, 0.0109517194020251
763, 0.0126533334453901
764, 0.00975795757646362
765, 0.0258379230896632
766, 0.0190900398107866
767, 0.0145894510981937
768, 0.00933315535075963
769, 0.0329769706974427
770, 0.0394730251282454
771, 0.0110513389421006
772, 0.0125473363635441
773, 0.0464996186395486
774, 0.0395466362436612
775, 0.0289577708269159
776, 0.0132586584271242
777, 0.011791509653752
778, 0.0105288443931689
779, 0.0457388650005062
780, 0.079879654943943
781, 0.00897673959843814
782, 0.0113244674478968
783, 0.0420944432594946
784, 0.00966878918310007
785, 0.0092447018250823
786, 0.00862572776774565
787, 0.0350871545573076
788, 0.0278844088315964
789, 0.0118875126354396
790, 0.0202408070520808
791, 0.0126395844854414
792, 0.0388777923459808
793, 0.0442670911550522
794, 0.00894527948860611
795, 0.0198641262638072
796, 0.0207664201346536
797, 0.0278984156126777
798, 0.0111689983556668
799, 0.0119086725947758
800, 0.0154801828321069
801, 0.0104987637605518
802, 0.0129277931991965
803, 0.0098502254113555
804, 0.0395213629429539
805, 0.0348584707826376
806, 0.0117120253188269
807, 0.0416628392413259
808, 0.0468524787575006
809, 0.0135227864763389
810, 0.0126343592225264
811, 0.0151006412537148
812, 0.0109118958003819
813, 0.0557953454554081
814, 0.0117763988008457
815, 0.0413747381418943
816, 0.0104181586454312
817, 0.0371686272944013
818, 0.0131638468398402
819, 0.03105559401835
820, 0.0104163111342738
821, 0.00901438971050084
822, 0.0087127223610878
823, 0.0149017992274215
824, 0.0398485731954376
825, 0.0320866767627498
826, 0.00933606810867786
827, 0.0300713628530502
828, 0.0114558162167668
829, 0.0228449537729224
830, 0.0121929270680994
831, 0.0167668293385456
832, 0.0134041934895019
833, 0.0106947241195788
834, 0.0365078710019588
835, 0.0407530143857002
836, 0.0465291223178307
837, 0.0127443098463118
838, 0.0138220614753664
839, 0.0162382555038979
840, 0.0223309838523467
841, 0.0154136250882099
842, 0.00986363379550832
843, 0.038820606097579
844, 0.0164469508454204
845, 0.0112458687120428
846, 0.0231018306997915
847, 0.0409364374354482
848, 0.0122775258496404
849, 0.0439424614111582
850, 0.0429845731705427
851, 0.0325874540333947
852, 0.0253471378237009
853, 0.0126541282515973
854, 0.0143638677739849
855, 0.0384130738675594
856, 0.0186317599533747
857, 0.0117398723959923
858, 0.0412271820008755
859, 0.014100077428988
860, 0.0177140266944965
861, 0.0252078017219901
862, 0.035054928312699
863, 0.0123273756665488
864, 0.0119593677643154
865, 0.025820339564234
866, 0.0352966676333121
867, 0.0416217938597713
868, 0.0446514583503207
869, 0.0422240175927679
870, 0.0108699815347791
871, 0.0452822328855594
872, 0.035200780723244
873, 0.0402554739266634
874, 0.0283018201589584
875, 0.0131951402096699
876, 0.0157753655997415
877, 0.0211741168362399
878, 0.0183994563296437
879, 0.0284520615158337
880, 0.0378448048916956
881, 0.0437517048170169
882, 0.0416304937874277
883, 0.0126773385331035
884, 0.0388560965657234
885, 0.0356163055015107
886, 0.0353248383228978
887, 0.0417273327087363
888, 0.0378909579788645
889, 0.0315796399178604
890, 0.0174259974931677
891, 0.024095480175068
892, 0.0431491018583377
893, 0.0402250367527207
894, 0.0438127803305785
895, 0.0138062029145658
896, 0.0187492915429175
897, 0.0276613680956264
898, 0.0346433933824301
899, 0.0137525031653543
900, 0.0350212532406052
901, 0.0431069216380517
902, 0.0277216482375349
903, 0.0415711877867579
904, 0.02726225523899
905, 0.0183577570909013
906, 0.0406640057141582
907, 0.035717399418354
908, 0.0140742489602417
909, 0.0218820843845606
910, 0.0279065657407045
911, 0.0247711984751125
912, 0.00854033344270041
913, 0.00578598266777893
914, 0.00953620835207403
915, 0.0133059447010358
916, 0.0139681326691061
917, 0.0158284533924113
918, 0.0223514080668489
919, 0.0415333587055405
920, 0.0365018507776161
921, 0.0566348119949301
922, 0.0136474594473839
923, 0.0557292364537716
924, 0.00483959994744509
925, 0.00475275586359203
926, 0.00444173890476425
927, 0.00398047825243945
928, 0.00364299685073396
929, 0.0159908960728596
930, 0.011024656239897
931, 0.00912771789201846
932, 0.00775891693774611
933, 0.00661178561858833
934, 0.00576140603516251
935, 0.00514811370521784
936, 0.00470256886910647
937, 0.00439163146074861
938, 0.00419034626490126
939, 0.00406541500706226
940, 0.00399629356494794
941, 0.00397723975280921
942, 0.00398391555063426
943, 0.00399730680510402
944, 0.0169121058036884
945, 0.0232533463276923
946, 0.030036733020097
947, 0.0343346459170183
948, 0.0349118967230121
949, 0.0328449259201686
950, 0.0311096163156132
951, 0.0319990563827256
952, 0.0125113156003257
953, 0.0244466102682054
954, 0.00411580083891749
955, 0.0042049097440516
956, 0.00433850362120817
957, 0.00602638826239854
958, 0.00691592821385711
959, 0.00537035959617545
960, 0.0100255232149114
961, 0.00822254188824445
962, 0.0048908203219374
963, 0.00455735220263402
964, 0.0041363644025599
965, 0.0177764133550227
966, 0.0133257334431012
967, 0.0090732111595571
968, 0.0254195579327643
969, 0.034290062263608
970, 0.01117235639443
971, 0.0119760456339767
972, 0.0344305097435912
973, 0.0313133656357725
974, 0.0321920965798199
975, 0.0305717245986064
976, 0.0119011420756578
977, 0.0126282398123294
978, 0.0347075727768242
979, 0.0111422160019477
980, 0.0172171229496598
981, 0.0242289950450261
982, 0.0144923158610861
983, 0.00484172573002676
984, 0.00411720336414874
985, 0.00462867909421523
986, 0.00477184929574529
987, 0.00518785005745788
988, 0.00530056236311793
989, 0.00445364008191973
990, 0.00426662045841416
991, 0.00538843947773178
992, 0.0182611467316747
993, 0.00874786807357201
994, 0.0305341749141614
995, 0.0117158113668362
996, 0.0420009763911366
997, 0.00414151891267725
998, 0.0273726374975273
999, 0.00996210060215422
1000, 0.0445869639515877
1001, 0.0135235418565571
1002, 0.0194065217704823
1003, 0.0105986615332464
1004, 0.00642554097188016
1005, 0.00438467739149928
1006, 0.00478828046470881
1007, 0.00429594602125386
1008, 0.00516764423809946
1009, 0.0045390931967025
1010, 0.00865930497335891
1011, 0.00570394707998882
1012, 0.00737089050623278
1013, 0.0146456983250876
1014, 0.0104928431877246
1015, 0.00954330107197165
1016, 0.00925880856812
1017, 0.012748601147905
1018, 0.00995280508262416
1019, 0.0273997490959508
1020, 0.03091333899647
1021, 0.0346460988124212
1022, 0.0333608446332316
1023, 0.0329130544948081
1024, 0.0189480020198971
1025, 0.00506130943540484
1026, 0.013415875689437
1027, 0.0116895458971461
1028, 0.0103456197927395
1029, 0.0362779373923937
1030, 0.0266041802242398
1031, 0.018680397188291
1032, 0.0125231966376305
1033, 0.0047535706932346
1034, 0.00434821921711167
1035, 0.004557034233585
1036, 0.00654955802019686
1037, 0.00598522108824303
1038, 0.00492529151961207
1039, 0.0055976914979207
1040, 0.0421887524425983
1041, 0.00737045305625846
1042, 0.00557454527976612
1043, 0.00799030224637439
1044, 0.00691499456297606
1045, 0.00506848178338259
1046, 0.00457052471271406
1047, 0.0198059911684444
1048, 0.0142254258971661
1049, 0.00549872817161183
1050, 0.00477063737343997
1051, 0.00611120574952414
1052, 0.00934193717936675
1053, 0.025629454664886
1054, 0.0111394942893336
1055, 0.0279684915828208
1056, 0.00425789440050721
1057, 0.0111095529670517
1058, 0.0163405368415018
1059, 0.026343135163188
1060, 0.0349401691928506
1061, 0.0290631307289004
1062, 0.0105850712861866
1063, 0.0324213950273891
1064, 0.0215233609390755
1065, 0.0118016224199285
1066, 0.0149658355706682
1067, 0.0287130516953766
1068, 0.0375308260942499
1069, 0.0108882006412993
1070, 0.0125188059173524
1071, 0.0135942130194356
1072, 0.00734617440806081
1073, 0.00447140497687672
1074, 0.00471888078997533
1075, 0.00498227367643267
1076, 0.00526174006517977
1077, 0.0101847267554452
1078, 0.00846004645184924
1079, 0.00651578217123946
1080, 0.0423013248170416
1081, 0.00857303726176421
1082, 0.0100513715296984
1083, 0.00743822396422426
1084, 0.00501494838057884
1085, 0.0214313819472279
1086, 0.00535798158186177
1087, 0.00585564074572176
1088, 0.00655104821392645
1089, 0.0143461451710512
1090, 0.0345136982699235
1091, 0.0117095333213607
1092, 0.0135408070248862
1093, 0.01175358123146
1094, 0.0310589528332154
1095, 0.0124481743356834
1096, 0.0268802492258449
1097, 0.0243133356173833
1098, 0.0306008121309181
1099, 0.0203131673236688
1100, 0.0115184408302108
1101, 0.0382750301311413
1102, 0.0137984779042502
1103, 0.00470194900408387
1104, 0.00501014874316752
1105, 0.015668712866803
1106, 0.00542853380708645
1107, 0.00591478865438451
1108, 0.0394085918863614
1109, 0.0113157904041665
1110, 0.0107429520227015
1111, 0.00988646511298915
1112, 0.00921746234719952
1113, 0.0418495818351706
1114, 0.01067479668806
1115, 0.00916004367172718
1116, 0.00795640703290701
1117, 0.00797786474383126
1118, 0.00619848674008002
1119, 0.00701580569148064
1120, 0.00563235376030207
1121, 0.0306595020617048
1122, 0.0126174512940149
1123, 0.0349337114021182
1124, 0.0182830329673986
1125, 0.0237711711476247
1126, 0.014627738079677
1127, 0.0131367270369083
1128, 0.0330170060818394
1129, 0.012505017220974
1130, 0.0358953525622686
1131, 0.0157788623279581
1132, 0.0164758993002276
1133, 0.00621446090129515
1134, 0.0220654249812166
1135, 0.00698294389682512
1136, 0.0201170956715941
1137, 0.0283168435895017
1138, 0.0107530173845589
1139, 0.00981869439904889
1140, 0.0112300935822229
1141, 0.00978976705422004
1142, 0.0131129847529034
1143, 0.00554500124417245
1144, 0.0386887853965163
1145, 0.00748304657948514
1146, 0.00651385212716247
1147, 0.029323841445148
1148, 0.00856707671967646
1149, 0.0272744355412821
1150, 0.0139269175540124
1151, 0.0123546621762216
1152, 0.0160140428536882
1153, 0.0367577532306314
1154, 0.0208612127850453
1155, 0.0345335053279996
1156, 0.0235935295931995
1157, 0.00851561784899483
1158, 0.03228345218425
1159, 0.00741134207540502
1160, 0.0409866853927573
1161, 0.0390327231337627
1162, 0.0192331964416163
1163, 0.0121893704247971
1164, 0.0113031680230051
1165, 0.0117709265711407
1166, 0.0137642450475444
1167, 0.0104601603622238
1168, 0.0104187543038279
1169, 0.0377726623167594
1170, 0.00921109910788281
1171, 0.0352174299769104
1172, 0.017450693435967
1173, 0.0246555166585105
1174, 0.0333683354159196
1175, 0.030765856616199
1176, 0.0397177413105965
1177, 0.0386505403245489
1178, 0.0334220997368296
1179, 0.00897254686181744
1180, 0.0191031137170891
1181, 0.0127925099028895
1182, 0.0118344244547188
1183, 0.0147945112548769
1184, 0.0123157526832074
1185, 0.00776968128047884
1186, 0.0357177325834831
1187, 0.0110626240260899
1188, 0.0371179056043426
1189, 0.0339150253683329
1190, 0.0370550028358897
1191, 0.0276091153112551
1192, 0.0381058131655057
1193, 0.0381130403173821
1194, 0.0204597944393754
1195, 0.0294832438230515
1196, 0.021549069788307
1197, 0.0147411648649722
1198, 0.0134362602451195
1199, 0.0123335341922939
1200, 0.0158101156509171
1201, 0.0129266323388687
1202, 0.0332477944903076
1203, 0.0303918519722564
1204, 0.0263282826170325
1205, 0.0372476450478037
1206, 0.0277923196554184
1207, 0.0108174700289965
1208, 0.0203693343016009
1209, 0.0220257323235273
1210, 0.0161857826945682
1211, 0.0140647316972415
1212, 0.0183774473456045
1213, 0.0256803273223341
1214, 0.0294843961351684
1215, 0.0180971421301365
1216, 0.0370504211634397
1217, 0.0136719569563866
1218, 0.0184600723109075
1219, 0.022413893447568
1220, 0.030349378939718
1221, 0.0153032768672953
1222, 0.021656159311533
1223, 0.0180005813017488
1224, 0.0113117951899767
