1, 0.00811332557350397
2, 0.0925944012900193
3, 0.00818610331043601
4, 0.00513315293937922
5, 0.0252070464193821
6, 0.0542939994484186
7, 0.00453031132929027
8, 0.00692534598056227
9, 0.100875434776147
10, 0.0140858914237469
11, 0.00882339617237449
12, 0.0717399269342422
13, 0.00908701267326251
14, 0.0102627493130664
15, 0.0111811974396308
16, 0.0125575086567551
17, 0.0171727361157537
18, 0.0301805584070583
19, 0.0562194896241029
20, 0.0813583501925071
21, 0.080732986330986
22, 0.0854116802414258
23, 0.0404973879146079
24, 0.00490737023452918
25, 0.00421595643274486
26, 0.00466829593642615
27, 0.00457731955490696
28, 0.00312382038100623
29, 0.00420673765862982
30, 0.00507883323977391
31, 0.00485098437638953
32, 0.00528876056584219
33, 0.00648292006614308
34, 0.00822079336891572
35, 0.010046324847887
36, 0.0118617637393375
37, 0.0138297107381125
38, 0.0168052947459122
39, 0.0211190823465586
40, 0.0258905552327633
41, 0.028839396002392
42, 0.0276668723672628
43, 0.0259717743222912
44, 0.022964679946502
45, 0.0179400478179256
46, 0.0143506958459814
47, 0.0121024874970317
48, 0.0105267784868677
49, 0.00943490071222186
50, 0.00872747227549553
51, 0.00848996778950095
52, 0.00880543577174346
53, 0.00931430033718546
54, 0.00986635871231556
55, 0.0158883761614561
56, 0.0301429095367591
57, 0.0473856211950382
58, 0.0613864356031021
59, 0.0694940996666749
60, 0.0708651642004649
61, 0.0657616959263881
62, 0.0559417487432559
63, 0.0441068075597286
64, 0.0328373946249485
65, 0.0246688571448127
66, 0.0219351891428232
67, 0.0347513811041911
68, 0.0322196831693873
69, 0.0133226336911321
70, 0.0102338409051299
71, 0.00886209914460778
72, 0.00788744399324059
73, 0.00713114052390059
74, 0.00650000665336847
75, 0.00596292898990214
76, 0.00551466224715114
77, 0.00515008034805457
78, 0.00486596510745585
79, 0.00464713643305004
80, 0.00458748708479106
81, 0.00472768202113609
82, 0.00493747058014075
83, 0.00525311698826651
84, 0.00564374627235035
85, 0.00605468060045193
86, 0.00640716260143866
87, 0.00661118926169972
88, 0.00647644295046727
89, 0.0058424083981663
90, 0.00478468418198948
91, 0.00495684222551063
92, 0.0059016061713919
93, 0.0141079447542628
94, 0.0311328607300917
95, 0.0530221965163946
96, 0.0733528671165307
97, 0.0887622994681199
98, 0.0789468819275498
99, 0.0468536516030629
100, 0.028129026448975
101, 0.0188942387079199
102, 0.0154412219611307
103, 0.0144238099455833
104, 0.0145540460944176
105, 0.0161893992529561
106, 0.0199711361589531
107, 0.0258031731160978
108, 0.0331178956354658
109, 0.0412528791154424
110, 0.0491124270483851
111, 0.0554199901719888
112, 0.0592106484497587
113, 0.0597159176444014
114, 0.0565994093194604
115, 0.0501032971466581
116, 0.0409431339552005
117, 0.031506801644961
118, 0.0210611707298085
119, 0.0134761757217348
120, 0.0115698596152167
121, 0.010560514871031
122, 0.0100193042308092
123, 0.00968325277790427
124, 0.00944698043167591
125, 0.00924476174016794
126, 0.00932142336387187
127, 0.00960254870976011
128, 0.0108266694781681
129, 0.0119673834803204
130, 0.0130285850415627
131, 0.0139586552977562
132, 0.0147017664276063
133, 0.0157541070754329
134, 0.0194784430786967
135, 0.0279808891937137
136, 0.0418533564855655
137, 0.0605968317637841
138, 0.082316692918539
139, 0.103489261120558
140, 0.119382997353872
141, 0.125881172716618
142, 0.121870533873638
143, 0.109967052936554
144, 0.0931567959487438
145, 0.0742188828686873
146, 0.0561281914512316
147, 0.0395818625887235
148, 0.0254181275765101
149, 0.0166728920303285
150, 0.0123056196607649
151, 0.00934950681403279
152, 0.00662341841962188
153, 0.00799638210446574
154, 0.0211747130379081
155, 0.0384984898070494
156, 0.0590553817649682
157, 0.0787801494201024
158, 0.0928730368614197
159, 0.069704931229353
160, 0.0456113504866759
161, 0.0315644384051363
162, 0.0186944034261008
163, 0.0102621729796131
164, 0.00624966726172715
165, 0.00443999050185084
166, 0.00429721727656821
167, 0.00416735862381756
168, 0.004056374852856
169, 0.00396275582412879
170, 0.00391336340301981
171, 0.00392198620829731
172, 0.00397936557419598
173, 0.00409491918981075
174, 0.00425807704838614
175, 0.00447173983169099
176, 0.00476157727340857
177, 0.00512143061496317
178, 0.00553512658613424
179, 0.0059730620123446
180, 0.00643289205618203
181, 0.00692888256162405
182, 0.00744974768410126
183, 0.00800740858539939
184, 0.00861672700072328
185, 0.00931867134446899
186, 0.010211072396487
187, 0.0112819694913924
188, 0.0123858872490625
189, 0.0164123803066711
190, 0.042602697154507
191, 0.0452291667461395
192, 0.024059577845037
193, 0.0186001888165871
194, 0.0177163320283095
195, 0.0199904084826509
196, 0.0247306087985635
197, 0.0312737679729859
198, 0.0387835167348385
199, 0.0463118646293879
200, 0.0529174512873093
201, 0.0574413649737835
202, 0.0588441410412391
203, 0.056689432511727
204, 0.0514907526473204
205, 0.0434890265266101
206, 0.0337222482388218
207, 0.0228070067241788
208, 0.0105248113007595
209, 0.00982971359044313
210, 0.0450690455424289
211, 0.00518826707654322
212, 0.0074963381436343
213, 0.0113735418611517
214, 0.0125817082977543
215, 0.0168227584411701
216, 0.0301536181941628
217, 0.0583498400325576
218, 0.0117240561327587
219, 0.056533961246411
220, 0.00448032286173354
221, 0.00386325570677097
222, 0.00333066811435856
223, 0.0265253440787395
224, 0.0232706118064622
225, 0.0192496020657321
226, 0.0157039197317014
227, 0.0131481315474957
228, 0.0112261991792669
229, 0.00940398530413707
230, 0.0076027128379792
231, 0.00593028551278015
232, 0.00496642659418285
233, 0.0128079482043783
234, 0.0154844354838133
235, 0.0205141141389807
236, 0.02582117371882
237, 0.0112484713705877
238, 0.00941697911669811
239, 0.0101335464666287
240, 0.0141327410625915
241, 0.0179776380149027
242, 0.0196447412793835
243, 0.0122349685213218
244, 0.0111493886603663
245, 0.0103224533876138
246, 0.0144039024598897
247, 0.0215311693027616
248, 0.0156910046935081
249, 0.00740722912208488
250, 0.0278904492035508
251, 0.00924132399571439
252, 0.0110997774172574
253, 0.00546634270410453
254, 0.013074261136353
255, 0.0232722208214303
256, 0.0187297699352105
257, 0.00548740293985854
258, 0.0125229888196502
259, 0.00832784307810167
260, 0.0266396046305696
261, 0.018812199588865
262, 0.0236505307257175
263, 0.0206830775365233
264, 0.0110290665955593
265, 0.0171433122207721
266, 0.0122934208096315
267, 0.0294890119028943
268, 0.0146640566332887
269, 0.0123870396831383
270, 0.0184527669722835
271, 0.0112427495419979
272, 0.00758051961505165
273, 0.0209966348484159
274, 0.0135491314188888
275, 0.0113830783714851
276, 0.0162226581790795
277, 0.0190544955742856
278, 0.0207822197782142
279, 0.00939963369940718
280, 0.0143219061816732
281, 0.0218079728074372
282, 0.0188186399949094
283, 0.012714899544205
284, 0.015209955861792
285, 0.019743625074625
286, 0.0171595842887958
287, 0.0143559001541386
288, 0.0209895020040373
289, 0.0117843565531075
290, 0.0214043497107923
291, 0.0192508934997022
292, 0.01991137318934
293, 0.0182765582576394
294, 0.0206116077800592
295, 0.0211696663560967
296, 0.0161600940239926
297, 0.0146578813903034
298, 0.00984034677967429
299, 0.0175042424350977
300, 0.021540863905102
301, 0.0209662951529026
302, 0.0226171301677823
303, 0.0599923251817624
304, 0.0212407351937145
305, 0.00889955138942848
306, 0.0404537400851647
307, 0.0552137981479367
308, 0.0650604870170355
309, 0.0703280493617058
310, 0.0250764526426792
311, 0.0222146160279711
312, 0.024658326835682
313, 0.0324942721053958
314, 0.0692372464885314
315, 0.061248989465336
316, 0.0474341011916598
317, 0.030812349015226
318, 0.0172934760339558
319, 0.0111280102282763
320, 0.0100559211956958
321, 0.00938207081829508
322, 0.0202695364132524
323, 0.0541991687690218
324, 0.034107333359619
325, 0.00482012898040314
326, 0.00588687357958406
327, 0.0064563761310031
328, 0.00712843840786566
329, 0.00794742628931999
330, 0.00906870902205507
331, 0.0108716306276619
332, 0.0148616654332727
333, 0.00503877872445931
334, 0.00695296237245202
335, 0.00704103816921512
336, 0.00674078982168188
337, 0.00583664684866865
338, 0.00465621628488104
339, 0.0767811680478709
340, 0.0434667738154531
341, 0.0132807314706345
342, 0.0370075165604552
343, 0.0511281788349152
344, 0.0688905250281096
345, 0.0640370963762204
346, 0.0229988740757108
347, 0.0618677046149969
348, 0.0216043630304436
349, 0.0525589492172003
350, 0.0698161069303751
351, 0.0217645595936726
352, 0.0135469262022525
353, 0.0112468421769639
354, 0.0584467547014356
355, 0.0746420765561717
356, 0.0100849406793714
357, 0.0409070731451114
358, 0.00779395597055554
359, 0.00542799717125793
360, 0.00833988306112587
361, 0.0119841118964056
362, 0.00507495882144819
363, 0.00660514924675226
364, 0.00737176447485884
365, 0.00971621437929571
366, 0.0158707325657209
367, 0.00536600841830174
368, 0.00626832339912653
369, 0.00668670830782503
370, 0.0076163422393923
371, 0.0077500754656891
372, 0.00758534821216017
373, 0.0515521457418799
374, 0.0150096844105671
375, 0.032330826989242
376, 0.0218095814010927
377, 0.0114230959277068
378, 0.0121275604857753
379, 0.0293480010392765
380, 0.0699272658675909
381, 0.0666401498019695
382, 0.0581094715744257
383, 0.0670190568392475
384, 0.0434794891625643
385, 0.0264840163290501
386, 0.0467951980729898
387, 0.0580403516069055
388, 0.0200336614313225
389, 0.0157362720929086
390, 0.0394200549150507
391, 0.0249069180960457
392, 0.0695728406310081
393, 0.0636265796298782
394, 0.0153761732702454
395, 0.0663186814635992
396, 0.00596271055595328
397, 0.00861867381415019
398, 0.010099491958196
399, 0.0075672675933068
400, 0.0122720218884448
401, 0.0166632988756256
402, 0.00733806813756625
403, 0.00549992022570223
404, 0.00579462549649179
405, 0.008873006911017
406, 0.00855602937129637
407, 0.00694352485394726
408, 0.0212435041554272
409, 0.00548700588600089
410, 0.00513746140391699
411, 0.0311423595994711
412, 0.0626733998457591
413, 0.0207643352138499
414, 0.0263551915995777
415, 0.07005883132418
416, 0.0698477532714605
417, 0.0422812979668379
418, 0.053875056716303
419, 0.0641067707911134
420, 0.0495107651998599
421, 0.0631688938786586
422, 0.0354223319639762
423, 0.0212060456785063
424, 0.0480641014873981
425, 0.0201501162722707
426, 0.0725482031702995
427, 0.00606403852968166
428, 0.00673558396132042
429, 0.00818767282180488
430, 0.00885403280456861
431, 0.015214135684073
432, 0.0103809648038199
433, 0.0126334448189785
434, 0.00595508123903225
435, 0.00645156798418611
436, 0.00990027336714168
437, 0.00773368411076566
438, 0.00482046664692462
439, 0.0160825756378472
440, 0.072358979533116
441, 0.019126796318839
442, 0.023476406155775
443, 0.069702597334981
444, 0.0614851824939251
445, 0.0376724073042472
446, 0.0720990827927987
447, 0.0496077804515759
448, 0.0684373336178916
449, 0.0315773347392678
450, 0.0180436012645562
451, 0.00687066818742702
452, 0.0735765267163515
453, 0.0546835515648127
454, 0.0669487450892727
455, 0.0331198766827583
456, 0.0111217005178332
457, 0.00772849815742423
458, 0.00937944798109432
459, 0.00562529661692679
460, 0.010527751641348
461, 0.0155018766277603
462, 0.0125303091481328
463, 0.00720892446891715
464, 0.00618619681335986
465, 0.00667107198387384
466, 0.00880523662393292
467, 0.0175049847790173
468, 0.0696747843176126
469, 0.073441240315636
470, 0.0478118155151606
471, 0.0256780836110314
472, 0.0209322607455154
473, 0.0583156859502196
474, 0.017199518935134
475, 0.0681742954378327
476, 0.0453222077339888
477, 0.0331838393273453
478, 0.0724435955286026
479, 0.0277936911831299
480, 0.00788836949504912
481, 0.00906510520726442
482, 0.0112202361093036
483, 0.00903036352247
484, 0.012455505086109
485, 0.00819677246424059
486, 0.0142949367873371
487, 0.00752693527222921
488, 0.0101287777846058
489, 0.0413868115283549
490, 0.0579257123172283
491, 0.0547782275825739
492, 0.0409714242753883
493, 0.0190422814339399
494, 0.0665496721242865
495, 0.0287678089613716
496, 0.0237001033189396
497, 0.0725208845521722
498, 0.011776115745306
499, 0.0091893688775599
500, 0.0105144797513882
501, 0.00693597896024585
502, 0.00948512724911173
503, 0.0150290243327618
504, 0.0118405440977464
505, 0.00870929309166968
506, 0.0150491710353111
507, 0.0512873376054423
508, 0.015029334075128
509, 0.0367474819843968
510, 0.0653586760163307
511, 0.0238843854250652
512, 0.0200286747422069
513, 0.0103387680303838
514, 0.0109150030960639
515, 0.012147885436813
516, 0.0317426587765416
517, 0.0117532510310411
518, 0.0234489243477583
519, 0.0168224004252503
520, 0.0144520072266459
521, 0.0131060899390529
522, 0.0879318878054619
523, 0.00588123123937597
524, 0.00523992490100985
525, 0.0814967298259338
526, 0.0659046104798714
527, 0.0306704503794511
528, 0.0143597355151239
529, 0.0478244929884871
530, 0.010647338659813
531, 0.0111996755003929
532, 0.0142625994049013
533, 0.010275961831212
534, 0.0122808241285384
535, 0.00831699534319341
536, 0.0108498355839401
537, 0.0148002137430012
538, 0.0219936214076976
539, 0.0338757503777742
540, 0.0487388263766964
541, 0.0656268515934547
542, 0.0838304348289967
543, 0.101109846805533
544, 0.114826421563824
545, 0.122065524881085
546, 0.12017553858459
547, 0.109087644765774
548, 0.091458497568965
549, 0.0712260333821177
550, 0.0520002534613013
551, 0.0362168822127084
552, 0.0250378294537465
553, 0.0184477996081114
554, 0.0155139595735818
555, 0.0144087897303204
556, 0.013551277651762
557, 0.0125405418220907
558, 0.0114401204821964
559, 0.0103350900268803
560, 0.0310898483730853
561, 0.0381142961171766
562, 0.0478900568559766
563, 0.0555376714716355
564, 0.0599986435845494
565, 0.0608010198920965
566, 0.0580425554265579
567, 0.052339820501705
568, 0.0447030337527394
569, 0.0363936088979244
570, 0.0285562726979454
571, 0.0220461925491691
572, 0.0159172043204308
573, 0.0168087314038227
574, 0.0176754223648459
575, 0.0210823657301565
576, 0.0482629230245948
577, 0.00637424112452815
578, 0.0912862786402305
579, 0.0100071844644845
580, 0.0121149842937787
581, 0.00977504448965192
582, 0.011534474324435
583, 0.0132866131607443
584, 0.0913978026558955
585, 0.0141757158562541
586, 0.0595205354814728
587, 0.0327476332895458
588, 0.112066664422552
589, 0.026070777947704
590, 0.0356024967816969
591, 0.048174826738735
592, 0.0630671080822746
593, 0.0788468848913908
594, 0.0936201165119807
595, 0.105365453908841
596, 0.112109243869781
597, 0.104364175349474
598, 0.0194943576740722
599, 0.00949466418075774
600, 0.0141669538958619
601, 0.0759039471546809
602, 0.0448930151760578
603, 0.021707777865231
604, 0.0131815100709597
605, 0.0121446671740462
606, 0.0157528947262714
607, 0.0281548743757109
608, 0.0532408254221082
609, 0.0602788248409828
610, 0.04822479467839
611, 0.0317729368495444
612, 0.0208821330840389
613, 0.0538482572883368
614, 0.0596357099711895
615, 0.0452921676139037
616, 0.0208925997838378
617, 0.03504871049275
618, 0.0618338501080871
619, 0.0554405944421887
620, 0.0398771228889624
621, 0.0259145743524035
622, 0.025159721262753
623, 0.021096411626786
624, 0.0374018425742785
625, 0.0805591102689505
626, 0.0109165924867349
627, 0.0174456020551068
628, 0.0128852149937302
629, 0.0144282209221274
630, 0.0111082014627755
631, 0.0381901330935458
632, 0.0487627675756812
633, 0.0287494508860012
634, 0.0596912407005827
635, 0.0700988676398993
636, 0.0792937992761533
637, 0.0871439135322968
638, 0.0937664912392696
639, 0.0985052560766538
640, 0.0991882247229417
641, 0.0935964559515317
642, 0.0129394897126726
643, 0.0447767656296492
644, 0.0211733818675081
645, 0.0141048060419659
646, 0.0834138952195644
647, 0.0343308319958548
648, 0.0162869126846393
649, 0.0569363934919238
650, 0.0708313537761569
651, 0.0228358349607637
652, 0.01430444996804
653, 0.010363402388369
654, 0.0257549330902596
655, 0.0439382667342822
656, 0.0518344532077511
657, 0.0583932905768355
658, 0.0364490024124583
659, 0.0309443132330974
660, 0.0621387685338656
661, 0.0622515414531032
662, 0.0293994606472552
663, 0.0585718456034859
664, 0.0340573250626524
665, 0.0465079632898172
666, 0.0515990157922109
667, 0.0425126630192002
668, 0.032762116442124
669, 0.0615442699442307
670, 0.0581251678190061
671, 0.0720548573881388
672, 0.024163761309215
673, 0.0417002527974546
674, 0.0764570981264114
675, 0.0160246718054016
676, 0.0573814818635583
677, 0.0172048242141803
678, 0.0142909078858793
679, 0.0691789931928118
680, 0.041803188311557
681, 0.0515526824941238
682, 0.0598550342644254
683, 0.0659393568833669
684, 0.0696534023930629
685, 0.0718220397830009
686, 0.0740432882060607
687, 0.077702397480607
688, 0.0826882080485423
689, 0.0866264483580987
690, 0.0233699721284211
691, 0.0464695173626145
692, 0.0851189065724611
693, 0.0319685397359232
694, 0.0368603730263809
695, 0.078444358582298
696, 0.0118036052212119
697, 0.0122360805980861
698, 0.0173280511051416
699, 0.0221198332895126
700, 0.0557535983001192
701, 0.0559771750122309
702, 0.061215292972823
703, 0.0443393069629868
704, 0.0496770621587833
705, 0.0635848548263311
706, 0.0621294714510441
707, 0.0422769070913394
708, 0.0456478474661708
709, 0.05688167642802
710, 0.0487365812684099
711, 0.0389944373940428
712, 0.0292790580230455
713, 0.0706427384700094
714, 0.047943315282464
715, 0.0586609365418553
716, 0.0700295517841975
717, 0.0183561734988221
718, 0.0645256737867991
719, 0.0612292404597004
720, 0.0644237902015448
721, 0.0545184509828687
722, 0.0619443158308665
723, 0.0590311599274476
724, 0.0580051451300581
725, 0.060728401876986
726, 0.0676870867609978
727, 0.025992000165085
728, 0.0454229790096482
729, 0.0354070320415
730, 0.0764770650615295
731, 0.0767458019157251
732, 0.0804452568292618
733, 0.0136650627634178
734, 0.0225335873663425
735, 0.0751660157527242
736, 0.0708376312007507
737, 0.0730678988620639
738, 0.0715553186833859
739, 0.0707285143435001
740, 0.0140990842288981
741, 0.0122937580260138
742, 0.00856085738632828
743, 0.0589330301930507
744, 0.0572334822888176
745, 0.052534332498908
746, 0.0457227099686861
747, 0.037805067996184
748, 0.0299878775452574
749, 0.0232614713410536
750, 0.0182694825343788
751, 0.0154039091430604
752, 0.0142933753474305
753, 0.0144763421267271
754, 0.0156360300413022
755, 0.0192487873136997
756, 0.025590900930443
757, 0.0286351892476281
758, 0.0461496400336424
759, 0.017818473589917
760, 0.0407265891941885
761, 0.006204804754816
762, 0.00639557927691688
763, 0.00629746995400637
764, 0.00652870206561472
765, 0.00588407206426685
766, 0.0137099056349446
767, 0.0116735124805321
768, 0.0104419211080919
769, 0.00954552685531477
770, 0.00881838953743378
771, 0.0081784741487354
772, 0.00760175959051897
773, 0.00706344994250685
774, 0.00653656459568689
775, 0.00602634860357891
776, 0.0055448819960778
777, 0.00511566887143999
778, 0.00476819358300418
779, 0.00449619772067914
780, 0.00428567407652736
781, 0.00412851638005426
782, 0.00402144653101762
783, 0.00396965019172058
784, 0.0039755708615606
785, 0.00404717590815077
786, 0.00415823911316693
787, 0.004275779472664
788, 0.004391889514712
789, 0.0329984684164325
790, 0.0431800168007612
791, 0.0514080418894688
792, 0.0566337204848727
793, 0.0587264209364851
794, 0.0572375562041998
795, 0.0525477438544234
796, 0.0458608564610283
797, 0.0383214022343357
798, 0.0309062253994246
799, 0.0245225680992007
800, 0.019970063585788
801, 0.0179870561696589
802, 0.0192881065110366
803, 0.0248745921999216
804, 0.0328446694960197
805, 0.0433125977093975
806, 0.0571524603292346
807, 0.0559918377548456
808, 0.0356914065778255
809, 0.0285422055361172
810, 0.0227764893012742
811, 0.0191547907888889
812, 0.0181663466307024
813, 0.0204591788351536
814, 0.0262277770477037
815, 0.0530476672574878
816, 0.0583956927681963
817, 0.0504849056402842
818, 0.0191676258885612
819, 0.00412287376821041
820, 0.00446154739862929
821, 0.0041664051823318
822, 0.00430562164789687
823, 0.0127693836887678
824, 0.0103325666083644
825, 0.0087679842642198
826, 0.00813325424678624
827, 0.00629764911718667
828, 0.00752826683068027
829, 0.00690430538573613
830, 0.0057674457396691
831, 0.00532891446103652
832, 0.00497808148308347
833, 0.0281839905306697
834, 0.0154448381314675
835, 0.00468734977766871
836, 0.0113834561780095
837, 0.00948765074523787
838, 0.00420067765905211
839, 0.00411039664565275
840, 0.00429032312240452
841, 0.021244649309665
842, 0.0343479169532657
843, 0.0210566363918285
844, 0.0149330326045553
845, 0.0145247209196289
846, 0.0570961534976959
847, 0.0549031582971414
848, 0.0494667574142416
849, 0.0432095602154732
850, 0.0518189367527763
851, 0.0422659789522489
852, 0.0172325212818881
853, 0.014341893295447
854, 0.0142434663139284
855, 0.0153271785626809
856, 0.0270222282658021
857, 0.0169408749789
858, 0.00584228934409718
859, 0.00515159052641441
860, 0.00548309188646575
861, 0.00615221362871428
862, 0.00646768106768529
863, 0.00700120247590045
864, 0.00486598478164524
865, 0.00465468619950116
866, 0.00453915661200881
867, 0.0123920294988368
868, 0.0108414110727608
869, 0.0135093234479427
870, 0.0235194722190499
871, 0.0458560064435005
872, 0.00444439539153661
873, 0.0296378023922443
874, 0.0545565687119961
875, 0.00444219182245433
876, 0.0480385112265746
877, 0.0541243636980653
878, 0.057398189480106
879, 0.0258565394518276
880, 0.0214448611562451
881, 0.0186060102035602
882, 0.0406129627178113
883, 0.0185630950145423
884, 0.0212366624424855
885, 0.0263164887825648
886, 0.0330712647798161
887, 0.0571753084659576
888, 0.00606135628186166
889, 0.00562218922035148
890, 0.00657634056794147
891, 0.00720469304360449
892, 0.00790751135597626
893, 0.00860297873926659
894, 0.0093121948496749
895, 0.0100943668900679
896, 0.0110285305418074
897, 0.0122089808185895
898, 0.0136919646368672
899, 0.0161302920120458
900, 0.00493284140247852
901, 0.00524983896563451
902, 0.00450150237884372
903, 0.0046873299482589
904, 0.00437603464039664
905, 0.00432266857630263
906, 0.00432274804916233
907, 0.004372458322905
908, 0.0213203274955352
909, 0.0280099205672741
910, 0.0275282567100865
911, 0.0576292981083194
912, 0.0533778751268983
913, 0.014449221547693
914, 0.0144596328803649
915, 0.0147295026108623
916, 0.016014381001393
917, 0.0191298172188302
918, 0.0242193384716908
919, 0.0310037583112717
920, 0.0388032859191298
921, 0.0461249630898237
922, 0.0147359600135436
923, 0.0196492716980477
924, 0.0154597787962606
925, 0.0170893108782669
926, 0.057125261053443
927, 0.00841687247157097
928, 0.00577118088646481
929, 0.00507446215488017
930, 0.00460525415837765
931, 0.00480914185754955
932, 0.00720991803488384
933, 0.00643857424923529
934, 0.00539467817482849
935, 0.00932320106464128
936, 0.0568873302212783
937, 0.00457317555057151
938, 0.0231210380526526
939, 0.0560856374601523
940, 0.0242525981739163
941, 0.0189037546515465
942, 0.0219285331356029
943, 0.0181483857644101
944, 0.0249979550329347
945, 0.0199499167501926
946, 0.0518045130496224
947, 0.0451663207883636
948, 0.0304508260451257
949, 0.0377204284692804
950, 0.0052281628207614
951, 0.0046548453780512
952, 0.0055727370781824
953, 0.00456315356617173
954, 0.00478104816284031
955, 0.00451829109806567
956, 0.00642967356058459
957, 0.00694749880737315
958, 0.00754618772771209
959, 0.00824898644350469
960, 0.00900532995971541
961, 0.00980681390501559
962, 0.0106573128917565
963, 0.0116466904679934
964, 0.0129129119062175
965, 0.0145848620838175
966, 0.0175839901591341
967, 0.00496502806587766
968, 0.00596948565604786
969, 0.0214738290136059
970, 0.00591413269285113
971, 0.0188564498287936
972, 0.0520598590373993
973, 0.0145846831146628
974, 0.0146190153900534
975, 0.0146681494855632
976, 0.0153038730689635
977, 0.0175052116004129
978, 0.0217477912083268
979, 0.0278462612380584
980, 0.0352208477755388
981, 0.0169401996148129
982, 0.0558809144422412
983, 0.0148856671682249
984, 0.015554729072998
985, 0.00725736344854037
986, 0.00481460569426417
987, 0.0051189271810775
988, 0.00549711872978757
989, 0.0347179228439927
990, 0.0496414018174013
991, 0.0217885008702676
992, 0.0225463979212301
993, 0.0190446800552309
994, 0.0188737342444559
995, 0.0178854895445208
996, 0.0421404518807928
997, 0.0346452846812705
998, 0.0223127243419488
999, 0.0278085319635769
1000, 0.00594884261954576
1001, 0.00557889649644494
1002, 0.00493957688255856
1003, 0.00477145193144679
1004, 0.00512409280054271
1005, 0.00531315885018557
1006, 0.00739516969770193
1007, 0.00799129542429
1008, 0.00865815246167282
1009, 0.00940287322737277
1010, 0.0102342190220952
1011, 0.0111657402788599
1012, 0.0122127754924198
1013, 0.0135055411762247
1014, 0.0152418446571877
1015, 0.0180840718870362
1016, 0.00637255217103908
1017, 0.00685310491826385
1018, 0.0216565422713757
1019, 0.019714160511891
1020, 0.00835567821438114
1021, 0.00637281045783311
1022, 0.0421912747745713
1023, 0.0177525314502418
1024, 0.0145790802004437
1025, 0.0148383205911765
1026, 0.0163146479365726
1027, 0.0147262243553996
1028, 0.0146495130223533
1029, 0.0196691389816503
1030, 0.0248109744861722
1031, 0.0149401849290977
1032, 0.0483809113502502
1033, 0.0165511399197082
1034, 0.0154862432585408
1035, 0.00498320458323828
1036, 0.0053626704805841
1037, 0.00580517555742214
1038, 0.00468468749895692
1039, 0.0397272969906529
1040, 0.0210007065907121
1041, 0.00638268519348154
1042, 0.0176634021724264
1043, 0.0190351838245988
1044, 0.0316486807229618
1045, 0.0178712233901024
1046, 0.0204078789489965
1047, 0.025125031825155
1048, 0.00683097164922704
1049, 0.00544931572706749
1050, 0.0051751343999058
1051, 0.00601182482205331
1052, 0.00572200701572001
1053, 0.00851524023649593
1054, 0.011588317497323
1055, 0.0106677832858016
1056, 0.00987072995242973
1057, 0.015515231139337
1058, 0.00915811629965901
1059, 0.0139581192440043
1060, 0.0126832350312422
1061, 0.0189776115917734
1062, 0.00790701457299292
1063, 0.00733836623840034
1064, 0.0185744200522701
1065, 0.0549340832978487
1066, 0.00829621256950001
1067, 0.017883184676369
1068, 0.00720703710491459
1069, 0.0316269054698447
1070, 0.0145766168522338
1071, 0.0146105512976646
1072, 0.0146704938573142
1073, 0.0146993429710468
1074, 0.0155316216405481
1075, 0.0179742014346023
1076, 0.0148956805933267
1077, 0.0164353277844687
1078, 0.0152793951953451
1079, 0.0159073104926695
1080, 0.00576402844550709
1081, 0.00636826052019993
1082, 0.0216866763308644
1083, 0.0287165522043194
1084, 0.00734154519159347
1085, 0.00690090788217882
1086, 0.0186762047621111
1087, 0.0057394342230899
1088, 0.0172999734058976
1089, 0.00608853596107413
1090, 0.0168767607149978
1091, 0.0225353483110666
1092, 0.0185929769650102
1093, 0.00648802631379416
1094, 0.00787898036651313
1095, 0.0111482365367313
1096, 0.0097423413147529
1097, 0.0104094564449042
1098, 0.0161746375573178
1099, 0.0119825823542972
1100, 0.0144065051184346
1101, 0.0182067902758718
1102, 0.0130169619030009
1103, 0.00911567787018915
1104, 0.00849002762697637
1105, 0.00950139900669456
1106, 0.00821350134598712
1107, 0.0164435933499287
1108, 0.0160854487524678
1109, 0.00534553602337837
1110, 0.022146785321335
1111, 0.0145932069669167
1112, 0.0146831700112671
1113, 0.0145442715535561
1114, 0.0146879379171878
1115, 0.0150424466313173
1116, 0.0146431953180581
1117, 0.0148825675714761
1118, 0.0151567288363973
1119, 0.015158040371413
1120, 0.00721627586365988
1121, 0.00637402226372312
1122, 0.00797295706191411
1123, 0.00747168184413264
1124, 0.0206019205972552
1125, 0.0085069154156372
1126, 0.00690492095115284
1127, 0.017922246363014
1128, 0.0167025960981846
1129, 0.0159168869722635
1130, 0.0171587696143736
1131, 0.00937746092677116
1132, 0.00950535254863401
1133, 0.0116806650379052
1134, 0.0110342125408351
1135, 0.0143922788556665
1136, 0.0185766454475621
1137, 0.0165780646327351
1138, 0.0123930597522606
1139, 0.0144652755310138
1140, 0.0132826000917703
1141, 0.0104075293832769
1142, 0.0091300622249643
1143, 0.00978563423268497
1144, 0.0380884230136871
1145, 0.0146884152976175
1146, 0.0145609999696414
1147, 0.016646218020469
1148, 0.00822184622908632
1149, 0.0143517088145018
1150, 0.0145972797181457
1151, 0.0148429893888533
1152, 0.0148752157886823
1153, 0.0142229426031311
1154, 0.0142166047201802
1155, 0.0142447378020734
1156, 0.0140205049732079
1157, 0.00729293605711843
1158, 0.00640800064429641
1159, 0.00867599404106537
1160, 0.00931634668571254
1161, 0.0106248673982918
1162, 0.0159157345381876
1163, 0.00932032017347713
1164, 0.015199842552344
1165, 0.00990114787903925
1166, 0.0107955945810924
1167, 0.0122816586711754
1168, 0.012840174138546
1169, 0.0161861719430557
1170, 0.0132054313241194
1171, 0.0157796892337501
1172, 0.013565801239262
1173, 0.0146088435625037
1174, 0.0117101690266281
1175, 0.019999408784012
1176, 0.0105072081399461
1177, 0.0111153346175949
1178, 0.0134394392371178
1179, 0.0133019710580508
1180, 0.0141170253045857
1181, 0.0145797758207967
1182, 0.0151038196248313
1183, 0.0137812326817463
1184, 0.0135253897557656
1185, 0.0130453479609319
1186, 0.00832832003943622
1187, 0.0128292267521222
1188, 0.010223271480451
1189, 0.0109785418802251
1190, 0.0120358314764287
1191, 0.0120384206862322
1192, 0.0168309641691546
1193, 0.0108504112965117
1194, 0.0152956075811138
1195, 0.0105433681358894
1196, 0.00798988497505585
1197, 0.0133208065914611
1198, 0.0115120634436607
1199, 0.0156366855704359
1200, 0.0129061765037477
1201, 0.0138406186209371
1202, 0.014582994626835
1203, 0.0208870213478804
1204, 0.0123720391808699
1205, 0.0117376113310456
1206, 0.00937249402826031
1207, 0.0123683238246789
1208, 0.0121333024774988
1209, 0.0148613239638507
1210, 0.00939754256978631
1211, 0.0118738194927573
1212, 0.0116014739498496
1213, 0.0105562625297656
1214, 0.0112434251544376
1215, 0.0130284251645207
1216, 0.0116818209178746
1217, 0.0106915252593656
1218, 0.00820706404435138
1219, 0.00793993594124913
