1, 0.00878626271151006
2, 0.0271729871165007
3, 0.00488373730331659
4, 0.0114592341706157
5, 0.0132429618388414
6, 0.0199786461889744
7, 0.00463044748175889
8, 0.0021841829729965
9, 0.0275099612772465
10, 0.00789445801638067
11, 0.0105903167277575
12, 0.0186715163290501
13, 0.00914124810757736
14, 0.0096910810098052
15, 0.0101867332899322
16, 0.0106364703581979
17, 0.0110397756410142
18, 0.0113890190453579
19, 0.0116593464432905
20, 0.0118373061219851
21, 0.0119258190970868
22, 0.0119445938616991
23, 0.0119436403426031
24, 0.0119792244707545
25, 0.0122022652067244
26, 0.013013464709123
27, 0.0156192410892497
28, 0.0212672793616851
29, 0.0230752263839046
30, 0.015220962309589
31, 0.0101461028680205
32, 0.0064684560832878
33, 0.00455866358242929
34, 0.0063341271597892
35, 0.00811982286783556
36, 0.00926002045162022
37, 0.0099888660479337
38, 0.0104549546570828
39, 0.0107537327179064
40, 0.010946534263591
41, 0.0110780815593898
42, 0.0111716804870715
43, 0.0112422126500557
44, 0.0112976251790921
45, 0.0113440375619878
46, 0.0113816283022364
47, 0.0114110135473311
48, 0.0114315374133488
49, 0.0114408949545274
50, 0.0114451466749112
51, 0.0114522687425571
52, 0.0114635649758081
53, 0.011473180881391
54, 0.0114723068351547
55, 0.0114693261372546
56, 0.0114683331921697
57, 0.0114736583394309
58, 0.0114872084620098
59, 0.0115144674976667
60, 0.0115561902833482
61, 0.0116110658273101
62, 0.0116876383932928
63, 0.0117890456070503
64, 0.0119129439505438
65, 0.0120574263855815
66, 0.0122234450342755
67, 0.0124094113707542
68, 0.012608729613324
69, 0.0128072127699852
70, 0.0130610190099105
71, 0.0131766819395125
72, 0.0131674235065778
73, 0.0131558204690615
74, 0.0131327734949688
75, 0.0130857254068057
76, 0.0130050210282207
77, 0.0128825535066426
78, 0.0127177263299624
79, 0.0125086729725202
80, 0.0122460947992901
81, 0.0119410776533186
82, 0.0116127350678047
83, 0.011275969290485
84, 0.0109324879013002
85, 0.0105986616884669
86, 0.0102769945127269
87, 0.00998707767575979
88, 0.00972267131631573
89, 0.00948882273708781
90, 0.00928362381334106
91, 0.00910810815791289
92, 0.00906133826356381
93, 0.00897413620259613
94, 0.00890394207090139
95, 0.00903280700246493
96, 0.00926673505455256
97, 0.00964566258092721
98, 0.0102484639113148
99, 0.0112151326611638
100, 0.0128602216330667
101, 0.0163853593791525
102, 0.0170016021002084
103, 0.0152182606980205
104, 0.010111333647122
105, 0.00811751807729403
106, 0.00715386960655451
107, 0.0065811884123832
108, 0.00616781025504072
109, 0.00582440802827477
110, 0.00550095325646301
111, 0.00518425391055644
112, 0.00487172696739435
113, 0.00458415442456802
114, 0.00434184175295134
115, 0.00415567650149266
116, 0.00405860032575826
117, 0.00405073259025812
118, 0.00411486726564666
119, 0.00424126877139012
120, 0.00439870466167728
121, 0.00455073616467416
122, 0.00466647854773328
123, 0.00473054362616191
124, 0.0047258942698439
125, 0.00456889548028509
126, 0.00409044895786792
127, 0.00314186080746974
128, 0.00203716800509331
129, 0.00396561715751886
130, 0.00798388469653825
131, 0.0139217398439844
132, 0.0217866140107314
133, 0.0210916632786393
134, 0.0152021075288455
135, 0.0124966330671062
136, 0.0110713466225813
137, 0.00999884004704654
138, 0.00877850569252457
139, 0.00823974780117472
140, 0.00865221163257957
141, 0.00937593153988322
142, 0.0102583581271271
143, 0.011180402400593
144, 0.0118830230397483
145, 0.0122470090476175
146, 0.012300136188666
147, 0.0121170707667867
148, 0.0117973908782005
149, 0.0114271664060652
150, 0.0110788362411161
151, 0.0108017541157703
152, 0.0106103039967517
153, 0.0104971347997586
154, 0.0104514774866402
155, 0.0104537030371527
156, 0.0104866836530467
157, 0.0105269770137966
158, 0.0105690186222394
159, 0.0105980255951484
160, 0.0106366294203326
161, 0.0106777767650783
162, 0.0108228942068915
163, 0.0109535076965888
164, 0.0110663596230249
165, 0.0111686011465887
166, 0.0112569749665757
167, 0.011331997346133
168, 0.0113838532318672
169, 0.0114318457199261
170, 0.00639315570394198
171, 0.0101650976575911
172, 0.015905263988922
173, 0.0241247452795506
174, 0.0226760736356179
175, 0.014643790666014
176, 0.00834028034781416
177, 0.00404846738092601
178, 0.00471739075146616
179, 0.00485185883007944
180, 0.00500484424022337
181, 0.00521028173776964
182, 0.00555149815045297
183, 0.00617234036326408
184, 0.00728603374833862
185, 0.00944443730016549
186, 0.0143164820037782
187, 0.0168260368518531
188, 0.0180551645656427
189, 0.0154334728916486
190, 0.0145125418591003
191, 0.0138423071863751
192, 0.0128945928687851
193, 0.0116786980070174
194, 0.0103660045812527
195, 0.00924547699590524
196, 0.00872293266002089
197, 0.00949738601533075
198, 0.00871588429436088
199, 0.00506956670433283
200, 0.0120536709825198
201, 0.0121961455636968
202, 0.0123007714282721
203, 0.0124150538661828
204, 0.0126421871439864
205, 0.0132152859587222
206, 0.0146063991511861
207, 0.0170748430703367
208, 0.0180449005482452
209, 0.0232468405738473
210, 0.0124618857433753
211, 0.0111694950610399
212, 0.0110303182930996
213, 0.0108079928904772
214, 0.0104510005718718
215, 0.00989987623567382
216, 0.00906787471224864
217, 0.0078428202541545
218, 0.00634980306494981
219, 0.0127190575779726
220, 0.0125132029255231
221, 0.0123218921944499
222, 0.0121433963843932
223, 0.0119863772609582
224, 0.0118507564378281
225, 0.0117426137439907
226, 0.0116534849318365
227, 0.0115876415123542
228, 0.0115386069131394
229, 0.0115014337158451
230, 0.0114814267338564
231, 0.0114743933857729
232, 0.0114710351917893
233, 0.0114731411449611
234, 0.0114735185634345
235, 0.0114695451532801
236, 0.0121867880225182
237, 0.0124338689881066
238, 0.0126308422380437
239, 0.0127849607573201
240, 0.0128984678691874
241, 0.0129748608451337
242, 0.0130130473213891
243, 0.013032081304118
244, 0.0130391941250612
245, 0.013049982720986
246, 0.0118469023921837
247, 0.0125943444048365
248, 0.0132070012235393
249, 0.0138232535682619
250, 0.0115724230029931
251, 0.0128484987653792
252, 0.0148488907143474
253, 0.0123622240498662
254, 0.01125582261011
255, 0.0113173542389025
256, 0.0108426029328257
257, 0.0104694979575773
258, 0.0089574270726492
259, 0.01146285738796
260, 0.0112505576107651
261, 0.0110926448057095
262, 0.00997090494881074
263, 0.00938964045296113
264, 0.0113624551643928
265, 0.0124316836396853
266, 0.0114756646410873
267, 0.0114776911990096
268, 0.0114863735313217
269, 0.011500241390119
270, 0.0115296461929878
271, 0.0120756651740521
272, 0.0118091525509953
273, 0.0116303188260645
274, 0.0114766382612288
275, 0.0115720056152592
276, 0.0119312232515464
277, 0.0117117982978622
278, 0.0128955150023103
279, 0.0122458167995016
280, 0.0126193785108626
281, 0.0119035465177149
282, 0.00963247000860671
283, 0.0112818900185327
284, 0.0115996818058193
285, 0.0128655063454062
286, 0.0124234383304914
287, 0.0128429957355062
288, 0.012790980671222
289, 0.012589973397553
290, 0.0127100571990013
291, 0.0128661218720178
292, 0.0128616912600895
293, 0.0114700419362634
294, 0.00996736848416428
295, 0.0128418911647584
296, 0.0121071357280016
297, 0.0146536850370467
298, 0.0163749687684079
299, 0.0118087355513126
300, 0.0112355770543218
301, 0.0108478285837919
302, 0.0127927092059205
303, 0.0136548110749573
304, 0.013173999885718
305, 0.0143180919500689
306, 0.0152146047912538
307, 0.0121032821480185
308, 0.0113431833063563
309, 0.0113942843551437
310, 0.0113889994099736
311, 0.0114100996094445
312, 0.0114450873807073
313, 0.0114286363435288
314, 0.0114560148213059
315, 0.0114266696230819
316, 0.0113183281694849
317, 0.011161309434101
318, 0.0105146185960621
319, 0.0106996117004504
320, 0.0109454214107245
321, 0.0125483498753359
322, 0.0123607339337468
323, 0.0121816219761968
324, 0.0120253389856468
325, 0.0116914135869592
326, 0.0116197493237754
327, 0.0117820720964422
328, 0.0118946257668237
329, 0.0115671379802128
330, 0.0115328453636418
331, 0.0115084669863184
332, 0.0114944401041915
333, 0.0114860956091434
334, 0.0114826581751307
335, 0.0122111861904462
336, 0.00945091395018001
337, 0.0109622101299465
338, 0.0116959830435614
339, 0.00929837385192514
340, 0.0106486494963368
341, 0.0103507057453195
342, 0.00984025156746308
343, 0.0127194149730106
344, 0.012736342769737
345, 0.0126778309543928
346, 0.012591404064248
347, 0.0126798345840403
348, 0.0127360846381634
349, 0.0127193355001509
350, 0.0119660914254685
351, 0.0114740355250736
352, 0.0127093098126352
353, 0.0166726137511432
354, 0.0104232844896615
355, 0.00978291187701481
356, 0.0114620942622423
357, 0.0161438016220927
358, 0.0114823430776596
359, 0.0121070766666283
360, 0.0110937377127508
361, 0.0139224755888184
362, 0.0114675390068442
363, 0.0124493866072347
364, 0.0133708147332072
365, 0.0145908625951658
366, 0.0153454969016214
367, 0.0113446133521696
368, 0.0114187619959315
369, 0.0112836773041636
370, 0.0114503524576624
371, 0.0114930095151067
372, 0.0114605647977442
373, 0.0114588759994755
374, 0.0114683528275539
375, 0.0114724257340034
376, 0.0114424050164719
377, 0.0114288551267236
378, 0.0113395073761543
379, 0.0119956156704575
380, 0.012142124120146
381, 0.0124750757434716
382, 0.0115058048007389
383, 0.0123079240632554
384, 0.0115753431649258
385, 0.0118717967998236
386, 0.0117666343382249
387, 0.0115431367885321
388, 0.0115206858608872
389, 0.0116220731288195
390, 0.0116851155180484
391, 0.0114939831352482
392, 0.0124565389317771
393, 0.011407000090306
394, 0.0101033467799425
395, 0.00991857199308773
396, 0.0100809747042755
397, 0.0108258345474799
398, 0.012676996178925
399, 0.0125995702110231
400, 0.0126823806203902
401, 0.0126628103510787
402, 0.0126360679666201
403, 0.0120684922828029
404, 0.0111137249817451
405, 0.0122829500275354
406, 0.0106867766783883
407, 0.0102661271424343
408, 0.0114972413672755
409, 0.0109822573140264
410, 0.0162073799098531
411, 0.0159593441834052
412, 0.0116875983464221
413, 0.0113755887529502
414, 0.012493076423804
415, 0.0117513955725978
416, 0.0140320487941305
417, 0.0129088989148537
418, 0.0146612952618549
419, 0.0119723697813849
420, 0.011503281382223
421, 0.0115037778547655
422, 0.0114965263443689
423, 0.0114807151257992
424, 0.011490943575544
425, 0.0115021884751817
426, 0.011568131002908
427, 0.0152700173979004
428, 0.011550786284109
429, 0.0121166727039963
430, 0.012263300207754
431, 0.0119840323459357
432, 0.0118675651804854
433, 0.0117658399200688
434, 0.011557720368728
435, 0.0115884363185614
436, 0.0116884926489244
437, 0.0116323253605515
438, 0.0115337197979291
439, 0.0115159373575201
440, 0.0117449978521715
441, 0.0126275841612369
442, 0.0118230205650131
443, 0.0116646509462347
444, 0.0105531829564522
445, 0.01267741395471
446, 0.0126194582165529
447, 0.0123978082556278
448, 0.0125593768898398
449, 0.0112895193354537
450, 0.0125009443145245
451, 0.0115595681903263
452, 0.0103095589826504
453, 0.0125361706595868
454, 0.010551951204737
455, 0.0104250243332769
456, 0.0101822632364929
457, 0.0124411606895072
458, 0.0125839734449983
459, 0.011305791636308
460, 0.0114708204753697
461, 0.0106292381727447
462, 0.0124269941200813
463, 0.0117056790428857
464, 0.0156486653722823
465, 0.0129679862099389
466, 0.0120963479857892
467, 0.0134680894358704
468, 0.0145966634930422
469, 0.011556826143836
470, 0.0115184571594
471, 0.0115404151535283
472, 0.0115625676698983
473, 0.0116548758621017
474, 0.0116468887620916
475, 0.0116497894438605
476, 0.0122540215961635
477, 0.0121215602072577
478, 0.0119929137484481
479, 0.011704149035116
480, 0.0117802838794887
481, 0.0118772017303854
482, 0.0116050068754703
483, 0.0116435909488549
484, 0.0115748670262595
485, 0.0115472102382531
486, 0.0124267761129886
487, 0.0150838124100119
488, 0.0110260267586758
489, 0.0127074147264163
490, 0.0122069537950059
491, 0.0105640311570217
492, 0.0126010600943118
493, 0.0117415214578311
494, 0.0126523002206037
495, 0.0124993150432905
496, 0.0124127691766868
497, 0.0127035802385459
498, 0.0119858007722845
499, 0.0107752107239018
500, 0.0121051690851649
501, 0.0123683712445199
502, 0.0108951945633938
503, 0.0157043755364915
504, 0.0115199310239404
505, 0.0116823536033432
506, 0.011009297799319
507, 0.0153501650008063
508, 0.0124929763842374
509, 0.0108036297373474
510, 0.0132229547016323
511, 0.0129445216928919
512, 0.012083493405953
513, 0.0125139184140911
514, 0.0140378304446737
515, 0.0153390590567142
516, 0.0134870436352988
517, 0.0116145034941534
518, 0.0115896290323387
519, 0.0115585349766271
520, 0.0116397758635382
521, 0.0117727142448227
522, 0.0119257589491705
523, 0.0123094173946551
524, 0.0121426604067286
525, 0.0120155637462934
526, 0.0117254079474757
527, 0.0118087748220811
528, 0.0116652275901288
529, 0.0119043410910914
530, 0.0116245170744757
531, 0.011592052411288
532, 0.011492671755453
533, 0.0126950965107729
534, 0.0125398063876977
535, 0.0148205583294233
536, 0.0118271133396775
537, 0.0121776088296125
538, 0.01247167851155
539, 0.0128156169472883
540, 0.0127752846262107
541, 0.0123764297459275
542, 0.0112468223863592
543, 0.01275414469031
544, 0.0148971582762897
545, 0.0112486928701401
546, 0.0142966191550451
547, 0.0133176041500909
548, 0.0148567667763148
549, 0.0116909529082477
550, 0.0120594925247133
551, 0.0112170592571298
552, 0.013647777105992
553, 0.0125105209493389
554, 0.012979331271102
555, 0.0132924540278812
556, 0.0144465394162883
557, 0.0149552052995811
558, 0.0116510412966212
559, 0.0116919101371119
560, 0.0116142852542301
561, 0.0139570064687481
562, 0.0117333752568811
563, 0.0123759930332502
564, 0.0121790394963076
565, 0.0118407629585514
566, 0.0117573565027366
567, 0.0120565317726384
568, 0.011940024405097
569, 0.0116838240840783
570, 0.0119744563320031
571, 0.0116341373883188
572, 0.0119521246912579
573, 0.0125976228931298
574, 0.0128012128795187
575, 0.0114773137805363
576, 0.0125852848868817
577, 0.0128632412912945
578, 0.0127372168935835
579, 0.0127209254230062
580, 0.0117242955602705
581, 0.0121324084078272
582, 0.0123219713568687
583, 0.0147795223630965
584, 0.0143363025970757
585, 0.0123787549479554
586, 0.0124944276176393
587, 0.0139829141553491
588, 0.0129543171109011
589, 0.0134470688644797
590, 0.0146049685621013
591, 0.011737448318551
592, 0.0117944105683515
593, 0.0118663334287703
594, 0.0135024211679896
595, 0.014537237972642
596, 0.0122451013109336
597, 0.0118877910232792
598, 0.011988900291423
599, 0.0121136132317285
600, 0.0117842496505805
601, 0.0124060338518272
602, 0.0129633373580873
603, 0.0129483767474691
604, 0.0142399695857118
605, 0.0129356211982667
606, 0.0127962654611717
607, 0.0129781195428222
608, 0.012594719151301
609, 0.012202126517271
610, 0.0122855925001204
611, 0.0125653968813519
612, 0.012899418361485
613, 0.0142150970308908
614, 0.0116787377434472
615, 0.0136310567946306
616, 0.0120637636476507
617, 0.0118546508407841
618, 0.0121868475495527
619, 0.0119492038308332
620, 0.0128216171481957
621, 0.0142490890963624
622, 0.0120110878986972
623, 0.0131100044430544
624, 0.012472727522254
625, 0.0131880265350143
626, 0.0138224192584554
627, 0.0133782651585837
628, 0.0119375210876266
629, 0.0126805921706061
630, 0.012672402895987
631, 0.0123284684183697
632, 0.0124672878688822
633, 0.0142223860602826
634, 0.0129696953420838
635, 0.0126512471276025
636, 0.0120811884601911
637, 0.0130761885860314
638, 0.0132996348664165
639, 0.0140905165113509
640, 0.0136469033701966
641, 0.0119855904020369
642, 0.0139935239373396
643, 0.0121676435561052
644, 0.0123025600332767
645, 0.0124375365674496
646, 0.0131811721560856
647, 0.0121424021975448
648, 0.0128570424082379
649, 0.0123723368936529
650, 0.0132862154860049
651, 0.0130900964140892
652, 0.013917865542074
653, 0.0130991359862188
654, 0.0134311343232791
655, 0.0123888517729938
656, 0.013419948440666
657, 0.0139112891629338
658, 0.0126030473703785
659, 0.012710494066899
660, 0.0137020711387907
661, 0.0130717779975384
662, 0.0132197368269165
663, 0.012918315983067
664, 0.0124045434252669
665, 0.0134810708463192
666, 0.012611902518464
667, 0.0134873616043478
668, 0.0135517653210887
669, 0.0130794271050642
670, 0.0129971531375001
671, 0.0136559269391
672, 0.0127022689363609
673, 0.0133605427108705
674, 0.0124230884946883
675, 0.0222027348354459
676, 0.0116368155771246
677, 0.0152421539782413
678, 0.00641250717065607
679, 0.00945896049961448
680, 0.00996979248399536
681, 0.010459603353714
682, 0.0108910615866383
683, 0.011252583625416
684, 0.0115239243023098
685, 0.0116835655644536
686, 0.0117368126908938
687, 0.0117078247324874
688, 0.0116503259632736
689, 0.0117816152827193
690, 0.0123182158761968
691, 0.0137183889746666
692, 0.0169402001580844
693, 0.0113248842923592
694, 0.0104546166645984
695, 0.00989610065395633
696, 0.00954107544384897
697, 0.00932061827431122
698, 0.00450839707627892
699, 0.00427061408602943
700, 0.00421468521623562
701, 0.00424285826738924
702, 0.00435994158033282
703, 0.00456589553505182
704, 0.00483133496406178
705, 0.0051265765990441
706, 0.00543634186033159
707, 0.00573963016116371
708, 0.00604633602779359
709, 0.00636875749720881
710, 0.00675179673514018
711, 0.00728780128216992
712, 0.00813871750142425
713, 0.00971613498404622
714, 0.0125175737775862
715, 0.00454348403339585
716, 0.00418955163331702
717, 0.00381257229795059
718, 0.00354365585371852
719, 0.0102099598540614
720, 0.0114315369476875
721, 0.0137665130730186
722, 0.0103378709560881
723, 0.011589787590007
724, 0.0111730315256864
725, 0.0115386865412196
726, 0.0120009996462613
727, 0.0107886407058686
728, 0.012966436566785
729, 0.0113986153931667
730, 0.0115227123411993
731, 0.0115780850561957
732, 0.011442643435051
733, 0.00439006179415931
734, 0.0073471477177615
735, 0.00871322695941975
736, 0.00511463587948432
737, 0.00611317250877619
738, 0.00450094637926668
739, 0.00579011545050889
740, 0.00640442071016878
741, 0.00667756900656968
742, 0.00461344025097787
743, 0.00482155976351351
744, 0.00544939535514762
745, 0.00697402271907777
746, 0.0100659547994534
747, 0.00788255641236901
748, 0.0126269483783593
749, 0.0108207278729727
750, 0.00996806387168666
751, 0.0158448006026447
752, 0.0143860799726099
753, 0.011551203361402
754, 0.0103164128183077
755, 0.00468959507998079
756, 0.00469368804867069
757, 0.0050261029197524
758, 0.00977100831057344
759, 0.0129303952812084
760, 0.0116003775813927
761, 0.00909899131927107
762, 0.0121588727459311
763, 0.0112811146148791
764, 0.0112280068763842
765, 0.0111653026348601
766, 0.0113545875841131
767, 0.011477511919414
768, 0.0115228708988676
769, 0.0116496101642648
770, 0.0107297715730965
771, 0.0123047650170823
772, 0.011415503686294
773, 0.0111408453279485
774, 0.00449770774381856
775, 0.00709583482239395
776, 0.0068194082705304
777, 0.00734259797415386
778, 0.00760557358929267
779, 0.00648784761627515
780, 0.00610208635528882
781, 0.00569427129812539
782, 0.0052985162474215
783, 0.00498428056016564
784, 0.00933164513359467
785, 0.00796922148826222
786, 0.00851069018244743
787, 0.0106384175208708
788, 0.00543159370621045
789, 0.0125085136387497
790, 0.0116458354362597
791, 0.0110870021550606
792, 0.0107007385231555
793, 0.0134458562824875
794, 0.00483616282387326
795, 0.00463857762515545
796, 0.00918190609663725
797, 0.00470390023353199
798, 0.00457814864681235
799, 0.0127296869177371
800, 0.0123726828689022
801, 0.0115100561330716
802, 0.0113866742079457
803, 0.011189204097415
804, 0.0114418092028548
805, 0.0110019861410062
806, 0.0109464144334197
807, 0.0108876442536712
808, 0.0111742237738023
809, 0.0116059004018704
810, 0.00476727995555848
811, 0.0112029529797534
812, 0.0109404341007272
813, 0.00857822232258817
814, 0.00909098121337593
815, 0.0082473768076549
816, 0.00801952823530883
817, 0.00780983921140432
818, 0.00755822798237205
819, 0.00578145318043729
820, 0.00721631602694591
821, 0.00678831478580832
822, 0.00629800697788596
823, 0.00987716671079397
824, 0.0103064317256212
825, 0.0122931420337409
826, 0.00621495770368104
827, 0.00628030439838767
828, 0.00545801816042513
829, 0.0117967743426561
830, 0.0116778122527259
831, 0.0112817781977355
832, 0.00498230219818652
833, 0.0109070361747096
834, 0.0115342954328905
835, 0.0113089700074246
836, 0.0110136486279468
837, 0.0107468780285368
838, 0.011516890876616
839, 0.0105461293521027
840, 0.010520936222747
841, 0.00959233598162731
842, 0.00533702092555662
843, 0.00466413605026901
844, 0.0106567159139862
845, 0.00917333519707123
846, 0.0102365429823597
847, 0.0108624916368475
848, 0.00888633875486751
849, 0.0113133038394153
850, 0.00870420690625906
851, 0.00854985058928529
852, 0.00833831374378254
853, 0.00692862435244024
854, 0.00800377301250895
855, 0.00751781634365519
856, 0.0114830154925585
857, 0.0119898935469488
858, 0.00668793211558035
859, 0.0056437264662236
860, 0.012052108719945
861, 0.00624601197584222
862, 0.0100244698114693
863, 0.0111120617283242
864, 0.0108700294978917
865, 0.0105724751483649
866, 0.0123364950530231
867, 0.0104761738330126
868, 0.0101420693099499
869, 0.010209085286728
870, 0.0100219065013031
871, 0.0104518190957606
872, 0.0096928096221139
873, 0.0111840385167549
874, 0.0100379798871775
875, 0.0094756498777618
876, 0.00826937123201787
877, 0.00937893148511648
878, 0.00931320735253394
879, 0.0091653879887114
880, 0.00883905255856613
881, 0.0100885249363879
882, 0.00792114099022001
883, 0.00969364154817802
884, 0.0097023860240976
885, 0.010704002653559
886, 0.0074899410828948
887, 0.00755701629289736
888, 0.00815167599357665
889, 0.0116151990368962
890, 0.00913417506963015
891, 0.00899994551825027
892, 0.0117749710567296
893, 0.0169792042912117
894, 0.0113872907434901
895, 0.0105208772389839
896, 0.00847883080132306
897, 0.0118120736442506
898, 0.0134269424403707
899, 0.0169294765219092
900, 0.0105911712162197
901, 0.0114181262130539
902, 0.0114261137787253
903, 0.0114083509737005
904, 0.0105519709953417
905, 0.0113548658943425
906, 0.0105566000565886
907, 0.0111793500836939
908, 0.0110636771035691
909, 0.0108475111580143
910, 0.0104111050410817
911, 0.0121479853211592
912, 0.011852286523208
913, 0.0112384577902655
914, 0.0104345299769193
915, 0.00966980199639996
916, 0.00903062196448445
917, 0.0112115364366521
918, 0.0111158909276128
919, 0.0110099335821966
920, 0.0108833332390835
921, 0.0107557196170092
922, 0.0105179563785593
923, 0.0113103612481306
924, 0.0112498824018985
925, 0.0106551466354479
926, 0.0108192976719389
927, 0.0110966581075142
928, 0.0109882572044929
929, 0.0113683166758468
930, 0.011698447400704
931, 0.0106644650610785
932, 0.0119928743224591
933, 0.0121699795126915
934, 0.0100527223354826
935, 0.00952112837694585
936, 0.00873075099661946
937, 0.00762254147169491
938, 0.00686519636240389
939, 0.00524132354184985
940, 0.0123530455554525
941, 0.0105891448911279
942, 0.0132702419068664
943, 0.0147876292467117
944, 0.00964777683839202
945, 0.0234050555154681
946, 0.0113849661179951
947, 0.0109088633519908
948, 0.011326533742249
949, 0.0112150930023442
950, 0.00968694849871099
951, 0.0100521657150239
952, 0.0105724550473193
953, 0.0103381887699167
954, 0.00921513799888392
955, 0.00864484099050363
956, 0.0112813139179101
957, 0.0113576871032516
958, 0.0113753501791507
959, 0.011129520367831
960, 0.0110302783238391
961, 0.0107578254149606
962, 0.0112948835982631
963, 0.0109423221244166
964, 0.0114045640453696
965, 0.0111585877214869
966, 0.0113628125594308
967, 0.0110573788794378
968, 0.010631444475924
969, 0.0105805609685679
970, 0.0114597899373621
971, 0.012168509264787
972, 0.0110577162510405
973, 0.0108906449750066
974, 0.0120777708943933
975, 0.0106494244343291
976, 0.0106603128369898
977, 0.0106939295462022
978, 0.0122373326060673
979, 0.0106214898793648
980, 0.0111422955524176
981, 0.0117521112163862
982, 0.0106721419841051
983, 0.010606628532211
984, 0.0105815345887095
985, 0.010717274621129
986, 0.011794509831816
987, 0.0107940454035997
988, 0.0104150109525238
989, 0.0138226178629945
990, 0.0120437678747943
991, 0.0117792314849794
992, 0.0146464932865153
993, 0.0086123764825364
994, 0.0112467827275395
995, 0.0110920288910468
996, 0.0111794690601528
997, 0.0106927372204761
998, 0.0102770544278125
999, 0.0108559547613064
1000, 0.0109855752283086
1001, 0.0105019827218105
1002, 0.0112926583581915
1003, 0.0113222623088708
1004, 0.0100289198259513
1005, 0.00977315668327113
1006, 0.0113435768522322
1007, 0.00950821419246495
1008, 0.00932985714947184
1009, 0.0112499619523684
1010, 0.011096499239405
1011, 0.0109812834610542
1012, 0.010735454193006
1013, 0.0105504615542789
1014, 0.010608396337678
1015, 0.0105231817966948
1016, 0.0106674060225487
1017, 0.0105529447707037
1018, 0.0106744785637905
1019, 0.0107365273094426
1020, 0.0107938868459314
1021, 0.0124406840186566
1022, 0.0125156070571393
1023, 0.0126969837583601
1024, 0.0109058641828597
1025, 0.0121367600125571
1026, 0.0116904600678633
1027, 0.0112612473312765
1028, 0.0107680977477382
1029, 0.0108783738687634
1030, 0.0117184187285602
1031, 0.00970440106466413
1032, 0.0153723387047648
1033, 0.0107020331945802
1034, 0.0108842185166265
1035, 0.0132251836891685
1036, 0.0112781548606498
1037, 0.0112075231348475
1038, 0.0112507562929144
1039, 0.0106655773706734
1040, 0.0104700542675952
1041, 0.010948043782264
1042, 0.0108332056552172
1043, 0.0110527297171454
1044, 0.0111414413743963
1045, 0.0102540471125394
1046, 0.00986055672789613
1047, 0.0100379402283579
1048, 0.00981277413666248
1049, 0.0113246263936162
1050, 0.0110201259764532
1051, 0.0111906349969407
1052, 0.00975203708124658
1053, 0.0108333648337672
1054, 0.0123034544909994
1055, 0.0116770094415794
1056, 0.0129110441387941
1057, 0.0103822366800159
1058, 0.0105919659448167
1059, 0.0104747236861537
1060, 0.0107123672496527
1061, 0.0103481833357364
1062, 0.0111300574305157
1063, 0.0108035622009387
1064, 0.0108897878921458
1065, 0.013358297602584
1066, 0.0104352257524927
1067, 0.0106990161972741
1068, 0.00938682751730084
1069, 0.0101619778821866
1070, 0.0111444698247526
1071, 0.011095863301307
1072, 0.0106791274156421
1073, 0.0108225839212537
1074, 0.0104889092811694
1075, 0.0109030622212837
1076, 0.0110041094677789
1077, 0.0102924720849842
1078, 0.0101067641129096
1079, 0.0099819121727099
1080, 0.0111261629499495
1081, 0.0124999512142191
1082, 0.0100450360083154
1083, 0.0133204485755414
1084, 0.0109293880717208
1085, 0.0116990827179203
1086, 0.0105447788567593
1087, 0.0103796936261157
1088, 0.0107328229849892
1089, 0.0108552793972194
1090, 0.0109095833264291
1091, 0.0102308609057218
1092, 0.0110433124161015
1093, 0.0101504941315701
1094, 0.0105539379486193
1095, 0.0102258143791308
1096, 0.010200343405207
1097, 0.0140325455771138
1098, 0.0143620003170023
1099, 0.0106766246414433
1100, 0.0110227881620328
1101, 0.0109953186474741
1102, 0.0125880463359257
1103, 0.0112058185040951
1104, 0.0110356432075302
1105, 0.0116665189464887
1106, 0.0109443923458457
1107, 0.0135553106665611
1108, 0.0135124709457159
1109, 0.0124662143643945
1110, 0.011443955047677
1111, 0.0109255729864041
1112, 0.0104815974831581
1113, 0.0122500877672186
1114, 0.0108902473002672
1115, 0.00581940675952605
1116, 0.00226805260172114
1117, 0.00975589112689098
1118, 0.0108540672808886
1119, 0.0142327177648743
1120, 0.0164105722991129
1121, 0.0178083609013508
1122, 0.0220060780023535
1123, 0.00448940286878496
1124, 0.00395755056524649
1125, 0.00320347212255001
1126, 0.0121165933087468
1127, 0.0090868294161434
1128, 0.00718134812389811
1129, 0.00609346351120621
1130, 0.00547415126735965
1131, 0.0051349214821433
1132, 0.00493846445654829
1133, 0.00480753280377636
1134, 0.0105084997291366
1135, 0.0117341499620428
1136, 0.012845101300627
1137, 0.0137132431846112
1138, 0.0143263171582172
1139, 0.0149292775895447
1140, 0.0159290263739725
1141, 0.012493910966441
1142, 0.0141796295841535
1143, 0.00551037102316817
1144, 0.00747110620917131
1145, 0.00624356799138089
1146, 0.00935880552666883
1147, 0.0051180135148267
1148, 0.0141303171403706
1149, 0.012242736450086
1150, 0.0138537515110026
1151, 0.0142710834431152
1152, 0.00956342434510589
1153, 0.0132498567303022
1154, 0.0143402646450947
1155, 0.00474145108213027
1156, 0.00613277408826564
1157, 0.00479791662655771
1158, 0.0047797929495573
1159, 0.00506126985419542
1160, 0.0110577027579503
1161, 0.00489708455279469
1162, 0.0130351807123848
1163, 0.0135300580101709
1164, 0.0100443377824766
1165, 0.0128114964812994
1166, 0.014136833526815
1167, 0.00512068369425833
1168, 0.016227446962148
1169, 0.0064157856007417
1170, 0.00781307784685244
1171, 0.00555871039008101
1172, 0.00987688894383609
1173, 0.00500506279058754
1174, 0.0141721399656186
1175, 0.0139683116382609
1176, 0.0136200813576579
1177, 0.0139186408902918
1178, 0.0126635713635811
1179, 0.00494607394405951
1180, 0.0165748868137598
1181, 0.00552717396723373
1182, 0.0169802734162658
1183, 0.0101383748309066
1184, 0.00654753169510514
1185, 0.00811336589201043
1186, 0.0155514703753094
1187, 0.0120237373746932
1188, 0.0059563727894177
1189, 0.01223025592044
1190, 0.0138393271093567
1191, 0.0129567806919416
1192, 0.010704707021692
1193, 0.0081444001213337
1194, 0.0144886283203959
1195, 0.0122270211577415
1196, 0.00661766668781638
1197, 0.00836602432121124
1198, 0.0102325223386288
1199, 0.0148651027896752
1200, 0.0136304264888167
1201, 0.011179926029096
1202, 0.0145837291299055
1203, 0.00728174167064329
1204, 0.00994815599794189
1205, 0.0154956406913698
1206, 0.0123013875757655
1207, 0.0131220439604173
1208, 0.00899689327925444
1209, 0.0107944744639099
