1, 0.00642037496436387
2, 0.0176783835049719
3, 0.00435182542423718
4, 0.00720191129948944
5, 0.0111485738307238
6, 0.0127323889173567
7, 0.0035337214358151
8, 0.00451347319176421
9, 0.0188428787514567
10, 0.00761312386021018
11, 0.00915813632309437
12, 0.0146571435034275
13, 0.00679594383109361
14, 0.00736971816513687
15, 0.0078866098774597
16, 0.00842263456434011
17, 0.00919590572205683
18, 0.0106792467801521
19, 0.0136519099275271
20, 0.0157179065669576
21, 0.0108662464966377
22, 0.00728619222839673
23, 0.00515043851919472
24, 0.0037834055450124
25, 0.00446679264617463
26, 0.00543987844139338
27, 0.00619882492658993
28, 0.00668494046355287
29, 0.00695208848143617
30, 0.007107735844329
31, 0.00718414896012594
32, 0.00711679580854252
33, 0.00701737551329037
34, 0.00698455306701362
35, 0.00702655455097556
36, 0.00720731549275418
37, 0.0075474198286732
38, 0.00807404688869913
39, 0.00875171165292462
40, 0.0094808357146879
41, 0.0104360599070787
42, 0.0108743131471177
43, 0.0108328278486927
44, 0.0107682162585358
45, 0.0105530037544668
46, 0.0101718118724724
47, 0.00963588710874319
48, 0.00898985223223766
49, 0.00831651858364542
50, 0.0076782718145599
51, 0.00715065111095707
52, 0.00685221067396924
53, 0.00654950860189274
54, 0.00644656115521987
55, 0.00662148099703093
56, 0.00691886882608136
57, 0.00730502745136619
58, 0.00769742430808644
59, 0.00800673306609193
60, 0.00815824791789055
61, 0.00814732071012259
62, 0.00799409703661998
63, 0.00775102921761572
64, 0.00748380157165229
65, 0.00723028314920763
66, 0.0070368063946565
67, 0.00694346552093824
68, 0.00697954619924227
69, 0.00719400386636456
70, 0.00767787460548182
71, 0.00860794563777745
72, 0.0105319834935168
73, 0.0107544676866382
74, 0.00961633663003643
75, 0.00635480997152627
76, 0.00514125917106867
77, 0.00456877642621597
78, 0.00424635456874967
79, 0.00404326152056456
80, 0.00388876663055271
81, 0.00377106724772602
82, 0.00368019003265848
83, 0.0036253338039387
84, 0.00365857337601483
85, 0.00397616679159303
86, 0.00429825057896475
87, 0.00462220193973432
88, 0.00496844532123456
89, 0.00534049770794809
90, 0.00571109944333633
91, 0.00606886623427272
92, 0.00639822174950192
93, 0.00666606534893314
94, 0.00686474776982019
95, 0.00697380447915445
96, 0.00695524760521948
97, 0.00677528112040212
98, 0.00636857879968981
99, 0.00564362702425569
100, 0.0046020356239751
101, 0.00381509525080522
102, 0.00548525728906194
103, 0.00804583386828502
104, 0.011818610286961
105, 0.0160161691407363
106, 0.0147103293954084
107, 0.0113924165877203
108, 0.00990170411144694
109, 0.00938950176350772
110, 0.00917182529034714
111, 0.00903596635907888
112, 0.00891608155022065
113, 0.00879887879515688
114, 0.00867404680078228
115, 0.00854305558217069
116, 0.00841440896814068
117, 0.00828145102908214
118, 0.00814694290359815
119, 0.00801203787947694
120, 0.00788204045966268
121, 0.00773111137095839
122, 0.00780391832813621
123, 0.00801611101875702
124, 0.00821459448585908
125, 0.00839861342683434
126, 0.00857055342445771
127, 0.00872608181089163
128, 0.00886559641609589
129, 0.00898015685379505
130, 0.00907143127794067
131, 0.00914931452522675
132, 0.00919250802447399
133, 0.00927686842624098
134, 0.00945329821358124
135, 0.00960536984105905
136, 0.0097728588928779
137, 0.00992795002336303
138, 0.0100533179938793
139, 0.0101310030246774
140, 0.0101346188845734
141, 0.0100360726937652
142, 0.00982511229813099
143, 0.00950205496822794
144, 0.00910405473162731
145, 0.00867287473132213
146, 0.00826100679114461
147, 0.00791728651771943
148, 0.00767052336595953
149, 0.00750827929005027
150, 0.00740675278939307
151, 0.0072814536979422
152, 0.00558110179069142
153, 0.00787174864672124
154, 0.0117663166796168
155, 0.0165772469093402
156, 0.0162079761115213
157, 0.0114479476275543
158, 0.00765411159954965
159, 0.0052637270030876
160, 0.00352391655906104
161, 0.00344646027466903
162, 0.00341610183628897
163, 0.00339563753611098
164, 0.00337878921224425
165, 0.00338248466141522
166, 0.00339071025761465
167, 0.00342106892882536
168, 0.00347038179946442
169, 0.00353094019616644
170, 0.00361704900084684
171, 0.00374102658436944
172, 0.00390927062835544
173, 0.00413509303083022
174, 0.00444217631593347
175, 0.00486373994499445
176, 0.00548581390952071
177, 0.00659251376055181
178, 0.0105056788306683
179, 0.0127983124305805
180, 0.0119200969735781
181, 0.0101915619646509
182, 0.00909710070118308
183, 0.00845575472339988
184, 0.0080435685813427
185, 0.00775448644223313
186, 0.0075302931945771
187, 0.0073448431212455
188, 0.00719559316833814
189, 0.00706752273254097
190, 0.00696977127032975
191, 0.00690523907542229
192, 0.00686943631929656
193, 0.00687225768342614
194, 0.00690007326193154
195, 0.00696126751912137
196, 0.00705389329232275
197, 0.00717894352662067
198, 0.00733284302987158
199, 0.00751511380076408
200, 0.0073427571527039
201, 0.00606467149087361
202, 0.00406313012354076
203, 0.00910566405703624
204, 0.010088505068173
205, 0.0121474117705865
206, 0.0120554502521242
207, 0.0152617005631328
208, 0.00927872490137815
209, 0.00707423795635502
210, 0.00696214168177297
211, 0.00675954549418141
212, 0.00640835508238524
213, 0.00587258856588354
214, 0.00518769107293338
215, 0.00445513000401358
216, 0.00845935094791154
217, 0.00784115144051611
218, 0.00739324228682866
219, 0.00711504746383677
220, 0.00699188443832099
221, 0.00698584457859397
222, 0.00773962478463848
223, 0.0089359893463552
224, 0.00950346553387741
225, 0.00996409022870163
226, 0.0102690871184071
227, 0.0104144429011891
228, 0.0104195692886909
229, 0.010400177910924
230, 0.00638044020161033
231, 0.00648047342630369
232, 0.00683820360184958
233, 0.00663660105783492
234, 0.00615716100825618
235, 0.00843455557090541
236, 0.0102285363245755
237, 0.00833066459745169
238, 0.00993216208492716
239, 0.0100697494732837
240, 0.00728204376064241
241, 0.00960374002655347
242, 0.010083836192886
243, 0.00993681140244007
244, 0.00918883232710262
245, 0.00830398189524809
246, 0.00706656898061434
247, 0.00773231332035114
248, 0.00982701927423477
249, 0.00732002791482955
250, 0.00695415462056796
251, 0.00696136396644371
252, 0.00971211858892015
253, 0.00788347081591686
254, 0.00853349885437638
255, 0.0110933008448531
256, 0.00797379176531519
257, 0.00681011021758119
258, 0.00676661869511008
259, 0.00681785866618156
260, 0.00929586255612473
261, 0.0111438293941319
262, 0.00854750613992413
263, 0.009613933119302
264, 0.00988569064065814
265, 0.0100471394446989
266, 0.010055822165062
267, 0.0091311150851349
268, 0.00941393533721566
269, 0.00893859247056147
270, 0.00823267463905116
271, 0.00770296804451694
272, 0.00729557021986693
273, 0.00699634341123913
274, 0.00703585287556052
275, 0.0085974350416412
276, 0.0117164673283696
277, 0.0101120490580797
278, 0.00726759561803192
279, 0.00945544349295752
280, 0.0107801380412032
281, 0.00892966300515192
282, 0.00706776126753539
283, 0.0073092197223256
284, 0.00946674907269577
285, 0.00688903443515301
286, 0.00782893229431162
287, 0.0103378516311447
288, 0.0112225008862359
289, 0.0101380168149869
290, 0.00947300191702587
291, 0.00937223628473779
292, 0.00981527776457369
293, 0.00985219267507394
294, 0.00728655001148582
295, 0.00772941259977718
296, 0.00832037262928983
297, 0.0113715435378253
298, 0.00878684679046273
299, 0.0110830292105675
300, 0.00824749621096998
301, 0.00813915813341737
302, 0.010389568350677
303, 0.00773617359144347
304, 0.00877165924757719
305, 0.00986566324718297
306, 0.00912855499024902
307, 0.0102503319891791
308, 0.00842738291248679
309, 0.0085229410789907
310, 0.0103721435492237
311, 0.00915060857576983
312, 0.0109375022351742
313, 0.0101702712476254
314, 0.0103019694021593
315, 0.0106105822487734
316, 0.00922024405250947
317, 0.0100193044636399
318, 0.0100550908595324
319, 0.0104739210568368
320, 0.00924068844566743
321, 0.00842673890292645
322, 0.0123251364566386
323, 0.00455868325661868
324, 0.00712160389715185
325, 0.00670055117058967
326, 0.00703829670480142
327, 0.00875497042822341
328, 0.00976505060680211
329, 0.011720242133985
330, 0.00774796943490704
331, 0.00732308746470759
332, 0.00421263844085236
333, 0.00385435476588706
334, 0.00491585411752264
335, 0.00707906612660736
336, 0.0060528526470686
337, 0.0075550291997691
338, 0.00803140962185959
339, 0.00821495211372773
340, 0.00809480870763461
341, 0.0078284355889385
342, 0.00748306648650517
343, 0.0071372997869427
344, 0.00688541044170658
345, 0.0041469142306596
346, 0.00435054352662216
347, 0.00465804423826436
348, 0.00517191582669814
349, 0.00614971007841329
350, 0.0079047690378502
351, 0.00529672791405271
352, 0.00568672137645384
353, 0.00715597606419275
354, 0.0073282930534333
355, 0.00638785065772633
356, 0.00665595254395157
357, 0.00780403765384108
358, 0.00684974730635683
359, 0.00696512203042706
360, 0.00818161309386293
361, 0.00697984422246615
362, 0.00687897337290148
363, 0.00663280622878422
364, 0.0061979703605175
365, 0.00558300910051912
366, 0.00528924913877355
367, 0.0045644766651094
368, 0.00970006181991526
369, 0.00811133925647785
370, 0.00756305599740396
371, 0.00961226395641764
372, 0.0107990123021106
373, 0.014711959209914
374, 0.00488056816781561
375, 0.0064068049347649
376, 0.00412072520703077
377, 0.00449252217852821
378, 0.00528144921797017
379, 0.00606995925772935
380, 0.00568499272534003
381, 0.00667605894462516
382, 0.00685622415039688
383, 0.0069602740307649
384, 0.00698721533020337
385, 0.00693692895583808
386, 0.00681968681359043
387, 0.00654129311442375
388, 0.00664564117323607
389, 0.00844327791128308
390, 0.00841746882845958
391, 0.00820223618453989
392, 0.00756486396615704
393, 0.00806520514500638
394, 0.00783213099930435
395, 0.00757291059320172
396, 0.00934968570557733
397, 0.0100539701059461
398, 0.00747241696808487
399, 0.00723395876896878
400, 0.00736920178557436
401, 0.00727141035410265
402, 0.00719712302088737
403, 0.0083913616836071
404, 0.0078928682487458
405, 0.00828254370329281
406, 0.00781577953603119
407, 0.00399355149905508
408, 0.00467489232930044
409, 0.00554496154654771
410, 0.00386963344256704
411, 0.00376362854149193
412, 0.00640899047721177
413, 0.00500853953417391
414, 0.00823823166345911
415, 0.00891369790770113
416, 0.0108798286877573
417, 0.010538659679393
418, 0.00871853196683029
419, 0.00572502706199884
420, 0.00689470880509665
421, 0.00697523471899331
422, 0.00646929054831465
423, 0.00529140299962213
424, 0.00672874952821682
425, 0.00699677190277725
426, 0.0061285902823632
427, 0.00697406249431272
428, 0.00694519417205205
429, 0.00698298347803454
430, 0.00716442024956147
431, 0.00484281848184764
432, 0.00445697382092476
433, 0.00637748371809721
434, 0.00735712207720748
435, 0.00871654506772757
436, 0.00733316080489506
437, 0.00756851952367773
438, 0.00723972047368685
439, 0.00724810489919037
440, 0.00736308245298763
441, 0.00784738986597707
442, 0.00815647964676221
443, 0.00847067583041886
444, 0.00752077631962796
445, 0.00871741934679449
446, 0.00779410327474276
447, 0.00878413673490286
448, 0.00863764861909052
449, 0.00832744602424403
450, 0.0083044581891348
451, 0.00444052678843339
452, 0.00679085776209831
453, 0.00593370296216259
454, 0.00537349869652341
455, 0.00776424529030919
456, 0.00803250237368047
457, 0.0101501006633043
458, 0.00731253810226917
459, 0.00789313192944974
460, 0.0106197952825044
461, 0.00954212931295236
462, 0.00799116196243891
463, 0.00875362474471331
464, 0.0111964451415198
465, 0.00966173565636078
466, 0.00476585192206715
467, 0.00529060830983023
468, 0.00718158619323124
469, 0.00751686239770303
470, 0.00703062737981478
471, 0.00701320291652034
472, 0.0070213689468801
473, 0.00696587702259421
474, 0.00701918348204345
475, 0.00682236867335935
476, 0.00657953935054441
477, 0.00623919686768204
478, 0.00579722811623166
479, 0.00795622039586306
480, 0.00810126595509549
481, 0.0074903779119874
482, 0.00770147757915159
483, 0.00757308929072072
484, 0.0079138094248871
485, 0.00722732294040422
486, 0.00733792929289242
487, 0.00722847529686987
488, 0.00732199494571735
489, 0.00829210031467179
490, 0.00908392854034901
491, 0.00870575678224365
492, 0.00923822494223714
493, 0.00911184299426774
494, 0.00500796308430533
495, 0.00425797759089619
496, 0.00626512450010826
497, 0.00699093056997905
498, 0.00957734724506736
499, 0.0102751783228346
500, 0.00591436560664858
501, 0.0108274716883898
502, 0.00786534530509795
503, 0.00729362286316852
504, 0.00639720881978671
505, 0.00710123909326891
506, 0.00707757628212372
507, 0.00696166488341987
508, 0.00704862806014717
509, 0.00706102598148088
510, 0.00708906011035045
511, 0.00674502179026604
512, 0.00799484420567751
513, 0.00784305847870807
514, 0.00755151229289671
515, 0.0074003350843365
516, 0.00718122837133706
517, 0.00726372131612152
518, 0.00731257741184284
519, 0.007600169784079
520, 0.00718855970383932
521, 0.0080072299654906
522, 0.00568622439944496
523, 0.00842579368812343
524, 0.00896040769293904
525, 0.00949301524087787
526, 0.00974037397342424
527, 0.00723518750497273
528, 0.00673043858259916
529, 0.00530722225084901
530, 0.0103207445548226
531, 0.00656020757742226
532, 0.00775746648044636
533, 0.00703389420440154
534, 0.00730633879235635
535, 0.00721051427535713
536, 0.00711481692269444
537, 0.00719056654876719
538, 0.00712541878844301
539, 0.0071206899980704
540, 0.0070859802265962
541, 0.00846008599425356
542, 0.00760877244950583
543, 0.007795549929142
544, 0.00715079038248708
545, 0.00729964320392658
546, 0.00765067486402889
547, 0.00644415717882415
548, 0.00808324962854385
549, 0.0084684763902
550, 0.00921793941718837
551, 0.00993039404662947
552, 0.00899444194510579
553, 0.00710251038738837
554, 0.00986132761463523
555, 0.00713072329138716
556, 0.00871040960773826
557, 0.00944607758096286
558, 0.00719018878104786
559, 0.00729938452908148
560, 0.00734612039689507
561, 0.00743541829288006
562, 0.0121070406399667
563, 0.00494879600591958
564, 0.00666870820956926
565, 0.00616234672876696
566, 0.00547335642234733
567, 0.00926107331179082
568, 0.00919546846610804
569, 0.00909628641481201
570, 0.00898047466762364
571, 0.0088470196351409
572, 0.00852606818079948
573, 0.0083467576187104
574, 0.00795902963727713
575, 0.0086942131165415
576, 0.00816043380958339
577, 0.00702508445829153
578, 0.00981169257179967
579, 0.0126300394268973
580, 0.016078117210418
581, 0.00910645870802303
582, 0.0106138410046697
583, 0.00841043540276587
584, 0.00863433039436738
585, 0.00874914865319928
586, 0.00852360452214877
587, 0.00885721218461792
588, 0.00897024238171677
589, 0.00930303482649227
590, 0.00969954486936331
591, 0.0126537904919436
592, 0.00734746591188014
593, 0.00743673380929977
594, 0.00758501049131155
595, 0.00780598481651396
596, 0.00811994230995576
597, 0.00851168405885498
598, 0.00893942678036789
599, 0.00935228844173253
600, 0.00969972391612828
601, 0.0099505203931282
602, 0.0100876705255359
603, 0.0101252413199594
604, 0.0100752330229928
605, 0.00996860015826921
606, 0.0098252115615954
607, 0.00966455694288015
608, 0.00950350527030726
609, 0.00504044806196665
610, 0.00621671811677516
611, 0.00713288908203443
612, 0.00684311147779226
613, 0.00724645579854647
614, 0.00696188331736873
615, 0.00660077862751981
616, 0.00913171128680309
617, 0.00883994655062755
618, 0.00867215916514397
619, 0.00831818720325828
620, 0.00849354406818748
621, 0.00899021009293695
622, 0.00926093407906592
623, 0.00829569684962432
624, 0.00937553417558471
625, 0.0115137974997716
626, 0.0105157114254932
627, 0.00805813206049303
628, 0.00853886331121127
629, 0.00818109667549531
630, 0.00913411526319881
631, 0.00884548986020187
632, 0.00863679413062831
633, 0.00795133272185922
634, 0.00897063959079484
635, 0.0087386982049793
636, 0.00978438191426297
637, 0.00845416511098544
638, 0.0100364309425155
639, 0.00987206057955821
640, 0.00731367863980787
641, 0.00772992909575502
642, 0.00962217811805507
643, 0.0100141585959742
644, 0.00994595054847499
645, 0.00981863510484497
646, 0.00967254412050048
647, 0.00887652393430471
648, 0.00749242453215023
649, 0.00805723806843162
650, 0.00928149783673386
651, 0.0100661932956427
652, 0.00952851927528779
653, 0.00814405642449856
654, 0.00775921511064683
655, 0.00742149504367262
656, 0.00708108425273427
657, 0.00678599039868762
658, 0.00881771417334676
659, 0.00898466670575241
660, 0.00863878071929018
661, 0.00914704954872529
662, 0.00846318535817166
663, 0.00929771022250255
664, 0.00936911960265466
665, 0.00844258217451473
666, 0.00824544959080716
667, 0.00887556994954745
668, 0.00900852812143664
669, 0.00919304446627696
670, 0.00946287469317516
671, 0.0087694739146779
672, 0.010482213459909
673, 0.00987563693585495
674, 0.00867196087104579
675, 0.00834532749528686
676, 0.00998312413382033
677, 0.00995572571021815
678, 0.00984394682260851
679, 0.0096286553889513
680, 0.0093107835855335
681, 0.00995103704432646
682, 0.00891753169707954
683, 0.00847258310144146
684, 0.00802860824236025
685, 0.00976367946714163
686, 0.00987118630049129
687, 0.0096449670381844
688, 0.00948332210204431
689, 0.00764290635318806
690, 0.00733930012211204
691, 0.00893827488956352
692, 0.00716130859218538
693, 0.00855066572936873
694, 0.00727980290539563
695, 0.00937814880162477
696, 0.0087828254327178
697, 0.00932349947591623
698, 0.00914516214591761
699, 0.00860055419616401
700, 0.00896396402580043
701, 0.00831382386386395
702, 0.00939548136666417
703, 0.00858877242232362
704, 0.00926270219497383
705, 0.00907121210669478
706, 0.0104344703722745
707, 0.00850987589607636
708, 0.00843114671962602
709, 0.00953467849952479
710, 0.00992413517087698
711, 0.00883253547362983
712, 0.00893626734614372
713, 0.0096600268346568
714, 0.0099118963504831
715, 0.0090341583515207
716, 0.00993760566537579
717, 0.00988787552341819
718, 0.00947742620483041
719, 0.00972455926239491
720, 0.00955746710921327
721, 0.00854045307884614
722, 0.00943686712222795
723, 0.00975765924279889
724, 0.00800697171750168
725, 0.0098464108693103
726, 0.00751267016554872
727, 0.00796432307522212
728, 0.00933511069576655
729, 0.00874503616554042
730, 0.00893239350989461
731, 0.00912253209389746
732, 0.00956241545888285
733, 0.0109530108359953
734, 0.00874785745205978
735, 0.00933285678426425
736, 0.0095894744930168
737, 0.00914687050196032
738, 0.00901534291915596
739, 0.0103372553518663
740, 0.00869027372183544
741, 0.00992721458896995
742, 0.00944129804459711
743, 0.00987194191354016
744, 0.00997642846778035
745, 0.0100097477746507
746, 0.00991666526533663
747, 0.00974579830653965
748, 0.00921334993715088
749, 0.00964870241781076
750, 0.00952061172574759
751, 0.00865888750801484
752, 0.00961733004078269
753, 0.0105472626940658
754, 0.00925920167937875
755, 0.00888306057701508
756, 0.00908982924496134
757, 0.00977167294227651
758, 0.00858686128631234
759, 0.0107218841246019
760, 0.011174521719416
761, 0.00891892270495494
762, 0.00962718475299577
763, 0.00941517095391949
764, 0.0092300387720267
765, 0.00989834599507352
766, 0.0102005221415311
767, 0.0113549729809165
768, 0.00967723325205346
769, 0.00987090861114363
770, 0.00928722019307315
771, 0.0100665310552965
772, 0.0102101186445604
773, 0.0101790841824065
774, 0.00990826069998244
775, 0.0094175156361113
776, 0.00950582946340243
777, 0.0093190341389605
778, 0.00885691829025745
779, 0.0113651774978886
780, 0.00904985976272396
781, 0.0107082151142614
782, 0.010893287214761
783, 0.0104589281448474
784, 0.00908775459975004
785, 0.00884547410532832
786, 0.0104849836789072
787, 0.0104875411572201
788, 0.0100777405314147
789, 0.0112016459926963
790, 0.0064051333216152
791, 0.00425059869885445
792, 0.00860480591654778
793, 0.00875890402433773
794, 0.00890831300057471
795, 0.00906100038749476
796, 0.00923697316708664
797, 0.00948602170683444
798, 0.00991569156758487
799, 0.0107980784183989
800, 0.0126340409873852
801, 0.0127755767399711
802, 0.0159265546128154
803, 0.00974484988754349
804, 0.00372278756306817
805, 0.00405063295814519
806, 0.00437138551690926
807, 0.00469589322650184
808, 0.0050409643445164
809, 0.00540300291807701
810, 0.00576311423598478
811, 0.00611559639219195
812, 0.00643605106355002
813, 0.00670061629110326
814, 0.00688364244221399
815, 0.00696849978218476
816, 0.00690790145502736
817, 0.00666542960486064
818, 0.0061890494544059
819, 0.00549940349689374
820, 0.00472354956824953
821, 0.00677752630629887
822, 0.00563067302573472
823, 0.00496341881807894
824, 0.00452516577206552
825, 0.00421742683586975
826, 0.00399341257677103
827, 0.00382685742806643
828, 0.00370778713840991
829, 0.00362134051586812
830, 0.00356161658419296
831, 0.00351999275153503
832, 0.00349871387394766
833, 0.0034912036304983
834, 0.00349893238550673
835, 0.00352247622019301
836, 0.00354693387635052
837, 0.00753237935714424
838, 0.00764040284169217
839, 0.00785470167951038
840, 0.00812890287488699
841, 0.00850546499714255
842, 0.00904735084623098
843, 0.00982443693404396
844, 0.0106964927787582
845, 0.0108739559073001
846, 0.00618716181876759
847, 0.00649776170030236
848, 0.00698246686564138
849, 0.00674704827057819
850, 0.0069174780898417
851, 0.00692850483270983
852, 0.00661116950990011
853, 0.0070037002276097
854, 0.00584646155281613
855, 0.00548990656776975
856, 0.00513434483824919
857, 0.00479128037113696
858, 0.00446313701104373
859, 0.00414389437840631
860, 0.00676673767156899
861, 0.00746862213903417
862, 0.0073305182158947
863, 0.00805268840243419
864, 0.00830233267818888
865, 0.00863234349526465
866, 0.009056311333552
867, 0.00955770591584345
868, 0.00996214353169004
869, 0.00737925517993669
870, 0.00724697252735496
871, 0.00714804880165805
872, 0.00708433128117273
873, 0.00705075403675437
874, 0.00704733658737193
875, 0.00707243010401726
876, 0.00713024664825449
877, 0.00721446805012723
878, 0.0096817829956611
879, 0.0110328219210108
880, 0.00935105645718674
881, 0.00830354448407888
882, 0.00891043874435127
883, 0.00845247646793723
884, 0.00871912754761676
885, 0.00911061132016281
886, 0.0101968269639959
887, 0.00426161382347345
888, 0.00485960743390024
889, 0.00394759647315368
890, 0.00725939027809848
891, 0.0061261069883282
892, 0.00827801418490708
893, 0.00535837914018581
894, 0.00407819036627188
895, 0.00385079853003845
896, 0.00379077655573686
897, 0.00374970903309683
898, 0.00372912558183695
899, 0.00373162891870985
900, 0.00374716584337875
901, 0.00451419843981663
902, 0.00376949765874694
903, 0.00381955141866846
904, 0.00924956984817982
905, 0.0116775251614551
906, 0.00911496230401099
907, 0.00733000171991686
908, 0.0071771356354778
909, 0.00710646443379422
910, 0.00700225553009659
911, 0.00658476438062886
912, 0.00682614344016959
913, 0.00628672132734209
914, 0.00595533937060585
915, 0.00560323498211801
916, 0.00524989857027928
917, 0.00490810555250694
918, 0.00457418050306539
919, 0.00424919603392482
920, 0.00769599399063736
921, 0.00739977904595435
922, 0.0073054248544698
923, 0.00732751803783079
924, 0.00746293979076048
925, 0.00756734737660736
926, 0.00734011483533929
927, 0.00730176906411846
928, 0.00738497683778405
929, 0.00931763819729288
930, 0.00926123241273065
931, 0.00898814372097453
932, 0.00869091530330479
933, 0.00843099923804402
934, 0.00897224145010114
935, 0.0078555557023113
936, 0.0118428492918611
937, 0.00853554539692899
938, 0.00799375888891518
939, 0.00783757504541427
940, 0.00814789650030434
941, 0.00889581573816637
942, 0.00914925484297176
943, 0.00982763532859584
944, 0.00944572850130498
945, 0.0103724026121199
946, 0.0111356996155034
947, 0.00836016874139508
948, 0.00521040063661834
949, 0.00572858370530109
950, 0.0064603304102396
951, 0.00784908185180809
952, 0.0048338183745121
953, 0.0041001644761612
954, 0.00403672530471037
955, 0.00420638014717648
956, 0.00435348444928726
957, 0.00399724716165413
958, 0.00455467011003445
959, 0.00397569018726548
960, 0.00397604769871881
961, 0.00402833800762892
962, 0.00355742033571005
963, 0.0107116477563977
964, 0.0122833515517414
965, 0.00749715328371773
966, 0.00763922198010342
967, 0.0118827395490371
968, 0.0101784281432629
969, 0.0114159204531461
970, 0.00762655492872
971, 0.00436232568851362
972, 0.00504289156136413
973, 0.00470127751274655
974, 0.00538990988085667
975, 0.00574545162574698
976, 0.00609223156546553
977, 0.00783385972802838
978, 0.00698564574122429
979, 0.00747225802236547
980, 0.00722243535953263
981, 0.00641983852256089
982, 0.00671859690919518
983, 0.00805980099054674
984, 0.00792102158690492
985, 0.00754885002970695
986, 0.00780306391728421
987, 0.00770559049366663
988, 0.00757491724410405
989, 0.00762663409113884
990, 0.00755361859531452
991, 0.00757962589462598
992, 0.00869486907807489
993, 0.00884539082956811
994, 0.00889486260712147
995, 0.00398552485276014
996, 0.00822496561643978
997, 0.00818457330266635
998, 0.00867251694823305
999, 0.00990557825813691
1000, 0.00783799208390216
1001, 0.00846372226563593
1002, 0.0104250531488409
1003, 0.00949571708527704
1004, 0.00800653422872225
1005, 0.00915426155552268
1006, 0.0110558693607648
1007, 0.00486238902279486
1008, 0.00447571366870155
1009, 0.00463837486070891
1010, 0.0061132723155121
1011, 0.00686224449115495
1012, 0.00764639540575445
1013, 0.00436619995161891
1014, 0.00429900572635233
1015, 0.00425424267693112
1016, 0.00420887530781329
1017, 0.00517020731543501
1018, 0.00556761142797768
1019, 0.0042266456099848
1020, 0.00768218184821308
1021, 0.00785032503439912
1022, 0.00895722024142742
1023, 0.00780248789427181
1024, 0.00450318286727582
1025, 0.00485315014763425
1026, 0.00520330756747474
1027, 0.00556254480034113
1028, 0.00592337164562196
1029, 0.00627629082494726
1030, 0.00817871241209408
1031, 0.00662456072556476
1032, 0.00729886826593429
1033, 0.00767900682209681
1034, 0.00696241979797681
1035, 0.00851148506626487
1036, 0.00838395107227067
1037, 0.00825884100049734
1038, 0.00814219463306169
1039, 0.00778931515136113
1040, 0.00778697070199996
1041, 0.00781762739643455
1042, 0.00786896709663173
1043, 0.00803723062078158
1044, 0.00794561874742309
1045, 0.00868495483882725
1046, 0.00860146852210164
1047, 0.00852940635134776
1048, 0.00871930674960216
1049, 0.011561058073615
1050, 0.00826682810050746
1051, 0.00887503343013426
1052, 0.00991287004823486
1053, 0.00862433675987025
1054, 0.010390283462281
1055, 0.00807287435357769
1056, 0.0108883401068548
1057, 0.0094938095814238
1058, 0.00493417288331936
1059, 0.00517273050112029
1060, 0.0047642399634545
1061, 0.00714232694978515
1062, 0.00464463311557968
1063, 0.00456289543459813
1064, 0.00647487390475969
1065, 0.0055072318840151
1066, 0.00450927116132031
1067, 0.00593543172969172
1068, 0.00809286488220096
1069, 0.00771832596510649
1070, 0.00793816770116488
1071, 0.00945456939128538
1072, 0.00803547392466239
1073, 0.005038739182055
1074, 0.00540737400297076
1075, 0.00577940644385914
1076, 0.00615404173731804
1077, 0.00654113420750946
1078, 0.00694064423441887
1079, 0.00782640926384678
1080, 0.00735521440704664
1081, 0.00840781295361618
1082, 0.00472843740135431
1083, 0.00861611124128103
1084, 0.00890368378410737
1085, 0.0085382079705596
1086, 0.00845142376298706
1087, 0.00801917029699931
1088, 0.00805326419261595
1089, 0.00836082439248761
1090, 0.00811233255080879
1091, 0.00818324228748679
1092, 0.00826849679773053
1093, 0.0082942065394794
1094, 0.00868243142031133
1095, 0.011252067439879
1096, 0.00839106412604451
1097, 0.00913991654912631
1098, 0.00816498355319103
1099, 0.0102790612727404
1100, 0.00883887343419095
1101, 0.00985419944239159
1102, 0.0106831809195379
1103, 0.00548788020387292
1104, 0.00523823608333866
1105, 0.00504366642174621
1106, 0.00747200008481741
1107, 0.00490937707945704
1108, 0.0058340640583386
1109, 0.00486082779908819
1110, 0.00686059527409573
1111, 0.00628453628936162
1112, 0.00800602599047124
1113, 0.0116284155286849
1114, 0.010757124517113
1115, 0.0082106364890933
1116, 0.00526136249148597
1117, 0.00566043568930278
1118, 0.0060585350341474
1119, 0.00647966179531068
1120, 0.00692695503433545
1121, 0.00739824899937958
1122, 0.00792539263299356
1123, 0.00854565862876674
1124, 0.00866558325166504
1125, 0.00868749781511724
1126, 0.00914242040986816
1127, 0.00867959018796682
1128, 0.00798165956512093
1129, 0.00827165592151384
1130, 0.00863518457238873
1131, 0.00834755258013805
1132, 0.00842376705259085
1133, 0.00857343408279121
1134, 0.00849666314510008
1135, 0.00854633438090483
1136, 0.0109410904503117
1137, 0.00856151323144635
1138, 0.00831242542092999
1139, 0.00945456962411602
1140, 0.010421814241757
1141, 0.0101144732907414
1142, 0.00580593078241994
1143, 0.00552509329281747
1144, 0.00530153598325948
1145, 0.00615837296936661
1146, 0.0091012929721425
1147, 0.00788213688481067
1148, 0.00658943395440777
1149, 0.00713181650886933
1150, 0.0112887244516363
1151, 0.00848465459421277
1152, 0.00599004945252091
1153, 0.0064360312341402
1154, 0.00692188860072444
1155, 0.00743504508864135
1156, 0.00799213027736793
1157, 0.00861682665223877
1158, 0.00863137010795375
1159, 0.00874885086280604
1160, 0.00856912283537289
1161, 0.00880589227502545
1162, 0.00997076563847562
1163, 0.00866703332091371
1164, 0.0088135814294219
1165, 0.00927706714719534
1166, 0.00873538005786637
1167, 0.00878868632329007
1168, 0.00879409063297013
1169, 0.0106007871994128
1170, 0.0108053190633655
1171, 0.00974979205057025
1172, 0.00609497341793031
1173, 0.00576053171729048
1174, 0.00648560250798861
1175, 0.0101417919310431
1176, 0.00689091420887659
1177, 0.00736860585554192
1178, 0.00938012381084263
1179, 0.00556375402291971
1180, 0.0106321352533996
1181, 0.00515823434107006
1182, 0.00794035359285772
1183, 0.0105981605127454
1184, 0.00638834771234542
1185, 0.0069196237794434
1186, 0.00876066852360964
1187, 0.00745930417906493
1188, 0.00803206507892658
1189, 0.00864784093573689
1190, 0.00844305916689336
1191, 0.00858135069055217
1192, 0.00892889659319605
1193, 0.00881280664665004
1194, 0.00897638189295928
1195, 0.0089358506569018
1196, 0.00900530978105962
1197, 0.00901733036153018
1198, 0.0100621794505666
1199, 0.00930559782621761
1200, 0.0102404972227911
1201, 0.00903322477824986
1202, 0.00991336729687949
1203, 0.00627537696467092
1204, 0.00981458160094917
1205, 0.00682955275156668
1206, 0.00719332850227753
1207, 0.00762842238570253
1208, 0.00960552909721931
1209, 0.00810390858290096
1210, 0.010061469993421
1211, 0.00688572864358624
1212, 0.00747148347242425
1213, 0.00805401941761374
1214, 0.0086645499492685
1215, 0.0086606040596962
1216, 0.00918014189228416
1217, 0.00887771610481044
1218, 0.00924329172509412
1219, 0.00909042536901931
1220, 0.00921398587524891
1221, 0.00927762353482346
1222, 0.00595913059078157
1223, 0.00840456644073129
1224, 0.0098701335179309
1225, 0.00981991784647107
1226, 0.00828216636242966
1227, 0.00746581708081067
1228, 0.00786481452329705
1229, 0.00969380342091123
1230, 0.00745815178379416
1231, 0.00805425783619285
1232, 0.0086376682544748
1233, 0.00943303294479847
1234, 0.00852578193215387
1235, 0.00896821590140462
1236, 0.00944549889702882
1237, 0.00925157630505661
1238, 0.00925439743635555
1239, 0.00801811766965936
1240, 0.00960201180229584
1241, 0.00980928111821413
1242, 0.00859147473238409
1243, 0.00906390106926362
1244, 0.00937924534082413
1245, 0.0092293038032949
1246, 0.00927802097673217
1247, 0.00961854588240385
