1, 0.0105723158922046
2, 0.0471905861049891
3, 0.00507259467849508
4, 0.0133110308088362
5, 0.0422934386879206
6, 0.0505198314785957
7, 0.00500083086080849
8, 0.000328809175698552
9, 0.059870489872992
10, 0.00951194879598916
11, 0.0101196789182723
12, 0.124435447156429
13, 0.0108524978471299
14, 0.0114990495300541
15, 0.0122772281368574
16, 0.0127415480092168
17, 0.0130276901181787
18, 0.0135038122534752
19, 0.0138215447465579
20, 0.0138277832884341
21, 0.0137740597128868
22, 0.0136902953963727
23, 0.0134563869020591
24, 0.0131074611563236
25, 0.0127665619365871
26, 0.012574376926447
27, 0.0127075535710901
28, 0.0133583967884382
29, 0.0157978762872517
30, 0.022975488876303
31, 0.0356723144650459
32, 0.0509008262306452
33, 0.0359449833631516
34, 0.0194422428806623
35, 0.00849068312284847
36, 0.00405228211699675
37, 0.00572168941531951
38, 0.00804615183733404
39, 0.00968764380862316
40, 0.0108595108613372
41, 0.0116937776717047
42, 0.0120899696679165
43, 0.0125840127002448
44, 0.0132625124727686
45, 0.0133558136876673
46, 0.0132256771903485
47, 0.0133240843036522
48, 0.0131636681811263
49, 0.0128223719851424
50, 0.0129989211757978
51, 0.0132558667100966
52, 0.0132901691831648
53, 0.0135176205076277
54, 0.0139040976452331
55, 0.0140458371800681
56, 0.0139175679845115
57, 0.0138865732587874
58, 0.0138188229563336
59, 0.0136237569774191
60, 0.0136038091344138
61, 0.0136711223361393
62, 0.0137323164381087
63, 0.0139236079218487
64, 0.0146379896129171
65, 0.0171429347246885
66, 0.0224433783441782
67, 0.0300212769458691
68, 0.0383826171358426
69, 0.045693922167023
70, 0.0504992107550303
71, 0.051720072204868
72, 0.0474501349963248
73, 0.044641066963474
74, 0.0421888915201028
75, 0.0357693489640951
76, 0.0295234561587373
77, 0.0237900459518035
78, 0.0189429953073462
79, 0.0155936502851546
80, 0.0139403768504659
81, 0.0131716756150126
82, 0.0124974668336411
83, 0.0118903735031684
84, 0.0114238283907374
85, 0.0111340701890488
86, 0.010912221390754
87, 0.0106389940095445
88, 0.0104358610697091
89, 0.0102365035563707
90, 0.01053250010591
91, 0.0107246956322342
92, 0.0109183805373808
93, 0.0111167451056341
94, 0.0112398092945417
95, 0.0112805385142565
96, 0.0112488692005475
97, 0.0118913274879257
98, 0.0155397282602886
99, 0.0302856618072838
100, 0.0331596592441201
101, 0.0162669449734191
102, 0.0115091423504055
103, 0.00952534067134062
104, 0.00843004509806633
105, 0.00782330993873378
106, 0.00756816216744483
107, 0.00745459529571235
108, 0.00735243293456733
109, 0.00720222891929249
110, 0.0069154112910231
111, 0.00655106796572606
112, 0.00619145335319142
113, 0.00586859501587848
114, 0.00555459790242215
115, 0.00525395199656487
116, 0.00503198429942131
117, 0.00490872166119516
118, 0.00484828224095205
119, 0.00488472070234517
120, 0.00496331951580942
121, 0.00499615172157064
122, 0.00497502185559521
123, 0.004849236109294
124, 0.00454731871529172
125, 0.00380728719756007
126, 0.00240351814621439
127, 0.000605940993409604
128, 0.00289746193448082
129, 0.00976328280133506
130, 0.0207579978741705
131, 0.0358878045032422
132, 0.0503942857806881
133, 0.034864054992795
134, 0.0219529313811411
135, 0.0151342579629272
136, 0.0127593701084455
137, 0.0118572538097699
138, 0.0110585112124681
139, 0.0101069906460387
140, 0.00944586734597882
141, 0.00915757985785604
142, 0.00937497802078724
143, 0.009712062155207
144, 0.0104221914273997
145, 0.0114487030853828
146, 0.0122364784280459
147, 0.012956542118142
148, 0.0133380512706935
149, 0.0129923846883078
150, 0.0126194978753726
151, 0.0125821459417542
152, 0.0122880563139915
153, 0.0117249906373521
154, 0.0108733197363714
155, 0.0104448416580757
156, 0.0105110824418565
157, 0.0104034362981717
158, 0.0105733593227342
159, 0.0110856712174912
160, 0.0114463985276719
161, 0.0116719027670721
162, 0.0117896418087184
163, 0.0121640788080792
164, 0.0124751756278177
165, 0.0126124252565205
166, 0.0127694634720683
167, 0.012781225455304
168, 0.0129613305907696
169, 0.00551529849569003
170, 0.00804376796198388
171, 0.0353419850580394
172, 0.0662735427419345
173, 0.050761907051007
174, 0.025003636876742
175, 0.00982157598870496
176, 0.00244482423537799
177, 0.00497281667776406
178, 0.00492672241913776
179, 0.00486679980531335
180, 0.00486131617799401
181, 0.00512997418021162
182, 0.00581805035471916
183, 0.00683478646290799
184, 0.0083819644836088
185, 0.0122883745158712
186, 0.0149310464039445
187, 0.0681679676054046
188, 0.0791287943720818
189, 0.0451063377161821
190, 0.0353768719360232
191, 0.0244421201447646
192, 0.0156658909594019
193, 0.0118087946126858
194, 0.0109381692794462
195, 0.0102263307198882
196, 0.00998854800127447
197, 0.011021178914234
198, 0.0127143732388504
199, 0.00515322778373957
200, 0.0138035640896608
201, 0.0140585525271793
202, 0.0140105311293155
203, 0.0138488238832603
204, 0.013737780507654
205, 0.0137114551228782
206, 0.0135786361837139
207, 0.0134207432468732
208, 0.0134710694352786
209, 0.0142384197873374
210, 0.0167889427393675
211, 0.0415269403407971
212, 0.0232768901623785
213, 0.0340202709970375
214, 0.0463813431560993
215, 0.0266277994295316
216, 0.0129901991070559
217, 0.0130333724276473
218, 0.0133760197398563
219, 0.0134137894492596
220, 0.0136018419483056
221, 0.0138450287437687
222, 0.0134592475369573
223, 0.012689215131104
224, 0.0121324081749966
225, 0.0117787141352892
226, 0.0108754848285268
227, 0.00930168371026715
228, 0.00760452072912206
229, 0.00630565600780149
230, 0.0470533855259418
231, 0.0416165866578619
232, 0.034279413210849
233, 0.0266767597446839
234, 0.0204096871117751
235, 0.0163644383816669
236, 0.0144741962042948
237, 0.0138800768957784
238, 0.0136887059391787
239, 0.0136153129860759
240, 0.0136149156217774
241, 0.0137284225784242
242, 0.0139419457409531
243, 0.0140076502381514
244, 0.0139405952456097
245, 0.0138997063816835
246, 0.0137997495476156
247, 0.0135392374359071
248, 0.0107664486858994
249, 0.0133389660622925
250, 0.0139094219387819
251, 0.0155127473796407
252, 0.0192027922409276
253, 0.0254175908242663
254, 0.0329021269765993
255, 0.0404902969797452
256, 0.04619960890462
257, 0.0128003382124007
258, 0.00996124891874691
259, 0.0137366482522339
260, 0.0123169642562668
261, 0.0134273793858786
262, 0.0119084734469652
263, 0.0109255529629687
264, 0.00990524026565254
265, 0.0137919807651391
266, 0.0139823782568177
267, 0.0133767352284243
268, 0.0132765988819301
269, 0.0132756255722294
270, 0.0139806099856893
271, 0.0158634018152952
272, 0.0267256145986418
273, 0.0142184327511738
274, 0.014046929931889
275, 0.0141907560173422
276, 0.0145402972896894
277, 0.0128956659076115
278, 0.0197524464844416
279, 0.0124352003137271
280, 0.0142267964935551
281, 0.0140996007248759
282, 0.0141023422280947
283, 0.0496585064878066
284, 0.0137026337130616
285, 0.0313683805676798
286, 0.0169682733248919
287, 0.0137486284753929
288, 0.0138534727351119
289, 0.0140983288486799
290, 0.0140577780548483
291, 0.0138054317018638
292, 0.0138301873424401
293, 0.041745969094336
294, 0.0371075151488185
295, 0.0255975369364023
296, 0.0206842256399492
297, 0.0147608747550597
298, 0.0139056864815454
299, 0.0136825071337322
300, 0.0138532151468098
301, 0.0495967004448175
302, 0.012860082089901
303, 0.0105669717304409
304, 0.01050632186234
305, 0.0110478818727036
306, 0.0118653400956343
307, 0.0123029172730943
308, 0.013326865931352
309, 0.0137289986790468
310, 0.0154502620765318
311, 0.0204894583051403
312, 0.02868929070731
313, 0.0373571589589119
314, 0.0133744674468679
315, 0.0116553527768701
316, 0.0450351826314415
317, 0.0133186844177544
318, 0.0111007713047521
319, 0.0137308260891587
320, 0.0139098591947307
321, 0.0135666359371195
322, 0.0132845861371607
323, 0.0136328761000186
324, 0.0119529981166124
325, 0.0121231893232713
326, 0.0125663701910526
327, 0.0131115936674178
328, 0.0135527076975753
329, 0.0131106600165367
330, 0.0126070009234051
331, 0.0145185613849511
332, 0.0145276411591719
333, 0.0144639835537722
334, 0.0143378998618573
335, 0.0140928252755354
336, 0.0147355425481995
337, 0.0180756480743488
338, 0.015647275140509
339, 0.0231146461640795
340, 0.0309149073436856
341, 0.0135251111350954
342, 0.0328954989090562
343, 0.0130566780765851
344, 0.0445151794701815
345, 0.0111302755928288
346, 0.0113655945751816
347, 0.014102004468441
348, 0.0152098561326663
349, 0.0179871754565587
350, 0.0220775445923209
351, 0.0265197798920174
352, 0.0306731510596971
353, 0.0341797924290101
354, 0.0366836860775948
355, 0.013926449076583
356, 0.0138660296797752
357, 0.013897302094847
358, 0.0139426017024865
359, 0.0139376346487552
360, 0.0139726028622439
361, 0.0139116070543726
362, 0.0136763731549893
363, 0.0116135898667077
364, 0.0113724887681504
365, 0.0123514754232019
366, 0.0330526692171892
367, 0.0245905366415779
368, 0.0179964933389177
369, 0.014530005476748
370, 0.0135569200695803
371, 0.0126830758526921
372, 0.0402931045740843
373, 0.0119129642068098
374, 0.0128111065520595
375, 0.013497641030699
376, 0.0374646431633404
377, 0.0153070713859051
378, 0.0121515618326763
379, 0.0136487310131391
380, 0.0138645792224755
381, 0.0135126932679365
382, 0.0135944709957888
383, 0.0135215544141829
384, 0.0134648302725206
385, 0.0133697020355612
386, 0.0129306540669252
387, 0.013836187388127
388, 0.0264922633456687
389, 0.0153572983884563
390, 0.0169291129956643
391, 0.0133092626153181
392, 0.0339317973703146
393, 0.0128376906892906
394, 0.0142453738177816
395, 0.0144849844897787
396, 0.0147267804325869
397, 0.014932078619798
398, 0.0205160014641782
399, 0.0136815532265852
400, 0.0406895938018958
401, 0.0132226973461608
402, 0.0121334818347047
403, 0.014057360511894
404, 0.0139430787724753
405, 0.0335095577562849
406, 0.0333044985309243
407, 0.0315869709787269
408, 0.0281806044901411
409, 0.0236758238946398
410, 0.0192167794642349
411, 0.0160562818249067
412, 0.0137025740308066
413, 0.0137693313881755
414, 0.014154158377399
415, 0.014601730198289
416, 0.0139955508057028
417, 0.0116287890511254
418, 0.0118227707488196
419, 0.0150423273444176
420, 0.0296153086237609
421, 0.0232888106256723
422, 0.018110377403597
423, 0.0127608201776942
424, 0.0129460916699221
425, 0.0386287881327527
426, 0.0119389518319319
427, 0.0115457322448492
428, 0.0379167169864689
429, 0.0174165987409651
430, 0.0139965442164491
431, 0.014081421152999
432, 0.0135627016425133
433, 0.0132830364163965
434, 0.0139777287064741
435, 0.0363048384897411
436, 0.0185029939748347
437, 0.0138584199982385
438, 0.0148196840503563
439, 0.0294532439050575
440, 0.0229971250519156
441, 0.016090435674414
442, 0.0135268991192182
443, 0.0150856402081748
444, 0.0145223962608725
445, 0.0130751160128663
446, 0.0147457547330608
447, 0.0138966664671898
448, 0.0401499522849917
449, 0.0125920202117413
450, 0.0137544899092366
451, 0.0119275473213444
452, 0.0332732502371073
453, 0.020833535430332
454, 0.0140481813189884
455, 0.0323380290841063
456, 0.0336166887233655
457, 0.0328128198161721
458, 0.0297982146342595
459, 0.0254028684770068
460, 0.0139576219953597
461, 0.0171736708531777
462, 0.013756555893148
463, 0.0137105211615562
464, 0.0291520064430577
465, 0.0131232367518047
466, 0.0141981463724126
467, 0.0238981285753349
468, 0.0195248161132137
469, 0.0150212274553875
470, 0.0132805138515929
471, 0.0123651848019411
472, 0.0192527800487975
473, 0.0121231301066776
474, 0.0136477629920202
475, 0.0195602811872959
476, 0.0124794667741905
477, 0.0141115412892153
478, 0.0139413300591211
479, 0.0141973323188722
480, 0.0135354026375959
481, 0.037855116960903
482, 0.0254247838941713
483, 0.020286563783884
484, 0.0318418213476737
485, 0.0147027993419518
486, 0.0138403401554873
487, 0.0163695043884218
488, 0.0169581005660196
489, 0.0133917753895124
490, 0.0148713218513876
491, 0.0153876372302572
492, 0.0142003522875408
493, 0.040837493725121
494, 0.0129948679823428
495, 0.0122523570433259
496, 0.0159686630746971
497, 0.0225507064412038
498, 0.0273247010384997
499, 0.0336854519943396
500, 0.0336448022474845
501, 0.0313530825078487
502, 0.0314710599680742
503, 0.0137736824496339
504, 0.0140714273632814
505, 0.014068784735476
506, 0.0143733844937136
507, 0.0135889678883056
508, 0.0258422944073876
509, 0.018215739633888
510, 0.0141339527908713
511, 0.0154934355523437
512, 0.0125661915323387
513, 0.0408837854862213
514, 0.0127990274534871
515, 0.0123959406434248
516, 0.022017919148008
517, 0.0138646148145199
518, 0.016602240735665
519, 0.0287298256531358
520, 0.0133793855085969
521, 0.0127644564823381
522, 0.0218615570726494
523, 0.013998749665916
524, 0.0143921006626139
525, 0.0267518454098276
526, 0.0140006396520351
527, 0.0388056111211578
528, 0.0277863593461613
529, 0.0338495230923096
530, 0.0153946109736959
531, 0.0222476961401602
532, 0.0244374315564831
533, 0.014139158030351
534, 0.0179044636897743
535, 0.0136807386297733
536, 0.0181646385851006
537, 0.0158229301062723
538, 0.0294526070356369
539, 0.0145181444628785
540, 0.0409376698856552
541, 0.0133977359316001
542, 0.0388796733958381
543, 0.0212260321713984
544, 0.0335854155321916
545, 0.0291853197850287
546, 0.0344136618077755
547, 0.0328623112291098
548, 0.0289381459089262
549, 0.0242603666459521
550, 0.0148466259706765
551, 0.0140942159729699
552, 0.0146786995076885
553, 0.0170482228665302
554, 0.0130450158224752
555, 0.0128634995004783
556, 0.0194830737697581
557, 0.0162864956073463
558, 0.0132221605163068
559, 0.0358034662902355
560, 0.0241761847088734
561, 0.0147244563171019
562, 0.027013862815996
563, 0.0391063562904795
564, 0.0355154533560077
565, 0.0164259305844704
566, 0.0312574765024086
567, 0.030022586385409
568, 0.0195467115069429
569, 0.0143742391373962
570, 0.0242520421743393
571, 0.013947449469318
572, 0.0194837686916192
573, 0.0148288834219178
574, 0.0131999043747783
575, 0.0407398026436567
576, 0.0387393503139416
577, 0.013897401591142
578, 0.033299391468366
579, 0.0342123564332724
580, 0.0349904742712776
581, 0.0310037382878363
582, 0.0184923047199845
583, 0.0134201417011874
584, 0.0262604809055726
585, 0.0135047261913617
586, 0.0151850184691804
587, 0.0136583669421573
588, 0.0211113536109527
589, 0.0172837804226826
590, 0.0212115980684757
591, 0.0140298870392144
592, 0.0287852139833073
593, 0.026277964313825
594, 0.0391510392849644
595, 0.0176664027385414
596, 0.0367071283981204
597, 0.0318435483301679
598, 0.0218204694489638
599, 0.0318137217313051
600, 0.0147616694060465
601, 0.0297182259770731
602, 0.0141868618472169
603, 0.0262515400536358
604, 0.0162623551829408
605, 0.0394466202706099
606, 0.0363185626587697
607, 0.0156907068255047
608, 0.0326423697794477
609, 0.035308704401056
610, 0.0353900650516152
611, 0.0329442680813372
612, 0.0137777831405401
613, 0.0142928387504071
614, 0.0140604148618877
615, 0.0225477057198683
616, 0.0285255562824508
617, 0.0228383773937821
618, 0.0185038838535547
619, 0.0276505001820624
620, 0.0383199518546462
621, 0.0294228840308885
622, 0.0370568707585335
623, 0.0334020719553033
624, 0.0169538486904154
625, 0.0148619045503438
626, 0.0265988561635216
627, 0.0328442426398396
628, 0.0382223995402455
629, 0.0210237937668959
630, 0.0207288470119238
631, 0.0317567444096009
632, 0.0351991122588515
633, 0.0233166016638279
634, 0.0363861589382092
635, 0.0166752163786441
636, 0.0348444652433197
637, 0.0307594588957727
638, 0.0246497773166214
639, 0.0365388467907906
640, 0.0369776363174121
641, 0.0227741238971551
642, 0.0179984091248895
643, 0.0248376373201609
644, 0.0363626737768451
645, 0.0282729521083335
646, 0.0301561813491086
647, 0.0345777139688532
648, 0.0148468525148928
649, 0.0334673980250955
650, 0.0327425533905625
651, 0.0370092708617449
652, 0.0208730256184936
653, 0.00496941901898632
654, 0.00471250309298436
655, 0.00422130121539036
656, 0.00316480874122741
657, 0.00111863644560799
658, 0.0114574255421758
659, 0.0121322695631534
660, 0.0132955933610598
661, 0.0135623838286847
662, 0.0121069964952767
663, 0.0137222434083621
664, 0.0136813745678713
665, 0.0133088850416243
666, 0.0127707741533717
667, 0.0123705682344735
668, 0.0120481074166795
669, 0.0123180171164374
670, 0.0133832520805299
671, 0.0161129265713195
672, 0.0224990292141835
673, 0.0124846918818851
674, 0.0128498897732546
675, 0.013660055740426
676, 0.00498480889946222
677, 0.00499928090721369
678, 0.00499612182223548
679, 0.00506405132667472
680, 0.00526009135258694
681, 0.00549239048268646
682, 0.00580531479014705
683, 0.00614498183131218
684, 0.00648063545425733
685, 0.0068655024903516
686, 0.00723936261298756
687, 0.00749490759335458
688, 0.00757958615819613
689, 0.00761832917730014
690, 0.00772669030508647
691, 0.00798612976601968
692, 0.00861368724144995
693, 0.00971212152702113
694, 0.0114759822996954
695, 0.0153072306420654
696, 0.0228701871819794
697, 0.0117096725540857
698, 0.0117114605382085
699, 0.0115342559292912
700, 0.0114235696382821
701, 0.0157812262574832
702, 0.0122363191718856
703, 0.00573454924597172
704, 0.0213964825185637
705, 0.0115368051920086
706, 0.00495910741544018
707, 0.00524838870236029
708, 0.00520283088553697
709, 0.00546664127614349
710, 0.0322500734279553
711, 0.0121900263087203
712, 0.0136170808691531
713, 0.0140162335398297
714, 0.0118490668634574
715, 0.0118853268989672
716, 0.012543859348322
717, 0.0135517340774337
718, 0.0132062460761517
719, 0.0121259905087451
720, 0.0158885945565999
721, 0.0125841517777493
722, 0.0117265998075406
723, 0.0130999508934716
724, 0.0136783741569767
725, 0.0135418004356325
726, 0.0125766026321799
727, 0.00571535151296606
728, 0.00804122409317642
729, 0.0123207787983119
730, 0.0105855880926053
731, 0.00541345383195827
732, 0.00646426408396413
733, 0.00684738271714499
734, 0.00770265023068835
735, 0.00818445393815637
736, 0.00814751877139012
737, 0.00861358790037533
738, 0.00508071794839842
739, 0.00523845455609262
740, 0.00610262295231223
741, 0.00823710478531818
742, 0.00726723810657859
743, 0.00811857089865953
744, 0.00938385888002813
745, 0.0153690604493022
746, 0.0122008344624192
747, 0.0126158619144311
748, 0.0135516351244102
749, 0.0117978275908778
750, 0.0210845028981566
751, 0.0170493354089558
752, 0.0118689388036728
753, 0.0202950271112578
754, 0.00568554903535793
755, 0.0138159221969545
756, 0.0116617895352344
757, 0.0120890354737639
758, 0.011534732611229
759, 0.011875790466244
760, 0.0133585154544562
761, 0.0115539447870106
762, 0.0122201663907617
763, 0.0127368786682685
764, 0.0137138788898786
765, 0.0136756723901878
766, 0.0124238951442142
767, 0.0131188856127361
768, 0.013147197663784
769, 0.0141496687040975
770, 0.0102820016909391
771, 0.00943744337807099
772, 0.00894407570982973
773, 0.00869343794571857
774, 0.00867805994736652
775, 0.00879482544648151
776, 0.00879931620632609
777, 0.00857007666490972
778, 0.00580155959219805
779, 0.0080969346066316
780, 0.00763233615240703
781, 0.00718877856464436
782, 0.00664403161499649
783, 0.0114151258021593
784, 0.00621571259883543
785, 0.0156584607126812
786, 0.0129424552433193
787, 0.00530777075327933
788, 0.0184020077809691
789, 0.0165914329034942
790, 0.0145396020573874
791, 0.013307633344084
792, 0.0125121580037687
793, 0.0112293262034655
794, 0.00616181036457419
795, 0.0123600185227891
796, 0.0129890465953698
797, 0.0140024048741907
798, 0.0138586388590435
799, 0.0123519317712635
800, 0.0131070436133693
801, 0.0117873962347706
802, 0.0114911218018581
803, 0.0113223808972786
804, 0.0111981648951769
805, 0.0112927774898708
806, 0.0137064082082361
807, 0.0116589881945401
808, 0.0132771158435692
809, 0.0120061895810068
810, 0.0140253530504803
811, 0.0120010591732959
812, 0.0133328854572028
813, 0.00731428611713151
814, 0.00784566160291433
815, 0.00855298980604857
816, 0.00906568889816602
817, 0.00938761389503876
818, 0.00943639044029017
819, 0.0093025581445545
820, 0.00919453442717592
821, 0.00928336521610618
822, 0.00963310555865367
823, 0.0102047538384795
824, 0.0109928861105194
825, 0.0153422577617069
826, 0.00685884694879254
827, 0.0136456277221441
828, 0.0147490528013025
829, 0.0072594698285684
830, 0.0119296928557257
831, 0.0116918502996365
832, 0.0141647877947738
833, 0.0142288831993937
834, 0.0135181767400354
835, 0.0112701669956247
836, 0.0127333223354071
837, 0.0106913067090015
838, 0.0108234103148182
839, 0.0110963995878895
840, 0.010856709520643
841, 0.0114580406031261
842, 0.0119825022605558
843, 0.0134135902238389
844, 0.00941080025707682
845, 0.0101184265998503
846, 0.0149525230905662
847, 0.012250901820759
848, 0.0113767799921334
849, 0.0102828958382209
850, 0.00869743207780023
851, 0.009747506895413
852, 0.00964790761160354
853, 0.01002826464052
854, 0.00986904045566916
855, 0.0102534906473011
856, 0.0107282619768133
857, 0.0126777112794419
858, 0.00814575127636393
859, 0.0157727268524468
860, 0.0074998498561659
861, 0.00886686043813825
862, 0.0109791973760972
863, 0.0144802158077558
864, 0.0111119965246568
865, 0.0133936027996242
866, 0.0124060926803698
867, 0.0106917833909392
868, 0.0116348086545865
869, 0.0102587755924712
870, 0.0111381629637132
871, 0.0101371027994901
872, 0.0103668984957039
873, 0.0107493613225718
874, 0.0115888734969
875, 0.0104523718667527
876, 0.0110612958669662
877, 0.00899187902299066
878, 0.0104185557768991
879, 0.00965366954915226
880, 0.00903299050405621
881, 0.00638620997779071
882, 0.0133993414230645
883, 0.0182973380045344
884, 0.012987477472052
885, 0.0119590181081245
886, 0.0131341841382285
887, 0.0127368394751102
888, 0.0130382404507448
889, 0.0130983616691083
890, 0.0123369516028712
891, 0.0116007149529954
892, 0.010791959008202
893, 0.00994547371131678
894, 0.00910171051509678
895, 0.0076537545149525
896, 0.020498160738498
897, 0.0333078365462522
898, 0.013024213258177
899, 0.0147169857906799
900, 0.0106507757057746
901, 0.0106059330670784
902, 0.0106916843603055
903, 0.0112476371383915
904, 0.0117622041143477
905, 0.0130511346894006
906, 0.012954138374577
907, 0.0122457565739751
908, 0.0114776908885688
909, 0.010736646130681
910, 0.0102199534109483
911, 0.00989910129768153
912, 0.00989687590238949
913, 0.0123438462615013
914, 0.012545886139075
915, 0.0133482438201706
916, 0.0121078318916261
917, 0.0129314688034356
918, 0.0123018649561952
919, 0.0119306069488327
920, 0.011700413422659
921, 0.0114836713764817
922, 0.0111405870411545
923, 0.0155588420374053
924, 0.0413290748838335
925, 0.00859150497126393
926, 0.0129471646311382
927, 0.00570458294047664
928, 0.00437500576954335
929, 0.0128299021938195
930, 0.0113984962614874
931, 0.00982531136833131
932, 0.0100908894091845
933, 0.012961569086959
934, 0.0106517886742949
935, 0.0129294621292502
936, 0.0118064107373357
937, 0.0119967483139286
938, 0.00936701071138183
939, 0.0123837215360254
940, 0.0122165504532556
941, 0.0504404399544001
942, 0.0153689215270182
943, 0.0114035628115137
944, 0.0138089286629111
945, 0.0106900944374502
946, 0.0197445388572911
947, 0.0109997012186795
948, 0.0112820289408167
949, 0.0121655686137577
950, 0.0132216636557132
951, 0.0110103906287501
952, 0.0125447537284344
953, 0.0125327131245285
954, 0.0120246630782882
955, 0.0114983739331365
956, 0.0131098652103295
957, 0.0135377670327822
958, 0.0117454152399053
959, 0.0108483255219956
960, 0.0114225172437727
961, 0.0125678209587932
962, 0.0127130176406354
963, 0.0120280012488365
964, 0.0117923041495184
965, 0.0114465178145717
966, 0.0128636189425985
967, 0.0111287060814599
968, 0.0108764192222485
969, 0.010922808333167
970, 0.013040988173868
971, 0.0112619023614873
972, 0.0116617501092454
973, 0.0118012051098049
974, 0.0104802863206714
975, 0.0122127751043687
976, 0.0101284796837717
977, 0.0126122855581343
978, 0.0127966825384647
979, 0.0102533121438076
980, 0.0102975588912765
981, 0.0089587588639309
982, 0.0120612404619654
983, 0.015459778951481
984, 0.0173236162712177
985, 0.0125510320843508
986, 0.012116275417308
987, 0.0132307436627646
988, 0.0127155408263206
989, 0.0121704562722395
990, 0.0131513299420476
991, 0.0115369576960802
992, 0.0138648179514954
993, 0.0136831427613894
994, 0.0111256857247402
995, 0.0110587299180528
996, 0.011069220257923
997, 0.0110792932876696
998, 0.012932720206057
999, 0.0123298196898152
1000, 0.0118414190753053
1001, 0.0115441703237593
1002, 0.0111812204122543
1003, 0.012609464659666
1004, 0.0128086037778606
1005, 0.0108524105511606
1006, 0.0101898727783312
1007, 0.0104501063469797
1008, 0.0107789256920417
1009, 0.0120616379038741
1010, 0.0117523890609543
1011, 0.0124282462056726
1012, 0.011135361623019
1013, 0.0115074734203517
1014, 0.0104675908417751
1015, 0.0129097485914826
1016, 0.010404568631202
1017, 0.0129009000957012
1018, 0.0175414715583126
1019, 0.0108730217907578
1020, 0.0134220543938378
1021, 0.0114399217224369
1022, 0.0110488557256758
1023, 0.0109182019562771
1024, 0.0142503009798626
1025, 0.0119505943730474
1026, 0.0125007653453698
1027, 0.0140734735565881
1028, 0.0134407704075178
1029, 0.0144008024750898
1030, 0.0111452958080918
1031, 0.011697103548795
1032, 0.0110168717801571
1033, 0.0140775865099082
1034, 0.0193668838279943
1035, 0.0119412169636538
1036, 0.0113209509290755
1037, 0.0115054868316899
1038, 0.012220424755166
1039, 0.0126365957382534
1040, 0.0109647133698066
1041, 0.0106257418325792
1042, 0.011738322287177
1043, 0.0104131520881007
1044, 0.0118926585807155
1045, 0.0114376366448899
1046, 0.0105194072239101
1047, 0.0109077512752265
1048, 0.0141719128936529
1049, 0.0111902178420375
1050, 0.0107168771792203
1051, 0.0108832737120489
1052, 0.0110473056944708
1053, 0.0134722413495183
1054, 0.0115696418409546
1055, 0.0112207154743373
1056, 0.0125010629805426
1057, 0.0117449183793118
1058, 0.0110339285539729
1059, 0.0154113114944526
1060, 0.0146092403835307
1061, 0.0154500035569072
1062, 0.0116247755941004
1063, 0.0155848488987734
1064, 0.0181989506818354
1065, 0.0117551450218473
1066, 0.0121947785839438
1067, 0.0111550511792302
1068, 0.011609675673147
1069, 0.0109103744228681
1070, 0.0113828997127712
1071, 0.0106486100703478
1072, 0.0105040688067675
1073, 0.0108066021154324
1074, 0.0115784825757146
1075, 0.0107480304626127
1076, 0.0108504712115973
1077, 0.0122169079259038
1078, 0.0108518224830429
1079, 0.0123228255348901
1080, 0.0110706908938785
1081, 0.0117015064073106
1082, 0.0132936858572066
1083, 0.0150354333842794
1084, 0.0165662791890403
1085, 0.0107991714030504
1086, 0.0173674514517188
1087, 0.0171084950145866
1088, 0.0143371851183474
1089, 0.0115023675995568
1090, 0.0111512137976076
1091, 0.0110885524967064
1092, 0.0107145331179102
1093, 0.0108206291527798
1094, 0.0106232187245041
1095, 0.0116978510438154
1096, 0.012756052116553
1097, 0.011934977878506
1098, 0.0131851458766808
1099, 0.0152883355816205
1100, 0.0159665178507566
1101, 0.0114711306989193
1102, 0.0171931061893702
1103, 0.0112495242307583
1104, 0.0130317037304242
1105, 0.014886680059135
1106, 0.0138847060346355
1107, 0.0139968897216022
1108, 0.022233347594738
1109, 0.0288279705370466
1110, 0.011858922506993
1111, 0.0108296295317511
1112, 0.0382627913107475
1113, 0.0046360501264644
1114, 0.000388836972706486
1115, 0.0130525655889263
1116, 0.0164042351146539
1117, 0.0246159083520373
1118, 0.0366317901449899
1119, 0.0486374804750085
1120, 0.0553389287864169
1121, 0.0151588091227625
1122, 0.00487719064888855
1123, 0.00452878174837679
1124, 0.00396241818089038
1125, 0.00282077045994811
1126, 0.00143732657791891
1127, 0.027445957918341
1128, 0.0136214519540469
1129, 0.00870502161948631
1130, 0.00684505829121917
1131, 0.00568501263236006
1132, 0.00499546632636338
1133, 0.00473471591249108
1134, 0.00475728601062049
1135, 0.0163209269133707
1136, 0.0248286958473424
1137, 0.0357396664718787
1138, 0.0461170744771759
1139, 0.0593775805706779
1140, 0.00385036142931009
1141, 0.00425402420417716
1142, 0.00325503009177434
1143, 0.0405267362172405
1144, 0.0186270320167144
1145, 0.0284562373223404
1146, 0.0137843122550597
1147, 0.0122487763874233
1148, 0.0111496466367195
1149, 0.0288410247303545
1150, 0.0105274218134582
1151, 0.0393666103482246
1152, 0.0479524834081531
1153, 0.004970293569689
1154, 0.0460277175530791
1155, 0.00725748292946567
1156, 0.0315714343450963
1157, 0.0173023183209201
1158, 0.0100179535026352
1159, 0.0058428457705304
1160, 0.00456710765138268
1161, 0.00458276368278478
1162, 0.0118632169573435
1163, 0.0533387927072389
1164, 0.00487427804619074
1165, 0.00458085633969555
1166, 0.0209867602679878
1167, 0.0320926962109903
1168, 0.0436202979957064
1169, 0.0146313935518265
1170, 0.0482628919184208
1171, 0.0189707515916477
1172, 0.0486287567764521
1173, 0.043232428530852
1174, 0.013341409387067
1175, 0.0476708747446537
1176, 0.037829662140991
1177, 0.00774725417916973
1178, 0.0191615467580656
1179, 0.0110916321476301
1180, 0.00615837312458704
1181, 0.00505369169903653
1182, 0.0050576338544488
1183, 0.0230640216863581
1184, 0.00606697933593144
1185, 0.0348721803165972
1186, 0.0451486979921659
1187, 0.0498351755862435
1188, 0.00444481479935348
1189, 0.0491205552326781
1190, 0.0334154629769425
1191, 0.0354626005515456
1192, 0.0235331302974373
1193, 0.0137862986108909
1194, 0.00865521227630476
1195, 0.0334980204435332
1196, 0.0460748362044493
1197, 0.0373616052791476
1198, 0.0481319533040126
1199, 0.00794875749852508
1200, 0.0462498925626278
1201, 0.0418843704586228
1202, 0.0311230979859829
1203, 0.0154336123572042
1204, 0.00657339263707399
1205, 0.00956312453906451
1206, 0.0454239081591368
1207, 0.0412156898528337
1208, 0.0477399711186687
1209, 0.0297833975404501
1210, 0.00657115498324856
1211, 0.0134995005625699
1212, 0.0198733049134413
1213, 0.00931874080561101
1214, 0.0134304069913924
1215, 0.0246965927071869
1216, 0.0366015907687446
1217, 0.0470836732536554
