1, 0.0100529210176319
2, 0.033266818150878
3, 0.00555867055663839
4, 0.0145194159510235
5, 0.0148932952433825
6, 0.0494890306144953
7, 0.00525581953115761
8, 0.00489315466256812
9, 0.0327287074178457
10, 0.0112205166369677
11, 0.0123261231929064
12, 0.0534262806177139
13, 0.0104584315170844
14, 0.0111009497195482
15, 0.0116838039054225
16, 0.0122135700657964
17, 0.0127025664163133
18, 0.0131440188270062
19, 0.0135261840963115
20, 0.0138590365337829
21, 0.0142092534806579
22, 0.0149053960728149
23, 0.017681423186635
24, 0.0249832317543526
25, 0.0288053800662359
26, 0.0171292251907289
27, 0.008709073998034
28, 0.00612662344550093
29, 0.00869248462064813
30, 0.0108555173501372
31, 0.0123084013660749
32, 0.013209802719454
33, 0.0137817290766786
34, 0.0141352841941019
35, 0.0143604474807424
36, 0.014419816667214
37, 0.014337502575169
38, 0.014043691723297
39, 0.0137128066271544
40, 0.0133908218704164
41, 0.0130963348783553
42, 0.0128626050427556
43, 0.0127540056904157
44, 0.0128001791114608
45, 0.0130014838650823
46, 0.0133787415300806
47, 0.0139460588494937
48, 0.0145737755422791
49, 0.0148557450932761
50, 0.0148386193128924
51, 0.0148511752486229
52, 0.0147292338078842
53, 0.0143734241525332
54, 0.0138439357591172
55, 0.013195000278453
56, 0.0125559990604719
57, 0.0119751317737003
58, 0.0114549027445416
59, 0.0110088212726017
60, 0.0106398682110012
61, 0.0103642563335598
62, 0.0103313048603013
63, 0.0103316920576617
64, 0.0103227716560165
65, 0.0104399140303334
66, 0.0105791507909695
67, 0.0107688132363061
68, 0.0110478418258329
69, 0.0114876056710879
70, 0.0120623136560122
71, 0.0126725058071315
72, 0.0132277430966496
73, 0.0135748013854027
74, 0.0136089354443053
75, 0.0145601855280499
76, 0.0173449142215153
77, 0.0301523255184293
78, 0.0324768681700031
79, 0.0159585899673402
80, 0.0111993571432928
81, 0.00917323554555575
82, 0.00801273311177889
83, 0.00722515699453652
84, 0.00664564090160032
85, 0.00622757384553552
86, 0.00593535198519627
87, 0.00573917330863575
88, 0.00561567232944071
89, 0.00553719272526602
90, 0.00547472713515162
91, 0.00541361273887257
92, 0.00532396743074059
93, 0.00541745219379663
94, 0.00575133257855972
95, 0.00607993314042687
96, 0.00643352783905963
97, 0.0067660027416423
98, 0.00708572193980217
99, 0.00741825629180918
100, 0.00769005354959518
101, 0.00773213462283214
102, 0.00732853154962261
103, 0.00631368268902103
104, 0.00477167032659054
105, 0.00882979443607231
106, 0.0161448358558118
107, 0.0284142152716716
108, 0.0246451341857513
109, 0.0178703499647478
110, 0.0151848822521667
111, 0.0143807953378807
112, 0.0140655861857037
113, 0.0138574664791425
114, 0.0136628968951603
115, 0.013471129272754
116, 0.0132691689456503
117, 0.0130642876805117
118, 0.0128503266411523
119, 0.0126378956871728
120, 0.0124170013392965
121, 0.0121935230369369
122, 0.0119520448303471
123, 0.0116907380676518
124, 0.0114028872922063
125, 0.0115934628993273
126, 0.0119631714187562
127, 0.012360694197317
128, 0.0127575816586614
129, 0.0131382965482771
130, 0.0134314719277124
131, 0.0135564825808009
132, 0.0134869044025739
133, 0.013232353143394
134, 0.0128959837990503
135, 0.0128307662671432
136, 0.0130529425417384
137, 0.0142534201343854
138, 0.0155491062129537
139, 0.0170470904558897
140, 0.0187137561539809
141, 0.020198507544895
142, 0.0208492713669936
143, 0.020167950540781
144, 0.0182250769188007
145, 0.0158956474624574
146, 0.0144180872788032
147, 0.0139950934487085
148, 0.0139336612386008
149, 0.0139506290045877
150, 0.014025134810557
151, 0.0141708877248069
152, 0.0143686956726015
153, 0.01452068798244
154, 0.0145734973872701
155, 0.00994332856498659
156, 0.0192211121320724
157, 0.0313343275338411
158, 0.0254629884536068
159, 0.0147059780235092
160, 0.00794216121236483
161, 0.00524115671093265
162, 0.00520336728853484
163, 0.0051688759898146
164, 0.00516557778852681
165, 0.0051759093378981
166, 0.00520094328870376
167, 0.00525764748454094
168, 0.00534725305624306
169, 0.00547230360098183
170, 0.00566597903768222
171, 0.00594564410857856
172, 0.0063224647504588
173, 0.00681094476021826
174, 0.00743584016648432
175, 0.00824419828131795
176, 0.00930861787249645
177, 0.0108017539605498
178, 0.0140991639345884
179, 0.0324824831914157
180, 0.0331796094154318
181, 0.0163288937571148
182, 0.0129764100226263
183, 0.0123676480725408
184, 0.0118640285606186
185, 0.0113439182750881
186, 0.0109499713095526
187, 0.0107600311748683
188, 0.0107312618444363
189, 0.0107562560588121
190, 0.0107858601647119
191, 0.0107944826595485
192, 0.0108070399922629
193, 0.0108774127438664
194, 0.0111307526240125
195, 0.0108844261461248
196, 0.0197553671231227
197, 0.0115651109566291
198, 0.00696309485162298
199, 0.0120692873218407
200, 0.0125718935548017
201, 0.0130208556074649
202, 0.0134339956566691
203, 0.0138146109723796
204, 0.0142009087527792
205, 0.0147725772112608
206, 0.0164432954819252
207, 0.0206173891201615
208, 0.0269291050111254
209, 0.0127275214375307
210, 0.0117094139568508
211, 0.0101736404467374
212, 0.00829066968678186
213, 0.0147495893761516
214, 0.0146305984817445
215, 0.0142642483115196
216, 0.0137295147869736
217, 0.0132491809005539
218, 0.0129361174379786
219, 0.0127975767633567
220, 0.0128116831183434
221, 0.0129680060781538
222, 0.0132243853683273
223, 0.0135290054604411
224, 0.0138577848362426
225, 0.0141693581826985
226, 0.0119460447846601
227, 0.0124531611800194
228, 0.0130242731732627
229, 0.0136277499453475
230, 0.014184040017426
231, 0.0133958683193972
232, 0.013832551970457
233, 0.0123248520152022
234, 0.0142599848099053
235, 0.0115152817064275
236, 0.0108036218831937
237, 0.0140963026011984
238, 0.0147463308336834
239, 0.0133203093428165
240, 0.0141824504826218
241, 0.0137421112352361
242, 0.0129858874715865
243, 0.0129145010529707
244, 0.0136209949851036
245, 0.0128764136849592
246, 0.0143900739494711
247, 0.0132776520525416
248, 0.0130691155791283
249, 0.0114881818493207
250, 0.016820930953448
251, 0.0195795735344291
252, 0.0129408862752219
253, 0.013396146784847
254, 0.0138660694938153
255, 0.0143833383917809
256, 0.0151343573040018
257, 0.0124633536518862
258, 0.011515182753404
259, 0.0108625710320969
260, 0.0111658794339746
261, 0.0125376010934512
262, 0.0135476020320008
263, 0.0130238560959697
264, 0.0140420420405765
265, 0.0139527688734233
266, 0.0134484196702639
267, 0.0137661124269168
268, 0.0123694562353194
269, 0.012391311271737
270, 0.0134222135723879
271, 0.0139425421754519
272, 0.0143638475177189
273, 0.0144326315882305
274, 0.013011418050155
275, 0.0131015204048405
276, 0.0131363494632145
277, 0.0133776089642197
278, 0.0129979670358201
279, 0.0144741161881636
280, 0.0129793509840965
281, 0.0136361143551767
282, 0.00995535999536514
283, 0.0145349729961405
284, 0.0138976203743368
285, 0.0133629666330914
286, 0.0128617511751751
287, 0.0154849918714414
288, 0.0199203533120453
289, 0.0173920225352049
290, 0.0119397266923139
291, 0.0217578851928314
292, 0.0144827900055264
293, 0.012126944726333
294, 0.0106328507885337
295, 0.011534971340249
296, 0.0131325946810345
297, 0.0135760731063783
298, 0.0140114879634764
299, 0.0118174576200545
300, 0.0112997318085815
301, 0.0138900009333156
302, 0.0189991032704711
303, 0.0133706525500332
304, 0.0130994343974938
305, 0.0130423330701888
306, 0.013135991524905
307, 0.0146353471403321
308, 0.0147643114129702
309, 0.0143585826735944
310, 0.0130882288018862
311, 0.0131565159341941
312, 0.0132773142928878
313, 0.0136937323647241
314, 0.0143188265307496
315, 0.0127365812659264
316, 0.0118720076978207
317, 0.0156927542605748
318, 0.0176084872024755
319, 0.0133240843812625
320, 0.0139157597441226
321, 0.0146069356705993
322, 0.0197402675015231
323, 0.0123414221064498
324, 0.0142748617567122
325, 0.0127230909808228
326, 0.0137252633770307
327, 0.0139892365783453
328, 0.0122132492251694
329, 0.0124041857973983
330, 0.0129633767840763
331, 0.0149666097325583
332, 0.0153426356458416
333, 0.0132460813038051
334, 0.0135086993686855
335, 0.0150468180266519
336, 0.0141849145293236
337, 0.0130886204673776
338, 0.014310561430951
339, 0.0175744929971794
340, 0.0157850213969747
341, 0.019210283489277
342, 0.0139461185317487
343, 0.012887679040432
344, 0.0146628248039633
345, 0.012796324910596
346, 0.0202810800013443
347, 0.0209586266428232
348, 0.013345919859906
349, 0.0143236120763634
350, 0.0127041122876108
351, 0.0129910138590882
352, 0.0145445134490728
353, 0.0133048492217703
354, 0.0131478929736962
355, 0.0152753416914493
356, 0.0160353414248675
357, 0.0160159698377053
358, 0.014899971584479
359, 0.0137348793602238
360, 0.0131115938536823
361, 0.0172433286594848
362, 0.0157692057546228
363, 0.0182653504113356
364, 0.013454816925029
365, 0.0146487978442262
366, 0.0186378311898027
367, 0.0140170087106526
368, 0.0136596189501385
369, 0.0137345020193607
370, 0.0155888427204142
371, 0.0167222646996379
372, 0.0171073110153278
373, 0.0159111389491175
374, 0.0146130350418389
375, 0.013985731638968
376, 0.0151412317063659
377, 0.0181542431935668
378, 0.017623976059258
379, 0.0145159476835813
380, 0.0132771277800202
381, 0.0156171941974511
382, 0.0147173035268982
383, 0.0181941618211567
384, 0.0196903817621725
385, 0.0116954047698528
386, 0.0108294705084215
387, 0.0113521831420561
388, 0.0118724127144863
389, 0.0123906355195989
390, 0.012905600015074
391, 0.0133728609265139
392, 0.0137938088737428
393, 0.014235976152122
394, 0.0148733885337909
395, 0.0165665977013608
396, 0.0208577949864169
397, 0.0131567737553269
398, 0.0126915197664251
399, 0.0121856157978376
400, 0.0116901816024135
401, 0.0112927776450912
402, 0.0110139868532618
403, 0.0108204105248054
404, 0.0106803594001879
405, 0.00548998604062945
406, 0.00569917839796593
407, 0.00580475828610361
408, 0.00598524107287327
409, 0.00626830345330139
410, 0.00667649616176883
411, 0.00726242964932074
412, 0.00808801385574043
413, 0.00927512013974289
414, 0.0111676276040574
415, 0.0151338210174193
416, 0.0227073073231926
417, 0.00593414002408584
418, 0.00777004294407864
419, 0.00799185161789258
420, 0.00794746625858049
421, 0.00748811305190126
422, 0.00670812682559093
423, 0.00657834772331019
424, 0.00562735483981669
425, 0.0120058079094936
426, 0.00622445449698716
427, 0.00699538093370696
428, 0.00859429559204727
429, 0.0055643527302891
430, 0.00996959387945632
431, 0.00603322292833279
432, 0.00653696157193432
433, 0.00764626388748487
434, 0.0154325189845016
435, 0.0144314197047303
436, 0.01381848527429
437, 0.0153562056366354
438, 0.0173219673645993
439, 0.0201699968116979
440, 0.0132539100013673
441, 0.0126846654651066
442, 0.0121311564774563
443, 0.011630636251842
444, 0.0274147839906315
445, 0.0135288658396651
446, 0.012116990905876
447, 0.0114063842532535
448, 0.0130115371818344
449, 0.0111965954614182
450, 0.0147402910515666
451, 0.0137482906381289
452, 0.0179711210075766
453, 0.0125863576152672
454, 0.0116989833768457
455, 0.0133606415086736
456, 0.00626027677208185
457, 0.00822228325220446
458, 0.00887696134547392
459, 0.00700853376959761
460, 0.00740561991309126
461, 0.00849264984329542
462, 0.00866778854591151
463, 0.0210155967090811
464, 0.0110923921955483
465, 0.0225103657692671
466, 0.0191549571231008
467, 0.00912469765171409
468, 0.00810301431920379
469, 0.00687706590785335
470, 0.00738815575217207
471, 0.0105925218667835
472, 0.00651764978344242
473, 0.0127053679898381
474, 0.0159668150202682
475, 0.00591480825096369
476, 0.0125279849550376
477, 0.0119584820543726
478, 0.0131466612995913
479, 0.0203402478558322
480, 0.0179797640691201
481, 0.0157191776670516
482, 0.0145920741682251
483, 0.0138223396303753
484, 0.0136577313145002
485, 0.0220330510288477
486, 0.0189646713746091
487, 0.0155611860876282
488, 0.0137353364843875
489, 0.0134048284186671
490, 0.0129838214876751
491, 0.0124957782682031
492, 0.0120736580962936
493, 0.0118283564224839
494, 0.0140264059882611
495, 0.00583501749982436
496, 0.00610578149401893
497, 0.00784478716862698
498, 0.00960260866365085
499, 0.00662386518282195
500, 0.0102842076060673
501, 0.00949502169775466
502, 0.00893298947873215
503, 0.00738080451264977
504, 0.0105686207301915
505, 0.00578994496858546
506, 0.012582113686949
507, 0.0195172379857727
508, 0.0179179937445692
509, 0.00612477558509757
510, 0.013168952971076
511, 0.0111260628327727
512, 0.00724216414770732
513, 0.00781407079193741
514, 0.0157981737672041
515, 0.0096630467257152
516, 0.00858781835995615
517, 0.00628119815761844
518, 0.013098381459713
519, 0.0138161800956974
520, 0.0124683207832277
521, 0.0146592681606611
522, 0.0159165686927736
523, 0.019271990816508
524, 0.0179944266565144
525, 0.0115144751034677
526, 0.0139731192806115
527, 0.013805372097219
528, 0.0124080919660628
529, 0.0133508869912475
530, 0.0141755961813033
531, 0.0128368164878339
532, 0.0158577389859905
533, 0.0143342040634404
534, 0.00567033374682069
535, 0.00646034973518302
536, 0.00842853557939331
537, 0.00689466887464126
538, 0.0114306039176881
539, 0.0112044035922736
540, 0.0101533547664682
541, 0.00789958366658539
542, 0.0152656719354647
543, 0.00652186176739633
544, 0.00822458792633067
545, 0.0156248663552105
546, 0.0133080503437668
547, 0.0115733563434333
548, 0.00904812531856199
549, 0.0101495399915924
550, 0.00681124231778085
551, 0.00602145288139582
552, 0.0138776722208907
553, 0.0150596409104764
554, 0.0131471695910607
555, 0.0159501855572065
556, 0.0177617301233113
557, 0.0147005145748456
558, 0.0187686951830983
559, 0.0189785758033395
560, 0.0144079749006778
561, 0.0157055478387823
562, 0.0146375126205385
563, 0.0142147962469608
564, 0.0136945276365926
565, 0.0147032161864142
566, 0.0126224983638773
567, 0.00933472493973871
568, 0.00635102923427309
569, 0.00733761105220765
570, 0.011864167638123
571, 0.00862481351941824
572, 0.00678519508801401
573, 0.016039791982621
574, 0.0169306064024568
575, 0.00708262230424831
576, 0.00947656334998707
577, 0.0149854447692633
578, 0.0136059545911849
579, 0.0119775753313055
580, 0.0105932173319161
581, 0.00758826856811841
582, 0.0172310896838705
583, 0.0147297206955651
584, 0.016869411803782
585, 0.0158789580843101
586, 0.0148192668178429
587, 0.0140088106505573
588, 0.0151608017428468
589, 0.0147167810105852
590, 0.015002253310134
591, 0.0133286342024803
592, 0.010705711475263
593, 0.00796729458185534
594, 0.00969892895470063
595, 0.00735380088112184
596, 0.0166119966500749
597, 0.00790262338705361
598, 0.0110087612022956
599, 0.0149913371673652
600, 0.013721289501215
601, 0.01233872002922
602, 0.0160204796896627
603, 0.00674870098009706
604, 0.0166230827259521
605, 0.00860258075408638
606, 0.0157618951828529
607, 0.0151924717550476
608, 0.015563570195809
609, 0.0139152830621848
610, 0.0151345756991456
611, 0.0123730726384868
612, 0.00880575304230054
613, 0.0111901581597825
614, 0.00809114105068147
615, 0.00898036074691585
616, 0.012716772655646
617, 0.0139378136179099
618, 0.0152791967460265
619, 0.00990007460738222
620, 0.0141642916326722
621, 0.0100123102311045
622, 0.0149883456372966
623, 0.0128492739362021
624, 0.0159962408555051
625, 0.0147709393873811
626, 0.0146648512842755
627, 0.0117592830210924
628, 0.0154641554025667
629, 0.0103120342828333
630, 0.0114038008420418
631, 0.0141692902892828
632, 0.0142568176767478
633, 0.0135328991649052
634, 0.0156507762148976
635, 0.0130904735997319
636, 0.012907329093044
637, 0.0118423720511297
638, 0.00872705539222807
639, 0.0136111009245118
640, 0.0103893493457387
641, 0.0076721723501881
642, 0.0132067628825704
643, 0.0136829440792402
644, 0.0141651260200888
645, 0.0150781896275779
646, 0.011750382060806
647, 0.0119378192660709
648, 0.012124858253325
649, 0.0123235011318078
650, 0.0125322167295963
651, 0.0127515813801438
652, 0.0139236475030581
653, 0.0129771260544658
654, 0.0134430553298444
655, 0.0144528176945945
656, 0.0169685912939409
657, 0.0217078370042145
658, 0.0291675186405579
659, 0.0154609710443765
660, 0.0173733863048255
661, 0.0192554821260273
662, 0.0202884312408666
663, 0.0201708117189507
664, 0.0191382397897542
665, 0.0176726412028074
666, 0.0161940682834635
667, 0.014882368578886
668, 0.0137656554579735
669, 0.0145309595391154
670, 0.0144322937509666
671, 0.0142598374125858
672, 0.0140896863304079
673, 0.0139827558305115
674, 0.0139393034235885
675, 0.0139832521478335
676, 0.0143240915300945
677, 0.0135976495997359
678, 0.0132830566726625
679, 0.0129049643874168
680, 0.0125310443496952
681, 0.0121716881015648
682, 0.0137678210934003
683, 0.0135640133327494
684, 0.023055185447447
685, 0.0116982283846786
686, 0.0140597253727416
687, 0.0126765198850383
688, 0.0118856849924972
689, 0.013399424807479
690, 0.0143051654100418
691, 0.0113847677130252
692, 0.0178805218699078
693, 0.0156332678937664
694, 0.0137189455175151
695, 0.0143589202780277
696, 0.01342541204455
697, 0.0140234058878074
698, 0.0131469396098206
699, 0.0128890896060814
700, 0.0124449555296451
701, 0.0122694792225957
702, 0.0121296863847723
703, 0.0126495383835087
704, 0.0147687423353394
705, 0.0216289002758761
706, 0.0145158594629417
707, 0.0191109810645382
708, 0.0165685048947732
709, 0.0185468426595132
710, 0.0144117500943442
711, 0.0141598012608786
712, 0.0191944072333475
713, 0.0174882042532166
714, 0.0139653706767907
715, 0.0186571114075681
716, 0.0176639781954388
717, 0.0154534208898743
718, 0.0158481826074421
719, 0.014521284106498
720, 0.014293196455886
721, 0.0140331217553467
722, 0.0140248361664514
723, 0.0137605097455283
724, 0.0134762352487693
725, 0.0130365516524762
726, 0.0123258059999595
727, 0.0135634368440757
728, 0.0132966063916683
729, 0.0126573467471947
730, 0.0139086268997441
731, 0.0120323406133269
732, 0.0141518740759542
733, 0.014305304735899
734, 0.0167796243913472
735, 0.0142586428805121
736, 0.0133100177627057
737, 0.0128996201480428
738, 0.0129634566449871
739, 0.0139053489547223
740, 0.0141064352355897
741, 0.0145203298112998
742, 0.0137356743216515
743, 0.0133924312734356
744, 0.0151168334608277
745, 0.012810133319969
746, 0.0130824870429933
747, 0.016406102416416
748, 0.0125860794602583
749, 0.0123014077544212
750, 0.012418928090483
751, 0.0191219481639564
752, 0.0229201754555106
753, 0.0251414105296135
754, 0.0144459630828351
755, 0.0187754860768716
756, 0.0182003602385521
757, 0.0165423781145364
758, 0.0148531028535217
759, 0.0184524490808447
760, 0.0141082629561424
761, 0.0178101888547341
762, 0.0139995242158572
763, 0.0140653677905599
764, 0.0172440436047812
765, 0.0156485266052186
766, 0.0163313574157655
767, 0.0141428397037089
768, 0.0168129832794269
769, 0.0142684251070023
770, 0.0142262602845828
771, 0.0137481117465844
772, 0.0127871260046959
773, 0.013206106921037
774, 0.0124627887936575
775, 0.0143484698298077
776, 0.0118705054745078
777, 0.018609805420662
778, 0.0140811828896403
779, 0.0135866827331483
780, 0.013732769805938
781, 0.0200905633779864
782, 0.0233521503396332
783, 0.0127904041049381
784, 0.0126086297289779
785, 0.0154509771770487
786, 0.0171581738007565
787, 0.0137238927806417
788, 0.0133541848044842
789, 0.0137503175064921
790, 0.0141485359830161
791, 0.0146489172087361
792, 0.0130410018997888
793, 0.0124948047256718
794, 0.0247982592942814
795, 0.0122267507947981
796, 0.0159746434073895
797, 0.0155855047826966
798, 0.0168973036731283
799, 0.0181831346514324
800, 0.0174145523924381
801, 0.019140166696161
802, 0.0190243748947978
803, 0.015381179517135
804, 0.0152991833165288
805, 0.0142885870300233
806, 0.0140272402204573
807, 0.0154440629606446
808, 0.0140198494307697
809, 0.0149697807617486
810, 0.0143294357694685
811, 0.012951316855227
812, 0.0126448654569685
813, 0.0134257099901636
814, 0.0148659459581333
815, 0.0139512054156512
816, 0.023161793127656
817, 0.0149829247966409
818, 0.0206513041630387
819, 0.012868089058126
820, 0.0130706056176374
821, 0.012771506793797
822, 0.0178000762437781
823, 0.013724111020565
824, 0.0133628866169602
825, 0.0158107907821735
826, 0.0141616687954714
827, 0.0147548345072816
828, 0.0137195016723126
829, 0.0236026265525392
830, 0.015716231893748
831, 0.0146690831364443
832, 0.015189411972339
833, 0.0145364433216552
834, 0.016345682941998
835, 0.0193746918812394
836, 0.0179547501417498
837, 0.0198223825233678
838, 0.0184844164177775
839, 0.0161009653626631
840, 0.0145503504512211
841, 0.0144724535223629
842, 0.0139807144046894
843, 0.014055036008358
844, 0.0131659531810631
845, 0.0200312169268727
846, 0.0130366828292608
847, 0.0225698196639617
848, 0.0131935700774193
849, 0.0208057795340816
850, 0.0134516979257266
851, 0.0137982194622358
852, 0.0142379628183941
853, 0.0183026821662982
854, 0.0162431627977639
855, 0.0149278665582339
856, 0.0228014236005644
857, 0.0139314915053546
858, 0.0141927027143538
859, 0.0139620131036888
860, 0.0147544170419375
861, 0.0146636037155986
862, 0.015847844692568
863, 0.0195526718162
864, 0.0175512863012652
865, 0.0193854404302935
866, 0.0206915685640914
867, 0.0168841513805091
868, 0.0139455108903348
869, 0.0136910502333194
870, 0.0148280093756815
871, 0.0187405583759149
872, 0.0134494500234723
873, 0.0217365664429963
874, 0.013626399061953
875, 0.0206604035571218
876, 0.0139464957950016
877, 0.0144438766874373
878, 0.0153313109961649
879, 0.0190207595005631
880, 0.016908648967122
881, 0.0217176329654952
882, 0.0177206639200449
883, 0.0206024299065272
884, 0.021590475551784
885, 0.0133634633384645
886, 0.0114302859486391
887, 0.0102513049496338
888, 0.0062044468941167
889, 0.0125205738780399
890, 0.0127388461648176
891, 0.012954217614606
892, 0.0131667676226546
893, 0.01354372757487
894, 0.0137311046322187
895, 0.0139615365769714
896, 0.0142927397197733
897, 0.0149001706546793
898, 0.0162684154541542
899, 0.0169187471536653
900, 0.0195263661444187
901, 0.0245459317229688
902, 0.00716648627227793
903, 0.0074495883891359
904, 0.00763394559423129
905, 0.0075654798032095
906, 0.00714737304951996
907, 0.00648842344526201
908, 0.0114378752186894
909, 0.00954282470047474
910, 0.00838277900281052
911, 0.00756619525297234
912, 0.00694831359821061
913, 0.00646595295984298
914, 0.00609425835621854
915, 0.00581822912984838
916, 0.00562538831339528
917, 0.00548744318075478
918, 0.00539054581895471
919, 0.00533046433702111
920, 0.0053065229828159
921, 0.0053050925101464
922, 0.00531818566378206
923, 0.00533976250638564
924, 0.0110572200889389
925, 0.0112135629945745
926, 0.0115178845978032
927, 0.0119645223021507
928, 0.0125046200118959
929, 0.0133452438749373
930, 0.0169096815710266
931, 0.0237676353814701
932, 0.0161056744400412
933, 0.0150098828598857
934, 0.0122867249107609
935, 0.0130934147164226
936, 0.0120294115816553
937, 0.0133235084358603
938, 0.0139894910777609
939, 0.0128629036868612
940, 0.0135311509948224
941, 0.0137394691507022
942, 0.0126290742773563
943, 0.0143676825488607
944, 0.0177692204403381
945, 0.011067333087946
946, 0.0111284515820444
947, 0.0109988472734888
948, 0.0109806278099616
949, 0.0109916350338608
950, 0.0110162914109727
951, 0.0119611048139632
952, 0.0123579925857484
953, 0.012927574183171
954, 0.0139900468445073
955, 0.0175429807665447
956, 0.0155709618702531
957, 0.00568916512808452
958, 0.00558773785208662
959, 0.0059920958786582
960, 0.0219622186385095
961, 0.0126444327955445
962, 0.00819061378327509
963, 0.00751503471595546
964, 0.00624483936311056
965, 0.0104112050806483
966, 0.00909529315928618
967, 0.00698745413683355
968, 0.00656988355331123
969, 0.00558751937933266
970, 0.00561531497320781
971, 0.00581371888983995
972, 0.00687843689229339
973, 0.00756265840027481
974, 0.00730780880743017
975, 0.00821077947815259
976, 0.00658744701649994
977, 0.00625592594345411
978, 0.00776833439401041
979, 0.00792334612924606
980, 0.00588949637797972
981, 0.00559165575541556
982, 0.0117386800702661
983, 0.0213225954877479
984, 0.00564278978189187
985, 0.0114704222817506
986, 0.0121226530366888
987, 0.0138241080567241
988, 0.0135676290374249
989, 0.0133053686780234
990, 0.0130431479774415
991, 0.0127860733773559
992, 0.0140944152760009
993, 0.0144600699810932
994, 0.0150599111802876
995, 0.0174082748902341
996, 0.0160501626475404
997, 0.0123854897295435
998, 0.0190316471271217
999, 0.0116736510923753
1000, 0.0113564354057113
1001, 0.0112824461733301
1002, 0.0113641046142826
1003, 0.0171855714482566
1004, 0.0145607212713609
1005, 0.0133991067608198
1006, 0.0128157363117983
1007, 0.0114838105315963
1008, 0.011285506033649
1009, 0.016474627967303
1010, 0.00756679153225074
1011, 0.0081521289733549
1012, 0.0111605350393802
1013, 0.00982711922066907
1014, 0.00887298778009911
1015, 0.013146105222404
1016, 0.00614406785462052
1017, 0.00635834659139315
1018, 0.00707807275466621
1019, 0.00600391738892843
1020, 0.00591975559170047
1021, 0.00667077419348061
1022, 0.00588297944826384
1023, 0.00586543185636401
1024, 0.0195101769641042
1025, 0.00702768684520076
1026, 0.00900695841604223
1027, 0.00641582522075623
1028, 0.00604305777233094
1029, 0.00758433466156324
1030, 0.00923655593457321
1031, 0.00844411233750482
1032, 0.00793588301166892
1033, 0.00673492865947386
1034, 0.0118474387563765
1035, 0.0157828754745424
1036, 0.00620699035269873
1037, 0.0120341796427965
1038, 0.0119319579098374
1039, 0.0169137748889625
1040, 0.0156836537644267
1041, 0.0145466551960756
1042, 0.0122292661108077
1043, 0.0142183532007039
1044, 0.015006585046649
1045, 0.0130207564216107
1046, 0.0136155910634746
1047, 0.0139195748294393
1048, 0.0133186206997683
1049, 0.0125151104293764
1050, 0.0164300232815246
1051, 0.0124085171458622
1052, 0.0116762286717338
1053, 0.0116519754131635
1054, 0.0167061516549438
1055, 0.0148748580055932
1056, 0.0138430422327171
1057, 0.0118211729762455
1058, 0.0115851980323593
1059, 0.0120753270263473
1060, 0.00815089722163975
1061, 0.00758059966998796
1062, 0.0065007817853863
1063, 0.00633341194285701
1064, 0.00622228897797565
1065, 0.013803246896714
1066, 0.00958874022277693
1067, 0.00881389955369135
1068, 0.0105610909716537
1069, 0.0118733275060852
1070, 0.00674571729420374
1071, 0.00711027916986495
1072, 0.00727015869536748
1073, 0.0104514179596057
1074, 0.00816456601023674
1075, 0.00987676957932611
1076, 0.00883664827172955
1077, 0.00659082453542699
1078, 0.00694022692429523
1079, 0.0116732383146882
1080, 0.0128230272481839
1081, 0.0123903378844261
1082, 0.0153029388748109
1083, 0.0151967238634825
1084, 0.0145650334501018
1085, 0.0148692556346456
1086, 0.0142879118211567
1087, 0.0133546221380432
1088, 0.0139963258213053
1089, 0.0136884679086506
1090, 0.0127117461524904
1091, 0.015927709040365
1092, 0.0181707410141826
1093, 0.0132482474825035
1094, 0.0123870198925336
1095, 0.0118725318461657
1096, 0.0120925928155581
1097, 0.0156347611253815
1098, 0.0150291946871827
1099, 0.0119309646543115
1100, 0.0159156115725636
1101, 0.00647251731716096
1102, 0.0127814635634422
1103, 0.00872147254024943
1104, 0.00669108244723507
1105, 0.00809985566108177
1106, 0.0094459472844998
1107, 0.011255842866376
1108, 0.0124861029131959
1109, 0.0102792206065108
1110, 0.00685978059967359
1111, 0.0140418841814001
1112, 0.00757519555433343
1113, 0.00715412832020472
1114, 0.0112429080375781
1115, 0.0077006632151703
1116, 0.00924106570892036
1117, 0.0102895117209603
1118, 0.00684241581863413
1119, 0.00727393365620325
1120, 0.0126526578484724
1121, 0.0143780733924359
1122, 0.0146137699484825
1123, 0.0146472877822816
1124, 0.0144841500247518
1125, 0.0143062699741373
1126, 0.01375220498691
1127, 0.0140715865418315
1128, 0.0130015439353883
1129, 0.0120670022442937
1130, 0.0144586390039573
1131, 0.0141725767559061
1132, 0.0130653008818626
1133, 0.0126566914065431
1134, 0.0122481780126691
1135, 0.0123672906775028
1136, 0.0135642913325379
1137, 0.010062298970297
1138, 0.00931104233798881
1139, 0.0109066588338464
1140, 0.00864303298294544
1141, 0.00719113475643098
1142, 0.0118599957010398
1143, 0.0129725562874228
1144, 0.0142437246007224
1145, 0.00806327819979439
1146, 0.00754817466561993
1147, 0.011966843623668
1148, 0.00844029725218813
1149, 0.0107455071993172
1150, 0.0078205877992635
1151, 0.015149334166199
1152, 0.0148197100497782
1153, 0.0140586519458642
1154, 0.0129710460702578
1155, 0.0134867851932844
1156, 0.0142775401473045
1157, 0.0143351382575929
1158, 0.0141302771711101
1159, 0.0143036073228965
1160, 0.0133830927467595
1161, 0.0134991429125269
1162, 0.0131896753795445
1163, 0.0133092825611432
1164, 0.0137683179539939
1165, 0.010690810236459
1166, 0.0129558724750366
1167, 0.0143346814438701
1168, 0.0115021686845769
1169, 0.0126212144270539
1170, 0.00991525438924631
1171, 0.0123608934227377
1172, 0.013331177799652
1173, 0.00919151476894816
1174, 0.0142715601250529
1175, 0.0079238088468888
1176, 0.00853556565319498
1177, 0.0117332241497934
1178, 0.00962897296994925
1179, 0.00723515086186429
1180, 0.00867688834356765
1181, 0.0135460324430217
1182, 0.0128487174709638
1183, 0.013923270162195
1184, 0.0141711258329451
1185, 0.0142751558839033
1186, 0.0137913934886456
1187, 0.0125980597610275
1188, 0.0139258333171407
1189, 0.0113020758144557
1190, 0.0120774727935592
1191, 0.0143209521193057
1192, 0.0135689205490053
1193, 0.0128045304057499
1194, 0.0105068103099863
1195, 0.013540985994041
1196, 0.0142916125644531
1197, 0.00981777227882828
1198, 0.0114890695549548
1199, 0.00987021306840082
1200, 0.00887222466990352
1201, 0.0123982455115765
1202, 0.0130793280744304
1203, 0.013585510586078
1204, 0.0139948951546103
1205, 0.0141887930221856
1206, 0.0126043385826051
1207, 0.0132250018262615
1208, 0.0118650222041955
1209, 0.0143147336008648
1210, 0.0140613743569702
1211, 0.013783238750572
1212, 0.0141730333678424
1213, 0.0111481207422912
1214, 0.0112578489352018
1215, 0.0133377576246858
1216, 0.0142415617592633
1217, 0.0146153000183403
