1, 0.00642520328983665
2, 0.0223800579551607
3, 0.00463914970168844
4, 0.00754881044849753
5, 0.0105450171977282
6, 0.0151680731214583
7, 0.0032613284420222
8, 0.002847105555702
9, 0.0212062334176153
10, 0.00618022796697915
11, 0.00964141078293324
12, 0.0143380193039775
13, 0.00678490015811154
14, 0.00726101954933256
15, 0.00768212648108602
16, 0.00808662346874674
17, 0.0084712125826627
18, 0.00886005333935221
19, 0.00928267006141444
20, 0.00984957022592425
21, 0.0108693062793463
22, 0.0132354920109113
23, 0.0177569026127458
24, 0.0188799339036147
25, 0.0138786658644676
26, 0.00965587422251701
27, 0.00653417982781927
28, 0.00503114944634338
29, 0.00366526910026247
30, 0.00413733798389633
31, 0.0052727471338585
32, 0.00617019447963685
33, 0.00678539411940922
34, 0.00716740044299513
35, 0.00739115635709216
36, 0.00751539214979857
37, 0.00757789759275814
38, 0.00759971265991529
39, 0.00759124911079804
40, 0.00757718233702083
41, 0.00756675136896471
42, 0.0075549794419203
43, 0.00754781711536149
44, 0.00755485015300413
45, 0.00755373768818875
46, 0.00757161931445201
47, 0.00761366022440294
48, 0.00767537105518083
49, 0.00776414239468674
50, 0.00789972255006433
51, 0.00808298696453373
52, 0.00831659774606427
53, 0.00860750876987974
54, 0.00894383775691191
55, 0.00931775725136201
56, 0.00969410097847382
57, 0.0101792536443099
58, 0.0104067345770697
59, 0.010406813894709
60, 0.0104513981690009
61, 0.0104704319188992
62, 0.0104337551941474
63, 0.0103576998226345
64, 0.0101977603820463
65, 0.00996657383317749
66, 0.00965567616124948
67, 0.00927217972154419
68, 0.00885160934800903
69, 0.00842587308337291
70, 0.00800569991891583
71, 0.0076345216948539
72, 0.00730268307961524
73, 0.0070265147369355
74, 0.00681245458933214
75, 0.00663344205046694
76, 0.00658863893477246
77, 0.00650668245119353
78, 0.0065870697144419
79, 0.00674053157369296
80, 0.00697994348593056
81, 0.00729040444518129
82, 0.00767461606301367
83, 0.00808855037515362
84, 0.00854520204787453
85, 0.00901989297320445
86, 0.00953213513518373
87, 0.0101913625063996
88, 0.0112005492361883
89, 0.0132956927021345
90, 0.0130957084475085
91, 0.0115145066132148
92, 0.00758040052217742
93, 0.00588778755627573
94, 0.00495469655531148
95, 0.00435566972009838
96, 0.00395337810429434
97, 0.00366449406525741
98, 0.00346442121857156
99, 0.00333766208495945
100, 0.00326267936422179
101, 0.00322401581797749
102, 0.0032099491218105
103, 0.00322485032180945
104, 0.00324881142781427
105, 0.0032622026046738
106, 0.00336030192556791
107, 0.00356121921989446
108, 0.00374720556040605
109, 0.00393901336550092
110, 0.00408470692733924
111, 0.00416727938378851
112, 0.00413181462014715
113, 0.00388936271580557
114, 0.00335927864459033
115, 0.00255481442824627
116, 0.00211455457611009
117, 0.00380138618250688
118, 0.00546964118257165
119, 0.00909666406611601
120, 0.0136417173780501
121, 0.0192146332313617
122, 0.0167346027834962
123, 0.0126426240894943
124, 0.0104853725060821
125, 0.00940070735911528
126, 0.00874320821215709
127, 0.00822079298086464
128, 0.00771526635314027
129, 0.00720703737655034
130, 0.0066198803750532
131, 0.00642569983998934
132, 0.00665537655974428
133, 0.00696480406137804
134, 0.00735350574056308
135, 0.00784766813740134
136, 0.00837051992615064
137, 0.00891467059652011
138, 0.00942250248044729
139, 0.00983325826625029
140, 0.0101113735387723
141, 0.0102642791656156
142, 0.0103009960924586
143, 0.0102348347815375
144, 0.010107876577725
145, 0.00994185777381063
146, 0.00977746831874053
147, 0.00963640383755167
148, 0.00956754060462117
149, 0.00939101143740118
150, 0.00902768115823468
151, 0.00874642701819539
152, 0.00847812633340557
153, 0.00824944317961732
154, 0.00805437673504154
155, 0.00789864951123794
156, 0.00779100383321444
157, 0.00770628591999412
158, 0.00764914485625923
159, 0.00760241434909403
160, 0.00756557914428413
161, 0.00755369787414869
162, 0.0050497460955133
163, 0.00652325293049216
164, 0.00946315315862497
165, 0.0139632251424094
166, 0.0190448400874933
167, 0.0186909070859353
168, 0.0136159675506254
169, 0.00947431800886989
170, 0.00581959945460161
171, 0.00380178335277985
172, 0.00329081291177621
173, 0.00332033711796006
174, 0.00335109299824884
175, 0.00339516073775788
176, 0.00345548071588079
177, 0.00356841164951523
178, 0.00371666819167634
179, 0.00392123133254548
180, 0.00425108351434271
181, 0.00475255741427342
182, 0.00557363134187957
183, 0.00711683556437492
184, 0.0108761410228908
185, 0.0124106137081981
186, 0.0127346939407289
187, 0.0109883169643581
188, 0.0102366227656603
189, 0.00982145623614391
190, 0.00948723296945294
191, 0.00913353900735577
192, 0.00871344562619925
193, 0.00823243575481077
194, 0.0077380354826649
195, 0.00726636390512188
196, 0.00686578056775033
197, 0.00655392906628549
198, 0.00635937966095905
199, 0.00640875205863267
200, 0.0085906401121368
201, 0.0042567498749122
202, 0.0091955679624031
203, 0.0097241021382312
204, 0.0105341891758144
205, 0.0112560805864632
206, 0.01201127236709
207, 0.014855626039207
208, 0.0187812121585011
209, 0.00638945476384833
210, 0.014157893776428
211, 0.00706033036112785
212, 0.006630779360421
213, 0.00599660592464109
214, 0.00520070490892977
215, 0.00450607208767906
216, 0.00847264278369645
217, 0.00820519643214842
218, 0.00799385830760002
219, 0.0078349127046143
220, 0.00772029305032144
221, 0.00764596598067631
222, 0.00759416950556139
223, 0.00756601628381759
224, 0.00755715490474055
225, 0.00755177077371627
226, 0.00695830715509752
227, 0.00716642670643826
228, 0.00741183897480369
229, 0.00844504591077566
230, 0.00884664237188796
231, 0.0092261447571218
232, 0.00957836862653494
233, 0.00985813319372634
234, 0.0100616832108547
235, 0.0101964691809068
236, 0.01026191500326
237, 0.0102721272657315
238, 0.0102507489888618
239, 0.0101898529101163
240, 0.0101613223087043
241, 0.00806069498260816
242, 0.00931702197218935
243, 0.0098940150346607
244, 0.00983526487834752
245, 0.0100480335919807
246, 0.0100286618495981
247, 0.00771679608927419
248, 0.00767000667595615
249, 0.00997255416586995
250, 0.00897769342797498
251, 0.00997299173225959
252, 0.00961307832039893
253, 0.0100618816601733
254, 0.00732495534854631
255, 0.00756301618336389
256, 0.00747954996768385
257, 0.00705432996619493
258, 0.0067461741855368
259, 0.00641083806597938
260, 0.00759869961378475
261, 0.00760106385375063
262, 0.00646420440170914
263, 0.00758193084038794
264, 0.00757138074065248
265, 0.00756266242824495
266, 0.00879242193574707
267, 0.00756804276412974
268, 0.00769664971934011
269, 0.00779100394962976
270, 0.00793218736847242
271, 0.00759057328104973
272, 0.00837280492608746
273, 0.00914905654887358
274, 0.0095385923050344
275, 0.00762665407576909
276, 0.00812629990590115
277, 0.0105774619150907
278, 0.00836525531485677
279, 0.00876442777613799
280, 0.0131004084056864
281, 0.0117041491903365
282, 0.00756222164879243
283, 0.00797277867483596
284, 0.00980218437810739
285, 0.00746633461676538
286, 0.00756526129719402
287, 0.00826468225568533
288, 0.00988592859357595
289, 0.00983749011841913
290, 0.00992363854311407
291, 0.00996635536042353
292, 0.00995532857875029
293, 0.0097370163227121
294, 0.00947296836723884
295, 0.00971857846404115
296, 0.00964103289879858
297, 0.00789752164855599
298, 0.00795728104033818
299, 0.00745014485437423
300, 0.00861064740456641
301, 0.00754217446471254
302, 0.00760620960500091
303, 0.00759204352895419
304, 0.00759077188558877
305, 0.00757336779497564
306, 0.00739121572890629
307, 0.00732590871242185
308, 0.00729177515798559
309, 0.00867229832025866
310, 0.0098678607493639
311, 0.00936999071078996
312, 0.00807245696584384
313, 0.008304080615441
314, 0.00789505375238756
315, 0.00776614885156353
316, 0.00767749676015228
317, 0.00762246168839435
318, 0.00758930171529452
319, 0.00901520415209234
320, 0.00922616524621844
321, 0.0079112663709869
322, 0.00831584290911754
323, 0.0106626967123399
324, 0.0116090596808741
325, 0.00875411617259184
326, 0.00979432190901467
327, 0.00828816640811662
328, 0.00850776978768408
329, 0.00883036999342342
330, 0.00999343542692562
331, 0.00939603817338745
332, 0.010004700627178
333, 0.00952484404357771
334, 0.0096843260495613
335, 0.00983333742866913
336, 0.00993983137110869
337, 0.00988535272578398
338, 0.00747585424687713
339, 0.00754875076624254
340, 0.00758838781621307
341, 0.00759034640421825
342, 0.007612110581249
343, 0.00761069974396378
344, 0.00916455360129476
345, 0.00800875946879387
346, 0.00824831369599061
347, 0.00958960196003318
348, 0.00738904989945392
349, 0.00757172238081694
350, 0.00858122257826229
351, 0.00766877461380015
352, 0.00786886771675199
353, 0.00774387662143757
354, 0.0076178126813223
355, 0.00804499924803774
356, 0.00826881445633868
357, 0.00927766898114766
358, 0.0088906503127267
359, 0.00989258475601673
360, 0.0114949167085191
361, 0.00876861942621569
362, 0.0092845376736174
363, 0.0125666485012819
364, 0.00719540254212916
365, 0.00939818386298915
366, 0.0101017172758778
367, 0.00765462840596835
368, 0.0101566928594063
369, 0.00907574275818964
370, 0.00915236278836216
371, 0.0099708455769966
372, 0.00937382543149094
373, 0.00958591816015542
374, 0.00978954811580479
375, 0.00878598463411132
376, 0.0076388930901885
377, 0.00763571402058005
378, 0.00763189924570421
379, 0.00763225679596265
380, 0.00761747499927878
381, 0.00967912065486113
382, 0.00852443918120116
383, 0.00774820758185039
384, 0.00854073084580402
385, 0.00909729171544313
386, 0.00765756341362638
387, 0.00803510518744588
388, 0.00773869105614722
389, 0.00826341061231991
390, 0.00786066214398791
391, 0.00884058217828473
392, 0.0106749156645189
393, 0.00932423405659696
394, 0.0122046493149052
395, 0.0099456327346464
396, 0.0126840896749248
397, 0.0077170740502576
398, 0.00875342050567269
399, 0.00930224002028505
400, 0.0080702118575573
401, 0.00994400338580211
402, 0.0102397419201831
403, 0.0100426490729054
404, 0.00965708695972959
405, 0.00908455988392234
406, 0.00787584134377539
407, 0.00978958808506528
408, 0.00926305982284248
409, 0.00951785012148321
410, 0.00776906963437796
411, 0.00770986227629085
412, 0.00767737755086273
413, 0.0101123269026478
414, 0.00842684647068381
415, 0.00902617140673101
416, 0.00853735371492803
417, 0.0118721350251387
418, 0.0123816355286787
419, 0.00827566953375936
420, 0.00804466164360444
421, 0.00786481714541359
422, 0.0113145131617785
423, 0.00995032178858916
424, 0.0106077014934272
425, 0.00840260705444962
426, 0.00933059803875429
427, 0.0108534463548235
428, 0.0101185656773547
429, 0.0119608469152202
430, 0.0101349570322782
431, 0.00831818759130935
432, 0.00872624044617017
433, 0.0104067340337982
434, 0.00981263482632736
435, 0.0102359071218719
436, 0.00804052921012044
437, 0.00888102541544608
438, 0.00947102104934553
439, 0.00916479194226364
440, 0.00788404714937011
441, 0.0103699582008024
442, 0.00981903231392304
443, 0.00854933424852788
444, 0.00772221218794584
445, 0.0115260307211429
446, 0.00881503142106036
447, 0.0093346054200083
448, 0.00828296109102666
449, 0.00806882521137595
450, 0.0120372398135563
451, 0.0110814395205428
452, 0.0104654850438237
453, 0.00778699045379957
454, 0.00991864427924156
455, 0.0117856685537845
456, 0.0104159606620669
457, 0.0089392081523935
458, 0.00984621195433041
459, 0.00848585545706252
460, 0.0106235762747626
461, 0.00943335037057598
462, 0.0107904523611069
463, 0.00818423585345348
464, 0.00908227947851022
465, 0.0101204334447781
466, 0.0103955883532763
467, 0.00952547928318381
468, 0.00864897595186319
469, 0.0111998342908919
470, 0.0116681877989322
471, 0.00833734603864806
472, 0.0111506801719467
473, 0.00885176816955209
474, 0.00942628560587764
475, 0.0109792285864907
476, 0.00907295237162284
477, 0.0105354009817044
478, 0.00939193913447005
479, 0.00962525730331739
480, 0.0085712687112391
481, 0.0116224074736238
482, 0.00898661355798443
483, 0.0102112510552009
484, 0.00799602409824729
485, 0.0102614976931363
486, 0.0112978441175073
487, 0.0108480274211615
488, 0.0120342037640512
489, 0.0110527638212911
490, 0.0105765877912442
491, 0.00972819499050578
492, 0.0102273245962958
493, 0.0103184513614646
494, 0.00859437119215727
495, 0.0108504555188119
496, 0.00880162060881654
497, 0.0109345933112005
498, 0.010134269669652
499, 0.00988409677520394
500, 0.0109132546155403
501, 0.00510960910469294
502, 0.00699556017449747
503, 0.00913651916198432
504, 0.00968653142141799
505, 0.010518413502723
506, 0.0120235700160265
507, 0.0144469932253872
508, 0.00906334499207636
509, 0.00861495911764602
510, 0.00820191856473684
511, 0.00781033583916724
512, 0.00745546961358438
513, 0.00716648619466772
514, 0.00695379722552995
515, 0.00682636245619506
516, 0.00331894618769487
517, 0.00328896495436008
518, 0.00329254131065682
519, 0.00332367480344449
520, 0.00339794219083463
521, 0.00352293316973373
522, 0.00372364183810229
523, 0.00401840669413408
524, 0.00442812909993033
525, 0.00501320833185067
526, 0.00589646988858779
527, 0.0073419224160413
528, 0.0096101377857849
529, 0.00412418518681079
530, 0.00417256432895859
531, 0.00408800516743213
532, 0.00380688985266412
533, 0.00334892744043221
534, 0.00299739900704784
535, 0.00326301712387552
536, 0.0190872466191649
537, 0.00768600047255556
538, 0.0149145152730246
539, 0.00330724378970141
540, 0.0077105772215873
541, 0.0054434744330744
542, 0.00345361289024974
543, 0.00372600615567838
544, 0.0034884816268459
545, 0.00357075586604575
546, 0.00396072938262175
547, 0.00430369454746445
548, 0.00478480333307137
549, 0.00637322761273632
550, 0.00869306060485542
551, 0.00828848453238606
552, 0.0105179167197396
553, 0.00743504520505667
554, 0.00787806677787254
555, 0.0116842607191453
556, 0.0097113266432037
557, 0.00954826804809272
558, 0.00779030852330228
559, 0.00848859703789155
560, 0.00730902111778657
561, 0.0109196321573108
562, 0.0101371820395192
563, 0.01188089667509
564, 0.0125289696268737
565, 0.00924853654578328
566, 0.00886076859508952
567, 0.00812304151865343
568, 0.00751016661524773
569, 0.00432988093234599
570, 0.0038300363230519
571, 0.0040012605022639
572, 0.00363097658070425
573, 0.00421498300662885
574, 0.00429610492816816
575, 0.00431621171689282
576, 0.0102220962622336
577, 0.0129963526103113
578, 0.00377180246869102
579, 0.00367369312637796
580, 0.00516678971083214
581, 0.00395403361956899
582, 0.00462881801649928
583, 0.00423067881880949
584, 0.0058922377259781
585, 0.00687042957482239
586, 0.00821433581101398
587, 0.00344946039452528
588, 0.0086169654969126
589, 0.00817046733573079
590, 0.0114883996235828
591, 0.0105285661605497
592, 0.00910894192444781
593, 0.00721906055696309
594, 0.00965913284259538
595, 0.0106022174780567
596, 0.0109997809243699
597, 0.00879180586586396
598, 0.00912739996177455
599, 0.00944815234591564
600, 0.00844268136036893
601, 0.00782497851954152
602, 0.00811127949661265
603, 0.0101126049024363
604, 0.00451078120386228
605, 0.00407856795936823
606, 0.00369747553486377
607, 0.00508954228522877
608, 0.00472130471219619
609, 0.00446979290184875
610, 0.00390607200097293
611, 0.00773670411823938
612, 0.0034834493749908
613, 0.00811604230797716
614, 0.00632963667158037
615, 0.00732477606895069
616, 0.00420002220198512
617, 0.00850381589649866
618, 0.00452689403512826
619, 0.00398325993834684
620, 0.00557667094593247
621, 0.00498360469161222
622, 0.00362082378705963
623, 0.00961947618052363
624, 0.00913492993762096
625, 0.00862227046551804
626, 0.0112861214050402
627, 0.00975722221968075
628, 0.00761366025544703
629, 0.00975006997274856
630, 0.0084090045808504
631, 0.00941246918713053
632, 0.00997402166415538
633, 0.0102653121575713
634, 0.00966215296648443
635, 0.00876712962053716
636, 0.00911551876924932
637, 0.010025244516631
638, 0.0123827878075341
639, 0.0056888076554363
640, 0.00423963953896115
641, 0.00493695451101909
642, 0.00503997108899057
643, 0.00562491124340643
644, 0.00379472184327564
645, 0.00401649955892935
646, 0.00346655906178057
647, 0.00674171568825841
648, 0.00748781518389781
649, 0.00867612482979894
650, 0.00763990621392926
651, 0.00484375240436445
652, 0.008906672442598
653, 0.00536016696908822
654, 0.00675088275844852
655, 0.0044649251891921
656, 0.00599535387785484
657, 0.00359888134989887
658, 0.00979113726255794
659, 0.00385004344085852
660, 0.00916071888059378
661, 0.0105040684963266
662, 0.00984360937339564
663, 0.0119296529640754
664, 0.00991543289273977
665, 0.00972016034647822
666, 0.00914187230435865
667, 0.00988845208970209
668, 0.00972702245538433
669, 0.00946140421244005
670, 0.00644230978408207
671, 0.00994193693622947
672, 0.00460678424375753
673, 0.00601315626408905
674, 0.00398206785321236
675, 0.00424395082518458
676, 0.0100612146779895
677, 0.0121407021901437
678, 0.00421995845889407
679, 0.00574700119129072
680, 0.00876498352736235
681, 0.00804501919386288
682, 0.00516126638588806
683, 0.00641958027457197
684, 0.00719670582717905
685, 0.0104292847681791
686, 0.00978621002286673
687, 0.0110668955991666
688, 0.0114991089794785
689, 0.0121735356903325
690, 0.0099349239996324
691, 0.00695282348897308
692, 0.0101349965358774
693, 0.0100979477034083
694, 0.00526261434424669
695, 0.00984203978441656
696, 0.007479748611028
697, 0.00467493214334051
698, 0.004732466628775
699, 0.00612664311969032
700, 0.00921823450231126
701, 0.00683756781897197
702, 0.00838609680067748
703, 0.0076276275018851
704, 0.0108076953329146
705, 0.0115901253496607
706, 0.0111049832776189
707, 0.00959748169407248
708, 0.0100406226702034
709, 0.00977299334481358
710, 0.00630478203917543
711, 0.00734462488132219
712, 0.00799989851657301
713, 0.00978777976706624
714, 0.0103579535149038
715, 0.0102781074432035
716, 0.00546920399314591
717, 0.00725980739419659
718, 0.00808759673964232
719, 0.00878862679625551
720, 0.0107395270218452
721, 0.0110497102917482
722, 0.0113206327271958
723, 0.00771439225146813
724, 0.0101857000651459
725, 0.00842176024646809
726, 0.00908116685847441
727, 0.00970208797869938
728, 0.00651292908005416
729, 0.00927078882232308
730, 0.00855175832596918
731, 0.00916399705844621
732, 0.00876037442746262
733, 0.0106526232945422
734, 0.0105252459512225
735, 0.0103489347467465
736, 0.00868382196252545
737, 0.00927591510117054
738, 0.00989147781261376
739, 0.00962931096243362
740, 0.010546109949549
741, 0.00655905541498214
742, 0.00989945083856583
743, 0.0101268548518419
744, 0.00915358626904587
745, 0.0101893360260874
746, 0.00981593281030655
747, 0.0128780928207561
748, 0.0100764650075386
749, 0.00849304790608585
750, 0.00861742231063545
751, 0.0092209594634672
752, 0.0112302154967827
753, 0.0115166524580369
754, 0.0140342538555463
755, 0.00941389969860514
756, 0.0100915052462369
757, 0.010156752464051
758, 0.0101294535367439
759, 0.0099984424499174
760, 0.00974512286484241
761, 0.00937374603624145
762, 0.00890588915596406
763, 0.00841645547188818
764, 0.00792517392740895
765, 0.00747794044824938
766, 0.00712865734628091
767, 0.00683268054854125
768, 0.00756267838490506
769, 0.00773632681618134
770, 0.00783560805333157
771, 0.00797114901555081
772, 0.00815036031417549
773, 0.00836716235304872
774, 0.00862715789116919
775, 0.00891618089129527
776, 0.00757740077096969
777, 0.0075850699407359
778, 0.00759430854426076
779, 0.00758328172378242
780, 0.00753716775216162
781, 0.00744505874657383
782, 0.00727768882643431
783, 0.00699546079461773
784, 0.00654920078037928
785, 0.00590384126796077
786, 0.00509417169572165
787, 0.00440840019534032
788, 0.00424161041155457
789, 0.0145767558521281
790, 0.00628638404305093
791, 0.0099721170651416
792, 0.0091061609176298
793, 0.00988894848463436
794, 0.00979830984336635
795, 0.0100318406087657
796, 0.0081903151779746
797, 0.00950038603817423
798, 0.00964397354982793
799, 0.00981267464036743
800, 0.0077772750131165
801, 0.00950473694441219
802, 0.00999166738862793
803, 0.00996943470090628
804, 0.0086551324930042
805, 0.00748636457137764
806, 0.00758193056875219
807, 0.00623711066630979
808, 0.00692627978666375
809, 0.00659622888391217
810, 0.00758795083190004
811, 0.00758810962239901
812, 0.00754885010731717
813, 0.00737138721160591
814, 0.00718812287474672
815, 0.0062944107533743
816, 0.00766788085456938
817, 0.00761981944863995
818, 0.00826565564299623
819, 0.00777626169535021
820, 0.00758318246031801
821, 0.00789364334195852
822, 0.00806190733176967
823, 0.00851909459258119
824, 0.00879869998122255
825, 0.0175778102129698
826, 0.00809478899464011
827, 0.0125814498557399
828, 0.00757402317443242
829, 0.0112134236066292
830, 0.0101115125386665
831, 0.00928876960339645
832, 0.00712585588917136
833, 0.00748993818914252
834, 0.00957882559547822
835, 0.00940148198666672
836, 0.0100319998649259
837, 0.0100104230611275
838, 0.0098988430108875
839, 0.00892557809129357
840, 0.00995175175679227
841, 0.00973349964867035
842, 0.00936846116868158
843, 0.00973067836215099
844, 0.00846376122596363
845, 0.00805018097162247
846, 0.0097431157870839
847, 0.00756041325318317
848, 0.00758391723502427
849, 0.00717272496937464
850, 0.00752184928084413
851, 0.00759162641285608
852, 0.00713420053943992
853, 0.00722980635085454
854, 0.00734841955515246
855, 0.00745121777678529
856, 0.00758164399303496
857, 0.00913628683026348
858, 0.00763831664031992
859, 0.00797724879036347
860, 0.00817688461393118
861, 0.00782646875207623
862, 0.00871398183517158
863, 0.0084202503785491
864, 0.00769363002230724
865, 0.00863544278157254
866, 0.0102358280370633
867, 0.0112013237861296
868, 0.0121701578609645
869, 0.00807382829952985
870, 0.00925753684714437
871, 0.00760239483012507
872, 0.00749759030683587
873, 0.00872835237532854
874, 0.0089863727667502
875, 0.00921390585911771
876, 0.00934926824023326
877, 0.00917130871675909
878, 0.010184528073296
879, 0.0101833562366664
880, 0.0100612061408659
881, 0.010016085812822
882, 0.00986486851858596
883, 0.0096679146712025
884, 0.00962333078496158
885, 0.00759927567560226
886, 0.00755663825354228
887, 0.00752266376124074
888, 0.00761214447473841
889, 0.00758302332057307
890, 0.00747283431701362
891, 0.00753335297728578
892, 0.00748340432376911
893, 0.00776491721626371
894, 0.00954524838986496
895, 0.00759475352242589
896, 0.00825848333382358
897, 0.00896797338500619
898, 0.00772422695687662
899, 0.00790929941770931
900, 0.00862393947318196
901, 0.00809385549897949
902, 0.00765637688649197
903, 0.00833885053483148
904, 0.00944096028494338
905, 0.0111794492695481
906, 0.011908235338827
907, 0.0127146267332137
908, 0.0082076406882455
909, 0.00756516577675939
910, 0.00916619440540671
911, 0.00874209582495193
912, 0.00885832477360964
913, 0.00762457987293601
914, 0.00914373186727365
915, 0.0100034095812589
916, 0.00987786194309592
917, 0.00955985113978386
918, 0.00896366592496634
919, 0.010464173508808
920, 0.00760167945797245
921, 0.0103606798996528
922, 0.0103847600209216
923, 0.0101704416641345
924, 0.00761232901519785
925, 0.00783592621640613
926, 0.00817084483181437
927, 0.0076267732573407
928, 0.0076139581312115
929, 0.00767501331089685
930, 0.00937734241597354
931, 0.00951538300141692
932, 0.00776650667345772
933, 0.00906344433315098
934, 0.00803065455208222
935, 0.00860027057517852
936, 0.0082560198691984
937, 0.00767227141962697
938, 0.0103408289141953
939, 0.0115785423355798
940, 0.0122957254449526
941, 0.00903604629759987
942, 0.00992747341903547
943, 0.00896777872306605
944, 0.00950455805286765
945, 0.00773426028899848
946, 0.0095145918118457
947, 0.0107536732684821
948, 0.0084605235606432
949, 0.00990798285541435
950, 0.00876293742718796
951, 0.00768494749596963
952, 0.0108037215347091
953, 0.0106275098708769
954, 0.0103060820450385
955, 0.00808249072482189
956, 0.00785658877187719
957, 0.00766599318012595
958, 0.00924782144526641
959, 0.00784625757175187
960, 0.00822246229896943
961, 0.00846035638824105
962, 0.0118704262810449
963, 0.0118721749500505
964, 0.00923923845402896
965, 0.0103199501366665
966, 0.00977943542723854
967, 0.00881888655324777
968, 0.00786646342991541
969, 0.00944507277260224
970, 0.00869159097783267
971, 0.00803379349720975
972, 0.00779036266197051
973, 0.0112030187488667
974, 0.00993917556479573
975, 0.00830044496494035
976, 0.010895393245543
977, 0.0104527288737396
978, 0.00913417486784359
979, 0.00798990484327078
980, 0.00771169011325886
981, 0.00854039331898093
982, 0.0111249228008091
983, 0.0114082520982871
984, 0.0118057990446687
985, 0.00847978750243783
986, 0.0110978508212914
987, 0.00936452733973662
988, 0.0104199430905282
989, 0.00822176411747932
990, 0.00887316628359258
991, 0.00991690337347488
992, 0.00849702123863002
993, 0.00995040110622843
994, 0.0105694154432664
995, 0.00901693268679082
996, 0.011198829593403
997, 0.0079819219186902
998, 0.0110715888440609
999, 0.00819899793714285
1000, 0.0107165086748345
1001, 0.0086685634839038
1002, 0.0105203810768823
1003, 0.00920324539765716
1004, 0.0126270317472517
1005, 0.0138648575327049
1006, 0.00802503416447767
1007, 0.0026385071920231
1008, 0.00691090147787084
1009, 0.00918315056090554
1010, 0.010083041464289
1011, 0.010955891571939
1012, 0.0115502098730455
1013, 0.0142846327895919
1014, 0.0182736186310649
1015, 0.00456617612923895
1016, 0.0139198326505721
1017, 0.00423300343876084
1018, 0.00416644484115144
1019, 0.00390076705177004
1020, 0.00339619365210334
1021, 0.00281361786376995
1022, 0.00907037841777007
1023, 0.00692178957009067
1024, 0.00559934100601822
1025, 0.00481186407463004
1026, 0.00430103224546959
1027, 0.00397155752095083
1028, 0.00374917261069641
1029, 0.00358971033710986
1030, 0.00349326998305817
1031, 0.00344272524428864
1032, 0.00340769756197309
1033, 0.00338127291373288
1034, 0.0067970766297852
1035, 0.00744130330470701
1036, 0.00786966248415411
1037, 0.00832490300914893
1038, 0.00875944046614071
1039, 0.00914762580456833
1040, 0.00947561021894217
1041, 0.0097936405800283
1042, 0.0101726667489856
1043, 0.010717990109697
1044, 0.0114249608789881
1045, 0.00372433734203999
1046, 0.00357176933903247
1047, 0.00456778309307992
1048, 0.00416614699255054
1049, 0.00515814730897546
1050, 0.0060204080461214
1051, 0.00727298025352259
1052, 0.00389721071890866
1053, 0.00362614868208766
1054, 0.0126650754828006
1055, 0.00853969808667898
1056, 0.0100308477412909
1057, 0.0079875005952393
1058, 0.0111902975477278
1059, 0.00708077475428581
1060, 0.00662584421224892
1061, 0.00956845446489751
1062, 0.0082289392206197
1063, 0.00931646558456123
1064, 0.00979248861161371
1065, 0.0100492852119108
1066, 0.0103342357712487
1067, 0.0086422183085233
1068, 0.00901164774162074
1069, 0.0105387590980778
1070, 0.00416851125191897
1071, 0.00452415218266348
1072, 0.00385864643612877
1073, 0.0040402023975427
1074, 0.00444312964100391
1075, 0.00366123577502246
1076, 0.00350611275061965
1077, 0.00448366083825628
1078, 0.00463390414370224
1079, 0.00356239996783968
1080, 0.0072499356964337
1081, 0.00370035241357982
1082, 0.00438612792640924
1083, 0.00549966205532352
1084, 0.00483781204093248
1085, 0.00409056822536513
1086, 0.00644133616394053
1087, 0.00773604866117239
1088, 0.00389746898630013
1089, 0.00377313365849356
1090, 0.0096714175971491
1091, 0.00846417900174856
1092, 0.00745157552106927
1093, 0.0110379677110662
1094, 0.00915962643921375
1095, 0.00785193976480514
1096, 0.00933627450528244
1097, 0.00901291954020659
1098, 0.00955820238838593
1099, 0.00979308465806147
1100, 0.00986353742579619
1101, 0.00969656440429389
1102, 0.00992697686888278
1103, 0.00949336994173271
1104, 0.00749166946237286
1105, 0.00432588742114604
1106, 0.00376614002743736
1107, 0.00398522694983209
1108, 0.00535426622567077
1109, 0.00496490874017278
1110, 0.00416986236814409
1111, 0.00392540945072791
1112, 0.00429719771879415
1113, 0.00680184504017234
1114, 0.00463316931078831
1115, 0.00583305070176721
1116, 0.0079714471163849
1117, 0.00406565344504391
1118, 0.00512286132046332
1119, 0.0118851210922003
1120, 0.0091021079570055
1121, 0.00917073269374669
1122, 0.00788227868421624
1123, 0.0100322186481208
1124, 0.012068175089856
1125, 0.00865092050905029
1126, 0.00979038242561122
1127, 0.00967894168570638
1128, 0.00921514192596078
1129, 0.00834357904802476
1130, 0.00949458475224674
1131, 0.00970777069839338
1132, 0.00985314634939035
1133, 0.00984631191628675
1134, 0.004678488515007
1135, 0.00592708696300785
1136, 0.00416751784117271
1137, 0.00441676455860337
1138, 0.00785105391405523
1139, 0.00842428385900954
1140, 0.00489662187950065
1141, 0.00703597216246029
1142, 0.00452320999465883
1143, 0.00616365787573159
1144, 0.00833239023839789
1145, 0.00543042140391966
1146, 0.00998761442800363
1147, 0.0108703395041327
1148, 0.0116450213827193
1149, 0.0094363111226509
1150, 0.00945449030647675
1151, 0.00908329252464076
1152, 0.00978704472072423
1153, 0.0101580837120612
1154, 0.00907612014561892
1155, 0.0100300529350837
1156, 0.00533944453733663
1157, 0.00681678562735518
1158, 0.0044850119156763
1159, 0.00488201854750514
1160, 0.0123213950234155
1161, 0.00417687972076237
1162, 0.0112615645242234
1163, 0.0051581630948931
1164, 0.00740923635506382
1165, 0.00572317951203634
1166, 0.006559651500235
1167, 0.0106879293452948
1168, 0.00916830884913603
1169, 0.0118872350237022
1170, 0.0101165591428677
1171, 0.00864098632397751
1172, 0.00815510894171894
1173, 0.00924974850689371
1174, 0.00987925027896251
1175, 0.0097932043330123
1176, 0.0102058073971421
1177, 0.00607639636533956
1178, 0.00724693271331489
1179, 0.00634056450023005
1180, 0.00503742780225972
1181, 0.00564263369111965
1182, 0.0071056493325159
1183, 0.0105249699360381
1184, 0.0114660083005826
1185, 0.010859286944781
1186, 0.00594965172266322
1187, 0.00799776976262885
1188, 0.00681638853469243
1189, 0.0114583990847071
1190, 0.0104810419337203
1191, 0.00759794473803292
1192, 0.00847002017932634
1193, 0.00908398791216314
1194, 0.00835291106653001
1195, 0.00978859467431903
1196, 0.00668074815378835
1197, 0.00915877921506763
1198, 0.0104973097331822
1199, 0.0102261149191431
1200, 0.0111969135080775
1201, 0.0111320752650499
1202, 0.0103865681837002
1203, 0.00868272971517096
1204, 0.00899565367338558
1205, 0.0078664633911103
1206, 0.00796691716338197
1207, 0.00697541376575828
1208, 0.0088813918021818
1209, 0.0107115016851042
1210, 0.00981418454709152
1211, 0.00972149955729643
1212, 0.011718466039747
1213, 0.00981738356252511
1214, 0.01055099729759
1215, 0.00959813743829727
1216, 0.0103204981423914
