1, 0.00609696027822793
2, 0.0273439148440957
3, 0.00580227491445839
4, 0.006669164984487
5, 0.0139000443741679
6, 0.0153514170087874
7, 0.00342381076188758
8, 0.00431537698023021
9, 0.0280062798410654
10, 0.00694781669881195
11, 0.0138163580559194
12, 0.0177636174485087
13, 0.00662829610519111
14, 0.00744700575402627
15, 0.00818175224897762
16, 0.00889116680870453
17, 0.00966096087358892
18, 0.0107234335349252
19, 0.0126471940117578
20, 0.0161813325248659
21, 0.0229732434575756
22, 0.0221134761814028
23, 0.0170850379702946
24, 0.0127521767280996
25, 0.00875874484578768
26, 0.00605360775565108
27, 0.00486695875103275
28, 0.00430527410935611
29, 0.00394366254719595
30, 0.00310033610245834
31, 0.00385928225781148
32, 0.00477665771419803
33, 0.005496085776637
34, 0.00600375855962435
35, 0.00634288915898651
36, 0.00654631977279981
37, 0.00663708067233009
38, 0.00661858078092337
39, 0.00654594235432645
40, 0.00650529198658963
41, 0.00652245804667473
42, 0.0066381706080089
43, 0.00688461586833
44, 0.00729489442892373
45, 0.00785084689656893
46, 0.00853387654448549
47, 0.00933579759051402
48, 0.0102040786296129
49, 0.0111100298042099
50, 0.0120015564995507
51, 0.0130831926362589
52, 0.0135738879131774
53, 0.0134695001567403
54, 0.0133107130726178
55, 0.01303438624988
56, 0.0126252196108301
57, 0.0120718901356061
58, 0.0113950989519556
59, 0.0105914689290027
60, 0.00971631348753969
61, 0.00885037751868367
62, 0.00804265510911743
63, 0.00734587642364204
64, 0.00680804361278812
65, 0.00657725450582802
66, 0.00638589379377663
67, 0.00634718057699502
68, 0.00666018459014595
69, 0.00711770992105206
70, 0.00771494838409126
71, 0.0084065612560759
72, 0.00910632001856963
73, 0.00971758489807447
74, 0.0102057073575755
75, 0.0105518118167917
76, 0.0107779518390695
77, 0.0109212019791206
78, 0.0110687039171656
79, 0.0113486073290308
80, 0.0120234509619574
81, 0.0138427042402327
82, 0.0133855066960678
83, 0.0117067514608304
84, 0.00777467216054599
85, 0.00608750277509292
86, 0.00518560502678156
87, 0.00463461953525742
88, 0.00426868659754594
89, 0.00399835974288483
90, 0.00381680387848367
91, 0.00369219058969369
92, 0.00358772343800714
93, 0.00352613193293413
94, 0.00350554834585637
95, 0.00348428931708137
96, 0.00344848691020161
97, 0.00347213512577582
98, 0.00359372360010942
99, 0.0036881969232733
100, 0.00377418663507948
101, 0.00383736751973629
102, 0.00383063217547412
103, 0.00372475449694321
104, 0.0034673020709306
105, 0.00300103472545743
106, 0.00229460038826801
107, 0.00167763259378262
108, 0.00251489922326679
109, 0.00305983482394367
110, 0.00412039035776009
111, 0.00590586763185759
112, 0.00933110907984277
113, 0.0138537914802631
114, 0.018776540334026
115, 0.0234196642413735
116, 0.0237364016162852
117, 0.0171611534897238
118, 0.0130991563200951
119, 0.0113590179632107
120, 0.0105023201710234
121, 0.00995769274110595
122, 0.00951838687372704
123, 0.0091130950798591
124, 0.00870231965867182
125, 0.00827350374311209
126, 0.00782575353514403
127, 0.00733033381402493
128, 0.00721534201875329
129, 0.0074850731374075
130, 0.00782386578309039
131, 0.00823136263837417
132, 0.00872739295785626
133, 0.00930214098965128
134, 0.00994499679654837
135, 0.010633311389635
136, 0.0113265928812325
137, 0.0119835956332584
138, 0.0125632307802637
139, 0.0130411411325137
140, 0.0133943577917914
141, 0.0136078611637155
142, 0.0133823476498947
143, 0.0128384057121972
144, 0.0123773041802148
145, 0.0118785722491642
146, 0.01135425005729
147, 0.0107946422261496
148, 0.0102086088930567
149, 0.00960715782518188
150, 0.0090124619503816
151, 0.00845134413490693
152, 0.00795277130479614
153, 0.00755258540933331
154, 0.00724462823321422
155, 0.00702909776009619
156, 0.00689987496783336
157, 0.0068185740771393
158, 0.00672593858325854
159, 0.00429067088407464
160, 0.0047099597286433
161, 0.00611500085021059
162, 0.00926228589378297
163, 0.013502203548948
164, 0.0181840298076471
165, 0.024144693898658
166, 0.0229785481933504
167, 0.0178600585398575
168, 0.0133271239077051
169, 0.00883503863587976
170, 0.00548394598687689
171, 0.00378183582021544
172, 0.00290939272963442
173, 0.0034068829457586
174, 0.00337592822810014
175, 0.00334115873556584
176, 0.00330237609644731
177, 0.00327932896713416
178, 0.00328091842432817
179, 0.00331163472340753
180, 0.00339031285451104
181, 0.00352652933603773
182, 0.00373470853082836
183, 0.00402073139169564
184, 0.00439918134361506
185, 0.00489695967795948
186, 0.00554518021332721
187, 0.00642403098754585
188, 0.00787238435198863
189, 0.0127666018670425
190, 0.0156301685298483
191, 0.0148466460717221
192, 0.0130312067146103
193, 0.0118625184210638
194, 0.0111304144375026
195, 0.0105847531619171
196, 0.0100884847342968
197, 0.00960513142247995
198, 0.00910866446793079
199, 0.00861907222618659
200, 0.00816289770106475
201, 0.00775698944926262
202, 0.00743210439880689
203, 0.00718816237834593
204, 0.00702643534168601
205, 0.00695705545755724
206, 0.00707483413862064
207, 0.00638900320821752
208, 0.00479332683607936
209, 0.00726274777359019
210, 0.0105611502658576
211, 0.0106332714591796
212, 0.0120950958225876
213, 0.0135029574545721
214, 0.0143234356461714
215, 0.0175217223198464
216, 0.00824306540501614
217, 0.016526065999642
218, 0.00521040055900812
219, 0.004510860502099
220, 0.00381112154961253
221, 0.0034687525088278
222, 0.00897650071419775
223, 0.00823317126681407
224, 0.00760783887623499
225, 0.00711709373475363
226, 0.00677331424473474
227, 0.00657534719600032
228, 0.00649446377065033
229, 0.00650062287847201
230, 0.00655269746979078
231, 0.00751519331242889
232, 0.00814573121412347
233, 0.00887066304373244
234, 0.00965239751773576
235, 0.0104340134033312
236, 0.0111469843735298
237, 0.0117397333184878
238, 0.0122061194075892
239, 0.0125565752387047
240, 0.0127845827955753
241, 0.012907567123572
242, 0.0129960007810344
243, 0.00705523602664471
244, 0.0109090991318226
245, 0.00954077811911702
246, 0.00644809131820997
247, 0.00652176250393192
248, 0.00615090263697008
249, 0.00576313453105589
250, 0.00531015878853699
251, 0.0121949932848414
252, 0.0121574425914635
253, 0.0106926182440172
254, 0.00981094595044851
255, 0.00875942075314621
256, 0.00851357134524733
257, 0.00919968060528239
258, 0.00668098633953681
259, 0.0080100113991648
260, 0.0119279841892421
261, 0.0134867254334191
262, 0.0123430110203723
263, 0.0149108592110376
264, 0.0138409158680588
265, 0.00749011978041381
266, 0.0049809622966374
267, 0.0047934459677587
268, 0.0115558330435306
269, 0.00807092777298143
270, 0.00906578271782824
271, 0.00703754147980362
272, 0.00671211987112959
273, 0.006399255245924
274, 0.00644448935054243
275, 0.00653526894748211
276, 0.00875236753684779
277, 0.00988261075690389
278, 0.010551236414661
279, 0.0111242556013167
280, 0.0118614458478987
281, 0.0120522005793949
282, 0.0116087616576503
283, 0.0121190910493689
284, 0.0123709702864289
285, 0.00794312075179602
286, 0.00958911740841965
287, 0.0130843146859358
288, 0.010612946546947
289, 0.00603824962551395
290, 0.00628020478567729
291, 0.00602080529400458
292, 0.0056980064449211
293, 0.00953235384076834
294, 0.0111827473932256
295, 0.00700897083152086
296, 0.00747019184442858
297, 0.00803035664527367
298, 0.0066636015738671
299, 0.00868320612547298
300, 0.00644586603933324
301, 0.010362746194005
302, 0.0112630949200441
303, 0.0116774861235172
304, 0.0116257489814113
305, 0.0108158809598535
306, 0.0117226265526066
307, 0.0102526364692797
308, 0.0115408725105226
309, 0.0116827314098676
310, 0.00968269099082266
311, 0.0116224309429526
312, 0.00636201025918126
313, 0.00876687141135335
314, 0.00626466772519052
315, 0.0139512644770245
316, 0.0109432614408433
317, 0.00629096481549953
318, 0.0096613383696725
319, 0.0106856445781887
320, 0.0118613661422084
321, 0.00600842735730112
322, 0.00612974267763396
323, 0.00938584570152064
324, 0.00887859035283327
325, 0.00872947919803361
326, 0.00808515306562185
327, 0.00750462342208872
328, 0.00699887777833889
329, 0.00659140063604961
330, 0.0101048964230965
331, 0.0116725389380008
332, 0.0116608364817997
333, 0.011197271446387
334, 0.0115335411392152
335, 0.0115457198116928
336, 0.0111323813907802
337, 0.0113396268958847
338, 0.0106835624203086
339, 0.0133456410840154
340, 0.0117729528962324
341, 0.0127832118887454
342, 0.00679262607203176
343, 0.00654429305965702
344, 0.00939182618943354
345, 0.00888727248335878
346, 0.00820533543204268
347, 0.00757755948385845
348, 0.0069590477006776
349, 0.0100440202125659
350, 0.0117514552548528
351, 0.0114850622291366
352, 0.0118977453093976
353, 0.0119090899825096
354, 0.0111399911499272
355, 0.0107027311543269
356, 0.0116659939023001
357, 0.0134389426869651
358, 0.0125222428080936
359, 0.0107303680852056
360, 0.00733862448638926
361, 0.00643336893990636
362, 0.00952893658541143
363, 0.00909869000315666
364, 0.0105633279308677
365, 0.00834926089737564
366, 0.00767257348634303
367, 0.0100924193393439
368, 0.0119035465953251
369, 0.0115094206606348
370, 0.0121769529456894
371, 0.0110501468492051
372, 0.0106686612591147
373, 0.0123648269412418
374, 0.0123779196292162
375, 0.0127273108810186
376, 0.0129960205716391
377, 0.0130164249179264
378, 0.00790645806894948
379, 0.00971373054198921
380, 0.00937211684261759
381, 0.00847893248179129
382, 0.0115599455311894
383, 0.0120596908964217
384, 0.0109756411208461
385, 0.010356904938817
386, 0.0121869669916729
387, 0.00726012513041496
388, 0.0100065485263864
389, 0.0124112791381776
390, 0.0116375109646469
391, 0.0108917799911329
392, 0.00901734968647361
393, 0.00968452457649012
394, 0.0100741404374795
395, 0.0125909051857889
396, 0.0113596539013088
397, 0.00867653032764792
398, 0.0103376725067695
399, 0.0107605278026313
400, 0.0112033508097132
401, 0.0111095210537314
402, 0.00806864230738332
403, 0.010395910218358
404, 0.010525681450963
405, 0.00968800143649181
406, 0.0117584150284529
407, 0.010672046802938
408, 0.0121790435165167
409, 0.00822176695025215
410, 0.0142011276135842
411, 0.0181602079731723
412, 0.00387009068314607
413, 0.00588452924663822
414, 0.0110379282462721
415, 0.0102037208465238
416, 0.0115669591662784
417, 0.0145373969183614
418, 0.00707886748326321
419, 0.00931124086491764
420, 0.00349897202492381
421, 0.00359904828170935
422, 0.00368831619077052
423, 0.00381749932421371
424, 0.00400432012975216
425, 0.00428360770456493
426, 0.00467785269332429
427, 0.0052451699351271
428, 0.00611639127600938
429, 0.00756599618277202
430, 0.00985676186004033
431, 0.0101780508800099
432, 0.0108657895276944
433, 0.0107129234044502
434, 0.0104975517218312
435, 0.00973695671806733
436, 0.00917681213468313
437, 0.00854102914066364
438, 0.00791009422391653
439, 0.00736804935149848
440, 0.00696965194462488
441, 0.0034422681783326
442, 0.00256254329967002
443, 0.00365946744568646
444, 0.00385208994460603
445, 0.0037193304936712
446, 0.00301530016198133
447, 0.00225019502492311
448, 0.00386385202485447
449, 0.0227000364102423
450, 0.00855604947234193
451, 0.0114290535760423
452, 0.0133110908791423
453, 0.00781343531950066
454, 0.0101661703083664
455, 0.0035561725574856
456, 0.00797488431756695
457, 0.00560184412946304
458, 0.00492141725650678
459, 0.0044404276413843
460, 0.00411166813379775
461, 0.00389178652161111
462, 0.00353050282380233
463, 0.00375179511805375
464, 0.00657421466894448
465, 0.0110241988829027
466, 0.010008773766458
467, 0.00838911684695631
468, 0.010338725677381
469, 0.00955259939655662
470, 0.0112898171258469
471, 0.0117713234697779
472, 0.01078856162106
473, 0.01055890476952
474, 0.0106893195770681
475, 0.00899328935580949
476, 0.00787647701023767
477, 0.0124816515793403
478, 0.0129415291361511
479, 0.00375109978873904
480, 0.00397749811721345
481, 0.00384070551566159
482, 0.00387974649978181
483, 0.00383699014006803
484, 0.00393094687024131
485, 0.00383724848506972
486, 0.0106710215720038
487, 0.0141209589783102
488, 0.00871110128770981
489, 0.0061030201613903
490, 0.0123494719820363
491, 0.0105929558298418
492, 0.0163722582427519
493, 0.012876274685065
494, 0.0114360471100857
495, 0.009229979555433
496, 0.00367228246371572
497, 0.0039954191694657
498, 0.00516647185819844
499, 0.00461381743662059
500, 0.00699683150742203
501, 0.00594419345725328
502, 0.00424118891047935
503, 0.00846296680780748
504, 0.00756166795534747
505, 0.0109043935469041
506, 0.0115487594157457
507, 0.0113514085921148
508, 0.0107278045422087
509, 0.0107347785960883
510, 0.0107092283821354
511, 0.0106090325862169
512, 0.0103938003691534
513, 0.0100218271836638
514, 0.00948908102388183
515, 0.00886090728454292
516, 0.0110986847430468
517, 0.00396217980111639
518, 0.00372244974520678
519, 0.00490709250637641
520, 0.00455073616467416
521, 0.0043536233715713
522, 0.00382586384269719
523, 0.00391229059702406
524, 0.00843393926819166
525, 0.00362900949160879
526, 0.00360904480995876
527, 0.00569154661414879
528, 0.0191166194155812
529, 0.00930076145700046
530, 0.00374929162596042
531, 0.0125434023017685
532, 0.0140437707304955
533, 0.0102956512322028
534, 0.00439149203399817
535, 0.00867750387017926
536, 0.00623504425554226
537, 0.00734943279530853
538, 0.00541369194009652
539, 0.00480540667194873
540, 0.00384557307309782
541, 0.00998735576868057
542, 0.00834064614027739
543, 0.0107388316343228
544, 0.00420240642658124
545, 0.0106968896773954
546, 0.0103879841709776
547, 0.0108278015007575
548, 0.0109309771408637
549, 0.0108629287375758
550, 0.0109668590594083
551, 0.0108479080566516
552, 0.0105553488247097
553, 0.00998107794051369
554, 0.010782402396823
555, 0.0038139655620658
556, 0.00506663431103031
557, 0.00562906381674111
558, 0.00394096037295337
559, 0.00406579242553562
560, 0.00355877939146012
561, 0.00670516607351601
562, 0.0104554196819663
563, 0.00392814537432666
564, 0.00754516292363405
565, 0.0133904836451014
566, 0.0114128409574429
567, 0.00499576407795151
568, 0.0036994225345552
569, 0.00648605924410125
570, 0.00564964697696269
571, 0.00899938307702541
572, 0.00751092145219445
573, 0.00411655575347443
574, 0.00617272984236479
575, 0.0105686601406584
576, 0.0046933302267765
577, 0.010680597430716
578, 0.0102861341244231
579, 0.0109491564022998
580, 0.0100322024896741
581, 0.0114206894456098
582, 0.0113910659371565
583, 0.0112080395532151
584, 0.0112229097368462
585, 0.0104454971539478
586, 0.00620337447617203
587, 0.00397145813331008
588, 0.00415305358668168
589, 0.0043976513746505
590, 0.00422474396015917
591, 0.00899891229346395
592, 0.013388000195846
593, 0.0128470483856897
594, 0.00589074788149446
595, 0.00675584996740023
596, 0.0122335574124008
597, 0.00777218886651099
598, 0.00866494318470359
599, 0.00454211301015069
600, 0.00725843378209642
601, 0.0103917735007902
602, 0.0055071721241499
603, 0.0106717363620798
604, 0.0118340673701217
605, 0.011097492572541
606, 0.0115093612112105
607, 0.011924912687391
608, 0.0100722725037485
609, 0.00455560364450018
610, 0.00499967815509687
611, 0.00754563180574526
612, 0.00797389106204112
613, 0.0129507801805933
614, 0.00703795890634259
615, 0.00906356909711446
616, 0.0103714006952941
617, 0.00517471705097705
618, 0.00760672652783493
619, 0.0046849497128278
620, 0.00666477391496301
621, 0.0102287943785389
622, 0.00972100254148245
623, 0.0106751143466681
624, 0.0118161063486089
625, 0.0112540544942021
626, 0.0122942267917097
627, 0.00976920298611124
628, 0.00532625479224537
629, 0.00591766915749758
630, 0.00887664298837384
631, 0.0105288045347801
632, 0.011620030139706
633, 0.00834109556550781
634, 0.00802121699477235
635, 0.012483181975161
636, 0.00615018703198681
637, 0.00859389472752809
638, 0.0100499605759978
639, 0.0113963589205274
640, 0.0106929362906764
641, 0.00944143696688116
642, 0.00711037831691404
643, 0.00896928487345576
644, 0.012284201492245
645, 0.0120352528989315
646, 0.00989452589835439
647, 0.00744206701139254
648, 0.00886436497482161
649, 0.00847216571370761
650, 0.0097406436689198
651, 0.0115714335814118
652, 0.0107013003900647
653, 0.0089621557854116
654, 0.00627813437022269
655, 0.0118778568382064
656, 0.00900280633941293
657, 0.0125946784391999
658, 0.0110724788780014
659, 0.00985866971313953
660, 0.00491025141673163
661, 0.00835327509169777
662, 0.0109159969336664
663, 0.00639701029285789
664, 0.0137610266295572
665, 0.00591300055384636
666, 0.00474655732978135
667, 0.00408617736926923
668, 0.00364444719161838
669, 0.00628465530462563
670, 0.0053932877490297
671, 0.0110569217552741
672, 0.0104185561649501
673, 0.0132650357360641
674, 0.0122087821364403
675, 0.0116655647289008
676, 0.00979099826266368
677, 0.00921032981326183
678, 0.00758391758427024
679, 0.00676510473713279
680, 0.00695079708627115
681, 0.0071386113219584
682, 0.00741549472634991
683, 0.00778214284218848
684, 0.00824360200203955
685, 0.00878123589791358
686, 0.00936013630901774
687, 0.00995258692031105
688, 0.0105333350754033
689, 0.0110962016042322
690, 0.0116261859269192
691, 0.0121254942690333
692, 0.0126078748144209
693, 0.00817269211014112
694, 0.0103331423209359
695, 0.0110370732533435
696, 0.0122281335449467
697, 0.0145561129320413
698, 0.0194885570866366
699, 0.00525297827941055
700, 0.0183202068188361
701, 0.00653366364228229
702, 0.00543904428680738
703, 0.00630893441848457
704, 0.0060139709773163
705, 0.00667685398366302
706, 0.00568938375605891
707, 0.012663426498572
708, 0.0103390827619781
709, 0.0130121534845481
710, 0.011426251847297
711, 0.00868543144315481
712, 0.00824451593992611
713, 0.00978487830919524
714, 0.0109017310508837
715, 0.0118918442943444
716, 0.00683440900562952
717, 0.00733186940973004
718, 0.00866806646808982
719, 0.00979534940173229
720, 0.0118784328612188
721, 0.0108945393003523
722, 0.00705446935414026
723, 0.00769470251786212
724, 0.00814853243840238
725, 0.00922701926901937
726, 0.0103568850706021
727, 0.0114023705633978
728, 0.0123154544271529
729, 0.00982103931407134
730, 0.00939655443653464
731, 0.00899972657983502
732, 0.008597335855787
733, 0.00779566913843155
734, 0.0110966383169095
735, 0.0121558929483096
736, 0.0137239721758912
737, 0.0154815348020444
738, 0.00907469013084968
739, 0.0108302344035889
740, 0.00714020081795752
741, 0.0123029970563948
742, 0.00788970935779313
743, 0.00812987058556506
744, 0.00670257756220443
745, 0.0139980743018289
746, 0.00653531297575682
747, 0.0065621945153301
748, 0.00647990052433064
749, 0.0065310411931326
750, 0.00878548808395863
751, 0.0112892805288235
752, 0.0103349901425342
753, 0.0108385302592069
754, 0.0116733927279711
755, 0.00926258329612513
756, 0.0122731951996684
757, 0.0127589388617447
758, 0.00685445591807365
759, 0.0103757798982163
760, 0.00813381028516839
761, 0.00920762804647287
762, 0.00865831148500244
763, 0.0097497720271349
764, 0.00765848303368936
765, 0.0112408025500675
766, 0.0107789855295171
767, 0.0102766372729093
768, 0.00727252297413846
769, 0.0116701148605595
770, 0.0120732011273503
771, 0.00857351371087134
772, 0.00939117046073079
773, 0.0143165418412536
774, 0.0133463169137637
775, 0.0121699392329901
776, 0.009836993413046
777, 0.00897725593919555
778, 0.00839877276060482
779, 0.0125705825630575
780, 0.0245616009458899
781, 0.00689029837182413
782, 0.00891492919375499
783, 0.0121696187582399
784, 0.00737911621884753
785, 0.00708204663048188
786, 0.00663056123691301
787, 0.0115472295631965
788, 0.0112491067654143
789, 0.00935274556589623
790, 0.0108662662096322
791, 0.00983506604097784
792, 0.0119782114246239
793, 0.0123976494185626
794, 0.00691698418397989
795, 0.0112095690953235
796, 0.0107563353764514
797, 0.0111694353787849
798, 0.00872256513684988
799, 0.00928940554149449
800, 0.0103047111382087
801, 0.00817491785467913
802, 0.00981595281821986
803, 0.00763809812876085
804, 0.0118521673139185
805, 0.0115382295722763
806, 0.0090461132515754
807, 0.0130513132705043
808, 0.0136914076283574
809, 0.00991809538876017
810, 0.00946780224330723
811, 0.0104848161960642
812, 0.00857260366901755
813, 0.0130006100982428
814, 0.00887400942987629
815, 0.0119211932644248
816, 0.00793860550038517
817, 0.0115176657369981
818, 0.00993925511526565
819, 0.0113004461551706
820, 0.00792581002072742
821, 0.0069340681269144
822, 0.00670783654786646
823, 0.010403615112106
824, 0.0117745619112005
825, 0.0121460776620855
826, 0.00721414214931428
827, 0.0111741243551175
828, 0.00884523180623849
829, 0.0108298477716744
830, 0.00944934498208264
831, 0.0104325232096016
832, 0.00997422340636452
833, 0.00823766148338715
834, 0.0114637432464709
835, 0.0117135751726372
836, 0.0132292333679895
837, 0.0096108928322792
838, 0.010028641903773
839, 0.0105977072380483
840, 0.0113017378995816
841, 0.0103604816055546
842, 0.00757164777522641
843, 0.0115491648204625
844, 0.0105496861506253
845, 0.00851245899684727
846, 0.0109771903759489
847, 0.0116500083046655
848, 0.00946941141349574
849, 0.0131399054080248
850, 0.0127757813315839
851, 0.0112773394988229
852, 0.0109964426762114
853, 0.00967387575656176
854, 0.0102057278466721
855, 0.0114809491982063
856, 0.0106452125279854
857, 0.00897634169086814
858, 0.011610986944288
859, 0.0101352776400745
860, 0.0107098237300913
861, 0.0113499182431648
862, 0.0120852812348555
863, 0.00924190087243915
864, 0.00905869834657226
865, 0.0111489912184576
866, 0.0114754627990936
867, 0.0116170664717044
868, 0.0134708906989545
869, 0.0127830132842064
870, 0.00830342937260866
871, 0.0128098951342205
872, 0.0114565113714586
873, 0.011583886652564
874, 0.0112398883017401
875, 0.00990863780801495
876, 0.0104929823428392
877, 0.0109282156142096
878, 0.0107592601329088
879, 0.0113715635213469
880, 0.0119851453540226
881, 0.0124972288807233
882, 0.0116726181780299
883, 0.00948920445516705
884, 0.01236393279396
885, 0.0125360511398564
886, 0.0124348229728639
887, 0.0117555682081729
888, 0.0117151957626144
889, 0.0115541443228722
890, 0.0107832767535001
891, 0.0112633928656578
892, 0.0123954636510462
893, 0.0118868972640485
894, 0.0122269018708418
895, 0.0100950976833701
896, 0.0110185680511807
897, 0.0119062687736005
898, 0.0122420335188508
899, 0.0101100820271919
900, 0.011921070360889
901, 0.0119837541909268
902, 0.0116677135229111
903, 0.0117902579562118
904, 0.0118073844350874
905, 0.0109774690742294
906, 0.0120358488056809
907, 0.0115900302305818
908, 0.0102481071371585
909, 0.0112905765883625
910, 0.0119228150695562
911, 0.0106636101457601
912, 0.00553085490052278
913, 0.0036403543005387
914, 0.00751755782403052
915, 0.00982578750699759
916, 0.01037995199052
917, 0.0111703891307116
918, 0.0125191630795598
919, 0.0138509895962973
920, 0.014897031399111
921, 0.0186365279369056
922, 0.00776803613795588
923, 0.0172611109446734
924, 0.003653129543333
925, 0.0033697093410107
926, 0.00292066775728017
927, 0.00242183635903833
928, 0.0021379394941808
929, 0.00811950544205805
930, 0.00660208992970486
931, 0.00565294537227601
932, 0.00498092271542798
933, 0.00446687235186497
934, 0.00407904456369579
935, 0.00378557116103669
936, 0.0035735375713557
937, 0.00344036081029723
938, 0.00336051045451313
939, 0.00333029091901456
940, 0.00333758255389209
941, 0.00336684837626914
942, 0.00340328666303928
943, 0.0034270888621298
944, 0.00966108016048869
945, 0.0101154268098374
946, 0.0105835614570727
947, 0.0110996783090134
948, 0.0117292822493861
949, 0.012550753618901
950, 0.0134081866126508
951, 0.0133765763603151
952, 0.00722050798746447
953, 0.0100473903119564
954, 0.00348256087939565
955, 0.00345363277786722
956, 0.00349247517685095
957, 0.00435384192193548
958, 0.00480340017626683
959, 0.00400879071094096
960, 0.00616912151842068
961, 0.00539593010519942
962, 0.00375634505568693
963, 0.00358941215866556
964, 0.00345710973488167
965, 0.00873772477886329
966, 0.00919683976098895
967, 0.00721831461414695
968, 0.0103089630138129
969, 0.0116182387961696
970, 0.00831683624225358
971, 0.00874297010401885
972, 0.0111372496467084
973, 0.0107071024831384
974, 0.0121162953631332
975, 0.0124395118715862
976, 0.00891405530273914
977, 0.00936244117716948
978, 0.014023882880186
979, 0.00846002670004964
980, 0.0112218876990179
981, 0.012396556402867
982, 0.0104167878162116
983, 0.00379465078003705
984, 0.00352504318580031
985, 0.00379701517522335
986, 0.0038321222915935
987, 0.00377267668955028
988, 0.00365587127938246
989, 0.00371688658682009
990, 0.00362614842985446
991, 0.00356584839755669
992, 0.0104270846849041
993, 0.00604551257233002
994, 0.0122771682217717
995, 0.00818691759680708
996, 0.0141118592582643
997, 0.00352898719055312
998, 0.0113495780554201
999, 0.00774041396964874
1000, 0.0155574905996521
1001, 0.00782404486866047
1002, 0.00935811013914645
1003, 0.00668652964911113
1004, 0.00467405817471445
1005, 0.00358784260849158
1006, 0.00376707385294139
1007, 0.00357357723017534
1008, 0.00396893487777561
1009, 0.00364897710581621
1010, 0.00583235535304993
1011, 0.00427770696114749
1012, 0.00517722071769337
1013, 0.00948343852845331
1014, 0.00794069104207059
1015, 0.00743297871667892
1016, 0.007292073375235
1017, 0.00906823241772751
1018, 0.00764954229816794
1019, 0.0113391901499459
1020, 0.0116905989901473
1021, 0.0111452960409224
1022, 0.0114354318939149
1023, 0.010838987538591
1024, 0.00990259802589814
1025, 0.00384370551910251
1026, 0.00980522390455008
1027, 0.00877277234879633
1028, 0.00799137501356502
1029, 0.0135636358366658
1030, 0.0123420379435023
1031, 0.0112963534581165
1032, 0.00927649096896251
1033, 0.00382630090462044
1034, 0.00364597686954464
1035, 0.00374386768089607
1036, 0.00453486122811834
1037, 0.0042582955211401
1038, 0.00386267960614835
1039, 0.00360582326538861
1040, 0.0144307836114118
1041, 0.00505664034668977
1042, 0.00411472789710388
1043, 0.00559103613098462
1044, 0.00502880519100775
1045, 0.00396414663797865
1046, 0.00370796577772126
1047, 0.009673696787407
1048, 0.00833892977486054
1049, 0.00420693637958417
1050, 0.00380826054606587
1051, 0.00457036572818955
1052, 0.00629266246687621
1053, 0.0109184524975717
1054, 0.00718589755706489
1055, 0.0105256258975714
1056, 0.00358026085887104
1057, 0.00831711470770339
1058, 0.00980758884300788
1059, 0.0110261463560164
1060, 0.0111483159319808
1061, 0.0112387364109357
1062, 0.0080574966656665
1063, 0.0112598962926616
1064, 0.0101820247558256
1065, 0.00866753002628684
1066, 0.0104821939021349
1067, 0.0122560085728765
1068, 0.0132137563390036
1069, 0.00829492160119116
1070, 0.00921521770457427
1071, 0.00980754871852696
1072, 0.00520132062956691
1073, 0.00367387770009892
1074, 0.0037995384967265
1075, 0.00391749606933445
1076, 0.00401492989234005
1077, 0.00784280057996511
1078, 0.00590829151527335
1079, 0.00471953620823721
1080, 0.0138153657317162
1081, 0.00601987172073374
1082, 0.00677313554721574
1083, 0.00539990359296401
1084, 0.00395521164006953
1085, 0.0100883946620992
1086, 0.00415698764845729
1087, 0.00445737522871544
1088, 0.00487891910597682
1089, 0.00867386837489903
1090, 0.0109797141049057
1091, 0.00766597373876721
1092, 0.00942035702367624
1093, 0.00870686940227946
1094, 0.01103858401378
1095, 0.00903332388649384
1096, 0.0108215234552821
1097, 0.0104894655135771
1098, 0.0107636866159737
1099, 0.0113261559357246
1100, 0.00865415879525244
1101, 0.0128757384760926
1102, 0.0097990056189398
1103, 0.00378272612579167
1104, 0.00394364277599379
1105, 0.0105119962245226
1106, 0.00415510020684451
1107, 0.00440033350605518
1108, 0.0134943351925661
1109, 0.0085087179738496
1110, 0.00819113408215344
1111, 0.00693631284714987
1112, 0.00653278928560515
1113, 0.013322454954808
1114, 0.00726680108346045
1115, 0.006466866703704
1116, 0.00571171535799901
1117, 0.00578914167514692
1118, 0.0046877870724226
1119, 0.00520626793149859
1120, 0.00432112291455269
1121, 0.0121200901921839
1122, 0.0082077201999103
1123, 0.0111505211486171
1124, 0.0101580638438463
1125, 0.010363282635808
1126, 0.00979679993664225
1127, 0.00940458127297461
1128, 0.0110235034953803
1129, 0.00916751388770839
1130, 0.0111358384601772
1131, 0.00912894991536935
1132, 0.0105257452620814
1133, 0.00463551352731884
1134, 0.0112877110950649
1135, 0.0050970323694249
1136, 0.00990421930328012
1137, 0.0121224631023194
1138, 0.00757279134510706
1139, 0.00701572594698519
1140, 0.00771916067848603
1141, 0.0069154513378938
1142, 0.00862993982930978
1143, 0.00425360666122288
1144, 0.0125426672554264
1145, 0.00551094704618057
1146, 0.00486219005792269
1147, 0.0108554183971137
1148, 0.00619073813625922
1149, 0.010824344586581
1150, 0.00978018742586885
1151, 0.00906579652801156
1152, 0.01018611753049
1153, 0.011287214467302
1154, 0.0105517924142381
1155, 0.0111691375107815
1156, 0.0111938139889389
1157, 0.00613155064638704
1158, 0.0119389714673162
1159, 0.0054134336921076
1160, 0.0128669964615256
1161, 0.0131352768124392
1162, 0.00977891005043473
1163, 0.00864203918414811
1164, 0.00804950917760531
1165, 0.00816925529701014
1166, 0.00902490015141666
1167, 0.00737397011835128
1168, 0.00740665329309801
1169, 0.0127458994587262
1170, 0.0066120465219553
1171, 0.0113000692799687
1172, 0.0105476637370884
1173, 0.0110355976170727
1174, 0.0111615279068549
1175, 0.0112067883989463
1176, 0.0124417964058618
1177, 0.0122110072212915
1178, 0.0117419778058926
1179, 0.00644554795386891
1180, 0.00992866543432077
1181, 0.00908899462471406
1182, 0.00842513780420025
1183, 0.00944501347839832
1184, 0.00860657426528633
1185, 0.00566980922594666
1186, 0.0123178586363792
1187, 0.00783288590610027
1188, 0.0114380341644088
1189, 0.0115556498989463
1190, 0.0115779663125674
1191, 0.0107494608188669
1192, 0.0120570286332319
1193, 0.0118780839256942
1194, 0.0102218211007615
1195, 0.0121562308631837
1196, 0.0104959627302984
1197, 0.00996412996513148
1198, 0.00945341765570144
1199, 0.00873967198034128
1200, 0.00982908609633644
1201, 0.00903453312015959
1202, 0.0119015994326522
1203, 0.0110942143946886
1204, 0.0107344409450889
1205, 0.0116184177653243
1206, 0.0118491671358546
1207, 0.00766422490899761
1208, 0.0112065890959154
1209, 0.0106992268003523
1210, 0.0103682698681951
1211, 0.0097045322569708
1212, 0.0103684686279545
1213, 0.0114959497004747
1214, 0.0114027625615043
1215, 0.0107632890343666
1216, 0.0117696308530867
1217, 0.00947936515634259
1218, 0.0107440631836653
1219, 0.0110264835723986
1220, 0.0112543721528103
1221, 0.00997185901117822
1222, 0.0113268161192536
1223, 0.0106163520365953
1224, 0.00807085172273219
