1, 0.00960314413532615
2, 0.02925950801
3, 0.0065791021916084
4, 0.0116009733173996
5, 0.012760522775352
6, 0.0191411999985576
7, 0.00482845399528742
8, 0.00628262886311859
9, 0.0278962010052055
10, 0.00911003490909934
11, 0.011781694367528
12, 0.0178012885153294
13, 0.00996540184132755
14, 0.0105354806873947
15, 0.0110627631656826
16, 0.0115519388734053
17, 0.0120204711953799
18, 0.0124767046266546
19, 0.0129056198832889
20, 0.0132937260592977
21, 0.0137038062481831
22, 0.0144034853049864
23, 0.0163533322047442
24, 0.0220738689725598
25, 0.0254986739406983
26, 0.0157861333961288
27, 0.009401084544758
28, 0.00649120503415664
29, 0.00821612422199299
30, 0.00968712731264532
31, 0.010612568895643
32, 0.0111085590130339
33, 0.0113485273905098
34, 0.0114507895583908
35, 0.0114844663379093
36, 0.0114857975083093
37, 0.0114789625319342
38, 0.0114769955010464
39, 0.0114803533845892
40, 0.011492671755453
41, 0.0115120632108301
42, 0.0115298849220077
43, 0.0115515013846258
44, 0.0115735351573676
45, 0.0115861711868395
46, 0.0115919280797243
47, 0.0115725214903553
48, 0.0115494745162626
49, 0.0115499519743025
50, 0.0115673166389267
51, 0.0116095965107282
52, 0.0116738102709254
53, 0.0117519713627795
54, 0.0118494449804227
55, 0.0119579654807846
56, 0.0120821022428572
57, 0.0122149808642765
58, 0.0123523497022688
59, 0.0124776383551459
60, 0.0126412535319105
61, 0.0127228521741927
62, 0.0127683500759304
63, 0.012867691150556
64, 0.0129982262539367
65, 0.0131454896181822
66, 0.0133232697844505
67, 0.0135080837644637
68, 0.0136752949717144
69, 0.0137995506326358
70, 0.0138469561934471
71, 0.0137793645262718
72, 0.0135858079108099
73, 0.0132778904711207
74, 0.0128795332275331
75, 0.0124363924066226
76, 0.0119829198035101
77, 0.011541329169025
78, 0.0111311298484604
79, 0.0107552230668565
80, 0.010410390018175
81, 0.0101232542656362
82, 0.00996986229438335
83, 0.00971198233310133
84, 0.00952371116727591
85, 0.0095276456947128
86, 0.00959126325324178
87, 0.00972513544062773
88, 0.00993542062739531
89, 0.0102254565184315
90, 0.0105857866195341
91, 0.0110098143729071
92, 0.0114907845854759
93, 0.0120546439041694
94, 0.0128132123500109
95, 0.0140590290538967
96, 0.0171688026748598
97, 0.0167954289354384
98, 0.0145806095873316
99, 0.00963894696906209
100, 0.00758032167019943
101, 0.00652206091520687
102, 0.00587296579033136
103, 0.00544289833245178
104, 0.00515079591423273
105, 0.00495616680321594
106, 0.00483675890912612
107, 0.00476249144412577
108, 0.0047231523009638
109, 0.00471560245690246
110, 0.00473268919934829
111, 0.00482744071632624
112, 0.00500526123990615
113, 0.00544385220079372
114, 0.00591592110383014
115, 0.00642130896449089
116, 0.00694692274555564
117, 0.00748155661858618
118, 0.00800160726066679
119, 0.0084489401585112
120, 0.00873631378635764
121, 0.00871950543175141
122, 0.00822136962475876
123, 0.00713338578740756
124, 0.0058150104014203
125, 0.00939051496485869
126, 0.0150768392098447
127, 0.0250793335338434
128, 0.0206587548988561
129, 0.0152315725572407
130, 0.0133019315544516
131, 0.012341362113754
132, 0.0115700584525863
133, 0.0108356294998278
134, 0.00987476279260591
135, 0.00957540872817238
136, 0.0100183904481431
137, 0.0105996946804225
138, 0.0113442361665269
139, 0.0122408890165389
140, 0.0131623769799868
141, 0.0139426413613061
142, 0.0143791064620018
143, 0.0144333468439678
144, 0.0142133259214461
145, 0.0138460026743511
146, 0.0134355256644388
147, 0.0130424128534893
148, 0.0127120832912624
149, 0.0124439815990627
150, 0.0122368357454737
151, 0.0120830557619532
152, 0.0119746546261013
153, 0.0118948643406232
154, 0.011843286609898
155, 0.0118050598539412
156, 0.0117842875188217
157, 0.0117822904139757
158, 0.0117934960871935
159, 0.0118010855900745
160, 0.0117981059787174
161, 0.0117884896074732
162, 0.0117698535323143
163, 0.0117448990543683
164, 0.0117114010887841
165, 0.0116630024276674
166, 0.0116219148039818
167, 0.00955768643567959
168, 0.015017234099408
169, 0.0242068013176322
170, 0.0247532178958257
171, 0.0154788917861879
172, 0.00944399981138607
173, 0.00496059749275446
174, 0.00504521614251037
175, 0.00518977742952605
176, 0.0053852410055697
177, 0.00562211001912753
178, 0.00595239914643268
179, 0.00644135591574013
180, 0.00728543739145001
181, 0.00904337766890725
182, 0.0135698346421123
183, 0.0153619680786505
184, 0.0154584276800354
185, 0.0131294753712912
186, 0.0123258458139996
187, 0.0120921158231795
188, 0.0121087652320663
189, 0.0121576809324324
190, 0.0120952155751487
191, 0.011840147121499
192, 0.0113419314535956
193, 0.0107281620924671
194, 0.0101490430533886
195, 0.00971436655769745
196, 0.00942989361161987
197, 0.00932951892415682
198, 0.0115145465048651
199, 0.0104275564663112
200, 0.0128138485985498
201, 0.0132450295301775
202, 0.0136910509318113
203, 0.0142691960403075
204, 0.0182563441007265
205, 0.0155321391454587
206, 0.01870636564369
207, 0.0239564827643335
208, 0.0119112548418343
209, 0.0114875854148219
210, 0.0114882212753097
211, 0.0114973602661242
212, 0.0115320702704291
213, 0.0115298648985724
214, 0.0114763796639939
215, 0.0113362685466806
216, 0.0110340928658843
217, 0.0104671136165659
218, 0.00958295802896222
219, 0.00854100896200786
220, 0.0119010825486233
221, 0.0117974300713589
222, 0.0117087780963629
223, 0.0116391997629156
224, 0.0115839663582544
225, 0.0115571838493148
226, 0.0115478655789047
227, 0.0115554746395598
228, 0.010856988063703
229, 0.0119985364532719
230, 0.012425385027503
231, 0.01284027324679
232, 0.013211153447628
233, 0.013497732191657
234, 0.0136735263901452
235, 0.0137330121360719
236, 0.0136854075826705
237, 0.0135687813938906
238, 0.0134162331620852
239, 0.0132511681100974
240, 0.0130855271127075
241, 0.012941859740143
242, 0.0128198489546776
243, 0.0127156598803898
244, 0.0126530155539513
245, 0.011899731742839
246, 0.0138403605669737
247, 0.0180370840243995
248, 0.0123624824918807
249, 0.0157985716747741
250, 0.0114275635375331
251, 0.0145506089708457
252, 0.0132768780458719
253, 0.0115836484668156
254, 0.0105437852907926
255, 0.0102895754389465
256, 0.0136137824350347
257, 0.0127016728123029
258, 0.0128076098238428
259, 0.0112053771348049
260, 0.012943806204324
261, 0.0132710559604069
262, 0.0136164449310551
263, 0.0125626746254663
264, 0.0132325910963118
265, 0.0135025208971153
266, 0.0135250907236089
267, 0.0133873642577479
268, 0.0130790695548058
269, 0.0129366542678326
270, 0.0126127427599082
271, 0.0114966652666529
272, 0.0115242027677596
273, 0.0114886779338121
274, 0.0111047643392036
275, 0.0107419508664558
276, 0.0115413093008101
277, 0.0115626275073737
278, 0.0115288321394473
279, 0.0114972610026598
280, 0.0113445737709602
281, 0.0115095400251448
282, 0.0115517200126002
283, 0.0115104142266015
284, 0.0108274434848378
285, 0.0115577997639775
286, 0.0115664740093052
287, 0.0115485809122523
288, 0.0120220010479291
289, 0.0115497730051478
290, 0.0116067156195641
291, 0.0116678102252384
292, 0.0122893873291711
293, 0.0121505085068444
294, 0.0118423918417344
295, 0.0117446404571335
296, 0.0115677339490503
297, 0.0124309483605127
298, 0.0125406527891755
299, 0.00799548754002899
300, 0.0109323081560433
301, 0.0125369371048042
302, 0.0108357685218964
303, 0.0115495942133878
304, 0.0122950697162499
305, 0.0118198616740604
306, 0.0139540862292051
307, 0.0182317529494564
308, 0.0147715637770792
309, 0.0161752135803302
310, 0.0127745097658286
311, 0.0198884843848646
312, 0.0124694375321269
313, 0.0111077845407029
314, 0.0114370407536626
315, 0.0121638600248843
316, 0.0132325711504867
317, 0.0134111864026636
318, 0.0135618074176212
319, 0.0136346445263674
320, 0.0135877356709292
321, 0.0134002192256351
322, 0.0127678535257777
323, 0.0130599364638329
324, 0.0129019046823184
325, 0.0131041430092106
326, 0.0126601678008835
327, 0.0125691913223515
328, 0.0125027725007385
329, 0.0117802044842392
330, 0.011502049708118
331, 0.0115811251259098
332, 0.0115193747139225
333, 0.0115362626189987
334, 0.0115077320951968
335, 0.0115616940893233
336, 0.0115273811388761
337, 0.0115437926724553
338, 0.011566044917951
339, 0.011594436597079
340, 0.0115934434191634
341, 0.0120492198814948
342, 0.0116413054056466
343, 0.0115439714863896
344, 0.0114964865303288
345, 0.0119573893025517
346, 0.0123759335838258
347, 0.0122281138319522
348, 0.0116964999275903
349, 0.0116277162451297
350, 0.0115778471032778
351, 0.0115512630436569
352, 0.0117879333750655
353, 0.0120879434980452
354, 0.011353534568722
355, 0.0179376633837819
356, 0.0123295129409858
357, 0.0117688002064824
358, 0.0148628189538916
359, 0.012765231464679
360, 0.01627650228329
361, 0.0122646712698042
362, 0.0133128792513162
363, 0.0180722903460264
364, 0.0124216697489222
365, 0.0125000100427618
366, 0.0128981497449179
367, 0.0120073784297953
368, 0.0127309785845379
369, 0.012369813863188
370, 0.0117283231312675
371, 0.0131050173658878
372, 0.0135647278899948
373, 0.0133386475499719
374, 0.0137245281754682
375, 0.0137463042046875
376, 0.0125980994974573
377, 0.0127449856760601
378, 0.0135970541741699
379, 0.0123643107557048
380, 0.0117332556595405
381, 0.011516096148019
382, 0.011855047972252
383, 0.0130413794734826
384, 0.0116073313013961
385, 0.0115815622266382
386, 0.0115104739088565
387, 0.011532751510718
388, 0.0115180634893477
389, 0.0115631836621712
390, 0.0127352497074753
391, 0.0116711876665552
392, 0.0115112090328087
393, 0.0121411106859644
394, 0.0116358221663783
395, 0.0118928778295716
396, 0.0115404392592609
397, 0.0115908801866074
398, 0.0115544019887845
399, 0.0116513391646246
400, 0.0117330772336572
401, 0.0121561110330125
402, 0.0120170537848026
403, 0.0113513248041272
404, 0.0145258930666993
405, 0.0161393713982155
406, 0.0133494566349934
407, 0.0127772119206687
408, 0.0174707404027383
409, 0.0140194326328735
410, 0.0186456269584596
411, 0.0122124661824533
412, 0.0122808441519737
413, 0.0125668672068665
414, 0.0124357763367395
415, 0.0127562704340865
416, 0.0125796824383239
417, 0.0123462698732813
418, 0.0192064470611513
419, 0.01300192073298
420, 0.0132960497867316
421, 0.0136098289707055
422, 0.0138672220831116
423, 0.0122367887757719
424, 0.012961986552303
425, 0.0133227733895183
426, 0.0139679141963522
427, 0.0139733774897953
428, 0.0115467926176886
429, 0.0120814066225042
430, 0.0124550881640365
431, 0.0118714984661589
432, 0.0130689761911829
433, 0.0116447237475465
434, 0.0116138678664962
435, 0.0115311964570234
436, 0.0115377208217978
437, 0.0115340971387923
438, 0.011528673581779
439, 0.0116909170368065
440, 0.0117553694484135
441, 0.0118328953782717
442, 0.0120990098609279
443, 0.0115617532283068
444, 0.0116841814015061
445, 0.0116143841296434
446, 0.0119494025129825
447, 0.0122296594083309
448, 0.016466654105378
449, 0.0140325853135437
450, 0.0166986216790974
451, 0.0133818813289205
452, 0.0148464868155619
453, 0.0122629230221113
454, 0.0174788464792073
455, 0.0121214176528156
456, 0.012145958840847
457, 0.0124263390122602
458, 0.0122914340657492
459, 0.0122038347180933
460, 0.0126358491058151
461, 0.0131882454734296
462, 0.0128048683649727
463, 0.0129120772859703
464, 0.0132675194957604
465, 0.0135850534619143
466, 0.0136719970032573
467, 0.0138648378973206
468, 0.0140492944046855
469, 0.0146978099032172
470, 0.0115907413419336
471, 0.012675903737545
472, 0.0133049712361147
473, 0.0122541209372381
474, 0.0116861283313483
475, 0.0119989931117743
476, 0.0115706347860396
477, 0.0117512963091334
478, 0.0115608991278956
479, 0.0115591311672082
480, 0.0118508957481633
481, 0.0117748999812951
482, 0.0115911740809679
483, 0.0116436896690478
484, 0.0118898772634566
485, 0.0147279530453185
486, 0.0139660863981893
487, 0.0158106316036234
488, 0.0163642798239986
489, 0.011978322041354
490, 0.0120172324435165
491, 0.0121639390320828
492, 0.0120787841733545
493, 0.0122996586530159
494, 0.0125232756448289
495, 0.0139367436058819
496, 0.012829067495962
497, 0.0132318558947494
498, 0.014201663279285
499, 0.0163463620468974
500, 0.0137215283854554
501, 0.0142651623270164
502, 0.0135624430452784
503, 0.0116556707459191
504, 0.012870293809101
505, 0.0124079807816694
506, 0.0116332198958844
507, 0.0118119537364691
508, 0.0116110266341517
509, 0.0121245010135074
510, 0.011939647141844
511, 0.0120255375125756
512, 0.0117241762733708
513, 0.0118264973474046
514, 0.013430311717093
515, 0.0153269966665123
516, 0.0159795709575216
517, 0.0120522994548082
518, 0.0119759462152918
519, 0.0119101031062504
520, 0.012183350433285
521, 0.0150627606282277
522, 0.0124174177957078
523, 0.0146270421488831
524, 0.0127381505444646
525, 0.0146155580878258
526, 0.0131695691961795
527, 0.0142449961664776
528, 0.0117304348386824
529, 0.0137950203913663
530, 0.0129725957134118
531, 0.0117309967588101
532, 0.0116715849532435
533, 0.0116085684193032
534, 0.0125304483808577
535, 0.0120136361413946
536, 0.0122247561812401
537, 0.0116803667818507
538, 0.0117847261551235
539, 0.0118898652493954
540, 0.0142932918854058
541, 0.015082560479641
542, 0.0118932509794831
543, 0.0118268552857141
544, 0.0119199265193726
545, 0.0120903477072716
546, 0.0150205634534359
547, 0.0144032601134053
548, 0.0137190840517481
549, 0.0116496106609702
550, 0.0147310523316264
551, 0.0145164046436548
552, 0.0117179174752285
553, 0.0117788532904039
554, 0.0111529250474026
555, 0.0118569757323712
556, 0.0123162091864894
557, 0.0135635399259627
558, 0.0126304850758364
559, 0.0130520683402816
560, 0.0142775604811807
561, 0.010198118397966
562, 0.010722261465465
563, 0.0112423917744309
564, 0.0131376606101791
565, 0.0136321809453269
566, 0.0155049193029602
567, 0.0187109146888057
568, 0.00851198208207885
569, 0.00813029368873686
570, 0.00747964923114826
571, 0.00762802513781935
572, 0.00871586962603033
573, 0.00860828339743117
574, 0.0111884493380785
575, 0.0121631048774968
576, 0.0116377098020166
577, 0.0107960521709174
578, 0.0104686832055449
579, 0.0102064627377937
580, 0.0100213702923308
581, 0.00991060522695382
582, 0.00986000088353952
583, 0.013790927749748
584, 0.00489540984078
585, 0.00527678022626787
586, 0.0055640348388503
587, 0.00598885712679476
588, 0.00662219644679378
589, 0.00760424265172333
590, 0.00930222007445991
591, 0.0121706939147164
592, 0.0118916403236134
593, 0.0180629696696997
594, 0.0241359511079888
595, 0.0126765788688014
596, 0.0136803012962143
597, 0.0117339911715438
598, 0.0109888729639351
599, 0.0181446904316545
600, 0.0122115236396591
601, 0.0145230121755352
602, 0.0158641966215024
603, 0.00811479651990036
604, 0.00757076525284598
605, 0.00945570242280761
606, 0.00558181716284404
607, 0.00659195706248283
608, 0.00711198795276384
609, 0.00867486178564529
610, 0.00893428106792271
611, 0.00913469182948271
612, 0.012848816656818
613, 0.015105289950346
614, 0.0115770123278101
615, 0.0119706414019068
616, 0.0109151222277433
617, 0.0106683392077684
618, 0.0105099102171759
619, 0.012404861394316
620, 0.0112217287532985
621, 0.010402184833462
622, 0.016147306188941
623, 0.00489656227485587
624, 0.00509115153302749
625, 0.00488777258433402
626, 0.00598520141405364
627, 0.00498122066104164
628, 0.00491531775332987
629, 0.00718057287546496
630, 0.00647515167171756
631, 0.00821203125330309
632, 0.00975199687915544
633, 0.0103868262709251
634, 0.0129366451874375
635, 0.0202380929142237
636, 0.00830020685680211
637, 0.0120006026700139
638, 0.0125037256317834
639, 0.00680800407038381
640, 0.0146405918058008
641, 0.0160717793429891
642, 0.0180336272654434
643, 0.00511233105013768
644, 0.00607589985399197
645, 0.0106315436617782
646, 0.00913785072043538
647, 0.00975122240682443
648, 0.0114906450423102
649, 0.00731422647368163
650, 0.00782851529462884
651, 0.0130408830009401
652, 0.010290486117204
653, 0.0129203024165084
654, 0.0126079141627997
655, 0.0119737805022548
656, 0.0123039306296657
657, 0.0116477031260729
658, 0.0113534547854215
659, 0.0111298182358344
660, 0.0110419670652066
661, 0.0139403962530196
662, 0.00565910440248748
663, 0.0135000771066795
664, 0.00524264678824693
665, 0.00526551502601554
666, 0.0104555703389148
667, 0.00889585539698601
668, 0.00778856000397354
669, 0.00700303039047867
670, 0.0054506470526879
671, 0.00527906520957393
672, 0.0053289740656813
673, 0.0121676702052355
674, 0.00983929801732302
675, 0.0129034548066556
676, 0.0179424144194594
677, 0.0118310671144476
678, 0.00813241947131852
679, 0.0129650260011355
680, 0.0123783370945603
681, 0.0158722826745361
682, 0.01726750874271
683, 0.00758546722742418
684, 0.0101510107827683
685, 0.0127084106206894
686, 0.0112893010179202
687, 0.00705605877252917
688, 0.00629909938046088
689, 0.00863423128612339
690, 0.0112802207780381
691, 0.0136805598934491
692, 0.0108163855969906
693, 0.0128910761171331
694, 0.00645156810060143
695, 0.0126319155097008
696, 0.0127989274915308
697, 0.0115311405621469
698, 0.0123732908007999
699, 0.0117817344143987
700, 0.0131477537409713
701, 0.0120723272363345
702, 0.00571803348915031
703, 0.00557146165519953
704, 0.00563625583890826
705, 0.0109106518017749
706, 0.00952243936869005
707, 0.00837717593337099
708, 0.00608168146573007
709, 0.00584719683198879
710, 0.0146485116332769
711, 0.0136558637799074
712, 0.00863081387554606
713, 0.0129201634942243
714, 0.0122829298488796
715, 0.01617912746345
716, 0.00577428040560335
717, 0.0116986851207912
718, 0.00800768674040834
719, 0.00736910248330484
720, 0.0116175238508731
721, 0.00659153982996941
722, 0.00931058513621489
723, 0.0145978157718976
724, 0.017042441215987
725, 0.0127293894377848
726, 0.0118330345333864
727, 0.0128617508647343
728, 0.00754412131694456
729, 0.0129732314962894
730, 0.0129708674115439
731, 0.0121916725433299
732, 0.0127691454254091
733, 0.0127867485862225
734, 0.0124835792618493
735, 0.0062694560814028
736, 0.00605443638882467
737, 0.0114913685912532
738, 0.00612257025204599
739, 0.00652871653437614
740, 0.00995346034566561
741, 0.00694076328848799
742, 0.0146388013048896
743, 0.0144562546629459
744, 0.00949790258891881
745, 0.0136205379385501
746, 0.00867152377031744
747, 0.0128913742955774
748, 0.00790773248965187
749, 0.0104797899257392
750, 0.006887580268085
751, 0.0154029951275637
752, 0.0132709087670914
753, 0.0157419671304524
754, 0.0127939205461492
755, 0.00891244551166892
756, 0.0124626421369612
757, 0.0131573701122155
758, 0.00699601694941521
759, 0.0133479658979923
760, 0.0128478311002254
761, 0.00744289287831634
762, 0.012423834996298
763, 0.00669008617599805
764, 0.0113635314628482
765, 0.0131934105884284
766, 0.00807509951603909
767, 0.0148475195746869
768, 0.0107893765283128
769, 0.0142262403387576
770, 0.00968810069995622
771, 0.0146282938309014
772, 0.00877380520105362
773, 0.0151348533884933
774, 0.01194217056036
775, 0.00708546380822857
776, 0.0146107101657738
777, 0.0127704959983627
778, 0.0104803654830903
779, 0.00796749306997905
780, 0.0133858548166851
781, 0.00745574765217801
782, 0.00862709836413463
783, 0.0138288248729493
784, 0.00653767709930738
785, 0.00946988825065394
786, 0.0142725730935733
787, 0.0142301349745442
788, 0.0110199865108977
789, 0.0125901045144669
790, 0.00979159699220743
791, 0.0134928645566106
792, 0.0129402425140142
793, 0.0136392939214905
794, 0.0127001824633529
795, 0.0119804674759507
796, 0.00919638224877417
797, 0.00845168150650958
798, 0.0135923648873965
799, 0.0100392717091988
800, 0.0109268045828988
801, 0.0136972928419709
802, 0.0124833405328294
803, 0.0111742033623159
804, 0.0123124144572232
805, 0.012090255971998
806, 0.0106865781514595
807, 0.0115050888465097
808, 0.0231208250237008
809, 0.0120051959529519
810, 0.0115653496080389
811, 0.0114716111371915
812, 0.0131879670079798
813, 0.0145815638825297
814, 0.017826699729388
815, 0.0119192026710759
816, 0.011997781538715
817, 0.0116103706726183
818, 0.0116157073527575
819, 0.0115910787911465
820, 0.0121045532481124
821, 0.011513036598141
822, 0.0126850429611901
823, 0.0114613395029058
824, 0.0114342990176131
825, 0.0142250286104778
826, 0.0138137363828719
827, 0.0131033482030034
828, 0.0122637771225224
829, 0.0114656311925501
830, 0.0108153639982144
831, 0.0102706769636522
832, 0.0117793701744328
833, 0.0117964768627038
834, 0.0118031920865178
835, 0.0118001718850185
836, 0.0117917679405461
837, 0.0115411304092656
838, 0.012252193953221
839, 0.0124428887696316
840, 0.0114860952987025
841, 0.0129823714960366
842, 0.0133247204745809
843, 0.0114482266362756
844, 0.0136854671873152
845, 0.0140133923074851
846, 0.0113994303004195
847, 0.011321030324325
848, 0.0141992395122846
849, 0.0111554882023484
850, 0.0108230332843959
851, 0.0102299669912706
852, 0.00928727948727707
853, 0.00808721916594853
854, 0.00773008831311017
855, 0.0179956333179559
856, 0.0118652409873903
857, 0.011904340935871
858, 0.0118253455342104
859, 0.0119293353054672
860, 0.0121911787427962
861, 0.0127302832746257
862, 0.0130058748958011
863, 0.0136864808543275
864, 0.0139918743322293
865, 0.0119966889421145
866, 0.0133849604365726
867, 0.0126351140594731
868, 0.011798741761595
869, 0.0120825194753706
870, 0.0123301368827621
871, 0.0125085339726259
872, 0.0133302037138492
873, 0.0140214785157392
874, 0.0141894445599367
875, 0.0117527867356936
876, 0.011811318108812
877, 0.0117238982735823
878, 0.0116398755150537
879, 0.0117890064915021
880, 0.0116830293554813
881, 0.0118052389007062
882, 0.0114327689322333
883, 0.0116522505081126
884, 0.0115539454078923
885, 0.0111622830542425
886, 0.0106703855562955
887, 0.0116146225482225
888, 0.0114848434459418
889, 0.0113543093514939
890, 0.0101552427901576
891, 0.0115185200702399
892, 0.0116361001661668
893, 0.0114627697039396
894, 0.0115847610868514
895, 0.0113988541221867
896, 0.0112778764062872
897, 0.010963819300135
898, 0.0103274204302579
899, 0.0122719826952865
900, 0.0149915440318485
901, 0.0114177886862308
902, 0.0106992264278233
903, 0.0174594156754514
904, 0.0113574117422104
905, 0.0118110883714897
906, 0.0196944989264011
907, 0.0100193047430366
908, 0.0124401051018919
909, 0.0179603645311935
910, 0.0123666788451374
911, 0.0118372465949506
912, 0.0122691614087671
913, 0.0130034907876203
914, 0.0139564898175498
915, 0.0124300743142764
916, 0.0126676386377464
917, 0.0134493532435348
918, 0.0121596277846644
919, 0.012017033683757
920, 0.0120784862277408
921, 0.011965654635181
922, 0.0119202557640771
923, 0.0138314192493757
924, 0.0143692917966594
925, 0.0143779539503157
926, 0.0131091695899765
927, 0.011876168117548
928, 0.0117357791556666
929, 0.0116977913615604
930, 0.0118203981158634
931, 0.0118034508389731
932, 0.0117639721526454
933, 0.0118246340192854
934, 0.0113316598969201
935, 0.0110619681266447
936, 0.0111653823405504
937, 0.0112603921443224
938, 0.011383297542731
939, 0.0115730981342494
940, 0.0114351732966801
941, 0.0114826380740851
942, 0.0115291495652248
943, 0.0116084439990421
944, 0.0116398555692285
945, 0.0116608760630091
946, 0.0109781244148811
947, 0.0114354710094631
948, 0.0116680646315217
949, 0.0110361195014169
950, 0.0134547969792038
951, 0.0174086126498878
952, 0.0123722779098898
953, 0.0136552904067295
954, 0.0118424745409616
955, 0.0144553011438499
956, 0.0139490192911277
957, 0.0146736729269226
958, 0.0121238854092856
959, 0.012351793780302
960, 0.0120062058170637
961, 0.0119145338733991
962, 0.0127268257395675
963, 0.0132698242863019
964, 0.0119553433420757
965, 0.0119309647319218
966, 0.0118992747738957
967, 0.0118840358530482
968, 0.014970265639325
969, 0.0117476605810225
970, 0.0118256830610335
971, 0.0118780953343958
972, 0.0117779000817488
973, 0.0111952641357978
974, 0.0114385703733812
975, 0.0115854962108036
976, 0.0116282721670965
977, 0.0112697901204228
978, 0.0113379980903119
979, 0.0112015026000639
980, 0.0114049936334292
981, 0.0111583292018622
982, 0.0114742542306582
983, 0.0115331826576342
984, 0.0120570482686162
985, 0.0116639555587123
986, 0.0116880359128118
987, 0.0117016543767282
988, 0.0153474430553615
989, 0.0170642764617999
990, 0.0139024287151794
991, 0.0130746191522727
992, 0.0150523613362263
993, 0.0157333443251749
994, 0.012064221004645
995, 0.0124600156365583
996, 0.0118439620515953
997, 0.0117552496958524
998, 0.0117415212250004
999, 0.0117657407342146
1000, 0.0117962781805545
1001, 0.0118168216819564
1002, 0.0118283051997423
1003, 0.0117616874631494
1004, 0.0118645254212121
1005, 0.0117982650796572
1006, 0.0116995397644738
1007, 0.0123361571071049
1008, 0.0113861383094142
1009, 0.0112733263522387
1010, 0.0113171362318099
1011, 0.0112704454610745
1012, 0.0113880455804368
1013, 0.0114618758670986
1014, 0.0116031985574712
1015, 0.0115351497661322
1016, 0.0116562472345928
1017, 0.0116949300281703
1018, 0.0117281866925103
1019, 0.0131906693956504
1020, 0.0153490335990985
1021, 0.0166634857388479
1022, 0.0152506611309946
1023, 0.014975765440613
1024, 0.0128475852931539
1025, 0.0138018952372173
1026, 0.0154101285152137
1027, 0.0122007751682152
1028, 0.0118080996908247
1029, 0.0116109080457439
1030, 0.0115426799748093
1031, 0.0115559718882044
1032, 0.0116055430844426
1033, 0.0116699957288802
1034, 0.0117259841257085
1035, 0.0117877065204084
1036, 0.0117605943232775
1037, 0.0118490242399275
1038, 0.0118280275103947
1039, 0.0118290209987511
1040, 0.0117252134718001
1041, 0.0133771921973675
1042, 0.0117202027856062
1043, 0.0117453119717538
1044, 0.0149148254655302
1045, 0.0153842992925396
1046, 0.0136012663909545
1047, 0.0116830292002608
1048, 0.0117838604686161
1049, 0.0116255302758267
1050, 0.0125950204674155
1051, 0.0119490253273398
1052, 0.0115504682374497
1053, 0.011584741063416
1054, 0.0114765982143581
1055, 0.0114236891580125
1056, 0.0113847673249741
1057, 0.0114155832367639
1058, 0.00896169912690918
1059, 0.00749653698100398
1060, 0.0129458927549422
1061, 0.0119584477173963
1062, 0.0178170633347084
1063, 0.0143402845133096
1064, 0.0171248343928407
1065, 0.0225679517413179
1066, 0.00526444218121469
1067, 0.00736550621998807
1068, 0.00791555802182605
1069, 0.00841822389823695
1070, 0.00879297824576497
1071, 0.00883128424175084
1072, 0.00832299538888037
1073, 0.00754817427756886
1074, 0.0113372629663597
1075, 0.00881711828211943
1076, 0.00736393690264473
1077, 0.00656306867798169
1078, 0.00606811174657196
1079, 0.00572886189911515
1080, 0.00548597285524011
1081, 0.00530133733991534
1082, 0.00986375589855015
1083, 0.0100949228120347
1084, 0.0104633983379851
1085, 0.0109679912372182
1086, 0.011518023442477
1087, 0.011954190597559
1088, 0.0121647740403811
1089, 0.0121963450219482
1090, 0.0121597475372255
1091, 0.0121603632190575
1092, 0.0123695158399642
1093, 0.0129382237792015
1094, 0.0138662485405803
1095, 0.00681390493021657
1096, 0.00976707669906318
1097, 0.00887777555423478
1098, 0.00627297275544455
1099, 0.0057501804161196
1100, 0.00787405332084745
1101, 0.00947628604869048
1102, 0.00842791966473063
1103, 0.0093518712092191
1104, 0.00918402429670095
1105, 0.00605466104267786
1106, 0.00789793522562832
1107, 0.00702415057457983
1108, 0.00645357506194462
1109, 0.00579460574469219
1110, 0.00925950426608324
1111, 0.0123136666758607
1112, 0.0115510841521124
1113, 0.0121836291315655
1114, 0.0122673139752199
1115, 0.0125972058158368
1116, 0.0121345745865256
1117, 0.0124232795399924
1118, 0.0120496175562342
1119, 0.0110738101260116
1120, 0.0123725558320681
1121, 0.0129326808576783
1122, 0.0142828649065147
1123, 0.0119792838425686
1124, 0.0111331560959419
1125, 0.0161818493312846
1126, 0.0120064896930541
1127, 0.0178683827010294
1128, 0.0156668652780354
1129, 0.0170209438850482
1130, 0.00672117993235588
1131, 0.0090111312456429
1132, 0.00941989958907167
1133, 0.00849125968913237
1134, 0.00978058731804291
1135, 0.0110801081173122
1136, 0.0102510671907415
1137, 0.00729032497232159
1138, 0.00562199627581452
1139, 0.00682689882038782
1140, 0.00637902951954554
1141, 0.00745765500081082
1142, 0.00981128440859417
1143, 0.00840022368356586
1144, 0.00991296884603798
1145, 0.0122110072989017
1146, 0.012495500423635
1147, 0.0120200143040468
1148, 0.0127910597560306
1149, 0.0119957553688437
1150, 0.0121232095795373
1151, 0.0129406875154624
1152, 0.0117532548361591
1153, 0.0121566476300359
1154, 0.0126956130067507
1155, 0.0108078400205289
1156, 0.0128919108926008
1157, 0.0158729383256286
1158, 0.0118171195499599
1159, 0.00614867724167804
1160, 0.014616921544075
1161, 0.0152560898568481
1162, 0.00669496536387929
1163, 0.0101540304409961
1164, 0.010751308950906
1165, 0.00728813962390025
1166, 0.00968877660731475
1167, 0.0116645914192001
1168, 0.00919862766750157
1169, 0.0078906233732899
1170, 0.006086660688743
1171, 0.0087987599739184
1172, 0.0124969330749341
1173, 0.00782778024828682
1174, 0.00715987019551297
1175, 0.0100506565067917
1176, 0.0113619589246809
1177, 0.013641400107493
1178, 0.0132261145239075
1179, 0.0127004211147626
1180, 0.0122337565602114
1181, 0.0113727111369371
1182, 0.0118734658074876
1183, 0.0134211208981772
1184, 0.011674287263304
1185, 0.0115621707712611
1186, 0.0116268657147884
1187, 0.0142561822043111
1188, 0.0128215405025652
1189, 0.0104437606409192
1190, 0.00515289399772882
1191, 0.0130541149216394
1192, 0.00813588230604572
1193, 0.00798370599901924
1194, 0.0120076758321375
1195, 0.0103645854230438
1196, 0.0141540793702006
1197, 0.0144845785440079
1198, 0.0128064379096031
1199, 0.0161920619818072
1200, 0.013610893394798
1201, 0.00899984625478586
1202, 0.0121954507970562
1203, 0.00859602463121215
1204, 0.011673909612
1205, 0.0110224507128199
1206, 0.00738134537823498
1207, 0.0111181556712836
1208, 0.0104918895134081
1209, 0.0100152907737841
1210, 0.011297486256808
1211, 0.0153177212147663
1212, 0.0123271960099893
1213, 0.00929149147123098
1214, 0.0133613884848143
1215, 0.0120244764722884
1216, 0.0114571275189519
1217, 0.0150345989968628
1218, 0.014739254117012
1219, 0.0141167906112969
1220, 0.0104191323875317
1221, 0.0100640553981066
1222, 0.00947376832898174
1223, 0.0110032778078069
1224, 0.00868690181523562
1225, 0.0131223698146641
1226, 0.0113392889034003
1227, 0.0103537102229893
1228, 0.0107835151720792
