1, 0.00862217065878212
2, 0.0416201408952475
3, 0.0064748537261039
4, 0.0096968428697437
5, 0.0195491351187229
6, 0.0547245796769857
7, 0.00387322972528636
8, 0.00124204182066023
9, 0.0452144226680199
10, 0.00722026929724962
11, 0.0111817140132189
12, 0.021673921495676
13, 0.00918407245938267
14, 0.00995801039971411
15, 0.010623556173717
16, 0.0112611471364895
17, 0.0118606312510868
18, 0.0124302729964256
19, 0.0129525285835067
20, 0.0134412075082461
21, 0.0139289723398785
22, 0.0144893156054119
23, 0.0154401094187051
24, 0.018401308140407
25, 0.0269474626208345
26, 0.0375449111064275
27, 0.0383485020138323
28, 0.0304581373929977
29, 0.0206703782702486
30, 0.0129406478566428
31, 0.00807130453176796
32, 0.00584022304974496
33, 0.00498753861756995
34, 0.0045291591474476
35, 0.00423918251181021
36, 0.00562171234438817
37, 0.00700885177745173
38, 0.00804199922519425
39, 0.00872115433836977
40, 0.0091646327637136
41, 0.0094307082084318
42, 0.00958204409107566
43, 0.00965760314526657
44, 0.00969171702551345
45, 0.00970069722582897
46, 0.00969648512545973
47, 0.00970864435657859
48, 0.00973185089727243
49, 0.00974913593381643
50, 0.00974941408882538
51, 0.00976216917236646
52, 0.0097924090611438
53, 0.00986429257318377
54, 0.00998803166051706
55, 0.0101746340903143
56, 0.0104597827109198
57, 0.0108523387461901
58, 0.0113457458404203
59, 0.0119548263028264
60, 0.0126660292347272
61, 0.0134815002481143
62, 0.0143871735781431
63, 0.0153654447446267
64, 0.0163612396766742
65, 0.0180510317441076
66, 0.0188214424997568
67, 0.0188787821680307
68, 0.019361976844569
69, 0.0193295910333594
70, 0.0181715119009217
71, 0.0162270093957583
72, 0.0147024022104839
73, 0.0139135150238872
74, 0.0131137392794093
75, 0.012337170386066
76, 0.0116061788673202
77, 0.0109382091710965
78, 0.0103500698072215
79, 0.00985729818542798
80, 0.00945488751555482
81, 0.00914458589007457
82, 0.008929293602705
83, 0.00896209618076682
84, 0.00886583452423414
85, 0.00899760083605846
86, 0.00917991204187274
87, 0.00943263495961825
88, 0.00975485766927401
89, 0.0101585006341338
90, 0.0106430469701687
91, 0.0111793301378687
92, 0.0117230438627303
93, 0.0127490788387756
94, 0.0163260729362567
95, 0.0321961985900998
96, 0.0353176239877939
97, 0.0166940321214497
98, 0.0116225102295478
99, 0.00951016088947654
100, 0.00819544113862018
101, 0.00723850835735599
102, 0.00645172712393105
103, 0.00578502930390338
104, 0.00522490435590347
105, 0.00473908676455418
106, 0.00433707322614888
107, 0.00401640008203685
108, 0.00377535889856517
109, 0.00361816162088265
110, 0.00355931196827441
111, 0.00357810741600891
112, 0.0036533682141453
113, 0.0037454772197331
114, 0.00382419500965625
115, 0.00370095523872546
116, 0.00327917002141476
117, 0.00273299271551271
118, 0.00198378210188821
119, 0.00101943841339865
120, 5.34257439236778e-05
121, 0.000155598019773606
122, 0.00042793168904609
123, 0.00165613539866172
124, 0.00465802440885454
125, 0.00957199116237462
126, 0.0155778361173968
127, 0.0230642200137178
128, 0.0341504067182541
129, 0.037997808928291
130, 0.0252746377761165
131, 0.0161520670323322
132, 0.0130522474646568
133, 0.0114954332044969
134, 0.0101956146148344
135, 0.00854070615605451
136, 0.00766261527314782
137, 0.00798146069670717
138, 0.00865002643937866
139, 0.00965333171188831
140, 0.0109210036074122
141, 0.0122195508641501
142, 0.0132886990904808
143, 0.0139258725879093
144, 0.0141491523633401
145, 0.0140566453337669
146, 0.0137692315814396
147, 0.0133645556246241
148, 0.0129076268834372
149, 0.0124344454767803
150, 0.0119814896024764
151, 0.0115973575351139
152, 0.0113196396268904
153, 0.0111224373104051
154, 0.0110029396601021
155, 0.0107061086843411
156, 0.0104382056742907
157, 0.010216833713154
158, 0.0100511329558988
159, 0.00991960490743319
160, 0.00983019809549054
161, 0.00976220906401674
162, 0.00970908161252737
163, 0.00968535880868634
164, 0.00967049784958363
165, 0.00968194240704179
166, 0.00500831112731248
167, 0.00609990077403684
168, 0.00834663879747192
169, 0.0131853845280906
170, 0.0204820279031992
171, 0.0292535697420438
172, 0.0396298250804345
173, 0.0373950069770217
174, 0.0252536969880263
175, 0.0154584273695946
176, 0.00882419066814085
177, 0.00466473959386349
178, 0.00244164503722762
179, 0.0007025153900031
180, 0.00379511783830822
181, 0.00376168960550179
182, 0.0036867466988042
183, 0.00365738155475507
184, 0.00375179527327418
185, 0.00402049308953186
186, 0.00454119934389989
187, 0.00530962234673401
188, 0.00630939130981763
189, 0.00757479830645025
190, 0.0093686201920112
191, 0.015343579580076
192, 0.0204246084516247
193, 0.0233982453743617
194, 0.0247817890097698
195, 0.0255605423202117
196, 0.0246792680894335
197, 0.0209772627179821
198, 0.0161132042606672
199, 0.0126322136881451
200, 0.0109633632625143
201, 0.00976137537509203
202, 0.00876057349766294
203, 0.00799211029273768
204, 0.0147318267263472
205, 0.00816512235905975
206, 0.00616328026323269
207, 0.00960302523647746
208, 0.0127680127819379
209, 0.0132987921436628
210, 0.0138204522275676
211, 0.0144120084587485
212, 0.0153230656093607
213, 0.017717325516666
214, 0.0215580496005714
215, 0.0231672964679698
216, 0.0317002983453373
217, 0.0108161783233906
218, 0.0295686178530256
219, 0.00912531364398698
220, 0.00863772778150936
221, 0.00791810084289561
222, 0.0068829864806806
223, 0.00574376267225792
224, 0.00494187296966889
225, 0.0149023958171407
226, 0.0139516019262373
227, 0.0130877320189029
228, 0.0123273553326726
229, 0.0116691011935472
230, 0.0111214139033109
231, 0.0106784522843858
232, 0.010334533561642
233, 0.0100929954399665
234, 0.00993079117809733
235, 0.00983236411896845
236, 0.00978319020941854
237, 0.00976216963802775
238, 0.00975128193385899
239, 0.0097451425002267
240, 0.00972193626997372
241, 0.00970574406286081
242, 0.0137282635550946
243, 0.0144826401180277
244, 0.015737079627191
245, 0.0174882242766519
246, 0.0187145105252663
247, 0.018828137156864
248, 0.0183109080729385
249, 0.0179730096521477
250, 0.0159790347485493
251, 0.00975020873981217
252, 0.00979499200669428
253, 0.00983824487775564
254, 0.0102874856286993
255, 0.0144955143332481
256, 0.011491300460572
257, 0.0105975885720303
258, 0.0135815965477377
259, 0.0127815630597373
260, 0.012080651630337
261, 0.0110000192653388
262, 0.0100649811793119
263, 0.00992105575278401
264, 0.00976805078486601
265, 0.0169764315709472
266, 0.0132481082497785
267, 0.0145298867331197
268, 0.0180933910111586
269, 0.011607192379112
270, 0.0122024842227499
271, 0.0109727799426764
272, 0.0224574056143562
273, 0.0155780940161397
274, 0.0138563741153727
275, 0.0130135641278078
276, 0.00943374820053577
277, 0.00924472976475954
278, 0.0100532785678903
279, 0.0116476437542588
280, 0.0123192893030743
281, 0.0145517413814863
282, 0.0158051083950947
283, 0.0172266596928239
284, 0.0180023747185866
285, 0.0179279282068213
286, 0.0173899363726377
287, 0.00943190053415795
288, 0.00959803831453125
289, 0.00817567230357478
290, 0.00872059795074165
291, 0.00753269693814218
292, 0.00971857885209223
293, 0.00971479555591941
294, 0.00968426613447567
295, 0.00914009551828106
296, 0.00972207550269862
297, 0.0173436029193302
298, 0.0118446537027402
299, 0.0141123215933996
300, 0.0228577891054253
301, 0.00913870454921077
302, 0.00973476822088872
303, 0.0168375488636749
304, 0.00998829285215054
305, 0.0261003423171739
306, 0.0125753109653791
307, 0.0132934279584636
308, 0.0140742293248574
309, 0.0109629450986783
310, 0.0119523029619207
311, 0.0114178279569993
312, 0.010589799998949
313, 0.0100781935422371
314, 0.00993903633207083
315, 0.00980266106004516
316, 0.0102956114181628
317, 0.00985517259687185
318, 0.00976477229657272
319, 0.0155004882253706
320, 0.0120425647279869
321, 0.0102886775663743
322, 0.0114075165862838
323, 0.022641901858151
324, 0.0186385940760374
325, 0.0139153427444398
326, 0.0159320067614317
327, 0.0146940577154358
328, 0.0126505319494754
329, 0.0138037033223857
330, 0.0101881842128932
331, 0.0105061947057645
332, 0.0110345898040881
333, 0.0104946511176725
334, 0.0125346207836022
335, 0.0164711104395489
336, 0.0170267255355914
337, 0.0175193377460043
338, 0.01727078606685
339, 0.0161130654159933
340, 0.0131691324835022
341, 0.00943686758788923
342, 0.00973997668673595
343, 0.00973824822964768
344, 0.0097001805746307
345, 0.00908931205049157
346, 0.00919495150446892
347, 0.00936053320765495
348, 0.00961047581707438
349, 0.00722463233396411
350, 0.00912772247102112
351, 0.0248248426554104
352, 0.0110001782110582
353, 0.0106407419467966
354, 0.00996995150732497
355, 0.0114338616064439
356, 0.00979983946308494
357, 0.0101160426468899
358, 0.0138642219050477
359, 0.0131300118130942
360, 0.00986913995196422
361, 0.0119320771191269
362, 0.015189207491598
363, 0.0124929173228641
364, 0.0103420235682279
365, 0.0191947055670122
366, 0.016337675973773
367, 0.0119178118184209
368, 0.0125679595706364
369, 0.0227271158558627
370, 0.0132269884149233
371, 0.0148395725215475
372, 0.0107521236253281
373, 0.00974428802728653
374, 0.016219141613692
375, 0.0148595601009826
376, 0.00952233995000521
377, 0.0119258585230758
378, 0.0108771342008064
379, 0.0171694778837264
380, 0.0163040586436788
381, 0.0155586826149374
382, 0.0173957572939495
383, 0.0110453217556434
384, 0.0134018484968692
385, 0.011363786412403
386, 0.0140299027164777
387, 0.0101486259760956
388, 0.00993528108422955
389, 0.00975664604144792
390, 0.00975929140778524
391, 0.0097192939526091
392, 0.00964625839454432
393, 0.0106276534497738
394, 0.0112298150391628
395, 0.00668709352612495
396, 0.0243484623109301
397, 0.0111080426722765
398, 0.0107424870754282
399, 0.0115270833484828
400, 0.00986375280522874
401, 0.0099931574271371
402, 0.0101691304395596
403, 0.013735654608657
404, 0.0120021520803372
405, 0.0104243176368376
406, 0.0130862420580039
407, 0.0145524769090116
408, 0.0125225010172774
409, 0.0226526500967642
410, 0.013214491152515
411, 0.0196483172476292
412, 0.0125083747164657
413, 0.0139713910563538
414, 0.0166972707180927
415, 0.0098332977698495
416, 0.016631526639685
417, 0.0128091597774376
418, 0.0113052152252446
419, 0.0157223771481464
420, 0.0167899560183287
421, 0.0147351563375975
422, 0.0143692517497887
423, 0.0122424987299989
424, 0.0117227653196702
425, 0.0153803251838932
426, 0.0108641404658556
427, 0.00979769385109345
428, 0.0098022041687121
429, 0.00980637626101573
430, 0.0218976970451574
431, 0.0118267756576339
432, 0.0112680017482489
433, 0.0236793599712352
434, 0.0116842409285406
435, 0.010873955519249
436, 0.0100000634789467
437, 0.0121429782981674
438, 0.0102068006526679
439, 0.0105202217431118
440, 0.013804199717318
441, 0.0131847883264224
442, 0.0126451475856205
443, 0.0114706774863104
444, 0.0104513582773507
445, 0.0149648219812661
446, 0.0132399819170435
447, 0.0223437193781137
448, 0.019894484585772
449, 0.0140042923546086
450, 0.00978729873895645
451, 0.0175467565034827
452, 0.0137128461307536
453, 0.0117085480131209
454, 0.0144603992812335
455, 0.0151131181822469
456, 0.01603168520766
457, 0.0125957948621362
458, 0.0121102357904116
459, 0.0131327935184042
460, 0.0172706477654477
461, 0.00991990339631836
462, 0.0100212511606514
463, 0.0101769584386299
464, 0.0174167013860175
465, 0.0124928125047258
466, 0.0118896980614712
467, 0.0114582602400333
468, 0.0123320640219996
469, 0.0120288354810327
470, 0.0227775618744393
471, 0.0102173278241285
472, 0.0110293646187832
473, 0.0106175164692104
474, 0.0143576547104333
475, 0.012809000754108
476, 0.0133248787994186
477, 0.0170133936529358
478, 0.0140378896612674
479, 0.0105989194319894
480, 0.0217415931013723
481, 0.0150896538204203
482, 0.0113520841890325
483, 0.0163264108511309
484, 0.0148871173150837
485, 0.0129812189067403
486, 0.01351585246933
487, 0.017858886004736
488, 0.0140772289596498
489, 0.0175492458843759
490, 0.0215536189886431
491, 0.0104472255334258
492, 0.0108243642995755
493, 0.0123653236466149
494, 0.012137514927114
495, 0.0125737211977442
496, 0.0127742111993333
497, 0.0116986458500226
498, 0.0121771117361883
499, 0.0130128485616297
500, 0.0112203720158764
501, 0.0216189459897578
502, 0.0135406276676804
503, 0.0199413532391191
504, 0.0207148032883803
505, 0.0133278397843242
506, 0.0152787597229083
507, 0.0173097487228612
508, 0.0168791443575174
509, 0.0140533819129424
510, 0.0144220381043851
511, 0.018070462346077
512, 0.0156886606876339
513, 0.0116640551326176
514, 0.0110673129092902
515, 0.0145779671147466
516, 0.0106470840983093
517, 0.0138157865963876
518, 0.0110041636042297
519, 0.0149091267958283
520, 0.014197053698202
521, 0.0128676318563521
522, 0.0124149150991191
523, 0.013280354362602
524, 0.0134662209699551
525, 0.0131153088683883
526, 0.0119604136794806
527, 0.0138487239213039
528, 0.0196253491255144
529, 0.0202834843657911
530, 0.0209427120474478
531, 0.0150525993667543
532, 0.0176024474203587
533, 0.0184920060758789
534, 0.0125556611455977
535, 0.0198295953062673
536, 0.0144079472869635
537, 0.0157193994548704
538, 0.0155975049516807
539, 0.0131630327086896
540, 0.0136013651111474
541, 0.0132819637656212
542, 0.012691738616143
543, 0.014296891555811
544, 0.0183717636391521
545, 0.0189400344776611
546, 0.0118381603000065
547, 0.0164451828847329
548, 0.0155091121171912
549, 0.0173438421140114
550, 0.0175837481926594
551, 0.0178276805207133
552, 0.020028057663391
553, 0.0195463537238538
554, 0.0113714717328548
555, 0.0158902673982084
556, 0.0182188302278519
557, 0.016558371251449
558, 0.0139605033521851
559, 0.013423016294837
560, 0.0149874714358399
561, 0.0139893316663802
562, 0.0165702127851546
563, 0.0169932868642112
564, 0.0177964203370114
565, 0.0177102705153326
566, 0.0189960040152073
567, 0.0190490712411702
568, 0.0126988736779562
569, 0.0179364953190088
570, 0.01506078535957
571, 0.0144339485892228
572, 0.015860202567031
573, 0.0141202829157313
574, 0.0155834377898524
575, 0.0133601451137414
576, 0.0148930094204843
577, 0.0138124447160711
578, 0.015272739653786
579, 0.00172281306974279
580, 0.0069370482621404
581, 0.00383514248339149
582, 0.0106520675277958
583, 0.00314736426419889
584, 0.0026411022990942
585, 0.00202624053539087
586, 0.00133041579586764
587, 0.00049305978124418
588, 0.0131387144016723
589, 0.0119797610677779
590, 0.0113851648444931
591, 0.0108523984284451
592, 0.0103874620205412
593, 0.0100003296975046
594, 0.00970131321810186
595, 0.00949567758167783
596, 0.0093303337537994
597, 0.00369213100445146
598, 0.00362314856223141
599, 0.00364820247826477
600, 0.00374428504922738
601, 0.00392357584011431
602, 0.00419126028039803
603, 0.00453833828214556
604, 0.00495795505897452
605, 0.00545533602902045
606, 0.00602285183655719
607, 0.00668295340922972
608, 0.0074703108984977
609, 0.00842799863312393
610, 0.00969211415698131
611, 0.0116225099967172
612, 0.0158032601078351
613, 0.0240736847432951
614, 0.012748184070612
615, 0.0132771752929936
616, 0.0137990934308618
617, 0.0143732451057682
618, 0.0151614177351197
619, 0.0167242316529155
620, 0.020777666165183
621, 0.0288198636844754
622, 0.00242702224932145
623, 0.0243121257850102
624, 0.00266269908752292
625, 0.00316502722368265
626, 0.00289030943531543
627, 0.0169838697183877
628, 0.0101864752359688
629, 0.0108309009422859
630, 0.0113001090940088
631, 0.0118828439153731
632, 0.0126550020650029
633, 0.0104535832069814
634, 0.0144362077893068
635, 0.0223651213571429
636, 0.00365098398954918
637, 0.00938121656266352
638, 0.00835325448618581
639, 0.00378050494085376
640, 0.0040088504125985
641, 0.00510263536125422
642, 0.00429783354047686
643, 0.00466444188108047
644, 0.00560754634595166
645, 0.00679620223430296
646, 0.00751684225785236
647, 0.0107239307835698
648, 0.0126482665849229
649, 0.0161441784196844
650, 0.00616826714637379
651, 0.0121941391844302
652, 0.013241949180762
653, 0.0144760033581406
654, 0.0167061916242043
655, 0.0206913190583388
656, 0.0116090396574388
657, 0.0109961250952135
658, 0.0103422619091968
659, 0.00977633167058229
660, 0.0138321543733279
661, 0.0153221315704286
662, 0.0190616079295675
663, 0.00422459922265261
664, 0.0115398701413402
665, 0.00644189274559418
666, 0.00890003104827234
667, 0.0100724375806749
668, 0.0217412405514291
669, 0.0157370794719706
670, 0.00360033989030247
671, 0.00346618962551778
672, 0.0123767481806378
673, 0.0132673208136111
674, 0.0112648426244656
675, 0.0117506208674361
676, 0.0152078294971337
677, 0.0108889753464609
678, 0.018532517986993
679, 0.00346957002433815
680, 0.0106126563623548
681, 0.0036145257569539
682, 0.00761215016245842
683, 0.00691878915919612
684, 0.0092758946120739
685, 0.00838615628890693
686, 0.00628908591655393
687, 0.00569919869303703
688, 0.00516154481253276
689, 0.0167564773000777
690, 0.00424699081728856
691, 0.00466960773337632
692, 0.0103433746068428
693, 0.0136154517531395
694, 0.0117136461194605
695, 0.012647869453455
696, 0.0107971648685634
697, 0.011430344854792
698, 0.0139602645455549
699, 0.0146354262251407
700, 0.0181889165348063
701, 0.0181341993932923
702, 0.0166141620526711
703, 0.0154447979293764
704, 0.0120542468503118
705, 0.0198736220598221
706, 0.0362781096249819
707, 0.00390201884632309
708, 0.0113142404838332
709, 0.0180050670834524
710, 0.00415523934255665
711, 0.0034616477554664
712, 0.0116846182694038
713, 0.0128558502377321
714, 0.0122103319348147
715, 0.0137654367523889
716, 0.0153671726584435
717, 0.00382321307967816
718, 0.0143573304327826
719, 0.0166644079145044
720, 0.00928823308398326
721, 0.00500931439455599
722, 0.0102140520078441
723, 0.00845317208829025
724, 0.00698288429218034
725, 0.00630325210901598
726, 0.00564756120244662
727, 0.00768292105446259
728, 0.0126102784027656
729, 0.0113006449925403
730, 0.0133070969798913
731, 0.0170954293571413
732, 0.0163068403489888
733, 0.0166109037430336
734, 0.0120161991411199
735, 0.0126494591434797
736, 0.0154856076308837
737, 0.0148028558275352
738, 0.00348508418537676
739, 0.00557406867543856
740, 0.00476612742446984
741, 0.0127305329245116
742, 0.0141997358296067
743, 0.0133195742964745
744, 0.0155263370058189
745, 0.0170440932735801
746, 0.0044527062214911
747, 0.00769887515343726
748, 0.0163103024076138
749, 0.00846241096345087
750, 0.0146930237921576
751, 0.00689757021609694
752, 0.0061219148337841
753, 0.0111773030366749
754, 0.0102007409247259
755, 0.0122358617372811
756, 0.00928477624741693
757, 0.0134023649152368
758, 0.0141473038432499
759, 0.0160406259043763
760, 0.0152986478060484
761, 0.0126950369061281
762, 0.0134478434920311
763, 0.0158771701777975
764, 0.0154401888915648
765, 0.00750317343045026
766, 0.0120604058727622
767, 0.00530295815717961
768, 0.0137448573485017
769, 0.0145518602803349
770, 0.015398643600444
771, 0.0136959183340271
772, 0.00925755671535929
773, 0.00842406523103515
774, 0.00749687501229346
775, 0.0150846664328128
776, 0.0101372615123789
777, 0.0120873073271165
778, 0.0131083747837692
779, 0.0141342504260441
780, 0.014964901143685
781, 0.0110528089571744
782, 0.0141654241209229
783, 0.0150880837657799
784, 0.014365198633944
785, 0.015375715913251
786, 0.0158543372526765
787, 0.014690691139549
788, 0.0151481142799769
789, 0.0143693114320437
790, 0.0128532076875369
791, 0.00660681850276887
792, 0.0100271123616646
793, 0.00626699261677762
794, 0.0110506432441374
795, 0.00917868005732695
796, 0.0136394527895997
797, 0.015330515957127
798, 0.0146365790472676
799, 0.0139446623756417
800, 0.0120540875941515
801, 0.0126667995937169
802, 0.0131470979346583
803, 0.0141175495061491
804, 0.0151187603672345
805, 0.00809065099539501
806, 0.0117388987758507
807, 0.0117790720425546
808, 0.0119334678165615
809, 0.010867756480972
810, 0.0150459551252425
811, 0.0150940046490481
812, 0.0151792551390827
813, 0.010124242531934
814, 0.00902891336008906
815, 0.0102843541651964
816, 0.00809816686281314
817, 0.0139519004151225
818, 0.0105466861277819
819, 0.018944724307706
820, 0.0060250375730296
821, 0.0137180907186121
822, 0.0127791784858952
823, 0.0132019940453271
824, 0.0135596020457645
825, 0.0138086903219422
826, 0.0138926531653851
827, 0.0131721124829104
828, 0.0122239811656376
829, 0.0110677898240586
830, 0.00998685943583647
831, 0.00917774601839483
832, 0.00863001883650819
833, 0.0094139592256397
834, 0.00918211710328857
835, 0.00882184645161033
836, 0.00748702037769059
837, 0.00647495314478874
838, 0.00532138444638501
839, 0.00954904298608502
840, 0.00827100011520088
841, 0.00437531957868487
842, 0.00967198796570301
843, 0.00966493451657395
844, 0.00977246145096918
845, 0.00985386106185615
846, 0.00997287197969854
847, 0.010129950242117
848, 0.0103330031658212
849, 0.0105884492707749
850, 0.0108667034655809
851, 0.0141229855362326
852, 0.0177561075737079
853, 0.0283571130906542
854, 0.0275234208841409
855, 0.00640801716751109
856, 0.0123467273078859
857, 0.0135032560210675
858, 0.013176801148802
859, 0.0118050398305058
860, 0.0127819004313399
861, 0.011535050580278
862, 0.0119187061209232
863, 0.0134681288618594
864, 0.012442332925275
865, 0.0128343130927533
866, 0.0137600726447999
867, 0.0136863415439924
868, 0.010895194641004
869, 0.0112473586729417
870, 0.0110987445339561
871, 0.00962186022661626
872, 0.00798193753386537
873, 0.00741799831545601
874, 0.00918505736626685
875, 0.00889961056721707
876, 0.00689099356532097
877, 0.00966505357064307
878, 0.00938719666252534
879, 0.00850224626871447
880, 0.00971142621710896
881, 0.0105035122639189
882, 0.0100348810665309
883, 0.0096787231353422
884, 0.00976020252952973
885, 0.00987267672705154
886, 0.0102492983763417
887, 0.0122516377984236
888, 0.0196829272123675
889, 0.0107486662454903
890, 0.0095518602989614
891, 0.0166714023022602
892, 0.00873017505121728
893, 0.0110327426033715
894, 0.0125851857010275
895, 0.0140406122275939
896, 0.0102980834698038
897, 0.00965065768520747
898, 0.0108454416372946
899, 0.0173882788845471
900, 0.0118050837889314
901, 0.0116730553563684
902, 0.0113171758906295
903, 0.0110447223608692
904, 0.0140471681952477
905, 0.0136729305765281
906, 0.01286427420564
907, 0.0132661286431054
908, 0.012093685567379
909, 0.0124787913324932
910, 0.0141216341871768
911, 0.0127279582278182
912, 0.013606173141549
913, 0.0120473922385524
914, 0.0096027470814685
915, 0.00840252777561545
916, 0.00869014005487164
917, 0.0089635665062815
918, 0.0091977728685985
919, 0.00816327504192789
920, 0.00834984621698303
921, 0.00951645942404866
922, 0.00968581639851133
923, 0.00963860920940836
924, 0.00973946019075811
925, 0.00991126095565657
926, 0.0101503947904954
927, 0.0104453185728441
928, 0.00964681470456223
929, 0.0139425424858928
930, 0.0107059020549059
931, 0.0184791516512632
932, 0.0120422068672876
933, 0.0397977661341429
934, 0.0125233474453645
935, 0.0138225386229654
936, 0.0105668726221969
937, 0.0138043191150895
938, 0.008463324746117
939, 0.0107711744494736
940, 0.0144834540163477
941, 0.0150045183642457
942, 0.0137825630760441
943, 0.0121906028750042
944, 0.0113816277589649
945, 0.0110653658242275
946, 0.01319708636341
947, 0.0126669430173934
948, 0.011763455811888
949, 0.0147352442145348
950, 0.0117205996066332
951, 0.00883619138039649
952, 0.00903852943641444
953, 0.00952160529171427
954, 0.00868853103990356
955, 0.00938479229807854
956, 0.00891262486887475
957, 0.00865594708981613
958, 0.00963473451944689
959, 0.00956050166860223
960, 0.0103464144437263
961, 0.0100249864626676
962, 0.0163626697224875
963, 0.00975853367708623
964, 0.00957749442507823
965, 0.00960855660960078
966, 0.0153219531445454
967, 0.00968163162469864
968, 0.0097379304934293
969, 0.0143528521460082
970, 0.0149972665434082
971, 0.0138995274125288
972, 0.0161088934789101
973, 0.0125656547800948
974, 0.0131994112549971
975, 0.0119834367651492
976, 0.0110698362501959
977, 0.0107936280158659
978, 0.0114771944936365
979, 0.0113840919608871
980, 0.00946295456960797
981, 0.00899692547197143
982, 0.00893483722272019
983, 0.00923953577876091
984, 0.00958432932384312
985, 0.0102869631456477
986, 0.00986236481306454
987, 0.00903918508750697
988, 0.00948876282200217
989, 0.00939436893289288
990, 0.017203657887876
991, 0.0160051133483648
992, 0.0114081921055913
993, 0.0159580741077662
994, 0.0139943983716269
995, 0.0153687543102673
996, 0.0132445318934818
997, 0.0125366275509199
998, 0.0118410809276005
999, 0.0104884524674465
1000, 0.00940194334834814
1001, 0.0107408780604601
1002, 0.0110581138481696
1003, 0.0112340472793827
1004, 0.0172934567555785
1005, 0.0096899289637804
1006, 0.0106313482858241
1007, 0.00932366673701576
1008, 0.00918470035927991
1009, 0.00914142707673212
1010, 0.00941749584550659
1011, 0.0095843889284879
1012, 0.0100730676203966
1013, 0.00937024938563506
1014, 0.00941016455180943
1015, 0.00978169986046851
1016, 0.01334965438582
1017, 0.0140097403898835
1018, 0.0125689525157213
1019, 0.0117441638528059
1020, 0.0107694288405279
1021, 0.0104572194783638
1022, 0.011009119451046
1023, 0.0104445919527539
1024, 0.0091753622982651
1025, 0.00971637639616217
1026, 0.0092512627132237
1027, 0.00975047025297369
1028, 0.00937924984221657
1029, 0.0101359109394252
1030, 0.0126456047873944
1031, 0.010361435279871
1032, 0.0134990636724979
1033, 0.0126417300198227
1034, 0.0116735718523463
1035, 0.0104564052696029
1036, 0.0107772371266037
1037, 0.0101809916862597
1038, 0.0102412481792271
1039, 0.00943319235617916
1040, 0.0134993342682719
1041, 0.0116067355653892
1042, 0.00990752565364043
1043, 0.00401800941714707
1044, 0.00156011206369537
1045, 0.0160732698471596
1046, 0.0115200898144394
1047, 0.0181604256698241
1048, 0.0228741209333142
1049, 0.0307486275477069
1050, 0.00712384885021796
1051, 0.0280646366998553
1052, 0.00348558088686938
1053, 0.00295235765709852
1054, 0.00229545483792511
1055, 0.00146881771312716
1056, 0.000579069195130918
1057, -2.2749045456294e-06
1058, 0.00631350375867138
1059, 0.0052046188696598
1060, 0.00438980346856018
1061, 0.0038699713962463
1062, 0.00360125382818903
1063, 0.0035111911711283
1064, 0.00354707316728309
1065, 0.00921497959643602
1066, 0.0102232916591068
1067, 0.0129341510279725
1068, 0.0161352787787716
1069, 0.0205089091323316
1070, 0.0240375644837817
1071, 0.0249654099655648
1072, 0.0237716878764331
1073, 0.021425211802125
1074, 0.0179730095745375
1075, 0.00161053765623365
1076, 0.00265693718877931
1077, 0.00210533581169633
1078, 0.0113165404181927
1079, 0.0189528697325538
1080, 0.0177249549888074
1081, 0.0239143809303641
1082, 0.0216710614040494
1083, 0.0236351533482472
1084, 0.0216531197850903
1085, 0.00780485232826322
1086, 0.00321902903184916
1087, 0.00375322574594369
1088, 0.00537624054898818
1089, 0.00987063068896532
1090, 0.012171795591712
1091, 0.00669775515173872
1092, 0.00338751153321937
1093, 0.00439935996352385
1094, 0.0130346442262332
1095, 0.011294049055626
1096, 0.0227747005410492
1097, 0.0236079901722925
1098, 0.00696353245681773
1099, 0.0151591127893577
1100, 0.0104811210185289
1101, 0.00365350695695573
1102, 0.0112527801788279
1103, 0.00318511962957148
1104, 0.0149953738520188
1105, 0.0145115884020925
1106, 0.00258261008032908
1107, 0.00267036798565338
1108, 0.012315275768439
1109, 0.0239630785460273
1110, 0.0192526816390455
1111, 0.0221707466989756
1112, 0.0230772344705959
1113, 0.0166456333827227
1114, 0.0142247707893451
1115, 0.00130030532091041
1116, 0.00851754491062214
1117, 0.0056549320773532
1118, 0.00703718404596051
1119, 0.00452609938414146
1120, 0.00373445022463178
1121, 0.00316246978140303
1122, 0.0108508490181218
1123, 0.0275182186936339
1124, 0.0167966315057129
1125, 0.00363793447613716
1126, 0.0133770727552474
1127, 0.00924442355365803
1128, 0.0133893856379603
1129, 0.00586337785768722
1130, 0.0193650357735654
1131, 0.0119183428053345
1132, 0.0159247551734249
1133, 0.0033239132608287
1134, 0.0236473128510018
1135, 0.0206615561619401
1136, 0.0143755504395813
1137, 0.0198761862702668
1138, 0.0170089434056232
1139, 0.00293457548832521
1140, 0.00291116298176348
1141, 0.0133304860442877
1142, 0.00879635572588692
1143, 0.00754787664239605
1144, 0.00375580848194659
1145, 0.00607351582342138
1146, 0.00473396064868818
1147, 0.0234515112824738
1148, 0.00997028555721045
1149, 0.0178084237767117
1150, 0.0268904222175479
1151, 0.00493512941258294
1152, 0.0222322591580451
1153, 0.0187990299115578
1154, 0.0152542022212098
1155, 0.0244089616462588
1156, 0.0123759535407381
1157, 0.00409915119720002
1158, 0.00933893704010795
1159, 0.0255314160138369
1160, 0.0260704409641524
1161, 0.00817461940459907
1162, 0.00661921636977543
1163, 0.0111518642865121
1164, 0.0242370653897524
1165, 0.00600900761783123
1166, 0.0135709867657473
1167, 0.0120607879012823
1168, 0.0228149538549284
1169, 0.00982419828263422
1170, 0.0238877974140147
1171, 0.0251528756426913
1172, 0.00899344857316464
1173, 0.0106095691832403
1174, 0.0180727671831846
1175, 0.0172066921368241
1176, 0.00730367649036149
1177, 0.00824087982376417
1178, 0.0215767662972212
1179, 0.00942828804254532
1180, 0.0136453420855105
1181, 0.0120698983664624
1182, 0.0171117616506914
1183, 0.0225115854603549
1184, 0.0107968864807238
