1, 0.00932651851326227
2, 0.0499027681847413
3, 0.00596726033836603
4, 0.0108370806556195
5, 0.0474127605557442
6, 0.0505105312913656
7, 0.00400114140938967
8, 0.000524759409017861
9, 0.0574660779287418
10, 0.00742018350865692
11, 0.00954187102615833
12, 0.0865256935358047
13, 0.00986271418098893
14, 0.0106065693156173
15, 0.0112341066511969
16, 0.0118456901982427
17, 0.0124152726493776
18, 0.0129434689879417
19, 0.0133889145993938
20, 0.0137137202546
21, 0.0139033026838054
22, 0.0139628279333313
23, 0.01395249638396
24, 0.0140920306245486
25, 0.0151899287787577
26, 0.019946797285229
27, 0.031557188834995
28, 0.0448683189849059
29, 0.0483037014491856
30, 0.0420199303577344
31, 0.0281496495008469
32, 0.015698633932819
33, 0.00826875508452455
34, 0.00533648440614343
35, 0.0044040986103937
36, 0.00422855288100739
37, 0.00415176232733453
38, 0.00579283731834342
39, 0.00731861719395965
40, 0.00846000652139386
41, 0.00927444462043544
42, 0.00983049642915527
43, 0.0102088869704554
44, 0.0104656436791023
45, 0.0106258209173878
46, 0.0107319172626982
47, 0.0107906279930224
48, 0.0108193476335146
49, 0.0109076119648914
50, 0.0109885549172759
51, 0.0110309937347968
52, 0.0110406895789007
53, 0.0110580540883044
54, 0.0110862669534981
55, 0.0111392360801498
56, 0.0112251463967065
57, 0.0113646211102605
58, 0.01155559408168
59, 0.0118158281159898
60, 0.0121367395234605
61, 0.012560091757526
62, 0.01309287842984
63, 0.0137492840488752
64, 0.0146250349159042
65, 0.0167830418795347
66, 0.0215232813109954
67, 0.0286676539108157
68, 0.0358422261973222
69, 0.0429250383749604
70, 0.0446639141688744
71, 0.0405995895465215
72, 0.0346562505389253
73, 0.0275480393320322
74, 0.0206830135236184
75, 0.0159024425471822
76, 0.0139577810962995
77, 0.0133074546853701
78, 0.012693685789903
79, 0.0121185802854598
80, 0.0115892907294134
81, 0.0111166656327744
82, 0.0107005061581731
83, 0.0103601234344145
84, 0.0100841540843248
85, 0.00987208044777314
86, 0.00970578333362937
87, 0.00969487556722015
88, 0.00950801527748505
89, 0.00954604319607218
90, 0.00963370191554228
91, 0.0098039327810208
92, 0.0100893992930651
93, 0.0105224073243638
94, 0.0110956851082544
95, 0.0117875755143662
96, 0.0148451346904039
97, 0.029800359159708
98, 0.0330036130423347
99, 0.0162188640485207
100, 0.0116092778431873
101, 0.00969990234201153
102, 0.00864422507584095
103, 0.00794764460685352
104, 0.00741585196616749
105, 0.00694147869944572
106, 0.00649261575502654
107, 0.00605889254560073
108, 0.00564571307040751
109, 0.00526245520450175
110, 0.00493987509980798
111, 0.00466203813751539
112, 0.00440168466108541
113, 0.0041918761562556
114, 0.00402375124394894
115, 0.00391268800012767
116, 0.00388443543730925
117, 0.00389790620344381
118, 0.00395627901889384
119, 0.00356848617957439
120, 0.00260114728007466
121, 0.00148844762103787
122, 0.000178843920972819
123, -0.000264147898027052
124, 1.07587402453646e-05
125, 0.00141664386804526
126, 0.00504001109705617
127, 0.0110234442787866
128, 0.0190144423395395
129, 0.0291894736389319
130, 0.0418648794293404
131, 0.0483605753009518
132, 0.0316674971642594
133, 0.018488967170318
134, 0.0131220447365195
135, 0.0113084934807072
136, 0.0099001347552985
137, 0.00840954137189935
138, 0.00793478015111759
139, 0.0079339356161654
140, 0.00864851645504435
141, 0.00965388802190622
142, 0.010824444082876
143, 0.0119360707079371
144, 0.0127427599703272
145, 0.0131355943158269
146, 0.0131710389008125
147, 0.0129555091261864
148, 0.012576622578005
149, 0.0120970831873516
150, 0.0115630252597233
151, 0.0110242782781521
152, 0.0105260633863509
153, 0.0101024331524968
154, 0.00979534940173229
155, 0.00962141342461109
156, 0.00958379280442993
157, 0.00962062800923983
158, 0.00965503975749016
159, 0.00970721415554484
160, 0.00979658123105764
161, 0.00990633278464278
162, 0.0100381397642195
163, 0.0101791246173282
164, 0.010304889952143
165, 0.010441980479906
166, 0.0105858662476142
167, 0.0107394875958562
168, 0.0047804425121285
169, 0.0062139049017181
170, 0.00905450355882446
171, 0.0149008460963766
172, 0.0238443265358607
173, 0.0351048776259025
174, 0.048983900497357
175, 0.0514273424632847
176, 0.0405024743328492
177, 0.0221560032417377
178, 0.0106461858376861
179, 0.00470463520226379
180, 0.0021341250394471
181, 0.000204473806661554
182, 0.0039015223349755
183, 0.00376355729531497
184, 0.00367848159900556
185, 0.00367411055291692
186, 0.00387768028303981
187, 0.00439767128167053
188, 0.00531836443891128
189, 0.0066653899072359
190, 0.00857881875708699
191, 0.0119090504013002
192, 0.023958807811141
193, 0.0570662921915452
194, 0.0535407750867307
195, 0.0379266428450743
196, 0.0387734640389681
197, 0.0357894975071152
198, 0.0277079797039429
199, 0.0183637176329891
200, 0.0122763730275134
201, 0.0104441655178865
202, 0.00912122086932262
203, 0.00844729121308774
204, 0.0201427572562049
205, 0.00782897203074147
206, 0.00555396182850624
207, 0.0102874059230089
208, 0.0131925171396385
209, 0.0136224653882285
210, 0.0139581984840333
211, 0.0141867029791077
212, 0.0143568148681273
213, 0.0146445658368369
214, 0.015870315876479
215, 0.020236535773923
216, 0.0319036298121015
217, 0.0307002966957433
218, 0.0407951145122449
219, 0.0120344973402098
220, 0.0412180094669263
221, 0.00926039779248337
222, 0.00838144759957989
223, 0.00720133516006172
224, 0.0059941844415984
225, 0.0042534675837184
226, 0.0255865100771189
227, 0.0197296971455216
228, 0.0160054392957439
229, 0.0142746194421003
230, 0.0134697187071045
231, 0.0128708907092611
232, 0.0123933576978743
233, 0.0120179279862593
234, 0.0117164673283696
235, 0.0114802738341192
236, 0.0113084536666671
237, 0.0111943304849168
238, 0.0111196851357818
239, 0.011079511915644
240, 0.0110505440582832
241, 0.011038563757514
242, 0.011008443388467
243, 0.0109500901307911
244, 0.01319591437156
245, 0.0138565921224654
246, 0.015538914129138
247, 0.0194999212399125
248, 0.0254393258752922
249, 0.0315589165935914
250, 0.036837762221694
251, 0.0409235237166286
252, 0.0326072224415839
253, 0.0110182980230699
254, 0.0111918066007396
255, 0.0197994345799088
256, 0.0141553110443056
257, 0.0127811651521673
258, 0.0119815093154709
259, 0.011463624270012
260, 0.0110889298375696
261, 0.0111292224222173
262, 0.0246664130439361
263, 0.0161264964068929
264, 0.012345872586593
265, 0.0116891484552373
266, 0.013326647458598
267, 0.0113014202409734
268, 0.0110561671511581
269, 0.0382815431803465
270, 0.0126531944454958
271, 0.00997913060709834
272, 0.0116548557610561
273, 0.0121371170971543
274, 0.0140809042689701
275, 0.0162238113892575
276, 0.0202659807788829
277, 0.0253375023603439
278, 0.0299416442091266
279, 0.033209250929455
280, 0.0126869902790835
281, 0.0301115564070642
282, 0.0143515691937258
283, 0.0153223103843629
284, 0.0121309182917078
285, 0.0135067726951092
286, 0.0115362823319932
287, 0.0172974698555966
288, 0.0221446996244291
289, 0.0139617945533246
290, 0.0146892497626444
291, 0.00987601458715896
292, 0.0105468248172353
293, 0.0102835711246977
294, 0.00795561199386915
295, 0.0107036049788197
296, 0.0107991315890104
297, 0.0108812110498548
298, 0.00864058872684836
299, 0.00938354098858933
300, 0.010858776125436
301, 0.0179084224094238
302, 0.00890274982278546
303, 0.0346098796774944
304, 0.0265839342027903
305, 0.0120081921728949
306, 0.0109538538381457
307, 0.0351625398865768
308, 0.0106316314611052
309, 0.0370607227087021
310, 0.014229975718384
311, 0.0133035405694197
312, 0.0165916707677146
313, 0.0205568904057145
314, 0.0248665250837803
315, 0.0120030461500088
316, 0.0114920558407903
317, 0.0113262954012801
318, 0.0127961062826216
319, 0.0110957445576787
320, 0.0112229804508388
321, 0.0111550316214561
322, 0.0110359812000146
323, 0.0117157717856268
324, 0.0123713834521671
325, 0.0296423289303978
326, 0.00670228502713144
327, 0.0133221175055951
328, 0.01281933253631
329, 0.0112218480401983
330, 0.0103339571505785
331, 0.0108572858540962
332, 0.0101427852641791
333, 0.0123475017802169
334, 0.0105667132884264
335, 0.0313684201488892
336, 0.029645507534345
337, 0.0263067330233753
338, 0.0216662127835055
339, 0.0172448387990395
340, 0.0130099880819519
341, 0.0109126192207138
342, 0.0118920423556119
343, 0.0144261149689555
344, 0.0139234490537395
345, 0.0149753321893513
346, 0.031797812320292
347, 0.0247027327617009
348, 0.0190178390281896
349, 0.0160703488315145
350, 0.0124741220691552
351, 0.00995761342346668
352, 0.0107798790559173
353, 0.010917307731385
354, 0.0106271916689972
355, 0.0108687499693284
356, 0.00953811554548641
357, 0.00982690012703339
358, 0.0103677728523811
359, 0.00926637769831965
360, 0.0364740739266078
361, 0.0124438824132085
362, 0.0120887779630721
363, 0.0357339907437563
364, 0.0110758760323127
365, 0.0113793038763106
366, 0.0112652803460757
367, 0.0115571441904952
368, 0.0259770001284778
369, 0.0217650175715486
370, 0.0174166990133623
371, 0.0145712720695883
372, 0.0111648458987474
373, 0.0128712478714685
374, 0.0117965165215234
375, 0.0134037756361067
376, 0.029205651288586
377, 0.0101842100266367
378, 0.0319965897127986
379, 0.010983301885426
380, 0.0145838086803754
381, 0.0115342557740708
382, 0.0275249526215096
383, 0.0300473816071947
384, 0.0305054037210842
385, 0.0232233841282626
386, 0.0130394326212505
387, 0.0112240735131005
388, 0.0109895487160732
389, 0.013568662184601
390, 0.0119111561216414
391, 0.0270880909326176
392, 0.0208955647734304
393, 0.0134011732103924
394, 0.0113075992558151
395, 0.0144491222842286
396, 0.0334053891710937
397, 0.0122896854300052
398, 0.0128612147333721
399, 0.0152216982096434
400, 0.0169937242753804
401, 0.0107893962413073
402, 0.0108681338994453
403, 0.010938189458102
404, 0.0109846442937851
405, 0.0107334074564278
406, 0.0105045852251351
407, 0.0335968392901123
408, 0.0359572432935238
409, 0.0365260504186153
410, 0.010736109300827
411, 0.0109596268739551
412, 0.0125783504918218
413, 0.0122302001497398
414, 0.0119187654927373
415, 0.0129779001387457
416, 0.0271045607514679
417, 0.0111293638391154
418, 0.0232238016712169
419, 0.0186858015755812
420, 0.0112863999481002
421, 0.0114440942804019
422, 0.0116509419555465
423, 0.0285667233169079
424, 0.0152179227831463
425, 0.013593835135301
426, 0.0186104015447199
427, 0.0304787207084397
428, 0.0287581132724881
429, 0.0297904576041869
430, 0.0122151596006006
431, 0.0118889237443606
432, 0.0116231466333071
433, 0.0139034814977398
434, 0.0125970667383323
435, 0.0153749810221295
436, 0.0107767006848007
437, 0.0345861781388521
438, 0.0116861681453884
439, 0.0138865538562338
440, 0.0127274614448349
441, 0.0291250605757038
442, 0.0133153618468593
443, 0.0227883500047028
444, 0.0155763057991862
445, 0.0180579853865008
446, 0.0110166489612311
447, 0.0109960257541388
448, 0.0109239833739897
449, 0.0108174697961658
450, 0.0365359447896481
451, 0.0121054470073432
452, 0.0124099676807721
453, 0.0367814960579077
454, 0.0127721851846824
455, 0.0120687508800377
456, 0.0131529790038864
457, 0.0284431831290325
458, 0.0250953879828254
459, 0.0112781780771911
460, 0.0139069385671367
461, 0.0114844460040331
462, 0.011761826230213
463, 0.0202571592914561
464, 0.016097131340454
465, 0.0116805852546046
466, 0.0110248347744346
467, 0.0249358864190678
468, 0.0300021458417177
469, 0.0307029540029665
470, 0.0129149779677391
471, 0.0122439091404279
472, 0.0125684362525741
473, 0.0133071369491518
474, 0.0164202874681602
475, 0.0202778615057468
476, 0.0114775918024991
477, 0.0121398393530399
478, 0.0111692450009286
479, 0.0145001437049359
480, 0.0132532142257939
481, 0.0138577444013208
482, 0.0352244631697734
483, 0.0307027542342742
484, 0.0245311697944999
485, 0.0193028682842851
486, 0.0111633361472438
487, 0.0112277689234664
488, 0.0112926782264064
489, 0.0114223978016526
490, 0.0265307471466561
491, 0.0334975379519165
492, 0.0128470285174747
493, 0.0125816086462388
494, 0.0130081996321678
495, 0.0126182859142621
496, 0.0134218954481184
497, 0.0122316103273382
498, 0.0363033891965946
499, 0.0302356525457331
500, 0.0144602286163718
501, 0.0118446765312304
502, 0.011465636813747
503, 0.0266648575974007
504, 0.0172443617290507
505, 0.0218010186217725
506, 0.0299116230259339
507, 0.0143932131274293
508, 0.0136588440897564
509, 0.0132900502067059
510, 0.0129126335959882
511, 0.0220922470713655
512, 0.0265690937327842
513, 0.0119834687560797
514, 0.0126108808575996
515, 0.0161163240360717
516, 0.0138055506783227
517, 0.014589749276638
518, 0.0353238632281621
519, 0.0318434874837597
520, 0.0261042763789495
521, 0.0116342728336652
522, 0.0123238984184961
523, 0.0119205538649112
524, 0.0266288973701497
525, 0.0135650259132187
526, 0.0111361759093901
527, 0.0132685725111514
528, 0.0137708011704187
529, 0.033871435560286
530, 0.0128540220515182
531, 0.0123985516173499
532, 0.0152658051811159
533, 0.0353577214603623
534, 0.0187170340990027
535, 0.0280424202792346
536, 0.0234981222699086
537, 0.0133518402775129
538, 0.0177785397196809
539, 0.0141007730271667
540, 0.0137240403065724
541, 0.0151834520511329
542, 0.0281502657259504
543, 0.0132285383529961
544, 0.0147002962573121
545, 0.0206089660835763
546, 0.0167624785099179
547, 0.0349660959715644
548, 0.032629356564333
549, 0.0122348293662071
550, 0.0127615156428268
551, 0.0118582274764776
552, 0.031047826167196
553, 0.0193154642668863
554, 0.0149844227624791
555, 0.0141537809589257
556, 0.0128623030148447
557, 0.0142155517047892
558, 0.0135541979689151
559, 0.0366773888468742
560, 0.0130861307494342
561, 0.0162983363649497
562, 0.0321521436174711
563, 0.0204300118299822
564, 0.0253184091610213
565, 0.0339816065194706
566, 0.0295148552395403
567, 0.0241056134303411
568, 0.0145827559754252
569, 0.0162617003855606
570, 0.0307726313670476
571, 0.0195646728388965
572, 0.0274012944040199
573, 0.0175866944981473
574, 0.0317103521277507
575, 0.0136358365416527
576, 0.034275080387791
577, 0.0218796379243334
578, 0.0144254786428064
579, 0.0114934065689643
580, 0.0199131405291458
581, 0.0161498414042095
582, 0.0325186125313242
583, 0.0147996573553731
584, 0.013823171146214
585, 0.0175580813083798
586, 0.0145849215332419
587, 0.0264894819507996
588, 0.0223186846512059
589, 0.0129731521010399
590, 0.0301914266310632
591, 0.0272000281450649
592, 0.0303456325616155
593, 0.0309574270310501
594, 0.0215229041253527
595, 0.0323168087440232
596, 0.0261669408840438
597, 0.0330370526450376
598, 0.0283275110026201
599, 0.0178006406474326
600, 0.0153625755570829
601, 0.0188993841099242
602, 0.0328114693984389
603, 0.0242743132015069
604, 0.0247220043092966
605, 0.0149030710260073
606, 0.0290112748431663
607, 0.0322079320127765
608, 0.0280174058862031
609, 0.0307003714454671
610, 0.0333367250859737
611, 0.02885459789208
612, 0.0330734507491191
613, 0.0231920290738344
614, 0.0313045561313629
615, 0.0204345021396875
616, 0.0199067627878061
617, 0.0261397608555853
618, 0.0171773466281593
619, 0.0229511501577993
620, 0.031542020663619
621, 0.00782921407371759
622, 0.00939675292465836
623, 0.00184446627099533
624, 0.0170199512504041
625, 0.011238974519074
626, 0.00394954369403422
627, 0.00715440668864176
628, 0.00465035531669855
629, 0.00493470932512234
630, 0.00524479267187417
631, 0.00558821468924483
632, 0.00598361191805452
633, 0.00639706962586691
634, 0.00681819619300465
635, 0.007245879387483
636, 0.00768868244873981
637, 0.00818187110902121
638, 0.008830747489507
639, 0.00982392012762527
640, 0.0115311161304514
641, 0.0152316319290549
642, 0.0225778260889153
643, 0.00376184872584417
644, 0.00385395769262686
645, 0.0039829421051157
646, 0.00416167654717962
647, 0.00439510824314008
648, 0.010791025745372
649, 0.0104189534516384
650, 0.0101656933159878
651, 0.0100293772605558
652, 0.00993212234849731
653, 0.0127505882798384
654, 0.0137578873739888
655, 0.0137303099812319
656, 0.011604787549004
657, 0.0122033776715398
658, 0.0132334654529889
659, 0.013581894338131
660, 0.013784431386739
661, 0.0137627345199386
662, 0.0142127697666486
663, 0.0156027705719074
664, 0.0314953979104757
665, 0.00275939767016098
666, 0.00226669706171378
667, 0.000725418649381027
668, 0.0274279851998602
669, 0.00321692307867731
670, 0.00852275003368656
671, 0.00812111418539037
672, 0.00729692110326141
673, 0.0153165883384645
674, 0.0106287815918525
675, 0.00961782697898646
676, 0.00356635110386248
677, 0.00559898330053935
678, 0.00521294384573897
679, 0.00684609128317485
680, 0.00772065067819009
681, 0.00897713657468557
682, 0.012315175573652
683, 0.00443532162656387
684, 0.0064005267728741
685, 0.00598695001099259
686, 0.00405097083421424
687, 0.00482881166196118
688, 0.0113250239131351
689, 0.0122130336239934
690, 0.0154275318297247
691, 0.0204486161470413
692, 0.0113882643636316
693, 0.0107356129058947
694, 0.0109879792823146
695, 0.0109505869913846
696, 0.0201286111647884
697, 0.0126401408730696
698, 0.0137058920226991
699, 0.0136983813717961
700, 0.0120491207732509
701, 0.0141252700705081
702, 0.0151404370553792
703, 0.0103977937251329
704, 0.0131560387089849
705, 0.0135351242497563
706, 0.0137087329446028
707, 0.0136445190291852
708, 0.0032466180389747
709, 0.00344950044139599
710, 0.0106420534818123
711, 0.00478462486838301
712, 0.00847484550571867
713, 0.00656837372419735
714, 0.0199781859825764
715, 0.0106577378298555
716, 0.00473702048960452
717, 0.0142834612634033
718, 0.00941519066691399
719, 0.00905943056568503
720, 0.00983594024243454
721, 0.00572633840298901
722, 0.0052043606992811
723, 0.00867049054553111
724, 0.0104530074944099
725, 0.0062148980020235
726, 0.0114515042708566
727, 0.0130125102587044
728, 0.0155603906605393
729, 0.00822083302773535
730, 0.00772812120461216
731, 0.00459665153175592
732, 0.00670196760135392
733, 0.00720487205156436
734, 0.00400796020403504
735, 0.018553359589229
736, 0.0119972451745222
737, 0.016774179879576
738, 0.011499566026032
739, 0.0119424088237186
740, 0.0132740957972904
741, 0.0180948290973902
742, 0.0114077945084622
743, 0.0135760131136825
744, 0.013719382074972
745, 0.0136591414144884
746, 0.0135508798994124
747, 0.0135741455790897
748, 0.0131796624045819
749, 0.0138848446464787
750, 0.0126394453303268
751, 0.0145770736659567
752, 0.0112037912942469
753, 0.0166505011729896
754, 0.00451386071342443
755, 0.00600044060653696
756, 0.0161473603386964
757, 0.0119496605225972
758, 0.00734939344692975
759, 0.00545593219188352
760, 0.00799028253337989
761, 0.0067615919203187
762, 0.0152392803380887
763, 0.012186270672828
764, 0.0112818895528714
765, 0.0107144929158191
766, 0.0135378856988003
767, 0.00616089619385699
768, 0.0103452615439892
769, 0.010036311034734
770, 0.00966787501238286
771, 0.00919876666739583
772, 0.00862835025570045
773, 0.0139370982069522
774, 0.0123996762558818
775, 0.0126236699676762
776, 0.0137770597357303
777, 0.013589622763296
778, 0.0133840664445112
779, 0.0133111303051313
780, 0.0134715659854313
781, 0.0137144552233318
782, 0.0133000041823834
783, 0.0152922899772724
784, 0.0138154453597963
785, 0.0122434123574446
786, 0.043070325255394
787, 0.00731639234193911
788, 0.0151614379913857
789, 0.0100238540520271
790, 0.00790083590739717
791, 0.00871849261845152
792, 0.00647677837072739
793, 0.00722267393333216
794, 0.0128084440560391
795, 0.0120445704863717
796, 0.0148156737642629
797, 0.0137463630332301
798, 0.0115607991659393
799, 0.0112697100266814
800, 0.0110475639812648
801, 0.00953887084809442
802, 0.0107164600243171
803, 0.0102135558457424
804, 0.014121515598769
805, 0.0130907522204022
806, 0.0138109438786549
807, 0.0127595448866487
808, 0.0134543003514409
809, 0.0130927188632389
810, 0.0128912151946376
811, 0.0138513269679
812, 0.0128766318472723
813, 0.0139613970338056
814, 0.0129769862784694
815, 0.0134709929781301
816, 0.0113391302681218
817, 0.0135773248039186
818, 0.00543098552152514
819, 0.00918791893248757
820, 0.00831500871572644
821, 0.0104863152706197
822, 0.0144595648162067
823, 0.0132088480362048
824, 0.013965693967683
825, 0.0126488823443651
826, 0.0122992414205025
827, 0.0121365804225206
828, 0.012039683215941
829, 0.0112422728755822
830, 0.0152460599318147
831, 0.0142519106157124
832, 0.0117707471363246
833, 0.0127867682216068
834, 0.012058041524142
835, 0.00963868899270892
836, 0.00758326221257448
837, 0.0122088214382529
838, 0.0142124915495515
839, 0.00853840680792928
840, 0.00376534545794129
841, 0.010508038662374
842, 0.0082753119058907
843, 0.0209717990364879
844, 0.0109718065553655
845, 0.00602714364261677
846, 0.0148673284954081
847, 0.0106479144499948
848, 0.01008014070491
849, 0.00994267229301234
850, 0.00982922463056942
851, 0.00974154627571503
852, 0.0096853191498667
853, 0.00965549672643344
854, 0.00964097344937424
855, 0.00914408910709123
856, 0.0135961796622723
857, 0.018610997358337
858, 0.0330427161728342
859, 0.0115621311124414
860, 0.0130084579965721
861, 0.0106011449825019
862, 0.0110717040176193
863, 0.0120426840924968
864, 0.0124743209841351
865, 0.0128208422878136
866, 0.013022623800983
867, 0.0126781885046512
868, 0.0119729662158837
869, 0.0109779851821562
870, 0.00993718866569301
871, 0.00907945764871935
872, 0.0101354938621322
873, 0.00978845520876348
874, 0.008647204687198
875, 0.00666225080688794
876, 0.00439838675083593
877, 0.00567489134014717
878, 0.0106551270000637
879, 0.00930671052386363
880, 0.00777419528458267
881, 0.0316523374723537
882, 0.0102199332322925
883, 0.00970169063657522
884, 0.00982425773205856
885, 0.0103573217832794
886, 0.0105022010393441
887, 0.009705465597411
888, 0.00975008960813284
889, 0.00993653278176983
890, 0.0118331532770147
891, 0.0157778294136127
892, 0.010432543233037
893, 0.0195656257371108
894, 0.0101979196382066
895, 0.012236299769332
896, 0.0109532099838058
897, 0.012609146690617
898, 0.0116627830235908
899, 0.011382840340957
900, 0.0118181135815879
901, 0.0130725531683614
902, 0.0105401693532864
903, 0.00988741886491577
904, 0.00971071878448129
905, 0.0125264548696578
906, 0.0129018056516846
907, 0.012999418269222
908, 0.0107340631851306
909, 0.0105427919576565
910, 0.0103751836965481
911, 0.00704056168130289
912, 0.00880479967842499
913, 0.00932322124329706
914, 0.0075060740346089
915, 0.00973497028462589
916, 0.00819311679030458
917, 0.00862946275932094
918, 0.0109202714769968
919, 0.0122116034229596
920, 0.0137823676424367
921, 0.00973645431388702
922, 0.0172638921843221
923, 0.00651437195483595
924, 0.0102278410922736
925, 0.00978541541844606
926, 0.00978030908542375
927, 0.00972042651847005
928, 0.00970659808566173
929, 0.00973806941571335
930, 0.0100716767677416
931, 0.0134285316647341
932, 0.0170475876269241
933, 0.010050894426448
934, 0.0101893363365283
935, 0.0132736784095565
936, 0.0133567679052552
937, 0.013561231472219
938, 0.0124727707977096
939, 0.0129420981587221
940, 0.0120451077042768
941, 0.0124952024780214
942, 0.0107791447856774
943, 0.0111776411067694
944, 0.0116036161780357
945, 0.0104184170098354
946, 0.00992465205490589
947, 0.0104588486719877
948, 0.0100509346618007
949, 0.00892333352627853
950, 0.00932266508849959
951, 0.00850979657843709
952, 0.00799852749332786
953, 0.00814817504336437
954, 0.0102820612955838
955, 0.0103823957809558
956, 0.0116856119905909
957, 0.0105515734425613
958, 0.0488158792257309
959, 0.00989081371309502
960, 0.00843976127604643
961, 0.0102154630391548
962, 0.0133973214376186
963, 0.0100294769120713
964, 0.00964598008431494
965, 0.00974603656989833
966, 0.00967165005082885
967, 0.0154290627688169
968, 0.00988100127627452
969, 0.0115614195354283
970, 0.010119400297602
971, 0.0114371203041325
972, 0.0137606288772076
973, 0.0131018980561445
974, 0.0125009443921347
975, 0.0119458263895164
976, 0.0142683411637942
977, 0.0109789590351284
978, 0.00717146564275026
979, 0.0141988817291955
980, 0.0102527959582706
981, 0.010581197294717
982, 0.00968357097978393
983, 0.00870770340164503
984, 0.0101819736217814
985, 0.00902718460808198
986, 0.00876075184593598
987, 0.00861543564436336
988, 0.00997223642965158
989, 0.0107120293192565
990, 0.0100281498394907
991, 0.00995956035330892
992, 0.0151879098266363
993, 0.00979125662706792
994, 0.00959315096649031
995, 0.00973646016791463
996, 0.0162889794446528
997, 0.0103780762292445
998, 0.00987215219065547
999, 0.00968404750650128
1000, 0.0082182305244108
1001, 0.0132943015390386
1002, 0.0125691512754808
1003, 0.0119217260119816
1004, 0.00997345974402768
1005, 0.0141942924819887
1006, 0.00906650380541881
1007, 0.0113270503158371
1008, 0.0152612951850252
1009, 0.0108082514101019
1010, 0.0103849590135117
1011, 0.0100666899234056
1012, 0.00933506231134137
1013, 0.00989773478358984
1014, 0.00916928177078565
1015, 0.00965033122338355
1016, 0.00896775901007156
1017, 0.00895102950744331
1018, 0.00851094843819738
1019, 0.00981271473158683
1020, 0.00966581416183284
1021, 0.00956024889213344
1022, 0.00967874331399798
1023, 0.0095334070113798
1024, 0.0126552009023726
1025, 0.0119370641186833
1026, 0.0134279555641115
1027, 0.014447095648696
1028, 0.0112653002142906
1029, 0.0096180255835255
1030, 0.0106663325956712
1031, 0.0101959129484991
1032, 0.00988054469538232
1033, 0.00912855224062999
1034, 0.00938465329818428
1035, 0.00952146605898937
1036, 0.00922606574992339
1037, 0.0111383226079245
1038, 0.00941865602508187
1039, 0.00940706503267089
1040, 0.0120910433121026
1041, 0.00950298900716007
1042, 0.0127622903479884
1043, 0.0119415741258611
1044, 0.0135831859494959
1045, 0.009893514867872
1046, 0.0111957017797977
1047, 0.00966545693310244
1048, 0.0105329179205
1049, 0.0100440997630358
1050, 0.0100134232391914
1051, 0.00968569734444221
1052, 0.00915638792018096
1053, 0.00926191625850541
1054, 0.0156204048544168
1055, 0.0121579396072775
1056, 0.0130212505214981
1057, 0.00940303162982067
1058, 0.0145621800795197
1059, 0.0118589593496706
1060, 0.0110413652534286
1061, 0.0140506772324443
1062, 0.0111059569753706
1063, 0.0155499721877277
1064, 0.00954809356480837
1065, 0.0106844127488633
1066, 0.00935705689092477
1067, 0.00946742529049516
1068, 0.0127669597044587
1069, 0.0101058024913073
1070, 0.00979995937086642
1071, 0.0103462558084478
1072, 0.015869004263853
1073, 0.00108683133294107
1074, 0.0037461129638056
1075, 0.00978730331795911
1076, 0.0201276580337435
1077, 0.0309371603652835
1078, 0.0315046963902811
1079, 0.0430598547682166
1080, 0.00788349045130114
1081, 0.0441036702444156
1082, 0.00176950338451813
1083, 0.000446121082253133
1084, -0.000419924663826047
1085, 0.0366941958976289
1086, 0.020587190752849
1087, 0.0119336671972026
1088, 0.0086044887236009
1089, 0.00661021591319392
1090, 0.00521236762870103
1091, 0.00424645431727792
1092, 0.00367903787021836
1093, 0.00343610914812113
1094, 0.00339233939303085
1095, 0.00346730226495614
1096, 0.010808727859209
1097, 0.0183413657359779
1098, 0.0273013167704145
1099, 0.0354695206818481
1100, 0.0391311331962546
1101, 0.0390231683850288
1102, 0.00935473238738875
1103, 0.00549642369151115
1104, 0.00341341958846897
1105, 0.00717495040347179
1106, 0.00424013616672407
1107, 0.00295247696340084
1108, 0.0219614752568305
1109, 0.0132208098657429
1110, 0.0138140349493672
1111, 0.0333949782264729
1112, 0.0129196065633247
1113, 0.036792225514849
1114, 0.0298467127916714
1115, 0.0395866325125098
1116, 0.00954051204025745
1117, 0.0392101292187969
1118, 0.00280425609089434
1119, 0.00155242882153418
1120, 0.0394820446769396
1121, 0.00650985350366682
1122, 0.0264241540959726
1123, 0.00336851445691926
1124, 0.0128559794393368
1125, 0.00255433199760903
1126, 0.0351465838029981
1127, 0.0118546167920743
1128, 0.0410709868495663
1129, 0.0024422412388958
1130, 0.00591278188706686
1131, 0.00784502597525716
1132, 0.01020503253676
1133, 0.0147002764667074
1134, 0.00432453634372602
1135, 0.0240852685334782
1136, 0.00316862327357133
1137, 0.0114512071013451
1138, 0.0225116259728869
1139, 0.0212624908114473
1140, 0.0385000578438242
1141, 0.0395101187750697
1142, 0.0356839629156249
1143, 0.0147502450272441
1144, 0.0389929842203856
1145, 0.00281492919505884
1146, 0.0412494819611311
1147, 0.00642206384024272
1148, 0.00440094945952296
1149, 0.0256652482785285
1150, 0.0165904003661126
1151, 0.0111977086247255
1152, 0.00864396659502139
1153, 0.0330510446801782
1154, 0.0355015072661142
1155, 0.0151833124303569
1156, 0.0335759584171077
1157, 0.0354782177135348
1158, 0.0391214173287153
1159, 0.0261363349854946
1160, 0.0166494158096612
1161, 0.0250888912317653
1162, 0.00424212291060636
1163, 0.00693943211808801
1164, 0.0294834259631378
1165, 0.0094528414386635
1166, 0.0177309754459808
1167, 0.0121305408732345
1168, 0.040130107353131
1169, 0.0372051544487476
1170, 0.0379631190250317
1171, 0.00729318576244016
1172, 0.00219533483032137
1173, 0.0377037429383823
1174, 0.0103606404736638
1175, 0.0136779972041647
1176, 0.0205688324446479
1177, 0.0378516788283984
1178, 0.0284571472555399
1179, 0.0409093781684836
1180, 0.0412754903857907
1181, 0.0250293058343232
1182, 0.0345957174098917
1183, 0.000754743962412855
1184, 0.0151466637849808
1185, 0.0231674755147348
1186, 0.0364539899552862
1187, 0.0411631423979998
