1, 0.00763064750935882
2, 0.0598952099680901
3, 0.00745844969060272
4, 0.0081938523799181
5, 0.0163323907181621
6, 0.0163761405274272
7, 0.00449359486810863
8, 0.00905108684673905
9, 0.0593695354958375
10, 0.00942671508528292
11, 0.0389109924435616
12, 0.0210664318874478
13, 0.00883744311674188
14, 0.0106255035692205
15, 0.0121526147704571
16, 0.0136447974170248
17, 0.0175831745533894
18, 0.0296657329114775
19, 0.0483059364681443
20, 0.0468506016768515
21, 0.0319775799289346
22, 0.0182291694606344
23, 0.0107981776818633
24, 0.00728964898735285
25, 0.00575471023330465
26, 0.00516595538162316
27, 0.00433160944764192
28, 0.00532736474027236
29, 0.00640956673305482
30, 0.00719980546273291
31, 0.00769738527014852
32, 0.00797895753445725
33, 0.00812739296816289
34, 0.00818820957404872
35, 0.00809547468088567
36, 0.00799751468002796
37, 0.00800673291087151
38, 0.00815963869293531
39, 0.00851611451556285
40, 0.00909869046881795
41, 0.00989620092635353
42, 0.0108960489742458
43, 0.0120459417812526
44, 0.0132284982440372
45, 0.0149106708122417
46, 0.0157538680359721
47, 0.0161791676655412
48, 0.0180310048162937
49, 0.0216811945041021
50, 0.026436851049463
51, 0.0296266137932738
52, 0.0286335991695523
53, 0.022904717673858
54, 0.0159883916688462
55, 0.0118849293018381
56, 0.0102491001598537
57, 0.00900630311419567
58, 0.00861674715997651
59, 0.00846332451328635
60, 0.00866027797261874
61, 0.00968988891690969
62, 0.0110321858276924
63, 0.0131293958984315
64, 0.0176276395407816
65, 0.0222300725678603
66, 0.0233769469584028
67, 0.0207301024347544
68, 0.0171600606602927
69, 0.0149798022272686
70, 0.0137937096878886
71, 0.0129157331151267
72, 0.012187364200751
73, 0.0116386435305079
74, 0.0113458254685005
75, 0.0114215235225856
76, 0.0121145670612653
77, 0.014197949009637
78, 0.0140977824339643
79, 0.0125109373281399
80, 0.00844005875599881
81, 0.00687889358960092
82, 0.0061504056211561
83, 0.00573881560315688
84, 0.00545585256380339
85, 0.00524640160923203
86, 0.00507021020166576
87, 0.00489910536756118
88, 0.00474083524507781
89, 0.00462260929634795
90, 0.00458838623793175
91, 0.00482320878654718
92, 0.00508705879716824
93, 0.00537179006884495
94, 0.00570273496365796
95, 0.00606858842850973
96, 0.00644956137208889
97, 0.0068306140601635
98, 0.00716638697000841
99, 0.0074021629213045
100, 0.00745805248152465
101, 0.00724063445037852
102, 0.00666650252727171
103, 0.00574982267183562
104, 0.00497297546826303
105, 0.00629095360636711
106, 0.00698581471806392
107, 0.00840465367461244
108, 0.0117693763847152
109, 0.0198485494280855
110, 0.0342800669992963
111, 0.0509677038838466
112, 0.0473664291203022
113, 0.0287578362040222
114, 0.017583353832985
115, 0.0145883390214294
116, 0.0139913983487835
117, 0.0136340487903605
118, 0.0132547642569989
119, 0.0128135703659306
120, 0.0123184345817814
121, 0.0117866617317001
122, 0.0112157883898666
123, 0.0105818329223742
124, 0.00987492191294829
125, 0.00991720135789365
126, 0.0101753491908312
127, 0.0106060129279892
128, 0.0111172225636741
129, 0.011710407367597
130, 0.0123925232328475
131, 0.0131802186369896
132, 0.0140405124984682
133, 0.0152298640459776
134, 0.0188836293915908
135, 0.0257491326580445
136, 0.0328603632127245
137, 0.0373214539140463
138, 0.0381555209557215
139, 0.0350373232116302
140, 0.0288963367541631
141, 0.0217888796081146
142, 0.0167199408945938
143, 0.0144401815099021
144, 0.0134083454807599
145, 0.0124924609748026
146, 0.0116236632068952
147, 0.0108397820343574
148, 0.0101529373787344
149, 0.00959563395008445
150, 0.00916254691158732
151, 0.00885184792180856
152, 0.00863731078182658
153, 0.00848508051907023
154, 0.00831118400674313
155, 0.00570613262243569
156, 0.00720799132250249
157, 0.0112284448308249
158, 0.0201271416929861
159, 0.0353494171674053
160, 0.0516051550706228
161, 0.0445838375017047
162, 0.0304164150729775
163, 0.019373738206923
164, 0.0119911848256985
165, 0.00826613224732379
166, 0.0068697344395332
167, 0.00444418273400515
168, 0.00433572226514419
169, 0.00427965408501526
170, 0.0042562095914036
171, 0.00426395827283462
172, 0.00430599933800598
173, 0.00439453202610215
174, 0.00453857658430934
175, 0.00474083493463695
176, 0.00501561273510257
177, 0.00538226069572071
178, 0.00583072612062097
179, 0.00637988358115156
180, 0.00708735121103625
181, 0.00806649696702758
182, 0.00969175683955351
183, 0.0153138367459178
184, 0.0190004942317804
185, 0.018976453691721
186, 0.0173677240187923
187, 0.0164204065998395
188, 0.0167379801472028
189, 0.0179151728128393
190, 0.0188699206337333
191, 0.0181967451547583
192, 0.0160069090003769
193, 0.0139917156969508
194, 0.0128718639413516
195, 0.0120082721114159
196, 0.0112382196821272
197, 0.0105802635662258
198, 0.0100696897134185
199, 0.00969946555172404
200, 0.00945719269414743
201, 0.00933389008666078
202, 0.00931278957674901
203, 0.00954932137392461
204, 0.00948659718657533
205, 0.00687980760509769
206, 0.0101623956579715
207, 0.013512116856873
208, 0.0175038615707308
209, 0.0230132039370281
210, 0.0259807552210987
211, 0.0369789053996404
212, 0.0350933130830526
213, 0.00805771513842046
214, 0.00794746641380092
215, 0.00774800936536243
216, 0.00740711053367704
217, 0.0068634959946697
218, 0.00609576799130688
219, 0.00533084163907915
220, 0.00482704327441752
221, 0.0104369341861457
222, 0.00950549232463042
223, 0.00879615723776321
224, 0.00831053825095296
225, 0.00804621120914817
226, 0.00797319575212896
227, 0.0107191423109422
228, 0.0124534589704126
229, 0.0162961708071331
230, 0.0224707562786837
231, 0.0278873297696312
232, 0.0289418551449974
233, 0.0257685235701501
234, 0.0210638688877225
235, 0.0173583664000034
236, 0.0154809188873818
237, 0.0148710634869834
238, 0.0263434099033475
239, 0.0136899383893857
240, 0.00759941483071695
241, 0.00733012104562173
242, 0.00699863947617511
243, 0.00673612055834383
244, 0.00780054088681936
245, 0.0115393418818712
246, 0.00794478404956559
247, 0.00920589920133352
248, 0.0127738736725102
249, 0.00855928799137473
250, 0.0138369346037507
251, 0.0100896772928536
252, 0.0081451948111256
253, 0.0143644043710083
254, 0.00963065829128027
255, 0.0138987524745365
256, 0.0245333754767974
257, 0.0276268976740539
258, 0.0185461281022678
259, 0.0282988802840312
260, 0.0235285794672867
261, 0.018883648638924
262, 0.0158002007131775
263, 0.0118418757338077
264, 0.011869143428547
265, 0.0136949361435005
266, 0.018905563512817
267, 0.0327187626001736
268, 0.00777614229203512
269, 0.00768242427147925
270, 0.00766166183166206
271, 0.00776358600705862
272, 0.00793060400922384
273, 0.0143499998375773
274, 0.0123158916054914
275, 0.00981529708951712
276, 0.00798440132556217
277, 0.00838236138224602
278, 0.00897141437356671
279, 0.0111660979067286
280, 0.0264003928750753
281, 0.0144212270000329
282, 0.0168494804141422
283, 0.0212760008871555
284, 0.013472281396389
285, 0.0290710579914351
286, 0.0270554479211569
287, 0.0217065000906587
288, 0.00708205492368766
289, 0.0205057295970619
290, 0.0277285616224011
291, 0.0320512903854251
292, 0.00799715658649802
293, 0.00801000790670514
294, 0.00817436131183058
295, 0.00858106332210203
296, 0.00784971867688
297, 0.012110831748162
298, 0.00881521077826619
299, 0.00826902547851205
300, 0.010803542410334
301, 0.00965682844010492
302, 0.0153621467761695
303, 0.0131294989958405
304, 0.0152131348537902
305, 0.0133038584608585
306, 0.0193141341054191
307, 0.0125842716079205
308, 0.0253169381370147
309, 0.0297028874047101
310, 0.0292560875415802
311, 0.0126155805108803
312, 0.0166441430337727
313, 0.00958234257996082
314, 0.0287644919008017
315, 0.00953710257696609
316, 0.0317507038513819
317, 0.00870497039120112
318, 0.00919107735777895
319, 0.0308514490413169
320, 0.00924680785586437
321, 0.0106310265449186
322, 0.0115045330487192
323, 0.00963062203178803
324, 0.0125716750044376
325, 0.0116919982912285
326, 0.0140901831910014
327, 0.0178240564807008
328, 0.024222119556119
329, 0.0300375958904624
330, 0.00963006159290671
331, 0.0295620011165738
332, 0.00806181542575359
333, 0.0100440400031706
334, 0.0105328178809335
335, 0.0114660760387778
336, 0.0121548992271225
337, 0.0135078056094547
338, 0.0166531229236474
339, 0.0230223575296501
340, 0.0111848139204085
341, 0.0288969799876213
342, 0.0107522198398198
343, 0.0217545249366335
344, 0.0242063090205193
345, 0.0112786792218685
346, 0.0119145336405685
347, 0.0132525788309673
348, 0.0158898862234006
349, 0.0125890517607331
350, 0.0116761348520716
351, 0.0130945471270631
352, 0.0148877132063111
353, 0.0104860680488249
354, 0.0100258802995086
355, 0.0157192180243631
356, 0.0221351825942596
357, 0.0116762140921007
358, 0.0053739754560714
359, 0.00569554259224484
360, 0.0073786589782685
361, 0.00509208541673919
362, 0.00711600117695828
363, 0.00655804194199542
364, 0.00678289045269291
365, 0.00605007105817397
366, 0.00641147400407741
367, 0.00711790860320131
368, 0.00751012715045363
369, 0.0074399127624929
370, 0.00596855216038724
371, 0.00574237236287445
372, 0.00478897192515433
373, 0.0053499547066167
374, 0.00558745958066235
375, 0.00589335065645476
376, 0.00632127226951222
377, 0.00700388464611024
378, 0.00827896734699607
379, 0.0105088769147793
380, 0.0141733908870568
381, 0.0361788001443659
382, 0.00793574397296955
383, 0.0226285895332694
384, 0.0104725378720711
385, 0.0204737231445809
386, 0.0228882279867927
387, 0.0216874913312495
388, 0.0174890391062945
389, 0.0137310448723535
390, 0.011668227147311
391, 0.0103094194394847
392, 0.0136299359922608
393, 0.014669381082058
394, 0.0169406563509256
395, 0.0115313949839522
396, 0.01225916777427
397, 0.0117841387012353
398, 0.0128871823350588
399, 0.0132806922774762
400, 0.0223154267296195
401, 0.0369275875079135
402, 0.00480588370313247
403, 0.00541373190935701
404, 0.00680691124095271
405, 0.00758805017297467
406, 0.00746715192993482
407, 0.00573631216927121
408, 0.00740105072812488
409, 0.00740695143273721
410, 0.00759122881572694
411, 0.00608835726355513
412, 0.00644729647319764
413, 0.00714159139897674
414, 0.0076515688172852
415, 0.00514374269793431
416, 0.00630509954256316
417, 0.00759083137381822
418, 0.00494474269604931
419, 0.00878805065682779
420, 0.00682449441713591
421, 0.00592722584648679
422, 0.0115841448617478
423, 0.00937953144311905
424, 0.0194063616606096
425, 0.0224516433663666
426, 0.0156464002405604
427, 0.0130964543980857
428, 0.0129418196932723
429, 0.018990718992427
430, 0.0221296593857308
431, 0.0139214619994164
432, 0.0157628882055481
433, 0.011694831152757
434, 0.0125035867094994
435, 0.0120343590776126
436, 0.0128525719046593
437, 0.0134807853959501
438, 0.0120263917682072
439, 0.0115431770682335
440, 0.0115153635852039
441, 0.0112254808523825
442, 0.00511195084878377
443, 0.0282078638362388
444, 0.0136407637037337
445, 0.0167584449518472
446, 0.00771854464740803
447, 0.00752548497014989
448, 0.00785583397373557
449, 0.00796721514780074
450, 0.00725782045628875
451, 0.00655780348461121
452, 0.0069235177943483
453, 0.00617782379655788
454, 0.0081469629270335
455, 0.00581169233191758
456, 0.00853216822724789
457, 0.00764068138475219
458, 0.00561297021340579
459, 0.00812953834732374
460, 0.00939029610405366
461, 0.0072804104614382
462, 0.00668392675773551
463, 0.00534270315741499
464, 0.0116068938902269
465, 0.0121171494635443
466, 0.0116515581030399
467, 0.0176231101310502
468, 0.0114148087644329
469, 0.0120456443013002
470, 0.0113284611919274
471, 0.0146211805598189
472, 0.0216899754789968
473, 0.0125877880491316
474, 0.0132826392073184
475, 0.0236733597703278
476, 0.0218452850046257
477, 0.0181445086241833
478, 0.0118531209882349
479, 0.0257994576046864
480, 0.0106130689715168
481, 0.0134663436827915
482, 0.0184794866612979
483, 0.0176738731873532
484, 0.0234174371386568
485, 0.0141146686859429
486, 0.00860210430497924
487, 0.00628515197119365
488, 0.0092022237367928
489, 0.00671768304891884
490, 0.00775933393742889
491, 0.00748413929250091
492, 0.00794524101850887
493, 0.00809341835944603
494, 0.00712794193532318
495, 0.00827721909930309
496, 0.00547423474490643
497, 0.00930514155576626
498, 0.00623385208503654
499, 0.00968182242165009
500, 0.00853530690073967
501, 0.00766088673844934
502, 0.00585344959316509
503, 0.0107460993342102
504, 0.0113731244734178
505, 0.0111990795315554
506, 0.0115631842830529
507, 0.0109937412198633
508, 0.0109489183717718
509, 0.0120717111664514
510, 0.0126902286428958
511, 0.0137635495824118
512, 0.0167225037390987
513, 0.0111583320956145
514, 0.0115015527699143
515, 0.0241166399791837
516, 0.0248464991648992
517, 0.0214845379814506
518, 0.0239542767715951
519, 0.0275732522519926
520, 0.0096359869154791
521, 0.00689447034771244
522, 0.00896652710313598
523, 0.0081146175119405
524, 0.00739363968993227
525, 0.00841709148759643
526, 0.00860601826570928
527, 0.00781500490847975
528, 0.0082889215555042
529, 0.0101764420202623
530, 0.00702755881606468
531, 0.00996622170454689
532, 0.00868374256727596
533, 0.0109977141643564
534, 0.0107115526528408
535, 0.0104524110599111
536, 0.0110634979015837
537, 0.0105102080851793
538, 0.0115961451859524
539, 0.0123070504050702
540, 0.0133832718711346
541, 0.010865237377584
542, 0.0110030392340074
543, 0.016186677540342
544, 0.0256131594734532
545, 0.0211600105588635
546, 0.027184152820458
547, 0.00993534099931518
548, 0.0110667012631893
549, 0.00767463573720306
550, 0.00932135332065324
551, 0.0089953556501617
552, 0.00823247584048659
553, 0.0085843817020456
554, 0.00884127772102753
555, 0.00874728119621674
556, 0.0106897775549442
557, 0.0064102659933269
558, 0.00964129120111465
559, 0.01047011387224
560, 0.0102038995052377
561, 0.00999434983047346
562, 0.00991765813281139
563, 0.0106019194548329
564, 0.0121657478157431
565, 0.0112578890596827
566, 0.013283951052775
567, 0.0156467381554345
568, 0.020489060630401
569, 0.0102311390607307
570, 0.00876799811209951
571, 0.00972265137049059
572, 0.00946130510419607
573, 0.00935304312345882
574, 0.00915604977247616
575, 0.00929427294371029
576, 0.0120971057830112
577, 0.0108998042220871
578, 0.00793717047199607
579, 0.0098981277551502
580, 0.0104404900533458
581, 0.0110568029340357
582, 0.0121437930501997
583, 0.0133009975155195
584, 0.0152177500006344
585, 0.01250562928617
586, 0.0249772112816572
587, 0.00979660109927257
588, 0.0136108821413169
589, 0.0198747754717867
590, 0.0253224410116673
591, 0.0121311966795474
592, 0.0132362629286945
593, 0.0155199082568288
594, 0.0516764502972364
595, 0.00768874220860501
596, 0.0056571380312865
597, 0.00820863402138154
598, 0.00802242911110322
599, 0.00715681072324514
600, 0.00643323020388683
601, 0.00502228866874551
602, 0.0139241841776917
603, 0.0104566829589506
604, 0.0130525253868351
605, 0.0134818181395531
606, 0.0166190296101073
607, 0.0231587536012133
608, 0.0110349476647874
609, 0.0145622521328429
610, 0.00941070091600219
611, 0.00992385709347824
612, 0.0105652232499172
613, 0.0113098841005315
614, 0.0121390646478782
615, 0.0130394328540812
616, 0.0140417042809228
617, 0.0158772896199177
618, 0.019722882968684
619, 0.0255131367594004
620, 0.0316383883667489
621, 0.0359992623950044
622, 0.00840754685923457
623, 0.00854305597022176
624, 0.00874799645195405
625, 0.00902297254651785
626, 0.00967065698932856
627, 0.0383712807670236
628, 0.0140134919590006
629, 0.0238090003064523
630, 0.00700557398765037
631, 0.0166909720283002
632, 0.0142849910383423
633, 0.0135565822323163
634, 0.0122146033681929
635, 0.0116413258947432
636, 0.0111334940884262
637, 0.0106867771440496
638, 0.0128605391364545
639, 0.0082904117492338
640, 0.00814428048518797
641, 0.00760565372183919
642, 0.00734251916098098
643, 0.00790087517816573
644, 0.00830489552269379
645, 0.0125930928625166
646, 0.0240840748883784
647, 0.0381759476537506
648, 0.0120999438222498
649, 0.0150782889686525
650, 0.0115857344741623
651, 0.0140563272094975
652, 0.0134702944972863
653, 0.017951074289158
654, 0.0111860459825645
655, 0.00893513516833385
656, 0.0280962836307784
657, 0.019616846460849
658, 0.0159483577590436
659, 0.00982676135996977
660, 0.00840819048296128
661, 0.0128413263397912
662, 0.0119790456568201
663, 0.0138803545075158
664, 0.0240437236304084
665, 0.0104633988812566
666, 0.00932473107241094
667, 0.0086426353858163
668, 0.0221586069092155
669, 0.0140873418810467
670, 0.0162432424258441
671, 0.0122415250322471
672, 0.0117666542840501
673, 0.0293367354509731
674, 0.0346580788493156
675, 0.0113213079360624
676, 0.0127725627583762
677, 0.0133628670591861
678, 0.010951946689082
679, 0.0312792787860547
680, 0.0119776946182052
681, 0.0085039750362436
682, 0.00872890317502121
683, 0.00855755996114264
684, 0.008497915075471
685, 0.0124699101628115
686, 0.0142881098824243
687, 0.0157317148211102
688, 0.0193567111467322
689, 0.0256006165097157
690, 0.0114943801891059
691, 0.0309749298418562
692, 0.0129604367539287
693, 0.00729561011151721
694, 0.0112113974367579
695, 0.0104791338089854
696, 0.0119949805084616
697, 0.0138891560491174
698, 0.0163062238134444
699, 0.0128085636533797
700, 0.0241671847179532
701, 0.0203367103822529
702, 0.0264867589188119
703, 0.00982072111219168
704, 0.00881321262568235
705, 0.00929165072739124
706, 0.00849945722147822
707, 0.020706021382163
708, 0.0133812056543926
709, 0.0142278696099917
710, 0.0167926979872088
711, 0.0128396379295737
712, 0.0123614495775352
713, 0.0119779982071902
714, 0.0260018554205696
715, 0.0103335161693394
716, 0.0132710449397564
717, 0.0193968367363725
718, 0.0287068734566371
719, 0.010213343160493
720, 0.0119438986293972
721, 0.0124269546164821
722, 0.0129338131130983
723, 0.00927102767551939
724, 0.0266898527430991
725, 0.00973016209900379
726, 0.0165587692366292
727, 0.0207460958821078
728, 0.0308980396948755
729, 0.0135216934916874
730, 0.0115299005061388
731, 0.00922014498307059
732, 0.0121460582595319
733, 0.0129514363749574
734, 0.0261178667036196
735, 0.0212825375298659
736, 0.0169560539070517
737, 0.0113433024380356
738, 0.00928294863551855
739, 0.024896745570004
740, 0.0141479594943424
741, 0.0105886279294888
742, 0.00986222627883156
743, 0.027688411809504
744, 0.0209212141732375
745, 0.0176427992992103
746, 0.0146380094035218
747, 0.0125287080183625
748, 0.0135541980465253
749, 0.0129920863546431
750, 0.0250454155196037
751, 0.0124692940153182
752, 0.013609113637358
753, 0.0220600400740902
754, 0.0275131713909407
755, 0.0104799888407191
756, 0.012955230815957
757, 0.0145890535786748
758, 0.0309451669454575
759, 0.00895806316596766
760, 0.0103842835718145
761, 0.0147000976527731
762, 0.0179750749375671
763, 0.022430304903537
764, 0.0132343991814802
765, 0.0123982255657514
766, 0.0255827160241703
767, 0.0256488545398627
768, 0.00987703685781785
769, 0.011568688089028
770, 0.0107647005158166
771, 0.0218278807587922
772, 0.0188522570145627
773, 0.0153374100724856
774, 0.0131373090137328
775, 0.0138475918987145
776, 0.0149826857128314
777, 0.0280682689820727
778, 0.0135795855894685
779, 0.0109926010482013
780, 0.0175670413300395
781, 0.0306214744535585
782, 0.0112996722261111
783, 0.0238156556151807
784, 0.019270205249389
785, 0.0154169426144411
786, 0.0261812064175804
787, 0.0135950272281965
788, 0.0245960514992476
789, 0.0260657839477062
790, 0.0229796216202279
791, 0.0127308194059879
792, 0.0109359047375619
793, 0.0118202791394045
794, 0.0201889905147254
795, 0.0163149855410059
796, 0.0142892623165001
797, 0.0246027243722762
798, 0.0120159924429442
799, 0.0187975909560919
800, 0.0231799121635656
801, 0.0299860493590434
802, 0.0281141647137702
803, 0.0122910080078457
804, 0.0253077396191657
805, 0.0269029585955044
806, 0.0205829972401261
807, 0.0162242085207254
808, 0.014097275910899
809, 0.0131136206133912
810, 0.02185994759202
811, 0.017497164895758
812, 0.0123778606764972
813, 0.0138388499617577
814, 0.0240563880652189
815, 0.024977808073163
816, 0.0282560043657819
817, 0.0289343052233259
818, 0.028577769951274
819, 0.0272311417696377
820, 0.026581093048056
821, 0.0270944541054113
822, 0.0218894919380546
823, 0.017331623705104
824, 0.0148250292210529
825, 0.0135671723789225
826, 0.0126754071563482
827, 0.0139115677059939
828, 0.0254321933413545
829, 0.0209156706308325
830, 0.0209635542705655
831, 0.0282738966867328
832, 0.0160968329624406
833, 0.0158307348378003
834, 0.0160946677594135
835, 0.0209807902574539
836, 0.0188244408927858
837, 0.0524332612752914
838, 0.0276525458320975
839, 0.0235443945663671
840, 0.0105670111564298
841, 0.00794661157609274
842, 0.0101751105394214
843, 0.0136526455171406
844, 0.0141255488463988
845, 0.0148575335430602
846, 0.0173072655064364
847, 0.0220338485336729
848, 0.0240637701936066
849, 0.0342246362318595
850, 0.0145835102691005
851, 0.0319094519751767
852, 0.0045728493326654
853, 0.00747386734777441
854, 0.00749419264805814
855, 0.00725005186783771
856, 0.00672761703996609
857, 0.00617673085071146
858, 0.00578707526437938
859, 0.00584113706524173
860, 0.00536314755057295
861, 0.00499554568280776
862, 0.00472964920724432
863, 0.00454018590971828
864, 0.00441358564421535
865, 0.00434611330274493
866, 0.00432296679355204
867, 0.00433590084624787
868, 0.00437873679523667
869, 0.0122518364805728
870, 0.0130726723000407
871, 0.0141499862074852
872, 0.0159270984586328
873, 0.017906509184589
874, 0.0186364088828365
875, 0.0177881356018285
876, 0.0166029962711036
877, 0.0161654381081462
878, 0.0166876744478941
879, 0.0173205570317805
880, 0.0165738892586281
881, 0.0241182491493722
882, 0.0126589761736492
883, 0.013179900823161
884, 0.0114925724919885
885, 0.014403763304775
886, 0.0154868194367737
887, 0.0184511779807508
888, 0.00726868821463237
889, 0.00481925505058219
890, 0.00778871891088784
891, 0.00777137388164798
892, 0.00779239433662345
893, 0.00509893991208325
894, 0.00654882301265995
895, 0.00693935295566916
896, 0.00614694859056423
897, 0.00576073028302441
898, 0.00768309951915095
899, 0.00643209748280545
900, 0.00454354375445594
901, 0.00484961368298779
902, 0.00449176714755595
903, 0.00606850903326025
904, 0.00834651962698748
905, 0.00721450774775197
906, 0.0101187451121708
907, 0.0122911953367293
908, 0.00512723236655196
909, 0.00552201379711429
910, 0.00466086548597862
911, 0.00449486666669448
912, 0.00451447640080005
913, 0.0115235469614466
914, 0.0149216876986126
915, 0.0159805845469236
916, 0.01564586473008
917, 0.0104407687516262
918, 0.0109154998790473
919, 0.013659917206193
920, 0.0182643951848149
921, 0.0167152308858931
922, 0.0182944762830933
923, 0.0171110065033038
924, 0.0160090754895161
925, 0.0158758788990478
926, 0.0142149782872626
927, 0.0131543900351971
928, 0.0120934868852297
929, 0.0108437555997322
930, 0.0161691535419474
931, 0.0196875167700152
932, 0.025083029953142
933, 0.0137622983505329
934, 0.0293546759833892
935, 0.00711526605300605
936, 0.00540679782473793
937, 0.00629301959027847
938, 0.00587729717760036
939, 0.00671935205658277
940, 0.00899148099900534
941, 0.00853043914927791
942, 0.00816520190952967
943, 0.00744813804825147
944, 0.00458559054615242
945, 0.00773070418896774
946, 0.0109734161912153
947, 0.00909400176412115
948, 0.00503522243040303
949, 0.00573124596849084
950, 0.00532293428356449
951, 0.00484377227257937
952, 0.00631044428640356
953, 0.00473924586549401
954, 0.00473392102867365
955, 0.00470070148973415
956, 0.00678583114252736
957, 0.0128211004193872
958, 0.0101024725784858
959, 0.00977673280673722
960, 0.00988727978741129
961, 0.0115524751599878
962, 0.0152846796748539
963, 0.016379200698187
964, 0.0180477327667177
965, 0.0177697963857402
966, 0.0188041357323527
967, 0.0159093170271566
968, 0.0149859016916404
969, 0.0150074985188742
970, 0.0147351851531615
971, 0.0121358258184046
972, 0.00828044861555099
973, 0.00485837548815956
974, 0.0125429458760967
975, 0.0138797389809042
976, 0.0256511412250499
977, 0.0207490165097018
978, 0.0112461671233177
979, 0.0146950312579672
980, 0.0118984804333498
981, 0.0286703361198306
982, 0.00515621989810218
983, 0.00739425564340005
984, 0.00696176410807918
985, 0.00651393427203099
986, 0.00605535604214917
987, 0.00907516619190574
988, 0.00985688110813498
989, 0.00549586703224729
990, 0.00779905077069998
991, 0.00469911186955869
992, 0.00491952989250422
993, 0.00813933372652779
994, 0.0094934922332565
995, 0.0065988713176921
996, 0.00558201572857797
997, 0.011927556179996
998, 0.00600588430340091
999, 0.00710578895329187
1000, 0.00527227010267476
1001, 0.00498098239768296
1002, 0.00508380040992051
1003, 0.0110913338139653
1004, 0.0138484504073858
1005, 0.0143229787548383
1006, 0.0193276239248614
1007, 0.00972755094990134
1008, 0.0105474810115993
1009, 0.0145818423479795
1010, 0.0157619945239276
1011, 0.0189056429080665
1012, 0.017827474201719
1013, 0.0135123756093284
1014, 0.0140091600672652
1015, 0.014227690640837
1016, 0.012743435955296
1017, 0.0134316709203025
1018, 0.0107744950025032
1019, 0.00441939914599061
1020, 0.0104611961037985
1021, 0.0108546233580758
1022, 0.0139678227715194
1023, 0.0173391729282836
1024, 0.0109279567065338
1025, 0.0149719344917685
1026, 0.0110841297544539
1027, 0.0124485121729473
1028, 0.0257136876073976
1029, 0.0272560166195035
1030, 0.0117162290650109
1031, 0.0131571517946819
1032, 0.00526559449887524
1033, 0.0168616406153888
1034, 0.00493902065015088
1035, 0.00787719242119541
1036, 0.0283449149380128
1037, 0.0073366774401317
1038, 0.00682457400641094
1039, 0.00633215997368097
1040, 0.0103925284153471
1041, 0.00563754738929371
1042, 0.00844584071698288
1043, 0.010897739856903
1044, 0.00741789889677117
1045, 0.00632965677262594
1046, 0.00588266155682504
1047, 0.00851150508970022
1048, 0.00693279636713366
1049, 0.0114556334912777
1050, 0.00996941537596285
1051, 0.00526676952306713
1052, 0.00555336587907126
1053, 0.00535386909420292
1054, 0.0121611979945252
1055, 0.0170556141529232
1056, 0.0140822952768455
1057, 0.0175317554579427
1058, 0.0152359431764732
1059, 0.0140198493997256
1060, 0.0196937550790608
1061, 0.013510567912211
1062, 0.0121373473666608
1063, 0.013106130141144
1064, 0.0114784089050123
1065, 0.0117142220648626
1066, 0.0151980948479225
1067, 0.0175016357097775
1068, 0.0131591386161745
1069, 0.0264489695740243
1070, 0.0139924511313438
1071, 0.0215169641499718
1072, 0.00936193577945232
1073, 0.00543324237999817
1074, 0.00865626474842429
1075, 0.0273974390390019
1076, 0.00793711480218917
1077, 0.00728609288732211
1078, 0.00669721874874085
1079, 0.00585812419497718
1080, 0.00945989422810574
1081, 0.0115423620057603
1082, 0.00775003584567457
1083, 0.00668571524632474
1084, 0.00730514673826595
1085, 0.00882280035875738
1086, 0.00622441483816753
1087, 0.0101801176400234
1088, 0.0056214343290776
1089, 0.00586195903209348
1090, 0.0133371183183044
1091, 0.0199941233731806
1092, 0.014733475788186
1093, 0.0135891855849574
1094, 0.0171218349132687
1095, 0.0129876958671957
1096, 0.0122319719754159
1097, 0.0162715547097226
1098, 0.0121362237259746
1099, 0.0127179453459879
1100, 0.0184433693066239
1101, 0.0220016298505167
1102, 0.014154397106419
1103, 0.0222785510122776
1104, 0.0123745026066899
1105, 0.0152739513820658
1106, 0.00973816860156755
1107, 0.0254751099273562
1108, 0.0253854459151626
1109, 0.0261008393329879
1110, 0.00881042246085902
1111, 0.00570919224992394
1112, 0.00797267886810005
1113, 0.00720870619018873
1114, 0.00505852792412043
1115, 0.0107564546633512
1116, 0.00620557977041851
1117, 0.0118915461159001
1118, 0.0128118018619716
1119, 0.00812898234774669
1120, 0.00769933223879586
1121, 0.00706146296579391
1122, 0.00918809743598104
1123, 0.00659245372905086
1124, 0.00619701096521957
1125, 0.0148216910505046
1126, 0.0198789477969209
1127, 0.0132415317930281
1128, 0.0142486918096741
1129, 0.0125554823316634
1130, 0.0119591976515949
1131, 0.013204492029867
1132, 0.0199252610715727
1133, 0.0138936669100076
1134, 0.0210291190693776
1135, 0.010485154343769
1136, 0.0116893312893808
1137, 0.0206658878762807
1138, 0.015606744059672
1139, 0.0247238334268332
1140, 0.0181112323577205
1141, 0.0099404474409918
1142, 0.0110106091791143
1143, 0.00891365762799978
1144, 0.00795555246683458
1145, 0.0245955235635241
1146, 0.0239603764687975
1147, 0.00661447178572416
1148, 0.0121178449286769
1149, 0.013089400716126
1150, 0.0085335192270577
1151, 0.00808018597308546
1152, 0.00746311879872034
1153, 0.00957079899186889
1154, 0.00706349220126867
1155, 0.0175368819230547
1156, 0.0166643692646176
1157, 0.0121618134435266
1158, 0.0129068120537947
1159, 0.0111672214365431
1160, 0.021902923937887
1161, 0.0158428155284907
1162, 0.0199322140154739
1163, 0.0164567734114826
1164, 0.0185921622129778
1165, 0.0229874886572361
1166, 0.0111845557112247
1167, 0.0221915493408839
1168, 0.0201706926648815
1169, 0.010104121795545
1170, 0.00897383869492582
1171, 0.0122466708999127
1172, 0.0221723754269381
1173, 0.0132069409204026
1174, 0.014767589357992
1175, 0.00892675070402523
1176, 0.0084529931191355
1177, 0.0106988767317186
1178, 0.00792548796162009
1179, 0.00987901461000244
1180, 0.0212543847349783
1181, 0.0138223991574099
1182, 0.0118165036352972
1183, 0.0162427055183798
1184, 0.0198152703233063
1185, 0.0143799809738994
1186, 0.0123229761607945
1187, 0.0219246783914665
1188, 0.0113323948656519
1189, 0.0237137720299264
1190, 0.0102368216806402
1191, 0.0123539393922935
1192, 0.0204027720416586
1193, 0.0142251275080655
1194, 0.0188369387760758
1195, 0.015103069799287
1196, 0.0132187822988878
1197, 0.00921782020789882
1198, 0.0126626117465397
1199, 0.0224724032783083
1200, 0.0103900450547891
1201, 0.0135175014535586
1202, 0.0188629657030106
1203, 0.0158196920529008
1204, 0.0110991974361241
1205, 0.0168762036288778
1206, 0.0124248287950953
1207, 0.0114290537312627
1208, 0.0191617041826248
1209, 0.0174029894017925
1210, 0.0132627709147831
1211, 0.0144320747815073
1212, 0.0167855525389314
1213, 0.00940265823155642
1214, 0.0125171919353306
1215, 0.011560382709528
1216, 0.0192111054435372
1217, 0.0124994141515344
1218, 0.0134003979619592
1219, 0.0132990502752364
1220, 0.0103286524148037
1221, 0.0157354749473078
1222, 0.0156785872144004
1223, 0.0203429839706847
1224, 0.0158160356804729
