1, 0.0108094238676131
2, 0.0410758326761425
3, 0.00714647921267897
4, 0.0131156472489238
5, 0.0297679947689176
6, 0.0209357775747776
7, 0.00571394024882466
8, 0.00772515125572681
9, 0.043014801107347
10, 0.0164064797572792
11, 0.0128381275571883
12, 0.0571957938373089
13, 0.0114904862518112
14, 0.0125078382746627
15, 0.0133358264962832
16, 0.0139896300776551
17, 0.0150563942734152
18, 0.0192552045919001
19, 0.0297624718708297
20, 0.0366296824067831
21, 0.0226985644549131
22, 0.0118108210153878
23, 0.00730941832686464
24, 0.00976779226524135
25, 0.011400622393315
26, 0.0123434689206382
27, 0.0128130343121787
28, 0.0130306061473675
29, 0.0128272400858502
30, 0.0123612109261254
31, 0.0119607867673039
32, 0.0117621839356919
33, 0.0119642443023622
34, 0.0127673178600768
35, 0.0143020969505111
36, 0.0173347427820166
37, 0.0241082655265927
38, 0.0266181674475471
39, 0.0248294329891602
40, 0.0224657095968723
41, 0.0178473818426331
42, 0.0139290122315288
43, 0.0126094045117497
44, 0.0119551842411359
45, 0.0114513657366236
46, 0.0113358814269304
47, 0.011214675498195
48, 0.011170945285509
49, 0.0115457793387274
50, 0.0121555350100001
51, 0.0130858846629659
52, 0.0146081078176697
53, 0.0171352652832866
54, 0.018130265797178
55, 0.0166019631239275
56, 0.0149815105833113
57, 0.0139084681868553
58, 0.0131526418651144
59, 0.0126028875820339
60, 0.0122798709198833
61, 0.012204689749827
62, 0.0124275710744162
63, 0.0130894207395613
64, 0.0145182233924667
65, 0.0172323413814108
66, 0.0185175767789284
67, 0.0151878320612013
68, 0.00972895029311379
69, 0.00820374628528953
70, 0.00738811593813201
71, 0.00686876103281975
72, 0.00650592753663659
73, 0.0062345276431491
74, 0.0060313551997145
75, 0.00589025102090091
76, 0.00589673939560141
77, 0.00636708821790914
78, 0.00683647491193066
79, 0.00734780348526935
80, 0.00791474319218347
81, 0.00853359846708675
82, 0.00918243476189673
83, 0.00982789346016943
84, 0.0104325829694668
85, 0.0109671174238125
86, 0.0114066421519965
87, 0.0117428323719651
88, 0.0119336069716762
89, 0.0119384549713383
90, 0.0116637769776086
91, 0.0109400375125309
92, 0.00952567819816371
93, 0.00753323376799623
94, 0.0126148886047304
95, 0.0235061297814051
96, 0.037382253135244
97, 0.0318263027196129
98, 0.0209880908951163
99, 0.0164302222741147
100, 0.0154067506858458
101, 0.0153407483206441
102, 0.0153586297140767
103, 0.0152986872320374
104, 0.0151650931996604
105, 0.0149623779579997
106, 0.0147092966362834
107, 0.0144484067956607
108, 0.0142472807007531
109, 0.0141329987285038
110, 0.0141379664031168
111, 0.0142787525740763
112, 0.0145177270751446
113, 0.0148364133977642
114, 0.0152565664611757
115, 0.0159915209348713
116, 0.0162866553291678
117, 0.0157845453359187
118, 0.0148870966707667
119, 0.0141806630417705
120, 0.0137496421424051
121, 0.0134736329006652
122, 0.0133293497686585
123, 0.0132263926789165
124, 0.01312693192934
125, 0.0135584796080366
126, 0.0145045546814799
127, 0.0153307542204857
128, 0.0161107800280054
129, 0.0170720045765241
130, 0.0186845886831482
131, 0.0210569736858209
132, 0.0240796059370041
133, 0.0271798819303513
134, 0.0295817901690801
135, 0.0303806125496825
136, 0.0288522290065885
137, 0.0250841019054254
138, 0.020333293825388
139, 0.0164808466409643
140, 0.0145829940835635
141, 0.0140132933544616
142, 0.0138238299017151
143, 0.0137099451385438
144, 0.0135625622545679
145, 0.0133143685137232
146, 0.0131307470922669
147, 0.0251898029819131
148, 0.0392570166538159
149, 0.037345614284277
150, 0.0230552790065606
151, 0.0124375044057767
152, 0.00566629646345973
153, 0.00557812179128329
154, 0.00550262241934737
155, 0.00544500451845427
156, 0.0054225135439386
157, 0.00543236833376189
158, 0.00546022380391757
159, 0.00551772226269046
160, 0.00560124839345614
161, 0.00572629878297448
162, 0.00589295344737669
163, 0.00611035145508746
164, 0.00639454671181738
165, 0.00675892985115449
166, 0.00723457460602125
167, 0.00785227756326397
168, 0.00863905933996042
169, 0.0096825376773874
170, 0.0110495113767684
171, 0.0145393245232602
172, 0.0347061827778816
173, 0.036090857659777
174, 0.0187058880304297
175, 0.0145672981937726
176, 0.0135043882764876
177, 0.0133678937951724
178, 0.0130778973301252
179, 0.0127765762930115
180, 0.0125123684604963
181, 0.0123049442966779
182, 0.0121689260316392
183, 0.0121173883477847
184, 0.0121453632600605
185, 0.0122588103016218
186, 0.0124619825122257
187, 0.0127650924647848
188, 0.0131616221430401
189, 0.0136532007406155
190, 0.0142225449283918
191, 0.0148103263539573
192, 0.015485379146412
193, 0.0131146931089461
194, 0.0121984305636336
195, 0.0261655404631581
196, 0.00865882794217517
197, 0.013928197324276
198, 0.0152368374013652
199, 0.0187742346897721
200, 0.0256184786558151
201, 0.0342283106098572
202, 0.0153561652017136
203, 0.0117853506623457
204, 0.0107924758146207
205, 0.00928056379780173
206, 0.0166387986391783
207, 0.01383551202404
208, 0.0124664135898153
209, 0.0119082356492678
210, 0.0118649823901554
211, 0.012141667228813
212, 0.012534720202287
213, 0.0143317011340211
214, 0.0174452695064247
215, 0.0215087764275571
216, 0.0235222425932686
217, 0.0236342397208015
218, 0.0256091207265854
219, 0.0161746369364361
220, 0.0204577880601088
221, 0.0141453770144532
222, 0.0129777614492923
223, 0.0118268750607967
224, 0.0122812613068769
225, 0.0189130542178949
226, 0.0219622493411104
227, 0.0226705516688526
228, 0.01260177566049
229, 0.016616208711639
230, 0.0139958486737063
231, 0.0200999299064279
232, 0.0120674987944464
233, 0.0120149673117946
234, 0.0123581314304223
235, 0.0117120766080916
236, 0.0126496813260019
237, 0.01139519821542
238, 0.0122525911622991
239, 0.0287602793735762
240, 0.0129604025610856
241, 0.0249613570049405
242, 0.0207433735153505
243, 0.0122562497189002
244, 0.0170533286097149
245, 0.0263819152799745
246, 0.0219388444287082
247, 0.0136974877677858
248, 0.0224777112404505
249, 0.0231100760089854
250, 0.0156620771934589
251, 0.0182751626042383
252, 0.0144348364168157
253, 0.0122360209934413
254, 0.0128888706676662
255, 0.0119955763996889
256, 0.0148931571748108
257, 0.0128277166125675
258, 0.0185281266458333
259, 0.0273392056114972
260, 0.0260876462173959
261, 0.0175535879097879
262, 0.014400842692703
263, 0.0227995553674797
264, 0.0223317388445139
265, 0.0209543548213939
266, 0.0204419892281294
267, 0.0123743014410138
268, 0.015773815025265
269, 0.0184109236113727
270, 0.0120444321073592
271, 0.013618590698267
272, 0.021431906769673
273, 0.0216127869983514
274, 0.0230598488822579
275, 0.0246844165293234
276, 0.0241264944585661
277, 0.014488659799099
278, 0.0190298248614584
279, 0.0174098041219016
280, 0.0246655983584268
281, 0.0239782137796283
282, 0.0199848689138889
283, 0.0264678060387572
284, 0.0163938437278072
285, 0.0121193551458418
286, 0.0148403866526981
287, 0.0232504652813077
288, 0.0130402074040224
289, 0.0173006877303123
290, 0.0331407453243931
291, 0.0118665323437502
292, 0.0116609556910892
293, 0.0118374052302291
294, 0.01147228704455
295, 0.00733769052506735
296, 0.00793838621272395
297, 0.00989391577119629
298, 0.00678378452236454
299, 0.00857911654748023
300, 0.00924595352262259
301, 0.0104757562900583
302, 0.0109663625092556
303, 0.0113578860958417
304, 0.0119428460020572
305, 0.0107752105686814
306, 0.00983238445284466
307, 0.00971510206970076
308, 0.0126291341924419
309, 0.0131880467136701
310, 0.0141630792835106
311, 0.0131740594127526
312, 0.0124742014644047
313, 0.0138260148620854
314, 0.01651649021854
315, 0.0149928158304344
316, 0.0135070706407229
317, 0.0126230541306237
318, 0.01203491523241
319, 0.0124217497650534
320, 0.0127414885597924
321, 0.0147777227684855
322, 0.0179076024020712
323, 0.0169829355242352
324, 0.0158206842994938
325, 0.00614523980766535
326, 0.00703984611512472
327, 0.00758101655325542
328, 0.00845569504114489
329, 0.0100051384263982
330, 0.0253089324881633
331, 0.0138687715710451
332, 0.0221409043297172
333, 0.0181084497986982
334, 0.00623655400704592
335, 0.011357667002206
336, 0.0106115557719022
337, 0.0118791284815719
338, 0.0119102421837548
339, 0.0117292824822168
340, 0.011593761232992
341, 0.00939693208783865
342, 0.00734162435401231
343, 0.0080020041204989
344, 0.00868970287653307
345, 0.0118412200827152
346, 0.0100590606064846
347, 0.0110374107025564
348, 0.0118775992499044
349, 0.0117696943537643
350, 0.0154379828212162
351, 0.0141642321056376
352, 0.0162213471873353
353, 0.0134553536772728
354, 0.0179166817106307
355, 0.0133026662127425
356, 0.0125465417125573
357, 0.0139594700497886
358, 0.012922805811589
359, 0.0128352468988548
360, 0.0125949409169455
361, 0.0126541479645918
362, 0.0133858549719055
363, 0.0145139319356531
364, 0.0159176417316
365, 0.017994684788088
366, 0.00666292617097497
367, 0.0120800514705479
368, 0.0092274162452668
369, 0.00636992968308429
370, 0.00822156784124672
371, 0.0107591368723661
372, 0.0135006137037029
373, 0.0128317924349436
374, 0.020779937372676
375, 0.00673559833584087
376, 0.0154485136736184
377, 0.0153177404620995
378, 0.0139573241273562
379, 0.0226614906763037
380, 0.0115680911888679
381, 0.0117911521034936
382, 0.0112003900576383
383, 0.0116839627735317
384, 0.0114219604680936
385, 0.00885135082838436
386, 0.00963209243491292
387, 0.0108516034670174
388, 0.0103328244294971
389, 0.0119077388662845
390, 0.00808455670873324
391, 0.0120577241759747
392, 0.0129556281026453
393, 0.0122993014908085
394, 0.0128409686343124
395, 0.0125817876930038
396, 0.0125737812680503
397, 0.0155477150498579
398, 0.018247050854067
399, 0.0124382205152263
400, 0.0124222862068564
401, 0.0129491513750205
402, 0.0136727715531985
403, 0.0132167361055811
404, 0.0192032889463007
405, 0.0136392537970096
406, 0.0159380629525653
407, 0.0177723194938153
408, 0.0145322507402549
409, 0.0135135162355644
410, 0.00756541988812387
411, 0.0117024029605091
412, 0.00979433573472003
413, 0.00709347034959743
414, 0.0116582890041173
415, 0.0157974386432519
416, 0.0246228819402556
417, 0.0190885889654358
418, 0.00901550186487536
419, 0.0141314532607794
420, 0.0135550720927616
421, 0.0116408286460986
422, 0.0114676176259915
423, 0.0116102912773689
424, 0.011869452893734
425, 0.0112047808555265
426, 0.0117150170262903
427, 0.0115755818939457
428, 0.0107081152188281
429, 0.00992806907743216
430, 0.012601457691441
431, 0.0121448063291609
432, 0.00738689992576838
433, 0.0137281839270145
434, 0.0129705690778792
435, 0.0131466610667606
436, 0.0195140153169632
437, 0.0125986960095664
438, 0.0122247565692912
439, 0.012145025189966
440, 0.0122477436282982
441, 0.0133376939532657
442, 0.0124241538190593
443, 0.0126908842163781
444, 0.0153113829437643
445, 0.018493556107084
446, 0.0203981036320329
447, 0.00881598517298698
448, 0.0132115382701159
449, 0.011553408484906
450, 0.00810051074118487
451, 0.0162699048717817
452, 0.0213841634492079
453, 0.0214031573074559
454, 0.0195413067316016
455, 0.022879945247301
456, 0.0102563117009898
457, 0.0116454982974877
458, 0.0111642696429044
459, 0.0118494457565248
460, 0.0116781813558191
461, 0.0116945130284876
462, 0.0117394547754278
463, 0.0118159279227257
464, 0.0118237955806156
465, 0.0140248963143677
466, 0.0121842647592227
467, 0.0127376541495323
468, 0.0126626511725287
469, 0.0129635357297957
470, 0.012635670369491
471, 0.0121856158754478
472, 0.0124296373687685
473, 0.0123709266384443
474, 0.0120070598398646
475, 0.0119082550518215
476, 0.011986278075104
477, 0.0214198872979198
478, 0.0184972120914608
479, 0.0131053352573266
480, 0.0149875311957051
481, 0.0104919175750443
482, 0.0170379310535888
483, 0.0122783205006272
484, 0.0212792914360762
485, 0.0243484538048506
486, 0.0116653259998808
487, 0.0121351103298366
488, 0.0122295640564213
489, 0.0119394085680445
490, 0.012118202711766
491, 0.0118791882414371
492, 0.0117550510913134
493, 0.0117963176065435
494, 0.0122499889694154
495, 0.00920937191694975
496, 0.014472149622937
497, 0.0128866461260865
498, 0.0179158486425877
499, 0.0149173762183636
500, 0.0176108718539278
501, 0.0151476285730799
502, 0.0148055582152059
503, 0.01456026515613
504, 0.0144557779810081
505, 0.0145052499137819
506, 0.0146885339636356
507, 0.0151291913352907
508, 0.0152885942564656
509, 0.0153983262522767
510, 0.0154987201094627
511, 0.015773795855542
512, 0.0168155264109373
513, 0.0198644235109289
514, 0.0262260482025643
515, 0.0136592018728455
516, 0.0137901729904115
517, 0.0139195150695741
518, 0.0141760337476929
519, 0.0145957500208169
520, 0.0152523345313966
521, 0.0159817565387736
522, 0.0163366833391289
523, 0.0134166106581688
524, 0.0136059151651959
525, 0.0137614238386353
526, 0.013947728012378
527, 0.0144425261144837
528, 0.0159101319344093
529, 0.0189530888261894
530, 0.0230901283212006
531, 0.026913905205826
532, 0.0291632058409353
533, 0.02936806762591
534, 0.0278593152761459
535, 0.0253425091505051
536, 0.0225260499864817
537, 0.0199654336708287
538, 0.0180064075005551
539, 0.0166678057673077
540, 0.0157209661944459
541, 0.0148892431364705
542, 0.0128684270506104
543, 0.0122509823801617
544, 0.0112794259718309
545, 0.010056676575914
546, 0.00978521719419708
547, 0.0284402232306699
548, 0.0355584090575576
549, 0.0166746405884624
550, 0.0153629014578958
551, 0.0148842360358685
552, 0.0160699119636168
553, 0.0145900868810713
554, 0.0155226214944075
555, 0.0215386588436862
556, 0.0256521147675812
557, 0.0165730936763187
558, 0.0158415660262108
559, 0.0152908395199726
560, 0.0148457317457845
561, 0.0155495433136821
562, 0.0158708918994914
563, 0.0150895935172836
564, 0.0149081569785873
565, 0.0159986442886293
566, 0.0147998757505169
567, 0.0161292344331741
568, 0.0151236083668967
569, 0.0182796549052
570, 0.0155138400538514
571, 0.0146367182023823
572, 0.0252807388703028
573, 0.0139381516103943
574, 0.0163662269866715
575, 0.0192705428538223
576, 0.0224975189194083
577, 0.025108043414851
578, 0.0266913413070142
579, 0.0266277242141465
580, 0.0234459086010853
581, 0.0214427743727962
582, 0.0177940364616613
583, 0.0164204270889362
584, 0.0194706358015537
585, 0.0136313068214804
586, 0.0271712186125418
587, 0.0153985850823422
588, 0.0131520301103592
589, 0.0126132195194562
590, 0.0129450981815656
591, 0.0125669861057152
592, 0.0143574508062253
593, 0.0145224701347096
594, 0.0166615448626024
595, 0.0225847835785576
596, 0.0281209605745971
597, 0.0174132020523151
598, 0.0169541872261713
599, 0.0161738229605059
600, 0.0155651790555567
601, 0.0166708066438635
602, 0.0175290931947529
603, 0.0153124554393192
604, 0.016298396512866
605, 0.0156635073944926
606, 0.0151470520844062
607, 0.0154213140097757
608, 0.0151731593068689
609, 0.0158630236207197
610, 0.0164360428849856
611, 0.0169525772022704
612, 0.0197964344794552
613, 0.0232176622375846
614, 0.0267393440008163
615, 0.0164214195683599
616, 0.0133122570945748
617, 0.023846491239965
618, 0.0234884860304495
619, 0.0229326536258062
620, 0.0241939065357049
621, 0.0220689612130324
622, 0.0245568396834036
623, 0.0245019434951246
624, 0.0232356038565437
625, 0.0204348607609669
626, 0.0208693977134923
627, 0.0193135769416889
628, 0.0172049241761367
629, 0.0177166893457373
630, 0.0162691926317556
631, 0.0138947990102073
632, 0.0150082140850524
633, 0.0142029076814651
634, 0.0171455973759294
635, 0.0144448306721946
636, 0.0137482908820467
637, 0.0232182551175356
638, 0.0275580934248865
639, 0.0178436872859796
640, 0.0181674795846144
641, 0.0169736173314353
642, 0.0175769867907677
643, 0.0159154362045228
644, 0.0168207317280273
645, 0.0184848738523821
646, 0.0161501795519143
647, 0.0155614041723311
648, 0.0156713351607323
649, 0.0168263148516417
650, 0.0174557597686847
651, 0.0179283449736734
652, 0.017233875207603
653, 0.0173302519445618
654, 0.02108206677561
655, 0.0270744018877546
656, 0.0151316431351006
657, 0.0243487800471485
658, 0.0155305694788694
659, 0.0206673575254778
660, 0.0209430889226496
661, 0.0208376081039508
662, 0.0212037602129082
663, 0.0218046735972166
664, 0.0234044439469775
665, 0.0247271897581716
666, 0.0176722556352615
667, 0.0244806657234828
668, 0.0133907342329621
669, 0.0190968943449358
670, 0.0210935111778478
671, 0.0204352769069374
672, 0.0219204667955637
673, 0.0183214180481931
674, 0.0164621900767088
675, 0.0193483671949555
676, 0.0259270213012184
677, 0.019723378897955
678, 0.0189294338758503
679, 0.0186248257135351
680, 0.0182762419804931
681, 0.0175000661984086
682, 0.0193885802291334
683, 0.0170573022526999
684, 0.0165674317007263
685, 0.0164960647622744
686, 0.0179075030609965
687, 0.0186838737378518
688, 0.0190270377012591
689, 0.0182441111343602
690, 0.0220796503126621
691, 0.02494921705996
692, 0.0266740174653629
693, 0.0235640057362616
694, 0.0181104370082418
695, 0.018427056260407
696, 0.0191834401339293
697, 0.0186859002957741
698, 0.0203503809558849
699, 0.0227721977668504
700, 0.0250216963080068
701, 0.0198910265850524
702, 0.0197490484320692
703, 0.0257226875983179
704, 0.0201744272684058
705, 0.0250727984433373
706, 0.0212929522618651
707, 0.0190084729343653
708, 0.0149405825262268
709, 0.0139832916514327
710, 0.0142071472170452
711, 0.0144775337539613
712, 0.0147594837471843
713, 0.0150210687424988
714, 0.0152294067665935
715, 0.0153729742548118
716, 0.0155920612936219
717, 0.0165201457372556
718, 0.0269689008904
719, 0.019615376368165
720, 0.0262411485115687
721, 0.0350801000992457
722, 0.0160957255533763
723, 0.0104702132909248
724, 0.0110226091152678
725, 0.01147737299713
726, 0.0117990595754236
727, 0.0119471177458763
728, 0.0118635122974714
729, 0.0114446106987695
730, 0.0105662168158839
731, 0.00924360868521035
732, 0.0161686971938858
733, 0.0118051986210048
734, 0.00999168710162242
735, 0.0088247077850004
736, 0.00798547430895269
737, 0.00735261186491698
738, 0.00687585414076845
739, 0.00651099404785782
740, 0.00622938204711924
741, 0.00601180507025371
742, 0.00584924333573629
743, 0.00572786844956378
744, 0.0056443822880586
745, 0.00559179100673646
746, 0.00556457135826349
747, 0.00556862447410822
748, 0.0056075662917768
749, 0.00567187978109966
750, 0.00574493509096404
751, 0.0126769170941164
752, 0.0129120373167098
753, 0.0131784704669068
754, 0.0134766920624922
755, 0.0138647980832805
756, 0.0152610764683535
757, 0.0193753677109877
758, 0.0262019292761882
759, 0.00900024315342307
760, 0.0154366518836468
761, 0.0151280988163004
762, 0.0139653708320111
763, 0.0209350227378309
764, 0.0252554665009181
765, 0.0138200547080487
766, 0.013843618100509
767, 0.0141328400932252
768, 0.0145439133048058
769, 0.0148457911175986
770, 0.0142475391427676
771, 0.0153705108289917
772, 0.0176197920615474
773, 0.00984982820227742
774, 0.0118371869126956
775, 0.0105624018857876
776, 0.0111102083853136
777, 0.0119488659935693
778, 0.0115154606755823
779, 0.00855740058856706
780, 0.00920347527911266
781, 0.00794325408060104
782, 0.00738742074463516
783, 0.00688507275966306
784, 0.00643144140485674
785, 0.006078458763659
786, 0.0118382395400355
787, 0.0115476469509304
788, 0.0112871946766973
789, 0.00590727831392239
790, 0.00585661444347352
791, 0.00587964182098707
792, 0.00594010064378381
793, 0.00603350119975706
794, 0.0131376208737493
795, 0.00691505401240041
796, 0.00955393149827917
797, 0.00785859569441527
798, 0.00635236621989558
799, 0.00617186333208034
800, 0.00586571408590923
801, 0.0232971959747374
802, 0.0173916257141779
803, 0.0109666209512701
804, 0.00659612950403243
805, 0.0085720441226537
806, 0.00732451801498731
807, 0.0124979244234661
808, 0.0129756558065613
809, 0.0126945200997094
810, 0.0124987585004419
811, 0.0123852318308006
812, 0.0123510980047286
813, 0.0123874767838667
814, 0.0132092658895999
815, 0.0134726987841229
816, 0.0137842321613183
817, 0.0143337870637576
818, 0.0163896111771464
819, 0.0205341217418512
820, 0.0278809714751939
821, 0.0226025418378413
822, 0.00604716462216207
823, 0.0233861089551023
824, 0.0115024585276842
825, 0.0263087201553086
826, 0.0135998948632429
827, 0.0139180448992799
828, 0.0144864942412823
829, 0.0146687852684408
830, 0.015005392798533
831, 0.0153409870496641
832, 0.0143421911634505
833, 0.0140321078555038
834, 0.025582259055227
835, 0.0221573153200249
836, 0.0160613487629841
837, 0.0137408397470911
838, 0.0155830810933063
839, 0.00929051808392008
840, 0.0080351644816498
841, 0.00695695588365197
842, 0.00747027116206785
843, 0.00648675455401341
844, 0.00864907268745204
845, 0.0112253647918502
846, 0.0106972275922696
847, 0.0116405311661462
848, 0.0119334281577418
849, 0.0121080697669337
850, 0.012610676077505
851, 0.012206914058576
852, 0.00993959287491938
853, 0.00781748831893007
854, 0.00842094584368169
855, 0.00920703200002511
856, 0.0102857174351811
857, 0.0118368692540874
858, 0.0141459732937316
859, 0.0181527370586991
860, 0.00671579560730606
861, 0.00735183692692469
862, 0.00699160620570183
863, 0.00650849069158236
864, 0.00635922071523964
865, 0.00625664104397098
866, 0.00619739410467446
867, 0.00617522106040269
868, 0.00618600934588661
869, 0.0129912324094524
870, 0.0133382103716334
871, 0.0129169054950277
872, 0.012688222186019
873, 0.0127203289885074
874, 0.0142929978513469
875, 0.0137761655884484
876, 0.0127701386809349
877, 0.0126731218770146
878, 0.0200276240440352
879, 0.0170213809857766
880, 0.0149040842273583
881, 0.0141719802437971
882, 0.013799212872982
883, 0.0128268625897666
884, 0.0214329989006122
885, 0.0152229771151074
886, 0.0135653046114991
887, 0.0251786561372379
888, 0.0186680788174272
889, 0.0135447606444359
890, 0.0141722586316367
891, 0.0145168926101178
892, 0.0152957271784544
893, 0.0148879517025004
894, 0.016560935570548
895, 0.0137577279626081
896, 0.0157087875219683
897, 0.0138976401649415
898, 0.0136678643369426
899, 0.0143480326847306
900, 0.00944300640063981
901, 0.00879931589588523
902, 0.0108887372383227
903, 0.00658624615919377
904, 0.00818397748904924
905, 0.0070869338621075
906, 0.00761314384484043
907, 0.0118557237243901
908, 0.0114134172908962
909, 0.0100907898352792
910, 0.0125966489625474
911, 0.0122344712726772
912, 0.00621190159581602
913, 0.0217319769784808
914, 0.00740057377455135
915, 0.0180019575636834
916, 0.0148486530718704
917, 0.0125838147165875
918, 0.0110141456437608
919, 0.0098660410537074
920, 0.00899489899165928
921, 0.00654234612981478
922, 0.00780459392505387
923, 0.00671136511179308
924, 0.00832271750550717
925, 0.0070960734738037
926, 0.00660604354925454
927, 0.00686653587035835
928, 0.00651582190766931
929, 0.0135316875918458
930, 0.0131274886274089
931, 0.0147923734039068
932, 0.01376825865979
933, 0.0129377668102582
934, 0.0130226441348592
935, 0.0129508598862837
936, 0.0129750398142884
937, 0.014569165961196
938, 0.015458288602531
939, 0.0190123595297337
940, 0.0172329975757748
941, 0.0134085443181296
942, 0.0131451316022625
943, 0.0133173888704429
944, 0.0250179025654991
945, 0.0195548178938528
946, 0.0142514392999666
947, 0.013603252513955
948, 0.0133913781804343
949, 0.0143985379642497
950, 0.022727652763327
951, 0.014801485153536
952, 0.0135126734773318
953, 0.015263520879671
954, 0.0170269634885093
955, 0.0134113260234396
956, 0.0138626520056278
957, 0.0158245794009417
958, 0.0194740329558651
959, 0.0159296296536922
960, 0.0132923152608176
961, 0.0137450323284914
962, 0.0147525296391298
963, 0.015265825126941
964, 0.0174235731052856
965, 0.024060870675991
966, 0.0132918977178633
967, 0.0140454798626403
968, 0.0199700030498207
969, 0.0159373315982521
970, 0.0134063984733075
971, 0.00966388157879313
972, 0.00839545461349189
973, 0.00781468690062563
974, 0.00901887969424327
975, 0.00727693371785184
976, 0.0111907343380153
977, 0.0068436395842582
978, 0.0117680849507451
979, 0.0102978563712289
980, 0.0226660614522795
981, 0.0137188702821732
982, 0.0147276741918176
983, 0.0122999371960759
984, 0.0128795326066514
985, 0.0177702431433967
986, 0.0150824617594481
987, 0.0132259952370077
988, 0.00826166244223714
989, 0.0117065535547833
990, 0.0104948900019129
991, 0.00782623060513288
992, 0.00955711010222634
993, 0.00883005241242548
994, 0.00695736197355602
995, 0.0074921662453562
996, 0.00724935667434086
997, 0.0069738042075187
998, 0.0070877285907045
999, 0.0130593009913961
1000, 0.0141518939441691
1001, 0.0173869364274045
1002, 0.0132925934158266
1003, 0.0131921991705894
1004, 0.0131377006570498
1005, 0.0159464304645856
1006, 0.0136330351233482
1007, 0.0134378101987143
1008, 0.0134057854302227
1009, 0.0132010008674115
1010, 0.0138731227877239
1011, 0.0231331833638251
1012, 0.0180978333577514
1013, 0.013330740078042
1014, 0.0139716493431479
1015, 0.0132267158478498
1016, 0.0152960049454123
1017, 0.0177273387089372
1018, 0.0201547183096409
1019, 0.0143260188245525
1020, 0.0160656999020527
1021, 0.013506435090676
1022, 0.0222333312655489
1023, 0.00995658027629058
1024, 0.00806667547052105
1025, 0.00750299446129551
1026, 0.0086742058241119
1027, 0.0093090352602303
1028, 0.0116956057026982
1029, 0.01058427671281
1030, 0.0227813360591729
1031, 0.0123802444431931
1032, 0.015360715566203
1033, 0.013202391564846
1034, 0.0199847085667508
1035, 0.0123296406430503
1036, 0.0138874084223062
1037, 0.00871475708360473
1038, 0.0155829219923665
1039, 0.00932423444464803
1040, 0.0110903205350041
1041, 0.0101024132066717
1042, 0.00824847010274728
1043, 0.0078900473114724
1044, 0.00764213164802641
1045, 0.00752949847706727
1046, 0.013119164078186
1047, 0.0150219825251649
1048, 0.0135222699027508
1049, 0.0133887556536744
1050, 0.0139179058217754
1051, 0.01695778236414
1052, 0.0136969909848024
1053, 0.0132238888181746
1054, 0.014198544047152
1055, 0.0145298863450686
1056, 0.0131490853770326
1057, 0.0171077523380518
1058, 0.0134547175839543
1059, 0.0143036073228965
1060, 0.0133103630505502
1061, 0.017923219439884
1062, 0.0199973022875686
1063, 0.0147443638804058
1064, 0.0162079163516561
1065, 0.0136847520091881
1066, 0.0212345756590366
1067, 0.0103491165985664
1068, 0.00839869297730426
1069, 0.00968919376221796
1070, 0.00903294646802048
1071, 0.0110065161716193
1072, 0.012429835430036
1073, 0.0208798092789948
1074, 0.0133675758261234
1075, 0.0162931881578905
1076, 0.00730679165571928
1077, 0.0142274929676205
1078, 0.0128154782578349
1079, 0.0160251036951584
1080, 0.0132883813542624
1081, 0.00980200556417306
1082, 0.0116162123934676
1083, 0.00915811653248966
1084, 0.0106130860901127
1085, 0.0086652257014066
1086, 0.00828663678839803
1087, 0.00802560010924935
1088, 0.0162910846993327
1089, 0.0137290582060814
1090, 0.0139324490446597
1091, 0.0144899313648542
1092, 0.0141830272817363
1093, 0.0148680633089195
1094, 0.0154562618117779
1095, 0.0077969644141073
1096, 0.0136688572820276
1097, 0.0147681660794963
1098, 0.0134315004439226
1099, 0.0179759894187252
1100, 0.0195125973162552
1101, 0.0163270864480486
1102, 0.015351398071895
1103, 0.0139465954465171
1104, 0.0199175312494238
1105, 0.0193380624055862
1106, 0.0101968862581998
1107, 0.0109025059112658
1108, 0.00882421100201706
1109, 0.00950565088229875
1110, 0.0116683860154202
1111, 0.0190321837241451
1112, 0.0134822947438806
1113, 0.0144404801540077
1114, 0.0135528071938703
1115, 0.0132181671603272
1116, 0.0110840421014776
1117, 0.0102506298571825
1118, 0.0120853208936751
1119, 0.00956460041925311
1120, 0.013225339508305
1121, 0.00905136461369693
1122, 0.00869728997349739
1123, 0.0147743846755475
1124, 0.0141487941145897
1125, 0.0144332077664634
1126, 0.0151727228270223
1127, 0.015751424478367
1128, 0.0158365602449824
1129, 0.0139467941286663
1130, 0.0154126514680684
1131, 0.0178602767797808
1132, 0.0188173482504984
1133, 0.0143085745318482
1134, 0.0164138506321857
1135, 0.0185321203122536
1136, 0.0108887574169785
1137, 0.0101399635119985
1138, 0.00940903175311784
1139, 0.0125416736118495
1140, 0.0117426534028103
1141, 0.0165180676350636
1142, 0.00816748687066138
1143, 0.0139431127879236
1144, 0.0147953260069092
1145, 0.0136333925183862
1146, 0.0125271301561346
1147, 0.0115060029396166
1148, 0.0106328946227829
1149, 0.00990657205693424
1150, 0.015060924536859
1151, 0.0146520166502645
1152, 0.0155237743165344
1153, 0.0157058029435575
1154, 0.0160268972006937
1155, 0.0163710943112771
1156, 0.0136878752149642
1157, 0.0143299133051187
1158, 0.0160964922979474
1159, 0.0164664016726116
1160, 0.0102204101692353
1161, 0.0179292986479898
1162, 0.0176076913873355
1163, 0.0148016838356853
1164, 0.0171685445432862
1165, 0.0118712806142867
1166, 0.0109873234760016
1167, 0.01538111983488
1168, 0.0130821487068066
1169, 0.0151393834967166
1170, 0.0140248759804914
1171, 0.0129050433946153
1172, 0.0118206959838668
1173, 0.0109259307694932
1174, 0.0163104366511106
1175, 0.0160951132753066
1176, 0.0152917136438191
1177, 0.0163139371201396
1178, 0.00939562488347292
1179, 0.0147687823045999
1180, 0.0163102176350852
1181, 0.0111305733211339
1182, 0.0173381596493224
1183, 0.017254792774717
1184, 0.0155090631784073
1185, 0.0155907389707863
1186, 0.0153562327846885
1187, 0.0120005430653691
1188, 0.014624478854239
1189, 0.013204080130284
1190, 0.0143384248949587
1191, 0.0155271913390607
1192, 0.014360489944617
1193, 0.0131824237760156
1194, 0.0120199343655258
1195, 0.016319993029659
1196, 0.0166703887904684
1197, 0.0165227878993998
1198, 0.0154208451509476
1199, 0.0166205672547221
1200, 0.013527634154473
1201, 0.0159482782085737
1202, 0.0170477855329712
1203, 0.0147070116363466
1204, 0.0137733481824398
