1, 0.00883990665897727
2, 0.0621828741083542
3, 0.00674998864997178
4, 0.00997328944504261
5, 0.0441302135586739
6, 0.0588060673326254
7, 0.00388097844552249
8, 0.00203967140987515
9, 0.0649973253409068
10, 0.0072199716232717
11, 0.0113365668803453
12, 0.0700519271194935
13, 0.00941627539162125
14, 0.0102265494254728
15, 0.0109296461256842
16, 0.0116179807422062
17, 0.0122623069522281
18, 0.0128793542583783
19, 0.0134403334620098
20, 0.0139486019033939
21, 0.01441298207889
22, 0.0149479140527546
23, 0.0166983037100484
24, 0.0233733102989693
25, 0.0388763217876355
26, 0.0556898222615322
27, 0.0594882764853537
28, 0.0510767760376135
29, 0.0349918656672041
30, 0.0195556517379979
31, 0.00992592331022024
32, 0.00611754351605972
33, 0.00505057029658929
34, 0.0047137943135264
35, 0.00442441380194699
36, 0.00589921185746789
37, 0.00736264515823374
38, 0.00844166831423839
39, 0.00912400234180192
40, 0.00953885090226928
41, 0.00977609733430048
42, 0.00990232018133005
43, 0.0099561628109465
44, 0.00997473966951171
45, 0.00997996501003703
46, 0.00997655291575938
47, 0.0099745214295884
48, 0.00997261377051473
49, 0.00996124899635712
50, 0.00995556684210896
51, 0.00996975274756551
52, 0.0100142178125679
53, 0.0100992536172271
54, 0.0102568880344431
55, 0.0104955850789944
56, 0.0108331856317818
57, 0.0112880889015893
58, 0.0118576313058535
59, 0.0125700261754294
60, 0.0133968614973128
61, 0.0143235153518617
62, 0.0154077635767559
63, 0.0181657110030452
64, 0.0236129413048426
65, 0.0345961512066424
66, 0.0391234625130892
67, 0.0380331339935462
68, 0.0392982251942158
69, 0.0387839550773303
70, 0.0354256288458904
71, 0.029430036743482
72, 0.0220337749148409
73, 0.015999359699587
74, 0.0133094813985129
75, 0.0124877719208598
76, 0.0117772047718366
77, 0.0111314477398992
78, 0.0105656405600409
79, 0.0100696105509996
80, 0.00967296166345477
81, 0.00938101795812448
82, 0.00917796449114879
83, 0.00919935258571059
84, 0.00907357704515258
85, 0.00918746165310343
86, 0.00936865977322062
87, 0.00961995295559367
88, 0.00997777981683612
89, 0.0104462328987817
90, 0.0110075096599758
91, 0.011588654636095
92, 0.0120800758401553
93, 0.0133390448366602
94, 0.0172956014672915
95, 0.0344338761642575
96, 0.0376834919055303
97, 0.0173699882191916
98, 0.011970482300967
99, 0.00988646534581979
100, 0.00853288313373923
101, 0.0075045438328137
102, 0.00665931007824838
103, 0.00593626600069304
104, 0.00534077578534683
105, 0.00483580507958929
106, 0.00440510191644232
107, 0.00404346082359552
108, 0.00376657726398359
109, 0.0035782662841181
110, 0.00348301813937724
111, 0.00347487209364772
112, 0.00355712646463265
113, 0.00366564665455371
114, 0.003792445641011
115, 0.00370284559072128
116, 0.00330044889900213
117, 0.00278371634582678
118, 0.0020757322490681
119, 0.00114190615325545
120, 0.000266870025370736
121, 0.000662942897179164
122, 0.00107964900962543
123, 0.00255024497164413
124, 0.00640459995095928
125, 0.0129123957206806
126, 0.0218074768781662
127, 0.033861445573469
128, 0.0510457834849755
129, 0.0547889576603969
130, 0.0353102170241376
131, 0.0195461750651399
132, 0.0137311842602988
133, 0.0117596805406113
134, 0.0103834089823067
135, 0.00862775894347578
136, 0.00770072281981508
137, 0.00804960882912079
138, 0.00874594987059633
139, 0.00978470003853242
140, 0.01116593927145
141, 0.0127528135975202
142, 0.0142502011731267
143, 0.0153091380683084
144, 0.0155032500624657
145, 0.015066626171271
146, 0.014479997412612
147, 0.0139160975813866
148, 0.0133386080463727
149, 0.0127773710216085
150, 0.0122691417733828
151, 0.0118387957724432
152, 0.0115316327040394
153, 0.0113064071629196
154, 0.0111827872072657
155, 0.0109277983816961
156, 0.0106882668721179
157, 0.0105042870466908
158, 0.0103522958233953
159, 0.0102225163330634
160, 0.0101344999857247
161, 0.0100688158224026
162, 0.010027966927737
163, 0.0100046806037426
164, 0.00998723631103834
165, 0.00997646835943063
166, 0.00540563551476225
167, 0.00691632561696072
168, 0.0101595345574121
169, 0.0172261038484673
170, 0.0280819001297156
171, 0.0406032887597879
172, 0.05611059255898
173, 0.0579952681437135
174, 0.0459166845927636
175, 0.0286318116510908
176, 0.0143049185474714
177, 0.00635723381613692
178, 0.00323065184056759
179, 0.0012733939656755
180, 0.00386345467995852
181, 0.00391678093001246
182, 0.00393227821526428
183, 0.00399990969647964
184, 0.00422906960981588
185, 0.00469422433525324
186, 0.0054261297142754
187, 0.00646396625476579
188, 0.00777602405287325
189, 0.00930257840082049
190, 0.0135066932998598
191, 0.0399266879539937
192, 0.046688608204325
193, 0.0355515945702791
194, 0.0398321226239204
195, 0.0430542702476184
196, 0.041806664938728
197, 0.0351566923782229
198, 0.024799073425432
199, 0.0153433511344095
200, 0.0111504017064969
201, 0.00997984564552704
202, 0.00887485469381014
203, 0.00804027061288556
204, 0.0250218550208956
205, 0.00883269449695945
206, 0.00611152325291187
207, 0.00987313369599481
208, 0.0132611020623396
209, 0.0138175513129681
210, 0.0143435425901165
211, 0.015184544880564
212, 0.0177151195239276
213, 0.0244097555987537
214, 0.0389992059208453
215, 0.035942601505667
216, 0.0497725106154879
217, 0.0144134781633814
218, 0.0500987057263652
219, 0.00958456735437115
220, 0.00912718125618994
221, 0.0083796593050162
222, 0.00723374006338418
223, 0.00588627741672099
224, 0.00491874616792692
225, 0.017453454900533
226, 0.015032353810966
227, 0.013893527444452
228, 0.0130073851905763
229, 0.0122378293890506
230, 0.0116016487590969
231, 0.0110868433645616
232, 0.0106856645240138
233, 0.0103954096945624
234, 0.0101949588085214
235, 0.0100715771938364
236, 0.0100010652871182
237, 0.00996929608906309
238, 0.00996508363944789
239, 0.00997056711154679
240, 0.00997237558476627
241, 0.0099651236863186
242, 0.0161077804708232
243, 0.0217358308533827
244, 0.02895445159326
245, 0.0348639162257314
246, 0.0379724378387133
247, 0.0379534236465891
248, 0.0357288379843036
249, 0.0339894945112367
250, 0.0222985389021536
251, 0.00998725656730433
252, 0.0100192253788312
253, 0.0100793061622729
254, 0.0106245100032538
255, 0.0178447789512575
256, 0.0120283388532698
257, 0.0109856543907275
258, 0.0148738846958925
259, 0.0135767487809062
260, 0.0127210646557311
261, 0.0114545442629606
262, 0.0103655674805244
263, 0.0101894953598579
264, 0.00999508503203591
265, 0.0279854351654649
266, 0.0137823849606017
267, 0.015708926677083
268, 0.0270312080780665
269, 0.0119867945710818
270, 0.0126403791364282
271, 0.0113065068920453
272, 0.0368968304246664
273, 0.0194043954834342
274, 0.0144306449995687
275, 0.0134552544138084
276, 0.00970574390764038
277, 0.00951342722401023
278, 0.0102998034562916
279, 0.0118943674024194
280, 0.0125511910300702
281, 0.0235882243141532
282, 0.0303698826270799
283, 0.0353296076258024
284, 0.0374427326023579
285, 0.0365327876061201
286, 0.0333366848838826
287, 0.00983931791658203
288, 0.00996271924426158
289, 0.0086625829183807
290, 0.00925785473858317
291, 0.00785237663270285
292, 0.0100125090684742
293, 0.0099796311929822
294, 0.0100105421928068
295, 0.00966928557803234
296, 0.00999538243437807
297, 0.0326516282123824
298, 0.0138269344876919
299, 0.0217129872180521
300, 0.0422605955973268
301, 0.00935886427760124
302, 0.00998371147683689
303, 0.0288347733606185
304, 0.0102930939756334
305, 0.0441940097759167
306, 0.0133401779457927
307, 0.0147626821417361
308, 0.0179595178148399
309, 0.0114099998803188
310, 0.0125636881372581
311, 0.0119422497227788
312, 0.0109737932216376
313, 0.0103878596952806
314, 0.010219913519298
315, 0.0100627758074552
316, 0.0106379606295377
317, 0.0101201156309495
318, 0.0100270924934496
319, 0.0223834148297707
320, 0.0124573730863631
321, 0.0105904559604824
322, 0.011769297067076
323, 0.0387550073986252
324, 0.0295659168623388
325, 0.0146000419432918
326, 0.0213591304297249
327, 0.016550167153279
328, 0.0131315612234175
329, 0.017490608462443
330, 0.0104976513733466
331, 0.0108096814559152
332, 0.0112876913820704
333, 0.0107432026416063
334, 0.0129626417377343
335, 0.0316142708373566
336, 0.0351270111277699
337, 0.0368011075382431
338, 0.0358604056139787
339, 0.0320550049655139
340, 0.0141118395452698
341, 0.00991285002479951
342, 0.0100561596918851
343, 0.0100168402617176
344, 0.0100676434425016
345, 0.00960153496513764
346, 0.0097564080885301
347, 0.00992930098436773
348, 0.0100319003686309
349, 0.00719957444816828
350, 0.00949870178010315
351, 0.0439287107437849
352, 0.0114538092166185
353, 0.0110374112458279
354, 0.0102865515897671
355, 0.0119523825123906
356, 0.0100993729041268
357, 0.0104515770605455
358, 0.018915041272218
359, 0.0150355727722247
360, 0.0101769980198393
361, 0.012539667232583
362, 0.0242599633389286
363, 0.0132942025084049
364, 0.0107022939870755
365, 0.0318781199554602
366, 0.0235728475575646
367, 0.0123311108133445
368, 0.0130409425279746
369, 0.0399982013429205
370, 0.0137558013666421
371, 0.0176519391437372
372, 0.0110914531784753
373, 0.0100058807991445
374, 0.0281355429440737
375, 0.0258252470133205
376, 0.0100652196755012
377, 0.0122847579574833
378, 0.0111725943473478
379, 0.0361356604844332
380, 0.0335074132308364
381, 0.0294385210921367
382, 0.0363685342793663
383, 0.0114039715512523
384, 0.015147490426898
385, 0.0116710088526209
386, 0.0193224786780775
387, 0.0107364872625719
388, 0.0105166847351938
389, 0.0101063268569609
390, 0.0100544537417591
391, 0.0101428446359932
392, 0.0101334867843737
393, 0.0109669467434287
394, 0.0115976155890773
395, 0.00676326830871403
396, 0.0442135619620482
397, 0.0115711708397915
398, 0.0111541966131578
399, 0.0120540280671169
400, 0.0102237991855613
401, 0.0103580772411078
402, 0.0105431890115142
403, 0.0198549868849417
404, 0.0126107160467654
405, 0.0108120457734913
406, 0.0156384933119019
407, 0.0231416748836637
408, 0.0134705527840803
409, 0.0408601242428025
410, 0.0137574307154864
411, 0.03398365372171
412, 0.0129964580604186
413, 0.0148309501819313
414, 0.025813324842602
415, 0.0104087009870758
416, 0.0338002300510804
417, 0.0134696586367985
418, 0.0116639160551131
419, 0.0320598538964987
420, 0.0353312746932109
421, 0.0263730852997729
422, 0.0215669715156158
423, 0.0126568102277815
424, 0.0120840494831403
425, 0.0282749791319172
426, 0.0114699023154875
427, 0.01019273364606
428, 0.0102733985986561
429, 0.0103414275217801
430, 0.0412651586035887
431, 0.0122497306050112
432, 0.0117464882011215
433, 0.0438283781210581
434, 0.0122379881019394
435, 0.0113187453243881
436, 0.0104154131375253
437, 0.0127969603054225
438, 0.010629020165652
439, 0.0109459974337369
440, 0.0218374767961601
441, 0.0170190166682005
442, 0.0139295285722862
443, 0.0121147849907478
444, 0.0110399740127226
445, 0.0190038718283176
446, 0.0138746925319235
447, 0.041338749229908
448, 0.0356897762976587
449, 0.0152521958419432
450, 0.0101181999780238
451, 0.0367657796790202
452, 0.0164690446884682
453, 0.0121217512525618
454, 0.0262631226330996
455, 0.0299761944139997
456, 0.0307356558429698
457, 0.0130994343974938
458, 0.0125591779748599
459, 0.0140531484503299
460, 0.0354768292357524
461, 0.0103556531636665
462, 0.0105305331914375
463, 0.0107440966336677
464, 0.0321115138275283
465, 0.0130148470135672
466, 0.0124726517436405
467, 0.0119691314175725
468, 0.0130705461682131
469, 0.0126622733660042
470, 0.0429662537450592
471, 0.0106934497265943
472, 0.0115153014970322
473, 0.0110890288682034
474, 0.0259318571271641
475, 0.0145200712916752
476, 0.0182659660931677
477, 0.0279920740673939
478, 0.0159368146366129
479, 0.0112114765991767
480, 0.0412662901605169
481, 0.0206431987074514
482, 0.0119667469213406
483, 0.0341696804389358
484, 0.0240412402587632
485, 0.0136410025103639
486, 0.0149866171802084
487, 0.0367643292993307
488, 0.0179039280240734
489, 0.036694754713348
490, 0.04102489259094
491, 0.0109814818327626
492, 0.0114009995789578
493, 0.0130140407321354
494, 0.012765489363422
495, 0.0134602811497947
496, 0.0135784766171128
497, 0.0122451407369226
498, 0.0129550914280117
499, 0.0154369097047796
500, 0.0117443479331476
501, 0.0415941939378778
502, 0.0199357103556395
503, 0.0369971462835868
504, 0.0396086250742277
505, 0.0140872027724981
506, 0.0225185986297826
507, 0.0301054373073081
508, 0.0331382212849955
509, 0.0167262070546193
510, 0.0191557920537889
511, 0.0375577758997679
512, 0.0269032944259899
513, 0.0122669758275151
514, 0.0116165101062506
515, 0.0270868182803194
516, 0.0111569899134338
517, 0.0178265602327883
518, 0.011742402985692
519, 0.0225366147235036
520, 0.0184838611943026
521, 0.014094414577509
522, 0.01313354804491
523, 0.0167542125564069
524, 0.0154839383127789
525, 0.0140809638736149
526, 0.0125305912457407
527, 0.0220013697010775
528, 0.0376935852691531
529, 0.0397179589296381
530, 0.0407341395815214
531, 0.0290185860358179
532, 0.0321952553155522
533, 0.037842460287114
534, 0.0132300481200218
535, 0.0379593251273036
536, 0.0192209519445896
537, 0.0254752850160003
538, 0.0307989177914957
539, 0.0149806364594648
540, 0.0185010860053202
541, 0.0146467913873494
542, 0.0135151002156947
543, 0.0243367392880221
544, 0.0353866672764222
545, 0.0375423282384872
546, 0.0124140800908208
547, 0.0341645143926144
548, 0.0246413587592542
549, 0.0317269818236431
550, 0.0363765691540071
551, 0.0352771116420627
552, 0.0397945313404004
553, 0.0384747258697947
554, 0.0120895881205797
555, 0.0329325746744871
556, 0.034242064319551
557, 0.0330524500459433
558, 0.0204477347433567
559, 0.0159536624327302
560, 0.0270464865801235
561, 0.0174376599024981
562, 0.0298698792854945
563, 0.0323745858234664
564, 0.0341243812193473
565, 0.0353927280132969
566, 0.0383646238063063
567, 0.0385243380442262
568, 0.0144496329927019
569, 0.036827738955617
570, 0.0227774767471211
571, 0.022214075550437
572, 0.0296997483819723
573, 0.0191095701108376
574, 0.0270446582386891
575, 0.0152684277078758
576, 0.0229643862694502
577, 0.0164025651756674
578, 0.0195473673908661
579, 0.00251817767275497
580, 0.00840906488398711
581, 0.00490544335722613
582, 0.0127889742143452
583, 0.00313256246348222
584, 0.00269270007265732
585, 0.00219202096923254
586, 0.00168794442045813
587, 0.00103447865209697
588, 0.0138531752551595
589, 0.0123510185318689
590, 0.0117264212264369
591, 0.0111477198855331
592, 0.010636908079808
593, 0.0102223969685535
594, 0.00991761855160197
595, 0.00971226068213582
596, 0.00953906945263346
597, 0.00362537374409537
598, 0.00353133752165983
599, 0.00357153097866103
600, 0.0036998995540974
601, 0.00392319840223839
602, 0.00422354634307946
603, 0.00460515512774388
604, 0.00505018319624166
605, 0.00556449196301401
606, 0.00616256500749538
607, 0.00687750304738681
608, 0.00773346548279126
609, 0.00877440127078444
610, 0.0101234335452318
611, 0.0120915991719812
612, 0.0165696368397524
613, 0.0256079480362435
614, 0.0132084712386131
615, 0.0137714170074711
616, 0.0142975472069035
617, 0.0148076044861227
618, 0.0155470204384377
619, 0.0178276530932635
620, 0.0249357256107032
621, 0.0395988896489143
622, 0.00310466760614266
623, 0.0335033683638488
624, 0.00302779738558456
625, 0.00316870276583359
626, 0.00302153889788315
627, 0.0181951355965187
628, 0.0104425964721789
629, 0.011088373294721
630, 0.0115604222907374
631, 0.0121602040405075
632, 0.0129735096512983
633, 0.0107086515830209
634, 0.0153314104148497
635, 0.023944859020412
636, 0.00355986829769487
637, 0.0097600237155954
638, 0.00863069443342586
639, 0.00373055605450645
640, 0.00398828657732035
641, 0.005187373336715
642, 0.00432511265777672
643, 0.00472704678152998
644, 0.00571006641257554
645, 0.00694761797785759
646, 0.00771316043877353
647, 0.0112158674746752
648, 0.0132400214206427
649, 0.0171480603360881
650, 0.00628922483883798
651, 0.0126052921017011
652, 0.0137258197646588
653, 0.0150072204414755
654, 0.0177091788500547
655, 0.0241452295643588
656, 0.0119822047806034
657, 0.0113222024713953
658, 0.0106129070433478
659, 0.0100098627619445
660, 0.0143555229684959
661, 0.0158789983640114
662, 0.0209111797933777
663, 0.00508821115363389
664, 0.0118596068184291
665, 0.00725903257261962
666, 0.00934113987854549
667, 0.0103186388233943
668, 0.0234137813427619
669, 0.0174992321214328
670, 0.00387400468268121
671, 0.00353982130764052
672, 0.0126564130187035
673, 0.0136026367545128
674, 0.0115672174530725
675, 0.0120457632777592
676, 0.01615657703951
677, 0.0111797867187609
678, 0.0201252537469069
679, 0.00340434554631689
680, 0.0108933708630502
681, 0.00354246378022557
682, 0.00778355321381241
683, 0.00704646219188968
684, 0.00959072657860816
685, 0.0086185548764964
686, 0.00638600322417915
687, 0.00579196338852247
688, 0.00524946177999179
689, 0.0179259805008769
690, 0.00428078641804556
691, 0.00473801384214312
692, 0.0107645407939951
693, 0.0142927586566657
694, 0.0122492730151862
695, 0.0130803213299563
696, 0.0110974534569929
697, 0.0117746611746649
698, 0.0144969447671125
699, 0.0152467517958333
700, 0.0199519630211095
701, 0.0199215644970536
702, 0.0178392759213845
703, 0.016185882811745
704, 0.0124393725612511
705, 0.0215713771060109
706, 0.0534413196146488
707, 0.00445783235287915
708, 0.0116335347826992
709, 0.0196133885266525
710, 0.00433228506396214
711, 0.00343201239593327
712, 0.0120200341722618
713, 0.0132015569445988
714, 0.0125575885952761
715, 0.0142035309690982
716, 0.0163942006571839
717, 0.00384257599112711
718, 0.015117548018073
719, 0.0178832242575785
720, 0.00955603675295909
721, 0.0051448354885603
722, 0.0106062905397266
723, 0.00862302530246476
724, 0.00707531103398651
725, 0.00641185157777121
726, 0.0057783336378634
727, 0.00779187803467115
728, 0.0132146899122745
729, 0.0118123309221119
730, 0.0137689733722558
731, 0.0188367003574967
732, 0.0177140859887004
733, 0.0180295539709429
734, 0.0123769663429509
735, 0.0130549495418866
736, 0.0163915186033895
737, 0.0154903160873801
738, 0.00344557827338576
739, 0.00616282348831495
740, 0.00514886889141053
741, 0.0131182357269738
742, 0.0148382016147176
743, 0.0137472776696086
744, 0.0166853887494653
745, 0.0186096699908376
746, 0.00457742307335138
747, 0.00780012361550083
748, 0.0176362846312778
749, 0.00856212934013456
750, 0.0155095882558574
751, 0.00704085962691655
752, 0.00631143781356514
753, 0.011634093321239
754, 0.0104881541337818
755, 0.0128466510213912
756, 0.00944306631572545
757, 0.0141110840874414
758, 0.0147056204732507
759, 0.0175229542267819
760, 0.0163531332897643
761, 0.0130900370422751
762, 0.0139045144120852
763, 0.0172504213017722
764, 0.0164340562187135
765, 0.00792813460187366
766, 0.0124157218262553
767, 0.00554978967245136
768, 0.0142330195754766
769, 0.015348258583496
770, 0.0166144198738039
771, 0.0141526091999064
772, 0.00934748033372064
773, 0.00853703562946369
774, 0.00768870278261602
775, 0.0161499404348433
776, 0.0102871675044298
777, 0.0125990530165533
778, 0.0138248229244103
779, 0.0150126841229697
780, 0.0157417679826419
781, 0.0113479912591477
782, 0.0148446587845683
783, 0.0161538943648338
784, 0.0149778946458052
785, 0.0165403909049928
786, 0.0171791337430477
787, 0.0154961373523942
788, 0.0162456573120185
789, 0.0149985584430397
790, 0.0131716555139671
791, 0.00687139197252691
792, 0.0101459044963121
793, 0.00664399207259218
794, 0.011217516536514
795, 0.0093324597304066
796, 0.0141128923278302
797, 0.0163515234986941
798, 0.0155939282073329
799, 0.0147592021551515
800, 0.0123906553102036
801, 0.0131724619306624
802, 0.0135789931907008
803, 0.0148825328797102
804, 0.016044261554877
805, 0.00834523098144148
806, 0.0118723533426722
807, 0.011928846873343
808, 0.0121617540717125
809, 0.0110216163254033
810, 0.01609010938555
811, 0.0161298932507634
812, 0.0162340424954891
813, 0.0102783289205815
814, 0.00927295880392194
815, 0.0104138870723546
816, 0.00900169407638411
817, 0.0166900788899511
818, 0.0118713603975872
819, 0.0240659163488696
820, 0.00665438295497249
821, 0.0149516492771606
822, 0.0132077558276554
823, 0.013724647462368
824, 0.0142450558487326
825, 0.0147448004378627
826, 0.0151013163073609
827, 0.0141473837041607
828, 0.0128419625883301
829, 0.0114398422495772
830, 0.0102562721197804
831, 0.00937507720664144
832, 0.00875546682315568
833, 0.00971410904700557
834, 0.00950102174344162
835, 0.00914565869607031
836, 0.00780230900272727
837, 0.00680140786183377
838, 0.00569969516557952
839, 0.00984366921087106
840, 0.00859699809613327
841, 0.00477687614814689
842, 0.00997978627371291
843, 0.0099816534978648
844, 0.0100772599689662
845, 0.0101560175729295
846, 0.0102674188092351
847, 0.0104197479474048
848, 0.0106002108659595
849, 0.0108297683764249
850, 0.0110799293809881
851, 0.0145889746490866
852, 0.0204410986819615
853, 0.0379016085838278
854, 0.0366449435906751
855, 0.00697318856449177
856, 0.0126965266341964
857, 0.0147750204584251
858, 0.0136988385735701
859, 0.0123843375282983
860, 0.0136811960643778
861, 0.011796735227108
862, 0.012220265964667
863, 0.0141383034642786
864, 0.0128102526068687
865, 0.0132605061711123
866, 0.015066745535781
867, 0.0146802890424927
868, 0.0113091291859746
869, 0.011477353128915
870, 0.0113114614970982
871, 0.00991451903246343
872, 0.00824239004092912
873, 0.0077146504772827
874, 0.00945937827539941
875, 0.00916797077904145
876, 0.00729704042896628
877, 0.00995693759371837
878, 0.00966175614545743
879, 0.00875830805550019
880, 0.0100266553927213
881, 0.0107570708108445
882, 0.0103148240596056
883, 0.00999713099251191
884, 0.0100441596781214
885, 0.0101574084255844
886, 0.0105203609758367
887, 0.0125447930768132
888, 0.0227128709666431
889, 0.0109764158260077
890, 0.00973117537796497
891, 0.0179866982313494
892, 0.00939103165486207
893, 0.0115293290776511
894, 0.0128237429695825
895, 0.0147717221795271
896, 0.0105843734927475
897, 0.00995428401178547
898, 0.0110841497911939
899, 0.0195411477637078
900, 0.0122805140912533
901, 0.0119636078209927
902, 0.0115883968149622
903, 0.011295896799614
904, 0.0155692125360171
905, 0.0145741527279218
906, 0.0131937289455285
907, 0.0137255614778648
908, 0.0123719004138062
909, 0.0127701786501954
910, 0.0157813656454285
911, 0.0134446442437669
912, 0.0148485132182638
913, 0.0123745621337245
914, 0.00989645882509649
915, 0.00861048853645722
916, 0.00889984937384725
917, 0.0091901239939034
918, 0.00943633106847604
919, 0.00840733627167841
920, 0.00869480384114598
921, 0.00980029674246907
922, 0.00997857415738205
923, 0.00994334796754022
924, 0.0100047211938848
925, 0.0101759848960986
926, 0.0104138872120529
927, 0.0107059696068366
928, 0.00994757966448863
929, 0.0145419262504826
930, 0.0109610334970057
931, 0.0207161743504306
932, 0.0124410213902593
933, 0.0562444560229778
934, 0.0127702807076275
935, 0.0141836036927998
936, 0.0110022448158513
937, 0.014634151943028
938, 0.00895166583359241
939, 0.0110331452451646
940, 0.0162007639495035
941, 0.0170469710137695
942, 0.014652473696818
943, 0.0123525485396385
944, 0.0116441070567816
945, 0.0113269509747624
946, 0.0135260843671858
947, 0.012862028942133
948, 0.0119380780185262
949, 0.0163094424642622
950, 0.0119951192755252
951, 0.0090113893772165
952, 0.00922592636197805
953, 0.00979334286724528
954, 0.00886182122242947
955, 0.009639026519532
956, 0.00918992523414393
957, 0.00886160306011637
958, 0.00990015439068278
959, 0.0098375781838383
960, 0.0106019001298894
961, 0.0102677962277085
962, 0.0179876719291012
963, 0.00999327679164708
964, 0.00985266951223215
965, 0.00989990439265966
966, 0.0163768358373394
967, 0.00997848687693477
968, 0.0101269501416634
969, 0.0150467015004584
970, 0.0167837964060406
971, 0.0147605569412311
972, 0.0183679090502361
973, 0.0127133356096844
974, 0.0134773083652059
975, 0.0120874072890729
976, 0.0112893801027288
977, 0.0110267619602382
978, 0.0115851586063703
979, 0.0115863506216556
980, 0.00971892066299915
981, 0.00914106952647368
982, 0.00908047108290096
983, 0.00945753022097051
984, 0.00981619139201939
985, 0.0105153342841991
986, 0.0100611865830918
987, 0.00921428358803193
988, 0.00972906942479312
989, 0.00962921146613856
990, 0.0194322075694799
991, 0.0179052861407399
992, 0.0117400510547062
993, 0.017559746094048
994, 0.0147690800173829
995, 0.0169453989448292
996, 0.0135020838739971
997, 0.0126946590219935
998, 0.0119502965826541
999, 0.0106891812756658
1000, 0.00973596749827266
1001, 0.0109163345769048
1002, 0.0111987811202804
1003, 0.0113228582777083
1004, 0.0191982541233301
1005, 0.00998246837407351
1006, 0.0108848356641829
1007, 0.00954112157757793
1008, 0.00931586992616455
1009, 0.00931660505011678
1010, 0.00966723930711547
1011, 0.00978140214768549
1012, 0.0102565308101475
1013, 0.00952337348523239
1014, 0.00961288010391096
1015, 0.00997694558463991
1016, 0.0135964378714561
1017, 0.0146069078706205
1018, 0.0127628863944362
1019, 0.0118999104015529
1020, 0.0108681936593105
1021, 0.0105830451163153
1022, 0.01113665336743
1023, 0.0106966516801289
1024, 0.00931839326707025
1025, 0.00987892657784479
1026, 0.00943029103800654
1027, 0.00987068404044424
1028, 0.00954675876225034
1029, 0.0102854985743761
1030, 0.0128971762023866
1031, 0.0106795850054671
1032, 0.0137608076135317
1033, 0.0128839635290205
1034, 0.0118966520143052
1035, 0.0105611899246772
1036, 0.0109630646184087
1037, 0.0103376924525946
1038, 0.0103476542048156
1039, 0.00956909040299555
1040, 0.0137320545502007
1041, 0.0118863008295496
1042, 0.0100398677556465
1043, 0.00506067347790425
1044, 0.00201165715649646
1045, 0.0208761137134085
1046, 0.0207394992467016
1047, 0.0355280701381465
1048, 0.0338278089960416
1049, 0.0478804023670299
1050, 0.0103549180009092
1051, 0.0490785911679268
1052, 0.0035744117340073
1053, 0.00305577171578382
1054, 0.00241345211785908
1055, 0.0015881661286888
1056, 0.000666280770929006
1057, 0.000199894155533305
1058, 0.0079860109447812
1059, 0.00642095137542735
1060, 0.00526720386308928
1061, 0.00448747557432701
1062, 0.00403632797921697
1063, 0.0038205393939279
1064, 0.00375219261817013
1065, 0.00934267191526791
1066, 0.0104733526241034
1067, 0.0160723355753968
1068, 0.0246436446905136
1069, 0.0346027875008682
1070, 0.0413127218683561
1071, 0.042862502237161
1072, 0.0399963331098358
1073, 0.0360391608749827
1074, 0.0344283661494652
1075, 0.00183598236374867
1076, 0.00285065228429933
1077, 0.00232795926664645
1078, 0.0118357957495997
1079, 0.0349005120806396
1080, 0.0282804220914841
1081, 0.0416392578432957
1082, 0.0367965761882563
1083, 0.0419404394924641
1084, 0.0386927397921681
1085, 0.0103244209118808
1086, 0.00351468787994236
1087, 0.00438708152311544
1088, 0.00676097612207135
1089, 0.0159136885777116
1090, 0.024997525755316
1091, 0.00874122170110544
1092, 0.00382626130400846
1093, 0.00532257653928051
1094, 0.0142507777394106
1095, 0.0116704725660384
1096, 0.0351524019303421
1097, 0.0429715333240373
1098, 0.00910544531264653
1099, 0.0299751413986087
1100, 0.0169954720574121
1101, 0.00439216766972095
1102, 0.0117633025428014
1103, 0.0033681739088414
1104, 0.0292998095974326
1105, 0.0281126307323575
1106, 0.00301913474686444
1107, 0.00300077663268894
1108, 0.0134218560221295
1109, 0.0421857324739297
1110, 0.0365564879029989
1111, 0.0406158048038681
1112, 0.0395139530301094
1113, 0.03213779690365
1114, 0.0190459525523086
1115, 0.00151008390245503
1116, 0.0118564990504334
1117, 0.0071148289522777
1118, 0.0091941572415332
1119, 0.00552378199063241
1120, 0.00441650642702977
1121, 0.00360819341481796
1122, 0.0180986755682776
1123, 0.0444756224751472
1124, 0.0232508623351653
1125, 0.00377109132241458
1126, 0.0154637923308959
1127, 0.0129931784079721
1128, 0.0249535227859659
1129, 0.00730301762398865
1130, 0.0381283036743601
1131, 0.0210631447178977
1132, 0.0225435737520456
1133, 0.0039286819131424
1134, 0.0426166737452149
1135, 0.0391831081360579
1136, 0.0281767297225694
1137, 0.0325193071427445
1138, 0.0335931445782383
1139, 0.00351631686013813
1140, 0.00317750037647784
1141, 0.015499666146934
1142, 0.0122251537783692
1143, 0.00983371515758336
1144, 0.00448653784114867
1145, 0.00769859688201298
1146, 0.00582707025265942
1147, 0.0375836164069672
1148, 0.0101580638438463
1149, 0.0263622195592948
1150, 0.0446706290046374
1151, 0.00606445006893149
1152, 0.0366534452574948
1153, 0.0371767152100801
1154, 0.0307578900828958
1155, 0.0420160970340172
1156, 0.0224757407392774
1157, 0.00498779692376653
1158, 0.0133621123774598
1159, 0.0451347187161446
1160, 0.0444729815547665
1161, 0.0106601733714342
1162, 0.00840207072906196
1163, 0.0185504475608468
1164, 0.040004475414753
1165, 0.00747742778621614
1166, 0.0268423406717678
1167, 0.0215886874124408
1168, 0.0423516525576512
1169, 0.0139631655377646
1170, 0.043616800258557
1171, 0.0438362293477569
1172, 0.0120127028009544
1173, 0.0161792271149655
1174, 0.0364110345641772
1175, 0.0348294645858308
1176, 0.00929592227718482
1177, 0.0106348807457834
1178, 0.0413034290075302
1179, 0.0125929618254304
1180, 0.0263628289103508
1181, 0.0210805130773224
1182, 0.0343547927526136
1183, 0.0422257079432408
1184, 0.0163393247251709
