1, 0.00966477557085454
2, 0.02537298691459
3, 0.0040399736026302
4, 0.0132281801197678
5, 0.013706685975194
6, 0.0218926705420017
7, 0.0048935420345515
8, 0.000163227450684644
9, 0.0307601746171713
10, 0.00850284285843372
11, 0.00892901560291648
12, 0.055151117965579
13, 0.0101138371198128
14, 0.0108007807284594
15, 0.0113964695483446
16, 0.0119017387429873
17, 0.0122977718710899
18, 0.0125985368310163
19, 0.0127895295154303
20, 0.0128467502848556
21, 0.0127455616214623
22, 0.0124730886115382
23, 0.0120788437779993
24, 0.0116553127299994
25, 0.0113221427115301
26, 0.0111803232381741
27, 0.0112828830412279
28, 0.0117476005883267
29, 0.012921097377936
30, 0.0154353408919026
31, 0.0205398832137386
32, 0.0226433714851737
33, 0.0153087804404398
34, 0.00952220071728031
35, 0.00549622438848019
36, 0.003779650432989
37, 0.00552249059546739
38, 0.00747090710016588
39, 0.00890932643475632
40, 0.00995578531486293
41, 0.0106905320038398
42, 0.0112080790568143
43, 0.0115757204281787
44, 0.0118655982272079
45, 0.0121133745803187
46, 0.0123095339319358
47, 0.0124740428291261
48, 0.012661638436839
49, 0.0129219911371668
50, 0.0131463030508409
51, 0.0131714956369251
52, 0.0130469022939603
53, 0.0129468464292586
54, 0.0129729933105409
55, 0.0130924804446598
56, 0.0131758474744856
57, 0.0131915436747173
58, 0.0131809734739363
59, 0.0131882051937282
60, 0.0132166567879419
61, 0.0132704198670884
62, 0.0133289128231506
63, 0.0133672187415262
64, 0.0134328228111068
65, 0.0135275148786604
66, 0.0136118756296734
67, 0.0136864210168521
68, 0.013785643192629
69, 0.0139008387923241
70, 0.0139886961939434
71, 0.0139871858991683
72, 0.0138449992518872
73, 0.0137044612007836
74, 0.0135217538724343
75, 0.0132883020366232
76, 0.0130482940003276
77, 0.0127993047547837
78, 0.0125796819726626
79, 0.0124127493860821
80, 0.0122541209372381
81, 0.012070379840831
82, 0.0118156298995018
83, 0.0114918175774316
84, 0.0111142415553331
85, 0.0107546666016181
86, 0.0104512395337224
87, 0.0102109926131864
88, 0.0100367482130726
89, 0.00990426742161314
90, 0.00993824168108404
91, 0.0100056249648333
92, 0.0100829621466498
93, 0.0103676736665269
94, 0.0107506532222033
95, 0.0112930157532295
96, 0.0122568233249088
97, 0.0141646886865298
98, 0.0189584133525689
99, 0.0191078517818823
100, 0.0167275693578025
101, 0.0111643091465036
102, 0.00892110789815585
103, 0.00782545547311505
104, 0.0072252763590465
105, 0.00686077393280963
106, 0.00662426262473067
107, 0.00645621726289392
108, 0.00631074234843254
109, 0.00613840545217196
110, 0.00593348445060353
111, 0.00568386019828419
112, 0.00541174528189003
113, 0.00514121958985925
114, 0.00488607197379072
115, 0.00468075384075443
116, 0.00452244390423099
117, 0.0044414212461561
118, 0.00445552752353251
119, 0.00455403413313131
120, 0.00468814473909636
121, 0.00482004968216643
122, 0.00483161304146051
123, 0.00458188944806655
124, 0.00405907720172157
125, 0.00316208674727629
126, 0.00172201838965217
127, 0.000191966823573845
128, 0.00202139272975425
129, 0.00671076937578619
130, 0.0134006367685894
131, 0.0214359803746144
132, 0.0241450712395211
133, 0.0172302555292845
134, 0.013895275692145
135, 0.0125089113134891
136, 0.0116223321141054
137, 0.0108734190774461
138, 0.0101178306310127
139, 0.0091758303876434
140, 0.00871849230801066
141, 0.00887958363940318
142, 0.00917836185544729
143, 0.00957453437149525
144, 0.00999542217080792
145, 0.0104017274764677
146, 0.0107641637635728
147, 0.011095406798025
148, 0.0113685545511544
149, 0.0114698427108427
150, 0.0113477723983427
151, 0.0110670742578804
152, 0.0106943862823149
153, 0.010285060852766
154, 0.00988996168598533
155, 0.00956897158175707
156, 0.00929983612149954
157, 0.00909058392668764
158, 0.00923457904718816
159, 0.00965122583632668
160, 0.0100775581474106
161, 0.0105930979674061
162, 0.011111818253994
163, 0.0115614359577497
164, 0.0119485476364692
165, 0.0122866653837264
166, 0.0125990337692201
167, 0.012878619444867
168, 0.0131117426790297
169, 0.00579242027985553
170, 0.0102858569783469
171, 0.0176041956680516
172, 0.0276298966879646
173, 0.0254017959038417
174, 0.0140412272885442
175, 0.00707082054577768
176, 0.00200367007831422
177, 0.00485971674788743
178, 0.00478200234162311
179, 0.00464662009229263
180, 0.00458717423801621
181, 0.004772743753468
182, 0.0052770785211275
183, 0.00617504236288369
184, 0.00753009490047892
185, 0.00935491127893329
186, 0.0131409194630881
187, 0.0330022347625345
188, 0.0352290943264961
189, 0.0200122632086277
190, 0.015713575296104
191, 0.0129560657466451
192, 0.0118760685436428
193, 0.0109654682067533
194, 0.0100777563638985
195, 0.00938634232928356
196, 0.00910175021272153
197, 0.0104936774199208
198, 0.007874594128225
199, 0.00412261541932821
200, 0.0127240639800827
201, 0.012935382546857
202, 0.0129991399589926
203, 0.0129065737128258
204, 0.0126866324183842
205, 0.0123809400635461
206, 0.0120797575606654
207, 0.0118876118212938
208, 0.0118944266190132
209, 0.0121616345519821
210, 0.0128688240268578
211, 0.0170184406451881
212, 0.0144691494448731
213, 0.0177096157955627
214, 0.0217325920239091
215, 0.012043324831341
216, 0.0130873141655078
217, 0.0129298587950567
218, 0.0127781452611089
219, 0.0126368230363975
220, 0.012459360063076
221, 0.0122275573667139
222, 0.0119545876514167
223, 0.011629841523245
224, 0.0111938733607531
225, 0.0105887864871571
226, 0.00974202334570388
227, 0.00860490572328369
228, 0.00714304166225096
229, 0.00550649644962202
230, 0.0139198128599674
231, 0.0138365450159957
232, 0.0137491843973597
233, 0.0136723742665102
234, 0.0135946698331585
235, 0.0135028187651187
236, 0.0134192135495444
237, 0.0133605030520509
238, 0.0133046335540712
239, 0.0132495983658979
240, 0.0132164187574138
241, 0.0131992920457075
242, 0.0131908281861494
243, 0.0131702449483176
244, 0.0131230182014406
245, 0.0130464660469443
246, 0.0129966165404767
247, 0.0130250872268031
248, 0.010377766409268
249, 0.0122696382459253
250, 0.0124522074280928
251, 0.0126083322490255
252, 0.0127597673951338
253, 0.0129466479023298
254, 0.0131931530001263
255, 0.013488235961025
256, 0.0137407808409383
257, 0.0116325437556952
258, 0.00824848896202942
259, 0.0127607809845358
260, 0.011149507559215
261, 0.0120050529173265
262, 0.0105209567118436
263, 0.00975694453033308
264, 0.00892490311525762
265, 0.0122964403902491
266, 0.012546998836721
267, 0.0129252896488955
268, 0.0130322598852217
269, 0.0123996361314009
270, 0.0128786390802513
271, 0.0129424553209295
272, 0.0145845243241638
273, 0.0131129646518578
274, 0.0129445216152817
275, 0.0126879437981794
276, 0.0127015530597419
277, 0.0120040401816368
278, 0.0135039711991946
279, 0.0115567668496321
280, 0.0130655393004417
281, 0.0130629759902755
282, 0.0127996627707034
283, 0.0139486413293829
284, 0.0132697249452273
285, 0.0137661517752955
286, 0.0135234224920472
287, 0.0132467178627849
288, 0.0132144714395205
289, 0.0131592376468082
290, 0.0131054544666161
291, 0.013083222322166
292, 0.0131048588082194
293, 0.0138239884593834
294, 0.013803643019249
295, 0.0136971300623069
296, 0.0136108226918926
297, 0.0134333992997805
298, 0.0133515023626387
299, 0.0132970634537439
300, 0.0131108985903362
301, 0.0139175201766193
302, 0.0120444919448346
303, 0.0102631868018458
304, 0.0101710099726915
305, 0.0105606933745245
306, 0.0114490609460821
307, 0.0117674492454777
308, 0.0125194614132245
309, 0.0127055671376487
310, 0.0128432142082602
311, 0.012959641792501
312, 0.0131349988902609
313, 0.0134272801224142
314, 0.0130758135180388
315, 0.0110517162053535
316, 0.0137541492336563
317, 0.0130960720591247
318, 0.0107246655970812
319, 0.0126042787451297
320, 0.0128244981945803
321, 0.0130094513297081
322, 0.0131376414404561
323, 0.0123517139970014
324, 0.010324360569939
325, 0.0107287384259204
326, 0.0112007877323776
327, 0.0116431334366401
328, 0.0120302460466822
329, 0.0121598072194805
330, 0.0117248916843285
331, 0.0133284952801963
332, 0.0132887189586957
333, 0.0132403596459577
334, 0.0131562176005294
335, 0.0129994971988102
336, 0.0133839279102782
337, 0.0137424891193708
338, 0.0134839043797304
339, 0.0142670897766948
340, 0.0151710143157591
341, 0.0125605090676496
342, 0.0159998204559088
343, 0.0122920696934064
344, 0.0138249026301006
345, 0.0107384541382392
346, 0.0108515241493781
347, 0.0133771523057173
348, 0.0134527909103781
349, 0.0135630393245568
350, 0.0136614863295108
351, 0.0137477342505008
352, 0.0138137561734766
353, 0.0138342999077092
354, 0.0137935702223331
355, 0.0133445484098047
356, 0.0131794439318279
357, 0.0132594132640709
358, 0.0131038848000268
359, 0.0133139715374758
360, 0.0130866591352969
361, 0.0131422705793132
362, 0.0131986850340452
363, 0.0111200034152716
364, 0.0108172317656378
365, 0.0117866618093103
366, 0.0134022855975976
367, 0.013206285967802
368, 0.0130822684150189
369, 0.0129468666079144
370, 0.0127680129371583
371, 0.0120417699217796
372, 0.0136294870637357
373, 0.011284453018258
374, 0.0101718916557729
375, 0.0131550098769367
376, 0.0136739890357213
377, 0.0114949362662931
378, 0.0114917577399562
379, 0.012668572133407
380, 0.01241181534715
381, 0.0131699074991047
382, 0.0130408826904992
383, 0.0128709298248092
384, 0.0113868730453153
385, 0.0117900590412319
386, 0.0115253153101852
387, 0.0121009768918157
388, 0.0148696533869952
389, 0.0138591356420269
390, 0.0141040313368042
391, 0.0123689600732177
392, 0.0156739583859841
393, 0.0119453693429629
394, 0.0130941495299339
395, 0.0132838117424399
396, 0.0134571817858766
397, 0.0136467841609071
398, 0.0143928156079104
399, 0.0127334419327478
400, 0.0173193840309978
401, 0.0125352369310955
402, 0.0115406737507631
403, 0.0133282367605716
404, 0.0132261739733318
405, 0.0138162603446593
406, 0.0138806925776104
407, 0.0138686720747501
408, 0.0138096438410381
409, 0.0137212497647852
410, 0.0136143989705791
411, 0.0135184155466656
412, 0.013141038439547
413, 0.0131125670547287
414, 0.0134060011866192
415, 0.0134607776223371
416, 0.0131517672756066
417, 0.0110379478428513
418, 0.0112544318128909
419, 0.0130294987466186
420, 0.013495129533112
421, 0.0133679138186077
422, 0.0132186835786949
423, 0.0120601677335799
424, 0.0122892880657067
425, 0.0162851327498044
426, 0.0112885655835271
427, 0.0110933324322104
428, 0.0151332814379462
429, 0.0124670887210717
430, 0.012755416178455
431, 0.0125317599158734
432, 0.0129386011200647
433, 0.0130704660744717
434, 0.0123266405425966
435, 0.0160490703613808
436, 0.0144924550162007
437, 0.0122039143461734
438, 0.0122310145913313
439, 0.0153364965226501
440, 0.0148586460078756
441, 0.0141448802314699
442, 0.0125757080968469
443, 0.0138201341032982
444, 0.0132494394201785
445, 0.012201152741909
446, 0.0135235216779013
447, 0.012869201367721
448, 0.0164865483529866
449, 0.0118829832257082
450, 0.0127966235547016
451, 0.0113208115411301
452, 0.0137057331390679
453, 0.0137231772144636
454, 0.0133055672049522
455, 0.0138497179529319
456, 0.0139194948133081
457, 0.0139298463085045
458, 0.0138885600802799
459, 0.0138141335919499
460, 0.0132083720527589
461, 0.0136395914790531
462, 0.0131714761567612
463, 0.013174059567973
464, 0.0136661555485002
465, 0.0123225870387008
466, 0.0134310744081934
467, 0.0135121371907492
468, 0.0133356873411685
469, 0.0135444026285162
470, 0.0125422305427492
471, 0.0117165669798851
472, 0.0120497765019536
473, 0.0115075926296413
474, 0.01316574894424
475, 0.0131910866281639
476, 0.0117813368172695
477, 0.0129117391382655
478, 0.0130361940246075
479, 0.012811822273458
480, 0.0131220443484684
481, 0.0163489606541892
482, 0.0151341191958636
483, 0.0147098132874817
484, 0.0156866735002647
485, 0.0127916959269593
486, 0.012742978753522
487, 0.0129042096280803
488, 0.0142996733387311
489, 0.0124590817528466
490, 0.0135207004689922
491, 0.0138965872271607
492, 0.0129939739902814
493, 0.0166670513960222
494, 0.0121642370553066
495, 0.0116182345896959
496, 0.0131007660335551
497, 0.0138841297011822
498, 0.013969920653229
499, 0.0140092993776004
500, 0.013946754237016
501, 0.0140120412688702
502, 0.0138379359462609
503, 0.0131986959992597
504, 0.0133243027764062
505, 0.013246618056049
506, 0.0134446046625574
507, 0.0126189216971397
508, 0.0136269354261458
509, 0.0137545090789596
510, 0.0128467706187318
511, 0.0135951460494349
512, 0.0119206329497198
513, 0.0162588860839605
514, 0.0120548232613752
515, 0.0117609521839768
516, 0.013042372573788
517, 0.0132007387466729
518, 0.010540049833556
519, 0.0137219213880599
520, 0.013161947671324
521, 0.0120567956141063
522, 0.0137552047769229
523, 0.0132091663156947
524, 0.0132117091367642
525, 0.0128939004082765
526, 0.0132338003521519
527, 0.0165322648050884
528, 0.0152937402793517
529, 0.0159007937181741
530, 0.0132880431289474
531, 0.0148177770897746
532, 0.0137314025002221
533, 0.0128935201403995
534, 0.0134576385219892
535, 0.0126240872777998
536, 0.0143605104337136
537, 0.0139062435676654
538, 0.0139254551225652
539, 0.0131852055589358
540, 0.0167031115852296
541, 0.0124593997218957
542, 0.0158630295523575
543, 0.0134416048725446
544, 0.0140237237792462
545, 0.0141775236309816
546, 0.0141547548118979
547, 0.0142133663563679
548, 0.0137869486186121
549, 0.0140449028306951
550, 0.0129841393791139
551, 0.0133766951039433
552, 0.0135125939268619
553, 0.0132008818133424
554, 0.0122477634965132
555, 0.0121487798169255
556, 0.0138504926580936
557, 0.0136639502209922
558, 0.0123469654936343
559, 0.0148201964795589
560, 0.0141995770391077
561, 0.0134701946129402
562, 0.014263135769094
563, 0.0165121189008156
564, 0.0159864858724177
565, 0.0136463465169072
566, 0.014567933510989
567, 0.0153646494727582
568, 0.0138831164222211
569, 0.0131182099382083
570, 0.0148431489554544
571, 0.0128048088711997
572, 0.0143610466426859
573, 0.0134878583873312
574, 0.0123762153089046
575, 0.0167494046812256
576, 0.0160155321937054
577, 0.0128019875070701
578, 0.0141705297088871
579, 0.0144620166004946
580, 0.0143793448029707
581, 0.0143922789332767
582, 0.0134003586135805
583, 0.0124884868439819
584, 0.0142054578755051
585, 0.0125444557828208
586, 0.0135945957819266
587, 0.0126755859237164
588, 0.0139781856754174
589, 0.0137860404793173
590, 0.0114604253321886
591, 0.0133657000027597
592, 0.0138999449554831
593, 0.0145208661754926
594, 0.016343319012473
595, 0.0138368826980392
596, 0.0159251921189328
597, 0.015337787490959
598, 0.0141530658584088
599, 0.0148123290389776
600, 0.0134434126472721
601, 0.0147774837290247
602, 0.0130381012956301
603, 0.0148178168262045
604, 0.0138912027080854
605, 0.01651847610871
606, 0.0157414529073451
607, 0.01323455828242
608, 0.0143690334322552
609, 0.0146263465285301
610, 0.0147361584628622
611, 0.0146604008041322
612, 0.0127315549179912
613, 0.0130668504474064
614, 0.0129437642171979
615, 0.0135718610448142
616, 0.0144313001849999
617, 0.0141490921378136
618, 0.0139159703627229
619, 0.0140231874150534
620, 0.0159481001707415
621, 0.0147797293029726
622, 0.0157017740420997
623, 0.0152397979982197
624, 0.0138585992778341
625, 0.0133887752114485
626, 0.0141810601732383
627, 0.0153510593143957
628, 0.0162479509599507
629, 0.0143501587832967
630, 0.0137273438407906
631, 0.0145475099949787
632, 0.0148665735032409
633, 0.0137332232668996
634, 0.0150699842876444
635, 0.0135129913687706
636, 0.0150243467651308
637, 0.0147232839372009
638, 0.0143244289793074
639, 0.0154502424411476
640, 0.0154088566390177
641, 0.0143147141983112
642, 0.0137971327640116
643, 0.0142602947695802
644, 0.0157591728493571
645, 0.0147716434051593
646, 0.0146800704921285
647, 0.0150900712081542
648, 0.013313343655318
649, 0.0151571661699563
650, 0.0153030660003424
651, 0.0159910701215267
652, 0.0139168046414852
653, 0.00450493985166152
654, 0.004080018242045
655, 0.00343197659822181
656, 0.00238748451132172
657, 0.000741660827770829
658, 0.0105763891867052
659, 0.011197608585159
660, 0.0125369650777429
661, 0.0126773936208338
662, 0.0107352156968166
663, 0.0125438595035424
664, 0.0122458157905688
665, 0.0118096092094978
666, 0.0113393883996954
667, 0.0109475273638964
668, 0.0107604286167771
669, 0.0110866446048021
670, 0.0118803006286422
671, 0.0134178424874942
672, 0.0161183305705587
673, 0.0117842571344227
674, 0.0122371536369125
675, 0.0126801351240526
676, 0.00472757909446955
677, 0.00465045473538339
678, 0.00457726007637878
679, 0.00457358449542274
680, 0.0046867539640516
681, 0.00488811836112291
682, 0.00513784191571176
683, 0.00540820866202315
684, 0.00568040336171786
685, 0.00594755126318584
686, 0.00619651978680243
687, 0.00640233462521185
688, 0.00655563781037927
689, 0.00668293346340458
690, 0.00681217624029766
691, 0.00700108322780579
692, 0.00733081627792368
693, 0.00789237185381353
694, 0.00885955655636887
695, 0.0106809552914153
696, 0.0138437769686182
697, 0.0124152325248967
698, 0.0115489582531154
699, 0.0110071122956773
700, 0.0106150130741298
701, 0.0162499572616071
702, 0.0138523006656518
703, 0.00462329490619595
704, 0.0145626695205768
705, 0.0090572173441095
706, 0.00473604688886553
707, 0.00453130489525696
708, 0.00460128074822326
709, 0.00468542281305417
710, 0.0201159360197683
711, 0.0116759956969569
712, 0.0125437597744167
713, 0.0122663997268925
714, 0.0107224005429695
715, 0.0104541000134001
716, 0.0110462327332546
717, 0.011962256859988
718, 0.0125080965614567
719, 0.0106675446343919
720, 0.0134400353611757
721, 0.0113167386346807
722, 0.0104611334390938
723, 0.0115166124887764
724, 0.0123129309310267
725, 0.0126303852691005
726, 0.0121627670402328
727, 0.00506603807055702
728, 0.00684332967891047
729, 0.00935846737896403
730, 0.00838663328128556
731, 0.00485458065910886
732, 0.00572790822479874
733, 0.0060785225359723
734, 0.00663530939103415
735, 0.00701228886221846
736, 0.00713350484147668
737, 0.00747885423091551
738, 0.00468308678162949
739, 0.00474202722155799
740, 0.0053736181386436
741, 0.0073193918603162
742, 0.00638198965073874
743, 0.00722138183967521
744, 0.00779666611924767
745, 0.0109336592722684
746, 0.0119271896158655
747, 0.0126957121926049
748, 0.0137778741773218
749, 0.0113913440145552
750, 0.0182123215869069
751, 0.0149155480321497
752, 0.0110367557166943
753, 0.0144265569480402
754, 0.00500661220091085
755, 0.0124613863105575
756, 0.0102207279608895
757, 0.0109066381119192
758, 0.010235887253657
759, 0.0103916345008959
760, 0.0116309145620714
761, 0.0104511197811613
762, 0.0107172944117337
763, 0.0111531432873259
764, 0.0120951155355821
765, 0.0126210274174809
766, 0.0121208650525659
767, 0.0124910695012659
768, 0.0115581172673653
769, 0.0121263882610947
770, 0.0083428833168
771, 0.00800148770213127
772, 0.00782541530982902
773, 0.00773290897874783
774, 0.00766925129573792
775, 0.00760251396180441
776, 0.0075189684284851
777, 0.00737212241316835
778, 0.00516229099594057
779, 0.0071204318664968
780, 0.00676359868763636
781, 0.00634209446919461
782, 0.00590735790319741
783, 0.00896424187036852
784, 0.00551939111513396
785, 0.0115505874467393
786, 0.00995886496578654
787, 0.00479161823168397
788, 0.0133955497294664
789, 0.0136288085154125
790, 0.0135319456458092
791, 0.0127564493256311
792, 0.0121866145969502
793, 0.0103371399454772
794, 0.00544516354178389
795, 0.0108957109041512
796, 0.0111635345189522
797, 0.0123879138069848
798, 0.0126444523533185
799, 0.0107303675419341
800, 0.011294466132919
801, 0.0103085651838531
802, 0.0100519276844958
803, 0.00995558671032389
804, 0.00999450838814179
805, 0.0101666864939034
806, 0.0118928772086898
807, 0.0104894853041818
808, 0.012559455819428
809, 0.0116893315687776
810, 0.0120965862491479
811, 0.00954614214909573
812, 0.0105137045805653
813, 0.00655990970941881
814, 0.00701318316472073
815, 0.00748151680454612
816, 0.00786803329053024
817, 0.00811936613172293
818, 0.00822214444633573
819, 0.00821936285744111
820, 0.00818900406981508
821, 0.00820217669631044
822, 0.00829653053854903
823, 0.00850451101238529
824, 0.00889583552877108
825, 0.0118508756471177
826, 0.00609457613124202
827, 0.012785388994962
828, 0.0130328641805266
829, 0.00647956264826159
830, 0.0102846046599249
831, 0.0102303047509243
832, 0.0123140038146327
833, 0.0127594294026494
834, 0.0116509813039253
835, 0.0100269333148996
836, 0.0109496731311083
837, 0.00967963699561854
838, 0.00982312524380783
839, 0.00963558908551931
840, 0.0096008595234404
841, 0.00985084124840796
842, 0.010304671091338
843, 0.0109897270643463
844, 0.00825745014784237
845, 0.0086322840458403
846, 0.0121510838313649
847, 0.0100801600298534
848, 0.009406011706839
849, 0.00884256915499767
850, 0.0077796196565032
851, 0.00883861530261735
852, 0.00873297608147065
853, 0.00889454409480095
854, 0.008667013530309
855, 0.00873083023664852
856, 0.00896700370746354
857, 0.0109111088483284
858, 0.0073140081949532
859, 0.0131531496532261
860, 0.00676707005394357
861, 0.00799098187126219
862, 0.00943790057984491
863, 0.012255173875019
864, 0.00954499002546072
865, 0.0113571300947418
866, 0.0105461888791372
867, 0.00950024657261868
868, 0.00987714668735862
869, 0.00938646146096289
870, 0.00940195843577385
871, 0.00925282792498668
872, 0.00915289072630306
873, 0.00917524223526319
874, 0.0100005882171293
875, 0.00911311463763317
876, 0.00970411500228303
877, 0.00805674163469424
878, 0.00919793227997919
879, 0.00854416862906267
880, 0.00791604691185057
881, 0.00565452678129077
882, 0.0114541795104742
883, 0.0142838389147073
884, 0.0119282822900762
885, 0.011155666783452
886, 0.0121410911281904
887, 0.0117124537161241
888, 0.0126655326845745
889, 0.0123782382191469
890, 0.0114608032163233
891, 0.0107300497281055
892, 0.0101294137227039
893, 0.00930641250063976
894, 0.00822776715115955
895, 0.00692306090301524
896, 0.0144889378764977
897, 0.018039388814941
898, 0.0119248053524643
899, 0.0128831484665473
900, 0.0093764477254202
901, 0.00965416586647431
902, 0.00994090394427379
903, 0.0102306021532665
904, 0.0105296391993761
905, 0.0112088934984058
906, 0.0109407327448328
907, 0.0108102580998093
908, 0.0105867601620654
909, 0.0102418283931911
910, 0.00984049014126261
911, 0.00951270433142781
912, 0.00927055060553054
913, 0.0110998569677273
914, 0.011236967286095
915, 0.011072458854566
916, 0.0108378548951199
917, 0.0129342583008111
918, 0.0117123147162298
919, 0.0113004865124822
920, 0.0108337022829801
921, 0.0103513416834176
922, 0.0098888297410061
923, 0.0124157184202756
924, 0.0186866954900324
925, 0.00807540302048437
926, 0.012969774271672
927, 0.00556039926595986
928, 0.00426430772058666
929, 0.0117405475272487
930, 0.0106959959181647
931, 0.00891759153455496
932, 0.00960137594180802
933, 0.0123763107694685
934, 0.0102163373182217
935, 0.0120461205175767
936, 0.0110321661146979
937, 0.0112795253129055
938, 0.00826418547270199
939, 0.0114936451427639
940, 0.0111846944782883
941, 0.024573290720582
942, 0.0137658536744614
943, 0.0104612724389881
944, 0.0126169542005906
945, 0.0098123568110168
946, 0.0152462151211997
947, 0.0103471498005092
948, 0.0104958035517484
949, 0.010914446786046
950, 0.0111080627733221
951, 0.0103327451118579
952, 0.0109146451577544
953, 0.0111833232610176
954, 0.0110502461126695
955, 0.0107160229235888
956, 0.0108919360985359
957, 0.0109555939367662
958, 0.0108157613625129
959, 0.0101042406167835
960, 0.0106459478847682
961, 0.0120803137930731
962, 0.0124031528830528
963, 0.011386138231804
964, 0.0109908398396025
965, 0.0106010059826076
966, 0.0127054679517945
967, 0.0102374971999476
968, 0.00984505377709866
969, 0.0101633089860635
970, 0.0126736529969743
971, 0.0105978865952541
972, 0.0108544842805713
973, 0.0110566636237005
974, 0.0102350135954718
975, 0.0113017581558476
976, 0.00979147502221167
977, 0.0116442067859073
978, 0.0120370013949772
979, 0.00938411701160173
980, 0.00916660010504226
981, 0.00796804996207356
982, 0.010996859986335
983, 0.0135591053403914
984, 0.0146516981379439
985, 0.0106673061382025
986, 0.0106080790671209
987, 0.0108701009303331
988, 0.0115259904414415
989, 0.0111805219203234
990, 0.0116707700459907
991, 0.0106083572997401
992, 0.011202595429495
993, 0.0115309772857775
994, 0.0105955222776781
995, 0.0104398944725593
996, 0.0105844756277899
997, 0.0105608125062039
998, 0.0117466270457953
999, 0.0117628998123109
1000, 0.0110595640726388
1001, 0.0107792636069159
1002, 0.0105244625758912
1003, 0.0121169314564516
1004, 0.0124211537962159
1005, 0.00954234749078751
1006, 0.00990106825095912
1007, 0.00969573009448747
1008, 0.00972161876658599
1009, 0.0112151724752039
1010, 0.0108897902537137
1011, 0.0116257887954513
1012, 0.0104528286028653
1013, 0.0106648222232858
1014, 0.0101888991581897
1015, 0.0123637940734625
1016, 0.00928869051858783
1017, 0.0116695015292083
1018, 0.0141024016775191
1019, 0.0105123935888211
1020, 0.0111172220980128
1021, 0.0103033799678087
1022, 0.0103789981609831
1023, 0.010624629445374
1024, 0.0116328021977097
1025, 0.0103763359754036
1026, 0.0106617036120345
1027, 0.0122108083063116
1028, 0.0120271466827641
1029, 0.0120482069905847
1030, 0.0106335500410448
1031, 0.0108215352520347
1032, 0.0102381723001599
1033, 0.0125723106320947
1034, 0.0150726662638287
1035, 0.0113707209626834
1036, 0.0107101703062654
1037, 0.0108383319651087
1038, 0.0117014673693726
1039, 0.0120291906142873
1040, 0.0100891411614915
1041, 0.00990043285613259
1042, 0.0108306626789272
1043, 0.00993122843404611
1044, 0.011206271359697
1045, 0.0105427520660063
1046, 0.0100947238970548
1047, 0.0103090623548875
1048, 0.0125235583633184
1049, 0.0100850684878727
1050, 0.0105588060493271
1051, 0.0103142675167571
1052, 0.0100985583849251
1053, 0.0114474915899336
1054, 0.0101701839982222
1055, 0.0100756900695463
1056, 0.0108278815168887
1057, 0.0103324274532497
1058, 0.0107054391077587
1059, 0.0129007804207504
1060, 0.0120705789886415
1061, 0.0125908674672246
1062, 0.0110149208145837
1063, 0.0132742746888349
1064, 0.0143603312317282
1065, 0.0112329233836915
1066, 0.0115881464444101
1067, 0.0103267255083968
1068, 0.01086314728794
1069, 0.00999957517099877
1070, 0.0105314272611092
1071, 0.00990353206483026
1072, 0.0100089925496529
1073, 0.0102403381994615
1074, 0.010562322800979
1075, 0.0104097543905179
1076, 0.0101054922367136
1077, 0.0109366400477787
1078, 0.00992161214041213
1079, 0.0109901251271367
1080, 0.0100085355807096
1081, 0.0103933833694706
1082, 0.011696102640902
1083, 0.0124017024257531
1084, 0.0130829239885012
1085, 0.0106310861185193
1086, 0.0135499946107822
1087, 0.013272101126079
1088, 0.011638596560806
1089, 0.0104174037308743
1090, 0.0106205447976078
1091, 0.010013204611217
1092, 0.0098769284474353
1093, 0.0102863726982226
1094, 0.00999957486055791
1095, 0.0108734391784916
1096, 0.0113426670432091
1097, 0.0110284904949367
1098, 0.0117620448581874
1099, 0.0125818476856997
1100, 0.0130628375336528
1101, 0.010887076985091
1102, 0.0136306783184409
1103, 0.0107834558002651
1104, 0.0116192324397465
1105, 0.0124606713652611
1106, 0.0120504326187074
1107, 0.0121299291029572
1108, 0.0145113255828619
1109, 0.0170815816769997
1110, 0.0107249832556893
1111, 0.00987313354077438
1112, 0.018571399928381
1113, 0.00405098560804618
1114, 0.000176036375341937
1115, 0.0115958473179489
1116, 0.0125374026441326
1117, 0.01385156569692
1118, 0.0166876542692383
1119, 0.0217986544594169
1120, 0.0263219925885399
1121, 0.00984733614937535
1122, 0.0046950588390852
1123, 0.00421965207594136
1124, 0.00342033376606802
1125, 0.00230010399051631
1126, 0.00113678001313626
1127, 0.0147821338226398
1128, 0.00995024262617032
1129, 0.00765295966994017
1130, 0.00616790971253067
1131, 0.00521272537298501
1132, 0.00469287333544344
1133, 0.00452607947712143
1134, 0.00460885069333017
1135, 0.0119655156352868
1136, 0.0130785731598735
1137, 0.0156774946177999
1138, 0.0204396480694413
1139, 0.0258336118422449
1140, 0.00328495165255542
1141, 0.00385214962686102
1142, 0.00294903964580347
1143, 0.017549736580501
1144, 0.0128213389155765
1145, 0.0143932132826497
1146, 0.0117465874645859
1147, 0.0110691408626735
1148, 0.0102378743855904
1149, 0.0139236281005045
1150, 0.00965402331203222
1151, 0.016735735659798
1152, 0.0210633310489357
1153, 0.00471496671282997
1154, 0.0219172044657171
1155, 0.00663232943043113
1156, 0.0160515940903376
1157, 0.0112732274768253
1158, 0.00848212011624128
1159, 0.00541893761449804
1160, 0.00440222106408328
1161, 0.0043869367800653
1162, 0.0107125915320856
1163, 0.0229125575029424
1164, 0.00473880874924362
1165, 0.00410020440661659
1166, 0.0131039840634912
1167, 0.0150084322473655
1168, 0.0183713471827408
1169, 0.0119436522014439
1170, 0.0207942757755518
1171, 0.0124525452653567
1172, 0.0208646293419103
1173, 0.0180386340556045
1174, 0.0114793001363675
1175, 0.0215343041345477
1176, 0.0176652878788965
1177, 0.00722938927356154
1178, 0.0119008844873557
1179, 0.00926693490085503
1180, 0.00579339378358175
1181, 0.00475452720586743
1182, 0.00448491261340678
1183, 0.0132260345188635
1184, 0.00556117412634194
1185, 0.0154865414369851
1186, 0.0188249779554705
1187, 0.0220759948715568
1188, 0.00415053451433778
1189, 0.0210064855803336
1190, 0.0150016970777263
1191, 0.0164663349278271
1192, 0.0130903550889343
1193, 0.010317665602391
1194, 0.00794263828235368
1195, 0.0161178483228598
1196, 0.0191064709797502
1197, 0.0160043747164309
1198, 0.0203805801769098
1199, 0.007244667581593
1200, 0.0191303357215864
1201, 0.018144392563651
1202, 0.0150767596039389
1203, 0.0110756977616499
1204, 0.00622217776253819
1205, 0.00849662664612489
1206, 0.0192547729238868
1207, 0.0182322536595166
1208, 0.0202707485295832
1209, 0.0147133857011795
1210, 0.00599742028862238
1211, 0.00977872268828963
1212, 0.0121641381798933
1213, 0.00803834339603782
1214, 0.0101971403695643
1215, 0.013330482179299
1216, 0.0165624053527911
1217, 0.0197399891912937
