1, 0.0148163468111306
2, 0.063529803417623
3, 0.00414654667838477
4, 0.0344202592968941
5, 0.0108443517237902
6, 0.109813824295998
7, 0.00456857774406672
8, 0.00114679367197823
9, 0.0661287726834416
10, 0.00926953693851829
11, 0.00812864443287253
12, 0.400058001279831
13, 0.0141965777147561
14, 0.0136833218857646
15, 0.0135246145073324
16, 0.0134804872019837
17, 0.0136107033273826
18, 0.0142842959612608
19, 0.0163781080239763
20, 0.019916418629388
21, 0.0232615112327039
22, 0.0243606615501146
23, 0.0224413112737238
24, 0.0187581013888121
25, 0.0159654044546187
26, 0.0155640074517578
27, 0.0187152264018853
28, 0.0324060580072304
29, 0.0518994232018789
30, 0.0646869465708733
31, 0.0524684290091197
32, 0.0339609431102872
33, 0.0160396122373641
34, 0.00693273676248888
35, 0.00281933991936967
36, 0.00480304245138541
37, 0.00906642413853357
38, 0.0129902386882653
39, 0.0181664855529865
40, 0.0246425514730314
41, 0.0298863705247641
42, 0.0329131544567645
43, 0.0344902736445268
44, 0.0327862569441398
45, 0.0285856782769163
46, 0.0236974200233817
47, 0.0198508140941461
48, 0.0176388059432308
49, 0.0171313714236021
50, 0.0181068610399961
51, 0.0205468370889624
52, 0.0257038719331225
53, 0.0346409141396483
54, 0.0462406184524298
55, 0.0577680785208941
56, 0.0660385030011336
57, 0.0687991480032603
58, 0.0653865051766237
59, 0.0568908962110678
60, 0.0454221647232771
61, 0.033260946162045
62, 0.0236409548670053
63, 0.0156654745806009
64, 0.0129260644316673
65, 0.0154411429539323
66, 0.0203467650959889
67, 0.0262628446022669
68, 0.0316497947399815
69, 0.0350566394627094
70, 0.0355301766345898
71, 0.0333869910488526
72, 0.0289671480034788
73, 0.0232126355792085
74, 0.0181200931159159
75, 0.0154330365670224
76, 0.0141708080967267
77, 0.0138161599946519
78, 0.013629677084585
79, 0.0134275377107163
80, 0.0131963915191591
81, 0.013196669674168
82, 0.0144563143452009
83, 0.0173921617679298
84, 0.0222481930007537
85, 0.0290403027708332
86, 0.0629656410310417
87, 0.0728640655676524
88, 0.0307136035213868
89, 0.0150820041696231
90, 0.011822543417414
91, 0.0107631303059558
92, 0.0100067076273263
93, 0.00933118785421054
94, 0.00869429266701142
95, 0.00806117197498679
96, 0.00742097819844882
97, 0.00678519524323444
98, 0.00618648653229078
99, 0.00564468000084162
100, 0.00517559152406951
101, 0.00479622790589929
102, 0.004518668865785
103, 0.00434784187624852
104, 0.00428001179049412
105, 0.00429503200575709
106, 0.00435940502211452
107, 0.00447857457523545
108, 0.00443548051407561
109, 0.00416783569380641
110, 0.00388894542508448
111, 0.00350608494287978
112, 0.00294727158810322
113, 0.00211830982395137
114, 0.00109257333254694
115, 0.0034317581448704
116, 0.00833944658127924
117, 0.0178795298561454
118, 0.0313587247704466
119, 0.049458634108305
120, 0.0607675605763992
121, 0.0516216655572255
122, 0.037673420427988
123, 0.0272583815579613
124, 0.0238068754163881
125, 0.0241268126604458
126, 0.0238024632756909
127, 0.021097008138895
128, 0.0168350172849993
129, 0.0129248719507207
130, 0.0107808725442737
131, 0.0101081747561693
132, 0.00985803385265172
133, 0.00966918662500878
134, 0.00951363790469865
135, 0.00936802935653499
136, 0.00931898908068736
137, 0.00944300694391131
138, 0.00972759863361716
139, 0.0101313212265571
140, 0.010607800912112
141, 0.0110724391415715
142, 0.0114071788266301
143, 0.0114346759704252
144, 0.0110075492411852
145, 0.010167441641291
146, 0.00930289613703887
147, 0.00919419701676816
148, 0.00970391634230812
149, 0.0123212764350077
150, 0.0152300231469174
151, 0.0183984879404306
152, 0.0211423284684618
153, 0.0226745242252946
154, 0.0224791811779141
155, 0.0206287739177545
156, 0.0176651105284691
157, 0.0143719931753973
158, 0.0117003934768339
159, 0.0103052870060007
160, 0.00989739286402861
161, 0.0100433444604278
162, 0.0108194770291448
163, 0.0123779005371034
164, 0.0154164663205544
165, 0.0205183460687598
166, 0.0265942066907883
167, 0.0318466490134597
168, 0.00368523626821116
169, 0.00464356027077883
170, 0.0570114983711392
171, 0.120356548577547
172, 0.0678268807629744
173, 0.0489810388535261
174, 0.0198108792925874
175, 0.0112371464880804
176, 0.00569645649132629
177, 0.0028068230021745
178, 0.00460986389468114
179, 0.00469044937441746
180, 0.00477099519533416
181, 0.00485805779074629
182, 0.00500567862764001
183, 0.00526213754589359
184, 0.00568811222910881
185, 0.00629905976044635
186, 0.00708456966094673
187, 0.00807170197367668
188, 0.00941097922623158
189, 0.0117638531761865
190, 0.0130594198902448
191, 0.00954063896400233
192, 0.00567861491193374
193, 0.00482126162387431
194, 0.00437851808965206
195, 0.00421961210668087
196, 0.00522224217032393
197, 0.203317713341676
198, 0.184433141723275
199, 0.00334373861551285
200, 0.0223242885743578
201, 0.0156434404974182
202, 0.0114922939489285
203, 0.00955021583164732
204, 0.00952132760236661
205, 0.00964284113918742
206, 0.00961399218067527
207, 0.00949541882922252
208, 0.00937944813631475
209, 0.0401688092388213
210, 0.0234545113053173
211, 0.00450840077828616
212, 0.0134692417923361
213, 0.0134271209438642
214, 0.0135197268488506
215, 0.0139808089006692
216, 0.0156691503555824
217, 0.0188938016071916
218, 0.0223194006830454
219, 0.0240325569175184
220, 0.0231900853104889
221, 0.0207429168124994
222, 0.0196546946341793
223, 0.0230106157250702
224, 0.0329098161309958
225, 0.0480357290556033
226, 0.0617320884019136
227, 0.0104148234905941
228, 0.0528977529278823
229, 0.016001862861837
230, 0.0117221895294885
231, 0.00853224742847184
232, 0.00599235391321902
233, 0.0393804383153717
234, 0.0504009829213222
235, 0.0598370349034667
236, 0.0655449520175656
237, 0.0659958037237326
238, 0.0610068943351507
239, 0.0518634024386605
240, 0.0410182755440474
241, 0.0310928082714478
242, 0.0238796121751269
243, 0.0198027725952367
244, 0.0179859430839618
245, 0.0176788596436381
246, 0.0189810825201372
247, 0.0219047109906872
248, 0.0260085513194402
249, 0.0303259744929771
250, 0.0332936104387045
251, 0.0150973033936073
252, 0.0178032945065449
253, 0.035342024328808
254, 0.0349557468046745
255, 0.0316632048537334
256, 0.0267220988559226
257, 0.0215539576796194
258, 0.0173638694298764
259, 0.0330308332728843
260, 0.0228859029399852
261, 0.0285854786634445
262, 0.0347563292210301
263, 0.0353938403228919
264, 0.0332724512554705
265, 0.0298539651557803
266, 0.0286777067619065
267, 0.0273954921091596
268, 0.0191953817072014
269, 0.0515551067267855
270, 0.0599447994803389
271, 0.0540503148610393
272, 0.0387820079922676
273, 0.021412515702347
274, 0.0211521422490478
275, 0.0244670355071624
276, 0.0205754676523308
277, 0.0195494924361507
278, 0.0436382563784719
279, 0.0573805865521232
280, 0.0587495484699806
281, 0.046947945219775
282, 0.0308986365174254
283, 0.0243611582554877
284, 0.0217750303757687
285, 0.0277686167197923
286, 0.0159241586613158
287, 0.0130104842440536
288, 0.0118723134510219
289, 0.0318886578083038
290, 0.0133598871373882
291, 0.0138394857446353
292, 0.0181281799450517
293, 0.0243202295775215
294, 0.0261474895911912
295, 0.0136622813685487
296, 0.0294815949164331
297, 0.0472626265670572
298, 0.0386269756903251
299, 0.0134482807479799
300, 0.0152303003706038
301, 0.0216275295242667
302, 0.0255537079647183
303, 0.0134243198360006
304, 0.0341818557519998
305, 0.0197800629927466
306, 0.0458130724728107
307, 0.0143078593537211
308, 0.0263983386435679
309, 0.0296027717579688
310, 0.0210630732278029
311, 0.0267473111550013
312, 0.0356049199278156
313, 0.0360153773799539
314, 0.0340083309759696
315, 0.033528833463788
316, 0.0165617098876586
317, 0.0316674560308456
318, 0.039440520418187
319, 0.0449433798591296
320, 0.0485813682898879
321, 0.0504027477776011
322, 0.0507612333943447
323, 0.0497741798559825
324, 0.0476111865912875
325, 0.0442087526122729
326, 0.0226910753796498
327, 0.021713122104605
328, 0.0240882479896148
329, 0.0257444623857737
330, 0.0328059257008135
331, 0.02243725846832
332, 0.0265480526722968
333, 0.0354680870659649
334, 0.0206587348754207
335, 0.0184362959892799
336, 0.0251957229338586
337, 0.0136384593788534
338, 0.0270966334889332
339, 0.0221595413361986
340, 0.017843627758945
341, 0.0150641629006714
342, 0.0138442539609969
343, 0.0134186770301312
344, 0.0132782288516561
345, 0.0133472115267068
346, 0.0318960396883388
347, 0.0440563249091307
348, 0.0369437799478571
349, 0.0192232674786023
350, 0.0390441816832338
351, 0.0155578880415608
352, 0.0193093657338371
353, 0.0248688308832546
354, 0.0335099360284706
355, 0.0374318224688371
356, 0.014111783914268
357, 0.0301413790633281
358, 0.026174073262761
359, 0.029885276996841
360, 0.0252691752587756
361, 0.0254552606493235
362, 0.0452559276794394
363, 0.0458523901179433
364, 0.0440550123651822
365, 0.0413907046119372
366, 0.0395775713647405
367, 0.0391115813205639
368, 0.0394949003433188
369, 0.0254451677513619
370, 0.0358651538069049
371, 0.0211322943990429
372, 0.0267040545120835
373, 0.0416405284777284
374, 0.0505973398685455
375, 0.0136812271417252
376, 0.0244629601282733
377, 0.0504076983779669
378, 0.0261059848902126
379, 0.0195599240250885
380, 0.0156283807785561
381, 0.0140870834390322
382, 0.0134939973553022
383, 0.0132435385603458
384, 0.0132882619897525
385, 0.043155459066232
386, 0.0343108234616617
387, 0.0139641552232206
388, 0.0512374270707369
389, 0.0531922520271369
390, 0.0146294858617087
391, 0.0231052876139681
392, 0.01770548382774
393, 0.0339673647124852
394, 0.0396965343505144
395, 0.0286953106212119
396, 0.0345107770214478
397, 0.0307072449165086
398, 0.0288994559086859
399, 0.0267136316480381
400, 0.0403510599086682
401, 0.034667558191965
402, 0.0302546680904925
403, 0.0291909029086431
404, 0.0449400019521515
405, 0.0398623005797466
406, 0.0468567904705803
407, 0.0311877783387899
408, 0.0465759920577208
409, 0.0445015511165063
410, 0.0237354479419688
411, 0.018996917642653
412, 0.0154943291563541
413, 0.0139698610485842
414, 0.0133753442981591
415, 0.0252810963429511
416, 0.0133132561265181
417, 0.0345661314204335
418, 0.0547777923444907
419, 0.0454656581083933
420, 0.0217202142812312
421, 0.0166034724873801
422, 0.0400273666406671
423, 0.0349756333356102
424, 0.0275312118853132
425, 0.0244119694456458
426, 0.0450217202305794
427, 0.0308851851150393
428, 0.0307016829028726
429, 0.0244789370335639
430, 0.0382967057327429
431, 0.0212673981053134
432, 0.0217314484928335
433, 0.0448257603372137
434, 0.0479701847458879
435, 0.048218220161895
436, 0.0571648810679714
437, 0.013895956932434
438, 0.0198630131781101
439, 0.0161143969744444
440, 0.0142384993378073
441, 0.027703733848674
442, 0.0374693136351804
443, 0.0138890941494278
444, 0.0353075337285797
445, 0.0455181108166774
446, 0.0549140684306622
447, 0.0534549359232187
448, 0.0134873653762043
449, 0.0261958163231611
450, 0.0208058001783987
451, 0.0160518911046286
452, 0.0446241383130352
453, 0.0507202055305243
454, 0.0368404444307089
455, 0.0284128839460512
456, 0.0214902401591341
457, 0.0175349547838171
458, 0.0523713532214363
459, 0.0159157343053569
460, 0.0373071304832896
461, 0.0452516358345747
462, 0.0503023965284228
463, 0.0588735866670807
464, 0.0269578028470278
465, 0.0546502772097786
466, 0.0455600299562017
467, 0.0314067853614688
468, 0.0138669757172465
469, 0.0278905079079171
470, 0.0541672986000776
471, 0.035732227191329
472, 0.0249838020120348
473, 0.0161396766081452
474, 0.0399390355284725
475, 0.0312564428895712
476, 0.0482902854681015
477, 0.0380737617611885
478, 0.0273675011470914
479, 0.0566557748243213
480, 0.0451880786567926
481, 0.0528604093318184
482, 0.0291015985421836
483, 0.0150096642319113
484, 0.0164866875857115
485, 0.0057082983936804
486, 0.0147416022761414
487, 0.0173134833263854
488, 0.021160963922739
489, 0.0243379115127027
490, 0.0247385147958994
491, 0.0219704744716485
492, 0.0178656409649799
493, 0.0141356809375187
494, 0.0148869381130983
495, 0.0196568804482619
496, 0.0337002932404478
497, 0.0149794645452251
498, 0.0135866630201538
499, 0.0133989082338909
500, 0.0135361774203678
501, 0.0136738843284547
502, 0.0138007029891014
503, 0.00432103961550941
504, 0.00424697098787874
505, 0.00432312597210209
506, 0.0045182715014865
507, 0.00483131517345707
508, 0.0052464814701428
509, 0.00575107448579123
510, 0.00632699423780044
511, 0.00695639965124428
512, 0.00761666005322089
513, 0.00827469552556674
514, 0.00891743258883556
515, 0.00955196361367901
516, 0.0102464970356474
517, 0.0110646505684902
518, 0.0121544420253485
519, 0.0152732955757529
520, 0.0262338570319116
521, 0.0462224562652409
522, 0.00352440351465096
523, 0.00325838804322605
524, 0.00298543844837695
525, 0.0026826468820218
526, 0.0507673133164644
527, 0.00983009941410273
528, 0.0181779499010493
529, 0.0135873580972354
530, 0.0143070848813901
531, 0.0400144414976239
532, 0.0234910491853952
533, 0.0164106717177977
534, 0.0313343464707335
535, 0.0136333136664083
536, 0.00425736198667437
537, 0.0284610039864977
538, 0.00831059754515688
539, 0.00966477557085454
540, 0.0110156752634794
541, 0.0133627078806361
542, 0.00431686740679045
543, 0.00686121114995331
544, 0.00503124894263844
545, 0.00618505625364681
546, 0.0055657239863649
547, 0.00758018216583878
548, 0.0175985520084699
549, 0.00900695861006776
550, 0.0103118037028859
551, 0.00460318832968672
552, 0.0119388124439865
553, 0.0137604898773134
554, 0.0172731901984662
555, 0.0250818173711499
556, 0.0225720841748019
557, 0.0140060803387314
558, 0.0135955441898356
559, 0.0135503237446149
560, 0.0172252086922526
561, 0.0181109766874995
562, 0.0137082365341485
563, 0.0145707748209437
564, 0.0147182369449486
565, 0.0214945911429822
566, 0.0255140905889372
567, 0.0184469649102539
568, 0.00406948804932957
569, 0.00377096806187183
570, 0.00399977042494963
571, 0.00989687629044056
572, 0.00770914717577398
573, 0.0131207015365362
574, 0.0136330154990511
575, 0.0404198073915073
576, 0.0136088157072663
577, 0.0272318180650473
578, 0.0357308055584629
579, 0.0181109343344967
580, 0.0152140292339027
581, 0.0139238066816082
582, 0.0205050154278676
583, 0.00417971704155207
584, 0.010378759742404
585, 0.00972694298252463
586, 0.0110342915480336
587, 0.00900036236271262
588, 0.00819864023166398
589, 0.00739832878268013
590, 0.0146521751303226
591, 0.0202625030651689
592, 0.0117834822740406
593, 0.00472611289781829
594, 0.0310034598223865
595, 0.0127588529139757
596, 0.00662696509001156
597, 0.00526001160809149
598, 0.00590469552359233
599, 0.0389060560613871
600, 0.00449923777099078
601, 0.0154197840020061
602, 0.0136244321862857
603, 0.0140129148494452
604, 0.0145933451907088
605, 0.0167761872677753
606, 0.0209490495423476
607, 0.0253256202364961
608, 0.0267255154127876
609, 0.0241571310907602
610, 0.0143854441897323
611, 0.0160472023611267
612, 0.0140363199170679
613, 0.00394342428383728
614, 0.00396915358336021
615, 0.012724708566176
616, 0.00411883512112711
617, 0.0144008934896972
618, 0.0362749166254486
619, 0.00525673350784928
620, 0.0297084306366742
621, 0.020031396454821
622, 0.0162847072351724
623, 0.00432322515795628
624, 0.0228585839892427
625, 0.00554188208964964
626, 0.00629147014115006
627, 0.016056559747085
628, 0.0110636764050772
629, 0.0116830880288035
630, 0.0104439867815624
631, 0.0227706669829786
632, 0.00970759134118756
633, 0.0322316546613971
634, 0.00885492741751174
635, 0.0136285838671029
636, 0.0124557034578174
637, 0.00796546693891287
638, 0.00710030528716743
639, 0.00526414423560103
640, 0.0197776197455823
641, 0.00457882962655276
642, 0.0144231342710555
643, 0.0139501912053674
644, 0.0163002640474588
645, 0.0202939345811804
646, 0.0253785493162771
647, 0.0279568682114283
648, 0.0162809719331563
649, 0.014911038413023
650, 0.014109693079566
651, 0.00419666850939393
652, 0.00428380374796689
653, 0.00637026771437377
654, 0.0311762942001224
655, 0.0223219261637756
656, 0.00487415104483565
657, 0.00410056198015809
658, 0.0251678669204315
659, 0.0241249838533501
660, 0.00674476354227712
661, 0.0328844495649849
662, 0.0117178182117641
663, 0.01119325729087
664, 0.0122593656027069
665, 0.0174465203502526
666, 0.0129834629284839
667, 0.0105056580311308
668, 0.0143854641355574
669, 0.00957622293693324
670, 0.00760283224129428
671, 0.00854281735761712
672, 0.0145770737435669
673, 0.0258165844716132
674, 0.00567172095179558
675, 0.0136881694197655
676, 0.0141656027020266
677, 0.0158607990015298
678, 0.0193784668420752
679, 0.0250375149771571
680, 0.021067802173396
681, 0.0136737250722945
682, 0.0139055475592613
683, 0.004916668869555
684, 0.0172965316101909
685, 0.0082257007015869
686, 0.00590641284361482
687, 0.032308524629722
688, 0.00684990625207623
689, 0.0353682335466146
690, 0.0317672539502382
691, 0.0258252462372184
692, 0.0123682837001979
693, 0.0127468525897712
694, 0.0274793752469122
695, 0.0133346734413256
696, 0.00811582951185604
697, 0.0120534121524543
698, 0.0191323392403622
699, 0.0154023537013148
700, 0.0115119068484221
701, 0.00908943180305262
702, 0.0100960750908901
703, 0.0133908020022015
704, 0.0160104262953003
705, 0.0294482962538799
706, 0.0131785381319267
707, 0.0139682515679548
708, 0.015346847474575
709, 0.0178396136810382
710, 0.0129724766593426
711, 0.0129324423614889
712, 0.0272954748943448
713, 0.00849263013030092
714, 0.00706392662444462
715, 0.00726854931563139
716, 0.0314292960933277
717, 0.0129623197950423
718, 0.0268424991518259
719, 0.0211991905234754
720, 0.00967397455436488
721, 0.0106735645482937
722, 0.0121417267558475
723, 0.00986395040526986
724, 0.0289484785869718
725, 0.0106093562208116
726, 0.00873087296661522
727, 0.0303070996887982
728, 0.0103983419947326
729, 0.0146446966566145
730, 0.0278647001832724
731, 0.0131546516902745
732, 0.0115998529829085
733, 0.0124267758025477
734, 0.0136817116290331
735, 0.0113642232803007
736, 0.0230681737884879
737, 0.0736940289692332
738, 0.0102193376709086
739, 0.0100927567109466
740, 0.0106345631647855
741, 0.0123595812668403
742, 0.0157568084541708
743, 0.0197230810299516
744, 0.0224894327111542
745, 0.0228984798304737
746, 0.0266052934651573
747, 0.0390530296911796
748, 0.0570373625184099
749, 0.011399569377924
750, 0.011044444826742
751, 0.0105890051151315
752, 0.0101459835035106
753, 0.00978315024015804
754, 0.00953549294111629
755, 0.00940205832011998
756, 0.0287432724920412
757, 0.0181043776683509
758, 0.0140427974207948
759, 0.011609338146324
760, 0.0104472058980415
761, 0.0100385365852465
762, 0.0102673984753589
763, 0.01135409087874
764, 0.0134886926971376
765, 0.0163650345833351
766, 0.0192581252194941
767, 0.0213874227677782
768, 0.0221792100928724
769, 0.0214048065245152
770, 0.0193214653991163
771, 0.0165435301605612
772, 0.013710382161662
773, 0.011233927992483
774, 0.0161731271849324
775, 0.011616152478382
776, 0.00750215995746354
777, 0.0036126582029586
778, 0.00272095234831795
779, 0.0848927094290654
780, 0.00575460825348273
781, 0.0670922125379245
782, 0.011495890483881
783, 0.00970141255917648
784, 0.011242292355746
785, 0.010966104377682
786, 0.0100084954562287
787, 0.00953694339841604
788, 0.0107170562259853
789, 0.010438046650961
790, 0.010160066653043
791, 0.0234974070141713
792, 0.0105740249467393
793, 0.0139436752069741
794, 0.0147593443592389
795, 0.0168511889254053
796, 0.0134386644543459
797, 0.0169004427734762
798, 0.0119415942269067
799, 0.0162056915772458
800, 0.0183474452545245
801, 0.0199266710939507
802, 0.020542247996976
803, 0.0107481499823431
804, 0.0113355142530054
805, 0.0200769933871925
806, 0.0187471937388182
807, 0.00984174160597225
808, 0.0216111380917331
809, 0.0248460622193913
810, 0.00955299699368576
811, 0.00967153091914952
812, 0.0185434251713256
813, 0.0294460114091635
814, 0.04123980520914
815, 0.00946004539728165
816, 0.0233783760728935
817, 0.0148622222089519
818, 0.0119633097977688
819, 0.0105861246120185
820, 0.0100927571766078
821, 0.0216134826963147
822, 0.0103420722298324
823, 0.0263251316112777
824, 0.0156754083776226
825, 0.0120037420808027
826, 0.0157731409029414
827, 0.0246185286502753
828, 0.0526585291760663
829, 0.00948815846017429
830, 0.0123343661959682
831, 0.0119578065350652
832, 0.0209519305887322
833, 0.012262287006403
834, 0.00986921934721371
835, 0.0103281155849497
836, 0.00958657419929902
837, 0.00947276914181809
838, 0.01151335456719
839, 0.0189854726195335
840, 0.0184228252619505
841, 0.0164452223883321
842, 0.017091576087599
843, 0.0135208195230613
844, 0.0158408309798688
845, 0.0151651533475767
846, 0.0168928734492511
847, 0.0187761212388674
848, 0.0147010308379928
849, 0.0179558621409039
850, 0.0131504957874616
851, 0.0118718370019148
852, 0.0118322200917949
853, 0.00979187261934082
854, 0.00953513546846807
855, 0.0181146293568114
856, 0.0142867985802392
857, 0.0117360771788905
858, 0.0105712430862089
859, 0.0100841141150643
860, 0.0224514643972119
861, 0.0296936091035604
862, 0.0264629172161222
863, 0.0329554338629047
864, 0.00961234327405691
865, 0.0201197098940611
866, 0.016528351077189
867, 0.0231755025063952
868, 0.0197808581093947
869, 0.00948614014002184
870, 0.0118242324485133
871, 0.00940046878531575
872, 0.0390698779374361
873, 0.0129904258730156
874, 0.00976779211002092
875, 0.0146809447711955
876, 0.0109929059011241
877, 0.0139963657905658
878, 0.0253285897363509
879, 0.0135554099455476
880, 0.0146473672551413
881, 0.01390848797746
882, 0.0168478522294511
883, 0.0188089436851442
884, 0.0136092328466475
885, 0.0191730298101902
886, 0.0184395555406809
887, 0.015964272354419
888, 0.0175601866406699
889, 0.0168549649727841
890, 0.0150381751979391
891, 0.00947766453027725
892, 0.0153511001262814
893, 0.00975008960813284
894, 0.0313684204593301
895, 0.0146484399835269
896, 0.0118143178212146
897, 0.0106586235730598
898, 0.0101020751365771
899, 0.00945839033062969
900, 0.00954588417274257
901, 0.0196539194633563
902, 0.0258782748132944
903, 0.0195353661353389
904, 0.0340949756403764
905, 0.0211424355262092
906, 0.0174415389075875
907, 0.0208543186696867
908, 0.0338872525220116
909, 0.0191862819095453
910, 0.00936973234638572
911, 0.0111239370889962
912, 0.018415216046075
913, 0.00945202664782604
914, 0.0122552178800106
915, 0.0597494949276249
916, 0.022278218343854
917, 0.017589493189007
918, 0.0120846055603276
919, 0.0128440883321067
920, 0.0118072052220149
921, 0.0189881157130003
922, 0.01455748345082
923, 0.0168972834168623
924, 0.0201336190414925
925, 0.0102882398447643
926, 0.0200534899098178
927, 0.0179585053119808
928, 0.029493766091764
929, 0.0190463100249569
930, 0.0232882940520843
931, 0.0200147071542839
932, 0.00971520102272431
933, 0.0128785393511256
934, 0.00940554300323129
935, 0.0110488949188342
936, 0.0102751075755805
937, 0.00948677607811987
938, 0.0170265860700359
939, 0.0302099045366049
940, 0.0234237952778737
941, 0.03467782959342
942, 0.020330504514277
943, 0.0331686396772663
944, 0.0199466129498822
945, 0.0104275360548248
946, 0.035012885928154
947, 0.0093881624750793
948, 0.0220929624823232
949, 0.019769553715984
950, 0.0109022877489527
951, 0.0117184539170315
952, 0.022154354956001
953, 0.0164324668391297
954, 0.0192067458604773
955, 0.0136465453542769
956, 0.0211694277822971
957, 0.00977671286091208
958, 0.021993402702113
959, 0.0221085385419428
960, 0.00976326215701799
961, 0.0125168185525884
962, 0.0108546235909065
963, 0.0158496329871317
964, 0.021069113475581
965, 0.0272342219638328
966, 0.0323099745437503
967, 0.0287057211622596
968, 0.0246660755947232
969, 0.022323890744398
970, 0.0216995036229491
971, 0.0269679076348742
972, 0.0103176253226896
973, 0.0111355600723376
974, 0.0343364328145981
975, 0.0160612691349039
976, 0.0130293394128482
977, 0.0262642738719781
978, 0.0194487205396096
979, 0.00952838019778331
980, 0.0246860029486318
981, 0.0224136950758596
982, 0.0100621796833972
983, 0.00947513338178396
984, 0.0126548629098882
985, 0.015779538002486
986, 0.0100223523830729
987, 0.0198590195116897
988, 0.024335527792573
989, 0.0283779545376698
990, 0.00959995947778225
991, 0.0271910474236522
992, 0.0260482222906181
993, 0.0308526203346749
994, 0.010077994549647
995, 0.0326363293764492
996, 0.0107823628000915
997, 0.0108648755121976
998, 0.0290434887632728
999, 0.0309728832604984
1000, 0.0319890631362796
1001, 0.0097716823220253
1002, 0.00946502014994621
1003, 0.0133195942422996
1004, 0.00775770466619482
1005, 0.00980226377335688
1006, 0.0101148902904242
1007, 0.0110679488473882
1008, 0.0137256408731143
1009, 0.0181106962263584
1010, 0.0225834096781909
1011, 0.0251475619152188
1012, 0.0253704635736843
1013, 0.0256791568050782
1014, 0.0299919708631933
1015, 0.0394693894001345
1016, 0.0488614921147625
1017, 0.0536322686821222
1018, 0.0585341788828373
1019, 0.00417238539860894
1020, 0.0343644235981628
1021, 0.00323154596844688
1022, 0.00248495789128356
1023, 0.00160870980471373
1024, 0.14380547691447
1025, 0.137338211449484
1026, 0.122560865284565
1027, 0.104676270779843
1028, 0.0826652441173792
1029, 0.050867173432683
1030, 0.0231687084306031
1031, 0.0126371408502261
1032, 0.00954918252925078
1033, 0.00821656143913666
1034, 0.00717171176802367
1035, 0.00630871586812039
1036, 0.00565038241135577
1037, 0.00520185726539542
1038, 0.00492433807812631
1039, 0.00476247161471595
1040, 0.00465772634682556
1041, 0.00457424006890506
1042, 0.00963954301550984
1043, 0.0115705151110888
1044, 0.016235990372176
1045, 0.0240675651778777
1046, 0.033254211768508
1047, 0.124447744650145
1048, 0.00157988105456752
1049, 0.00483801060666641
1050, 0.110916161909699
1051, 0.0291950358077884
1052, 0.010788144931818
1053, 0.00768886172833542
1054, 0.00580191720897953
1055, 0.00521479147331168
1056, 0.00460151920560747
1057, 0.14332398508365
1058, 0.155994073022157
1059, 0.160689429007471
1060, 0.128532695583999
1061, 0.0882088759293159
1062, 0.0571652778113882
1063, 0.00901792625275751
1064, 0.00662332909026494
1065, 0.0155189265497029
1066, 0.00950881000608206
1067, 0.0095433013048023
1068, 0.00958852136197189
1069, 0.0128129743970931
1070, 0.0180655351529519
1071, 0.0265565364000698
1072, 0.0351914223283529
1073, 0.0094638361595571
1074, 0.0275099528953433
1075, 0.0490513316666087
1076, 0.00960032323685785
1077, 0.0496023787806431
1078, 0.0101229766538988
1079, 0.0114725057501346
1080, 0.0147325423701356
1081, 0.0196056207641959
1082, 0.0241861784209808
1083, 0.0264624805810551
1084, 0.0265835978401204
1085, 0.0328696623134116
1086, 0.0423056563983361
1087, 0.00375096067242945
1088, 0.00337137844568739
1089, 0.00410789325057219
1090, 0.00434434497728944
1091, 0.0030785804556217
1092, 0.147063625444259
1093, 0.00953224860131741
1094, 0.00439923226700297
1095, 0.0191195639005552
1096, 0.0344716971740127
1097, 0.052560258967181
1098, 0.0519627236450712
1099, 0.0397842014208436
1100, 0.0342489148800572
1101, 0.0313920442325374
1102, 0.0325296184358497
1103, 0.0122136499267071
1104, 0.00701304412602137
1105, 0.00976677921911081
1106, 0.00824489363003522
1107, 0.00599829464529951
1108, 0.00524040160235018
1109, 0.00470672148124625
1110, 0.00956372551930447
1111, 0.00954316230490804
1112, 0.0349998357040541
1113, 0.0282664542707304
1114, 0.0201894083681206
1115, 0.0101470368293424
1116, 0.00969622695508103
1117, 0.0292610397251944
1118, 0.0276886083496114
1119, 0.0277042632612089
1120, 0.0258956596565743
1121, 0.0212958698781828
1122, 0.0159217151813209
1123, 0.0121297464550783
1124, 0.0354450216206411
1125, 0.050490388336281
1126, 0.0448041642084718
1127, 0.00375606692008053
1128, 0.00462168544375648
1129, 0.00409851549193263
1130, 0.0103882768501838
1131, 0.00663405765468876
1132, 0.0144839549437165
1133, 0.00889082912666102
1134, 0.00745648293135067
1135, 0.00520857279965033
1136, 0.00619030103553087
1137, 0.038932907084624
1138, 0.0524604028711716
1139, 0.048866419121623
1140, 0.0379966165249546
1141, 0.0330567215569317
1142, 0.031155512512972
1143, 0.032973255806913
1144, 0.0227777004086723
1145, 0.01053534153228
1146, 0.0136818711956342
1147, 0.0360997505486012
1148, 0.0470390211169918
1149, 0.0109731971751899
1150, 0.00970393574486176
1151, 0.0341544684022665
1152, 0.0294973501004279
1153, 0.0145634438376874
1154, 0.00328590531231991
1155, 0.0507265028233329
1156, 0.010194610139089
1157, 0.0307120735136171
1158, 0.0286539049508671
1159, 0.0288550901847581
1160, 0.0276332348585129
1161, 0.0231121025669078
1162, 0.0173120133113116
1163, 0.00433663608661542
1164, 0.0054196923932371
1165, 0.0469350510587295
1166, 0.0376989521707098
1167, 0.00957381883636117
1168, 0.00440078205429018
1169, 0.00439727394841611
1170, 0.013552702564214
1171, 0.00952365187307199
1172, 0.0078593110665679
1173, 0.0113013605587184
1174, 0.0331604201346636
1175, 0.0521201190228264
1176, 0.0466300928965211
1177, 0.0366158944865068
1178, 0.032154326637586
1179, 0.0310218587207297
1180, 0.00626864160100619
1181, 0.0424546281186243
1182, 0.0264707646953563
1183, 0.0153973731212318
1184, 0.00723491232686986
1185, 0.0445578781267007
1186, 0.0166665142557273
1187, 0.0226338144081334
1188, 0.0120420479215682
1189, 0.0132037187926471
1190, 0.0319062926185628
1191, 0.0294548929668963
1192, 0.0298066594017049
1193, 0.0292713494660954
1194, 0.0250786983718475
1195, 0.0503417936464151
1196, 0.0395747693255544
1197, 0.0486996257677674
1198, 0.00610365296181824
1199, 0.0295254440667729
1200, 0.00892790317690621
1201, 0.0100575108857205
1202, 0.0119467199935267
1203, 0.00816814256055901
1204, 0.0353440903127193
1205, 0.0446604763468107
1206, 0.0313736653576295
1207, 0.0308147330457966
1208, 0.00509164431132376
1209, 0.0516164793322484
1210, 0.00845637456513941
1211, 0.0453910703460375
1212, 0.0172944297858824
1213, 0.0301950828482707
1214, 0.0269901278827872
1215, 0.0190065453228142
1216, 0.0275363776988039
1217, 0.0411479350489875
1218, 0.0329929846338928
1219, 0.0301343255365888
1220, 0.0304619530215859
1221, 0.0306984844307105
1222, 0.0412237321337064
1223, 0.0492357288797696
1224, 0.0499578801294168
1225, 0.032215282941858
1226, 0.0104735314380378
1227, 0.0107948459418757
1228, 0.0126144912404319
1229, 0.0193984744449457
1230, 0.0340985118721922
1231, 0.0307563998115559
1232, 0.0307334323103229
1233, 0.0428612306714058
1234, 0.0248178880816946
1235, 0.0508978258197506
1236, 0.0475908005610108
1237, 0.0337896612472832
1238, 0.0374077619053423
1239, 0.0277101324871182
1240, 0.0318930003171166
1241, 0.01414017919451
1242, 0.0133196339011192
1243, 0.0219020879206558
1244, 0.0309570359066129
