1, 0.00862610479816794
2, 0.0272280815988779
3, 0.00508701871149242
4, 0.0100470799952745
5, 0.0143464831635356
6, 0.0209993161261082
7, 0.00360667787026614
8, -3.40938095177989e-05
9, 0.0341092813760042
10, 0.00729859003331512
11, 0.00869822688400745
12, 0.0209940709173679
13, 0.00908676361931222
14, 0.00973286402101318
15, 0.0102720080564419
16, 0.0107827603351325
17, 0.0112343654036522
18, 0.0116038150154054
19, 0.0118756518544008
20, 0.0120386500687649
21, 0.0121072352242966
22, 0.0121157586884995
23, 0.0121447665151209
24, 0.0123321237818648
25, 0.0129237992223352
26, 0.0145401184757551
27, 0.0185762480832636
28, 0.0243663832855721
29, 0.0242281882092357
30, 0.0198624556263288
31, 0.015139065682888
32, 0.0103025060767929
33, 0.00654153161061307
34, 0.00464999745599926
35, 0.00381743957404979
36, 0.00357798787687595
37, 0.00367242148301254
38, 0.00528989324811846
39, 0.00673002128799756
40, 0.00777342061822613
41, 0.00852940642895798
42, 0.00904911903974911
43, 0.00939969345927238
44, 0.00964427157305181
45, 0.00981650905062755
46, 0.00993249976697067
47, 0.00999951517830292
48, 0.0100316719035618
49, 0.0101258773356676
50, 0.0102419074003895
51, 0.0103263872054716
52, 0.0103827333077788
53, 0.0104190126682321
54, 0.0104687227867544
55, 0.010508618162324
56, 0.0105869787124296
57, 0.010697962405781
58, 0.0108375962202748
59, 0.0110372321990629
60, 0.0112700482519964
61, 0.0115514611825347
62, 0.0118573131039739
63, 0.0121689264973005
64, 0.0124903544783592
65, 0.0128133323354026
66, 0.0131253028909365
67, 0.0134331805941959
68, 0.0137228989042342
69, 0.0140738509362563
70, 0.0142163064641257
71, 0.0141024217009544
72, 0.013921263627708
73, 0.0136594399809837
74, 0.0133396016123394
75, 0.0129550324442486
76, 0.0125354157450298
77, 0.0120886191725731
78, 0.0116397963526348
79, 0.0111924035785099
80, 0.0107574479964872
81, 0.0103575008300443
82, 0.0100041249146064
83, 0.00967510712022583
84, 0.00939893908798695
85, 0.00916699723651012
86, 0.00898385234177113
87, 0.00894975825212896
88, 0.00878695817664266
89, 0.00885816554849347
90, 0.00901281988869111
91, 0.00929578316087524
92, 0.00974253984168172
93, 0.0104498482930164
94, 0.011551541586717
95, 0.0133937229402363
96, 0.0175555579674741
97, 0.0180268917465582
98, 0.0159671728809675
99, 0.0106458679462473
100, 0.00858724319065611
101, 0.00760777931039532
102, 0.00702198455110192
103, 0.00661130854859948
104, 0.00627207872457802
105, 0.00595148528615634
106, 0.00565024294580023
107, 0.00534248437422017
108, 0.00502268574200571
109, 0.00471282098442316
110, 0.00442493047254781
111, 0.00418408789361517
112, 0.00397590881523987
113, 0.00381624784010152
114, 0.00368698515618841
115, 0.0036104527534917
116, 0.00359531321252386
117, 0.0036035783123225
118, 0.00360703534291436
119, 0.00321526899642777
120, 0.00232452211397079
121, 0.00129862660348105
122, 3.6249652718349e-05
123, -0.000564187822116461
124, -0.000425353711762
125, 0.000651200961632033
126, 0.00337644495690862
127, 0.00770000802973906
128, 0.0126909843335549
129, 0.0174829599757989
130, 0.0232154969125986
131, 0.0285512255504727
132, 0.0199438172082106
133, 0.0143143367798378
134, 0.0119802974319706
135, 0.0106187083292753
136, 0.00944300647825003
137, 0.00815342021329949
138, 0.00762352504534647
139, 0.00745566841214895
140, 0.00790675605336825
141, 0.00859042163938284
142, 0.00943084713071585
143, 0.010250054144611
144, 0.0108800752398868
145, 0.011257054284215
146, 0.0113863567821681
147, 0.0113138779997826
148, 0.0110912740541001
149, 0.0107508520595729
150, 0.0103439109710356
151, 0.00991825433447957
152, 0.00951453220720092
153, 0.0091646130507191
154, 0.00890465763707956
155, 0.00876152678392828
156, 0.00872369762510061
157, 0.00874694312612216
158, 0.00878652092069387
159, 0.00883650919422507
160, 0.00891482985268036
161, 0.00902493934457501
162, 0.00915412278845906
163, 0.00930448559423288
164, 0.0094607292364041
165, 0.00961709177742402
166, 0.00977993151172996
167, 0.00994583110635479
168, 0.00393197010271251
169, 0.00497019391817351
170, 0.00708305975422263
171, 0.0112886053199569
172, 0.0169614983412127
173, 0.0235383162895838
174, 0.0306380257631342
175, 0.0265442470554262
176, 0.0170212221952776
177, 0.0110251128983994
178, 0.00641262608890732
179, 0.00312741644059618
180, 0.00131813718083625
181, -0.000213399556741933
182, 0.00345838151406497
183, 0.00325985815531264
184, 0.00311386643443257
185, 0.00303717508601646
186, 0.00313599970346938
187, 0.00347971978286902
188, 0.00408963436105599
189, 0.00497702850649754
190, 0.00614770362153649
191, 0.0077750300988555
192, 0.0103050091614326
193, 0.0158927075875302
194, 0.0197275322861969
195, 0.0239533238733808
196, 0.0216489282126228
197, 0.0191269752879937
198, 0.0158263874861101
199, 0.0134376316952209
200, 0.0118432465630273
201, 0.010300996247679
202, 0.00901651537666718
203, 0.00830048450734466
204, 0.0119925358643134
205, 0.006810407852754
206, 0.00497502171977734
207, 0.00944886767926315
208, 0.0117659789975733
209, 0.0120454848899196
210, 0.0122449618453781
211, 0.0123838009312749
212, 0.0125011425310125
213, 0.012700599928697
214, 0.013145349919796
215, 0.0141449399913351
216, 0.0151976568158716
217, 0.0163128234313003
218, 0.0201302001563211
219, 0.00914766550219307
220, 0.0186996282233546
221, 0.00839001087782284
222, 0.00755902259455373
223, 0.00646615137035648
224, 0.00534807009223316
225, 0.00376133180301016
226, 0.0132762612774968
227, 0.0129749599533776
228, 0.012664280909424
229, 0.0123472638272991
230, 0.0120337831322104
231, 0.0117278718389571
232, 0.0114305832733711
233, 0.0111713626732429
234, 0.0109536265178273
235, 0.0107783096997688
236, 0.0106509543644885
237, 0.0105456129337351
238, 0.0104854517461111
239, 0.0104386030385892
240, 0.0103948335163295
241, 0.0103509246837348
242, 0.0102799552648018
243, 0.0101900516698758
244, 0.011988741500924
245, 0.012394072720781
246, 0.0127799733697126
247, 0.0131381182000041
248, 0.013444366476809
249, 0.0136895407922566
250, 0.013874295167625
251, 0.0140033786495527
252, 0.0135800067024926
253, 0.0103036779134224
254, 0.0105228045334419
255, 0.0128417834639549
256, 0.0122501676281293
257, 0.0116541009241094
258, 0.0111335930414498
259, 0.0107534148264676
260, 0.010409972940882
261, 0.0104597029276192
262, 0.0131288790144026
263, 0.0125466810228924
264, 0.0113787668136259
265, 0.0109214403976997
266, 0.0119515880942345
267, 0.0106185690965503
268, 0.0103655079534898
269, 0.013826253451407
270, 0.0115720852433393
271, 0.00920038409531116
272, 0.0107622164456795
273, 0.0111592827985684
274, 0.0123505814311405
275, 0.0126742341866096
276, 0.0129741254883508
277, 0.0132374985453983
278, 0.0134468301354597
279, 0.0136019814914713
280, 0.011404655330504
281, 0.015466295570756
282, 0.0125646613693486
283, 0.0131160442251712
284, 0.0109739721907924
285, 0.0119911652679245
286, 0.0104951681569219
287, 0.0135764304238061
288, 0.0143333303276449
289, 0.0122927646928777
290, 0.0128165308851749
291, 0.00898585887625813
292, 0.00968124632102748
293, 0.00939452818905314
294, 0.0070072024827823
295, 0.00987525967260202
296, 0.010001581783096
297, 0.0101167930290103
298, 0.0076348001214986
299, 0.00835220174243053
300, 0.0100832399912179
301, 0.0121256983838975
302, 0.00790937838610262
303, 0.0150622155827781
304, 0.0133867285524805
305, 0.0101106975149984
306, 0.0102017455335174
307, 0.0136838667759938
308, 0.00973791895168168
309, 0.0166829850059003
310, 0.0122083253227174
311, 0.011924785329029
312, 0.0124849901379397
313, 0.0127496943653872
314, 0.0129973317186038
315, 0.0111343087628484
316, 0.010743143192182
317, 0.0105972111535569
318, 0.0116480605987211
319, 0.0103645542015632
320, 0.0104978897919257
321, 0.010427397210151
322, 0.0102972604023914
323, 0.0109244009169439
324, 0.0113839724411567
325, 0.013392967171967
326, 0.00599175784736872
327, 0.0119945233066877
328, 0.0116247956175357
329, 0.0104035952438911
330, 0.00955289757500092
331, 0.010074339263762
332, 0.00935210955018798
333, 0.0112587231366585
334, 0.0097872632710884
335, 0.0133783243751774
336, 0.0132522607843081
337, 0.0130880898796022
338, 0.0128827514902999
339, 0.0126438565397014
340, 0.0116284507482002
341, 0.00997400470077991
342, 0.0107655547714482
343, 0.0126603862736374
344, 0.0122981689249476
345, 0.0130355581641197
346, 0.0153802464095255
347, 0.0146128961350769
348, 0.0139543442831685
349, 0.0134413868654519
350, 0.0112169402030607
351, 0.00893749948590994
352, 0.00990770423474411
353, 0.0101369637995958
354, 0.00968281567717592
355, 0.0100476560182869
356, 0.00829647124434511
357, 0.00860323648278912
358, 0.00936403040153285
359, 0.00814640646179517
360, 0.0157702195768555
361, 0.0114224976859987
362, 0.0111722966345648
363, 0.0162206200882792
364, 0.010279319404314
365, 0.0105752764890591
366, 0.0104644513533761
367, 0.0107411761612942
368, 0.0129201435483992
369, 0.0127116863926252
370, 0.0124716584881147
371, 0.0122203253364811
372, 0.0103714483169218
373, 0.0116880556258063
374, 0.0109462357747058
375, 0.0119575081237902
376, 0.0132432858725744
377, 0.00901073395895461
378, 0.0134728933684528
379, 0.0102345245890319
380, 0.0123647478564332
381, 0.0105937340607246
382, 0.0130004114471376
383, 0.0131089514276634
384, 0.0131876491165409
385, 0.012855135059605
386, 0.0117311700402449
387, 0.0103053074950973
388, 0.0100737234267096
389, 0.0120546843390912
390, 0.0109116650031259
391, 0.0148049024088929
392, 0.0141973724433531
393, 0.0119202558416873
394, 0.0102942804805934
395, 0.0127031426721563
396, 0.0153661997367938
397, 0.0110688429170599
398, 0.0115029236767441
399, 0.0131515089112024
400, 0.0136434064867596
401, 0.00933047306413452
402, 0.00992441340349615
403, 0.0100797829218209
404, 0.0101873039134911
405, 0.00968963055250545
406, 0.00938751470918457
407, 0.0147618278084944
408, 0.0158306188726177
409, 0.0156384933895121
410, 0.00937851425260305
411, 0.0094447152223438
412, 0.0115057451960941
413, 0.0112405039835721
414, 0.0109880183978627
415, 0.0117755753453821
416, 0.0128842419168601
417, 0.0102581654542259
418, 0.0127133552450687
419, 0.0125115735766788
420, 0.0104066349255542
421, 0.0105496466470261
422, 0.0107479313543687
423, 0.013078620377928
424, 0.0122905993678917
425, 0.0120396237665166
426, 0.0126651353978862
427, 0.0130266173897932
428, 0.0129774635036786
429, 0.0130350439410124
430, 0.0110999562311918
431, 0.0108163376959662
432, 0.0105717995514472
433, 0.0121706352413942
434, 0.0113989531528205
435, 0.0124301735001306
436, 0.00987015338614583
437, 0.0152951702475548
438, 0.0105923431304594
439, 0.0122754198964685
440, 0.0113985555556913
441, 0.014851036015898
442, 0.0118419749196619
443, 0.014288149929295
444, 0.0132037029446413
445, 0.0137238726795961
446, 0.0101015185937285
447, 0.00996283837594092
448, 0.00976801058277488
449, 0.0095504541726162
450, 0.0154927399319907
451, 0.0104105693753809
452, 0.0113305469664435
453, 0.0154615269663433
454, 0.0116230469041814
455, 0.011034490307793
456, 0.0119126658731451
457, 0.0128965801559389
458, 0.0127816821914166
459, 0.0103185433894396
460, 0.012177966379871
461, 0.0104930019782235
462, 0.0107485272455961
463, 0.0126184849844625
464, 0.0124112791381776
465, 0.010131181916222
466, 0.010184742603451
467, 0.012884062792485
468, 0.0129719045013189
469, 0.0129807818836222
470, 0.0115818798852464
471, 0.0110570609103888
472, 0.0113189443169783
473, 0.0118684397699932
474, 0.0125521841303756
475, 0.0127405742338548
476, 0.0104267956422908
477, 0.0109491961387297
478, 0.0101759688928723
479, 0.0127076529897749
480, 0.0117897014133632
481, 0.0122323854981611
482, 0.0151371384660403
483, 0.014765900792554
484, 0.0142554865839581
485, 0.0137173165567219
486, 0.0101723686481516
487, 0.0100933722375582
488, 0.0100078595957408
489, 0.0100031508288036
490, 0.0138096633988122
491, 0.0148413403270145
492, 0.0111216725005458
493, 0.0107630113294969
494, 0.0117650449586411
495, 0.0114308617388209
496, 0.0120832344982773
497, 0.0110833068223049
498, 0.0152356653319051
499, 0.0129788967647723
500, 0.0123548530197392
501, 0.0107280033019682
502, 0.0103722830036921
503, 0.0128984677915772
504, 0.0125780726472537
505, 0.0127569265508403
506, 0.0129929008738448
507, 0.0123152163190146
508, 0.0120536112226546
509, 0.0118127687989424
510, 0.0115519387181848
511, 0.01287488383241
512, 0.0129593833504866
513, 0.0108344811946154
514, 0.0113177828357688
515, 0.0131880668147157
516, 0.0121763571320722
517, 0.0126764401017378
518, 0.014901839196682
519, 0.0145983322678755
520, 0.0141502644401044
521, 0.0103834086718659
522, 0.0107479110204925
523, 0.0104961406129102
524, 0.0141129516996443
525, 0.0116255305862675
526, 0.00961059479353329
527, 0.0119361303125819
528, 0.0122869235929102
529, 0.014954365257706
530, 0.0115638002753258
531, 0.0111260264446693
532, 0.0125729863842328
533, 0.0149831601108114
534, 0.0127922913525254
535, 0.0130414986827721
536, 0.0129450384993106
537, 0.0116502662810187
538, 0.0127295282048484
539, 0.0123017652270695
540, 0.012101363124592
541, 0.0125231171647708
542, 0.0130871760969361
543, 0.0117772838100791
544, 0.0126255577585349
545, 0.0136449762309591
546, 0.0131274885497987
547, 0.0146256512962282
548, 0.0143750533461571
549, 0.0108612196830412
550, 0.011206926467518
551, 0.0106440326198936
552, 0.0130897189180056
553, 0.0130322798310469
554, 0.012133464217186
555, 0.0121957085405787
556, 0.010886790137738
557, 0.0125075400962184
558, 0.0121049305889755
559, 0.0153811956755817
560, 0.0117007035762072
561, 0.0128178619779646
562, 0.0147673115910341
563, 0.0130506376735866
564, 0.0131846689619124
565, 0.0146887129327903
566, 0.0132488831877708
567, 0.0130619830451906
568, 0.0125477099791169
569, 0.0127715891382347
570, 0.013069513021037
571, 0.0129610725368063
572, 0.0139868288145711
573, 0.0130463013691562
574, 0.0132371209717045
575, 0.0120119672113409
576, 0.0143231778250386
577, 0.0135497476439923
578, 0.0116521337380012
579, 0.00990335294045508
580, 0.0134468896624943
581, 0.0128158950246871
582, 0.0134336375631392
583, 0.0127211632207036
584, 0.0122536439448595
585, 0.0130705463234335
586, 0.0125736814613144
587, 0.0142585857926557
588, 0.0133276011329144
589, 0.0115116854819159
590, 0.0145193166099489
591, 0.013456943212077
592, 0.0132795765197703
593, 0.0134844010074933
594, 0.0132186638657004
595, 0.0143650595564395
596, 0.0132827785176535
597, 0.0141215949940185
598, 0.0137934712693095
599, 0.0132810413571341
600, 0.0129217649810016
601, 0.0133127795998007
602, 0.0136312865652144
603, 0.0136215914972126
604, 0.0141144617615889
605, 0.0127704959207525
606, 0.0137503174288819
607, 0.0137503968241314
608, 0.0142185116031518
609, 0.0140520159620792
610, 0.0140319493754456
611, 0.0135726614722184
612, 0.0138718908807884
613, 0.0134623794816434
614, 0.0134749194607139
615, 0.0136599328368902
616, 0.0135231212978917
617, 0.0139168127595137
618, 0.0132610103115439
619, 0.0138997457300623
620, 0.0131803538650274
621, 0.00691089737229049
622, 0.00820046795221666
623, 0.00121600462686426
624, 0.0126423860589663
625, 0.00900397915393114
626, 0.00295877538155764
627, 0.0056276930651317
628, 0.004199903147916
629, 0.00442727499951919
630, 0.00469617145912101
631, 0.00498761826505264
632, 0.00530757603701204
633, 0.00563140811088185
634, 0.00593994150403887
635, 0.00622276573752363
636, 0.00650773569941521
637, 0.00681432200750957
638, 0.00718458613846451
639, 0.00771312043070793
640, 0.0085559106276681
641, 0.0101754087178657
642, 0.0131236534410467
643, 0.00347568661284943
644, 0.00357508738913263
645, 0.00368311085427801
646, 0.00382204932005455
647, 0.00400239312633251
648, 0.0106738427809129
649, 0.0100148338824511
650, 0.00959944895779093
651, 0.00935117551125586
652, 0.00918448095520337
653, 0.0114976983362188
654, 0.0119209308177233
655, 0.0118349809199572
656, 0.0106366690403471
657, 0.0111105860366176
658, 0.0117688997803877
659, 0.0119061296184858
660, 0.0118725716602057
661, 0.0119246460963041
662, 0.0123325210685531
663, 0.0133464757818729
664, 0.0198916632992526
665, 0.00249995844205841
666, 0.00195019631064497
667, 0.000372469561019291
668, 0.0177020890904324
669, 0.00264531434125577
670, 0.00717804937933882
671, 0.00693883595522493
672, 0.00637728084499637
673, 0.0104626635244737
674, 0.00829339155461639
675, 0.00777232743954907
676, 0.00329111378440367
677, 0.00500987093740453
678, 0.00469786029619475
679, 0.00604258070234209
680, 0.00667746982071549
681, 0.00743258104193956
682, 0.00910631978573898
683, 0.00407191201035554
684, 0.00568785363187393
685, 0.00533839179358135
686, 0.00374221885188793
687, 0.00438890936008344
688, 0.0116716051318993
689, 0.0131291376892477
690, 0.0151715107883016
691, 0.0169177802279592
692, 0.0110688822654386
693, 0.010077259891356
694, 0.0104676104771594
695, 0.010078431883206
696, 0.0155170983634889
697, 0.011447471100837
698, 0.0116923868966599
699, 0.0116811411765714
700, 0.0110427953768522
701, 0.0120160994896044
702, 0.0127959275462975
703, 0.0095781578682363
704, 0.0117209572345018
705, 0.0118356371143212
706, 0.0118004702962935
707, 0.0116190533929815
708, 0.00297083926852793
709, 0.00311925074007983
710, 0.00987907460269829
711, 0.00396663043648005
712, 0.00767581979744136
713, 0.00564011073826502
714, 0.0135479850827583
715, 0.00988611312849181
716, 0.00411653611809015
717, 0.0124981232608358
718, 0.00788267589329431
719, 0.00767741724848747
720, 0.00809862356012066
721, 0.00514739844948053
722, 0.00470783398486674
723, 0.00744193939802547
724, 0.00840737554244697
725, 0.00556900228063266
726, 0.00892216099115709
727, 0.0097379502064238
728, 0.0110485174227506
729, 0.00715134645967434
730, 0.0067956061490501
731, 0.00418724701739848
732, 0.00597874443822851
733, 0.00639069181246062
734, 0.00366926277056336
735, 0.0151289730953674
736, 0.0119221626470486
737, 0.0140353270495931
738, 0.0108234104700387
739, 0.0113365272215257
740, 0.0130034711522361
741, 0.0126374028623104
742, 0.0105410433995227
743, 0.0118034701639165
744, 0.0116998772136867
745, 0.0115265469842901
746, 0.0113973242696375
747, 0.0114184241586675
748, 0.0117434682324529
749, 0.0116605575506886
750, 0.0114993074287971
751, 0.0121927083625148
752, 0.010451175738126
753, 0.0140128955245018
754, 0.00403940760796624
755, 0.0052554818491141
756, 0.0128597212024033
757, 0.0110726207494736
758, 0.00657828769180924
759, 0.00489755564679702
760, 0.00710376220134397
761, 0.00606340286321938
762, 0.0113575474048654
763, 0.00954685763766368
764, 0.00906574873564144
765, 0.00878743509141107
766, 0.010300697448353
767, 0.00552735838573426
768, 0.00861122358279924
769, 0.00845509907230735
770, 0.00825172806313882
771, 0.00797345365087191
772, 0.00758520897943527
773, 0.0127470515823613
774, 0.0115150035514186
775, 0.0119897741048286
776, 0.0115717069711536
777, 0.0112975652640065
778, 0.0111191888184597
779, 0.0110777437997361
780, 0.0112204967687527
781, 0.0118025561484198
782, 0.0118307689360032
783, 0.0128533663228154
784, 0.0115250368447353
785, 0.0110547965547691
786, 0.0241808934137225
787, 0.00654425382769356
788, 0.0131481317803264
789, 0.00922415855651101
790, 0.00710302719380707
791, 0.00779167962415765
792, 0.00579083102223064
793, 0.00648959617440899
794, 0.0101373210394134
795, 0.00970717434150477
796, 0.0117307407781482
797, 0.0107041813122729
798, 0.00946662963057558
799, 0.00935093701506654
800, 0.00926147044325868
801, 0.00839102435080955
802, 0.00910778972320259
803, 0.00883493952763577
804, 0.0124125502382716
805, 0.0120092253976812
806, 0.0116583640421075
807, 0.0116530678234994
808, 0.0109942369163036
809, 0.0107424467957268
810, 0.0106403841637075
811, 0.0114173308635751
812, 0.0106868361278127
813, 0.0118440405931324
814, 0.0108243839349598
815, 0.0119697899291558
816, 0.0101358115207404
817, 0.0117524287197739
818, 0.0048141966573894
819, 0.00827741785906255
820, 0.00751384254544973
821, 0.00924539752304554
822, 0.0116492526605725
823, 0.0106195028250416
824, 0.01125168953357
825, 0.0102710736294587
826, 0.0100973261675487
827, 0.0100561991954843
828, 0.0100646230857819
829, 0.00968780267673234
830, 0.0125107070431113
831, 0.0121347725701829
832, 0.00996550056152046
833, 0.010797204139332
834, 0.0105036118378242
835, 0.00874634746772548
836, 0.00682046571746469
837, 0.0104846018366516
838, 0.0119279400445521
839, 0.00776761940990885
840, 0.00330326629336923
841, 0.00938401389867067
842, 0.0070753509644419
843, 0.0161966121134659
844, 0.00948089547455311
845, 0.00512294077392047
846, 0.0124660954655459
847, 0.0098419402881215
848, 0.00920730999981364
849, 0.00907009995232026
850, 0.00895901676267385
851, 0.00887052365578711
852, 0.00882121082395315
853, 0.00878507054100434
854, 0.00876881826358537
855, 0.00866133129845063
856, 0.0125301106988142
857, 0.0152189759537578
858, 0.0223439179050426
859, 0.0103654684498906
860, 0.011221768722559
861, 0.00958802488942941
862, 0.00996804431391259
863, 0.0107377390377223
864, 0.0110478225784997
865, 0.0112492265179753
866, 0.0113248648121953
867, 0.0109052478801459
868, 0.0103608586359769
869, 0.00963904638774693
870, 0.00891977703819672
871, 0.00835716895138224
872, 0.00937163985023896
873, 0.00907105339380602
874, 0.00806081454114368
875, 0.00623605768972387
876, 0.00377120636403561
877, 0.00519604442108955
878, 0.00984158289308349
879, 0.00864305254071951
880, 0.00727232429198921
881, 0.0219835940349315
882, 0.00936011651841303
883, 0.00884356272096435
884, 0.00896954683897396
885, 0.00951985681119064
886, 0.00968291517347097
887, 0.0088535959366709
888, 0.0088931138937672
889, 0.0090892529891183
890, 0.0109794158488512
891, 0.0140039150137454
892, 0.00976125538970033
893, 0.016221188629667
894, 0.00925427838228643
895, 0.0109347126757105
896, 0.00990291638299823
897, 0.0111865422222763
898, 0.0102979559451342
899, 0.0102631467549751
900, 0.0106199206784368
901, 0.0113866747512172
902, 0.00955593779993554
903, 0.00898949460436901
904, 0.008835937269032
905, 0.0108876649755985
906, 0.0113519254761438
907, 0.0112534381138782
908, 0.00967637868598104
909, 0.00973761244677007
910, 0.00958303781226277
911, 0.00661569961812347
912, 0.00827759659538666
913, 0.00870877628525098
914, 0.00710906716994941
915, 0.00905229810935756
916, 0.00774171106362094
917, 0.00781059451401234
918, 0.0101501110142895
919, 0.0116850560686241
920, 0.0130713351203927
921, 0.00886493222787976
922, 0.0149683385000875
923, 0.00587854899155597
924, 0.00938944177081188
925, 0.0089195266366005
926, 0.00896805664524436
927, 0.00889138535906871
928, 0.00887000723741949
929, 0.00888735226665934
930, 0.00922938350898524
931, 0.0121027847441534
932, 0.0148062135558575
933, 0.00927421151261244
934, 0.00926723276885847
935, 0.0115832909941673
936, 0.011724692924569
937, 0.0117847545382877
938, 0.0110473253298551
939, 0.0115145865517358
940, 0.0108870883317043
941, 0.0112275303496669
942, 0.009807747323066
943, 0.0101539315655828
944, 0.0105264405719936
945, 0.00948518700897694
946, 0.00903791336653133
947, 0.00964522548019886
948, 0.0093061743148913
949, 0.00841480602199833
950, 0.0087287041824311
951, 0.00807172184189161
952, 0.00758938157620529
953, 0.00775271809349457
954, 0.00948709435760975
955, 0.00955263905537625
956, 0.010657292092219
957, 0.00973093662677067
958, 0.0302412809804082
959, 0.00902577995189599
960, 0.00784858257975429
961, 0.00939057418145239
962, 0.0118756995403341
963, 0.00921877403743565
964, 0.00886527844704688
965, 0.00891073715562622
966, 0.00886269565671682
967, 0.0134901823475957
968, 0.0090831535247465
969, 0.0104196800850332
970, 0.0092289864551276
971, 0.0104748426626126
972, 0.0121908409055322
973, 0.0117939536770185
974, 0.0113645615056157
975, 0.0109162352358301
976, 0.0124576315283775
977, 0.0100579279630134
978, 0.00665717259980738
979, 0.0123851519698898
980, 0.00939484646854301
981, 0.00970085663720965
982, 0.0090057667500029
983, 0.00827739799084763
984, 0.00937792406018291
985, 0.00851166388019919
986, 0.00830121959249179
987, 0.00819297771280011
988, 0.0092203834404548
989, 0.00989928413182497
990, 0.00936136450618505
991, 0.00917359356147548
992, 0.0131772063672543
993, 0.00903644350667795
994, 0.00883305235765874
995, 0.00893283061062296
996, 0.0140284126003583
997, 0.00955467382445931
998, 0.0090315361507237
999, 0.00892635357255737
1000, 0.00773334685557832
1001, 0.0121387068647891
1002, 0.0115703763440251
1003, 0.0110020462113122
1004, 0.00913863702278052
1005, 0.0127265277163436
1006, 0.00859010425241043
1007, 0.0104679286790391
1008, 0.0133076421916485
1009, 0.0099837202578783
1010, 0.00958613686574002
1011, 0.00928414046453933
1012, 0.00873492293370267
1013, 0.00913965879008174
1014, 0.00869761081412435
1015, 0.00896114273928106
1016, 0.00846725865267217
1017, 0.00848059030249715
1018, 0.00800993600860238
1019, 0.00924730513777052
1020, 0.00894779991358519
1021, 0.00885160950322946
1022, 0.0089218036737293
1023, 0.00880404484147827
1024, 0.0118005496139328
1025, 0.0111276328874131
1026, 0.0124768836734196
1027, 0.0131693511114766
1028, 0.0104885519637416
1029, 0.00911132696395119
1030, 0.00993071201567849
1031, 0.00947580928914249
1032, 0.0091643549191455
1033, 0.00857828208245337
1034, 0.00874847328911225
1035, 0.00899321019339065
1036, 0.00869888253509998
1037, 0.0105087177362293
1038, 0.00875613857060671
1039, 0.00873740669339895
1040, 0.0115236068144441
1041, 0.00879440875723958
1042, 0.0120160598307848
1043, 0.0112242519389838
1044, 0.0127636729739606
1045, 0.00910878358408809
1046, 0.0104983469160895
1047, 0.00894757879099676
1048, 0.0098607560309271
1049, 0.00948949887727698
1050, 0.00935946078971028
1051, 0.00903405908805629
1052, 0.00860311766155064
1053, 0.00864948711491057
1054, 0.0140726932856653
1055, 0.0115350109214584
1056, 0.0124176424661917
1057, 0.00874503647598127
1058, 0.0134676245972514
1059, 0.0112104606814682
1060, 0.0104119003905604
1061, 0.0132349038496614
1062, 0.0104994393574695
1063, 0.013754728063941
1064, 0.00888219084590674
1065, 0.0101037641676764
1066, 0.00873718860869606
1067, 0.0088749744463712
1068, 0.0120811247266829
1069, 0.00955863194540143
1070, 0.00920774725576242
1071, 0.00973673871097465
1072, 0.00890241198552152
1073, 0.000531395324893917
1074, 0.00253860197456864
1075, 0.0094508146867156
1076, 0.0143558012011151
1077, 0.0132857186254114
1078, 0.0184598199557513
1079, 0.0231637794834872
1080, 0.0052118506282568
1081, 0.0196856496234735
1082, 0.00146309570603383
1083, 0.000257889536442235
1084, -0.000578502898861188
1085, 0.0135307340727498
1086, 0.0100943665020168
1087, 0.00774880417156965
1088, 0.00609864911530167
1089, 0.00486745522357523
1090, 0.00393158251730104
1091, 0.00327728250219176
1092, 0.00291168751815955
1093, 0.00279770345271875
1094, 0.00284862566816931
1095, 0.00300550519023091
1096, 0.0104438284567247
1097, 0.0133601451913516
1098, 0.0155336687651773
1099, 0.0184832845504085
1100, 0.020762507027636
1101, 0.0214346291807791
1102, 0.00650175532791764
1103, 0.00395462982123718
1104, 0.00256121210986748
1105, 0.00508489292891075
1106, 0.00310361445493375
1107, 0.00228490474789093
1108, 0.0106785716488957
1109, 0.00832128691642235
1110, 0.012189172130699
1111, 0.0182496142418434
1112, 0.0118588233211388
1113, 0.0184596413746476
1114, 0.0160861040155093
1115, 0.0194384100226065
1116, 0.00932896276935935
1117, 0.0186827018236121
1118, 0.0024390941252932
1119, 0.00106442001041225
1120, 0.0168595146387815
1121, 0.00449795799795538
1122, 0.0120647971052676
1123, 0.00222117595590784
1124, 0.00808167600189336
1125, 0.00206346208662061
1126, 0.0156349652180714
1127, 0.0110425627790391
1128, 0.0206354695061843
1129, 0.00176088846055791
1130, 0.00412597332615405
1131, 0.00542732180717091
1132, 0.00696418803030004
1133, 0.00891459170573702
1134, 0.00303552604358022
1135, 0.0114376767693708
1136, 0.0022455855893592
1137, 0.0107596735469997
1138, 0.0148359765298665
1139, 0.0139837686438113
1140, 0.0185039471834898
1141, 0.018226766337951
1142, 0.0157917773218027
1143, 0.0124493664285789
1144, 0.0205370945855975
1145, 0.00188452049042098
1146, 0.0195660429696242
1147, 0.00440901597418512
1148, 0.00299350474961102
1149, 0.0119078579979638
1150, 0.00953537377063185
1151, 0.00753313442692161
1152, 0.0059077552286908
1153, 0.0142826343886554
1154, 0.0183304779541989
1155, 0.0126735991022239
1156, 0.0170510246728857
1157, 0.0151956111192703
1158, 0.0170817401570578
1159, 0.015303036264543
1160, 0.0131380108185112
1161, 0.0153586897067726
1162, 0.00282247910702912
1163, 0.00473348390854274
1164, 0.0129511035047472
1165, 0.0064648602080221
1166, 0.0100102641930183
1167, 0.00814191690490892
1168, 0.0185467430079977
1169, 0.0182029284536839
1170, 0.0159428744421651
1171, 0.00496554467827082
1172, 0.00139598875539377
1173, 0.0184655566034572
1174, 0.00700734187072764
1175, 0.00887119948553542
1176, 0.0107949996211876
1177, 0.0159175023436546
1178, 0.0124919436872005
1179, 0.0183246565672259
1180, 0.0187657102942467
1181, 0.0119133019664635
1182, 0.0145268812110381
1183, 0.00035416092093025
1184, 0.00948016820475459
1185, 0.0114785257416467
1186, 0.015220167580992
1187, 0.0179850375279784
