1, 0.00564533611759543
2, 0.0210438199962179
3, 0.0052763232961297
4, 0.00646793970372528
5, 0.0104293841868639
6, 0.0131906294263899
7, 0.00296652363613248
8, 0.00421691022347659
9, 0.0211418907468518
10, 0.00577420089393854
11, 0.0107417115941644
12, 0.0139703769236803
13, 0.0059811684768647
14, 0.00650725905628254
15, 0.0069808178814128
16, 0.00741801802845051
17, 0.00785760232247412
18, 0.00834582412304978
19, 0.00900483278868099
20, 0.0101599111997833
21, 0.0124284843138109
22, 0.0173063303809613
23, 0.0171735608018935
24, 0.0136603529875477
25, 0.00996085132161776
26, 0.00666578696109354
27, 0.0049289472711583
28, 0.00408893896383233
29, 0.0037440267430308
30, 0.00338709418429062
31, 0.00428714434383437
32, 0.00511880797178795
33, 0.00568318460136652
34, 0.00603715695130328
35, 0.00624086583654086
36, 0.00635596240560214
37, 0.0064198188095664
38, 0.00645442923996598
39, 0.00646349909948185
40, 0.00646368763409555
41, 0.00645844258057574
42, 0.00645613802286486
43, 0.00647346318388979
44, 0.00652233883738518
45, 0.00661659349376957
46, 0.00678261229768395
47, 0.00701971972982089
48, 0.00734472406717638
49, 0.00775337327892582
50, 0.00823199873169263
51, 0.00876228185370564
52, 0.00928851108377179
53, 0.0099400004837662
54, 0.0102438945323229
55, 0.0102349137887359
56, 0.0102436956949532
57, 0.0101831370654205
58, 0.0100551464905341
59, 0.00985578866675496
60, 0.00957369928558668
61, 0.00919000447417299
62, 0.00872326067959269
63, 0.00821813133855661
64, 0.00768828500683109
65, 0.0071866523164014
66, 0.00674450521667798
67, 0.00636450589324037
68, 0.00606866801778475
69, 0.00594768050359562
70, 0.00580671528587118
71, 0.005740206145371
72, 0.00587288608464102
73, 0.00608249621776243
74, 0.00639057260317107
75, 0.00677247958568235
76, 0.00719034803720812
77, 0.0076166403790315
78, 0.00800530201134582
79, 0.00834012155731519
80, 0.00860850155974428
81, 0.00883019141231974
82, 0.00907365667323271
83, 0.00943490009134015
84, 0.0101230954751372
85, 0.0117810984763006
86, 0.0114399213343859
87, 0.00999800519396861
88, 0.00658846010143558
89, 0.00517241253207127
90, 0.00442298307704429
91, 0.00397249113302678
92, 0.0036470100749284
93, 0.00342679081950337
94, 0.00327551415345321
95, 0.00316460985535135
96, 0.00309356107997398
97, 0.00305044701478134
98, 0.00302799589311083
99, 0.00301504185578475
100, 0.00299084233120084
101, 0.00305777846369892
102, 0.00324604972653712
103, 0.00341596268117428
104, 0.00358659087214619
105, 0.00373758932497973
106, 0.00385316278940688
107, 0.00389578005221362
108, 0.0037993000781474
109, 0.0035122439924938
110, 0.00294220494106412
111, 0.00225530103974355
112, 0.00268920312131134
113, 0.00323891697917134
114, 0.00461479105676214
115, 0.00681118294596672
116, 0.0104284705594182
117, 0.0144682757866879
118, 0.0181078147143126
119, 0.0173602134454995
120, 0.0125321766827255
121, 0.0103463151802619
122, 0.00923140998929739
123, 0.00859079913546642
124, 0.00813929395129283
125, 0.00775349279865623
126, 0.00737693021073937
127, 0.006983599315087
128, 0.00658102942785869
129, 0.0061194906343839
130, 0.00597775083345671
131, 0.00617293640971184
132, 0.00642585878570875
133, 0.00671549770049751
134, 0.00708898048227032
135, 0.00752508803270757
136, 0.00799075909890234
137, 0.00847927900031209
138, 0.00895238108932972
139, 0.00938530949254831
140, 0.00975382514297962
141, 0.0100539938236276
142, 0.0102742132730782
143, 0.0104279536753893
144, 0.0105042078842719
145, 0.0105574941262603
146, 0.0102695539826527
147, 0.00963489385321736
148, 0.00912630728756388
149, 0.00860337587073445
150, 0.00810988868276278
151, 0.00766623152109484
152, 0.00729390132861833
153, 0.00699520235260328
154, 0.00677994987927377
155, 0.00663562724366784
156, 0.00654931979564329
157, 0.00649889465421438
158, 0.00647862876454989
159, 0.00647306558676064
160, 0.00646484037861228
161, 0.00412267522187904
162, 0.00500265865897139
163, 0.00684809832212826
164, 0.0102835915361842
165, 0.0143441391798357
166, 0.0181514462456107
167, 0.0174728363053873
168, 0.0139958883325259
169, 0.0101718915005525
170, 0.00653878964173297
171, 0.00440649276909729
172, 0.00313147969427519
173, 0.00297244440298527
174, 0.0029753054647396
175, 0.00297176892248293
176, 0.00297832543340822
177, 0.00299525319132954
178, 0.00303610216360539
179, 0.00311613144973914
180, 0.00322934061599274
181, 0.00340139935724437
182, 0.00365010967167715
183, 0.00398103481469055
184, 0.00443351369661589
185, 0.0050877343552808
186, 0.00620373214284579
187, 0.0100279769394547
188, 0.012303315103054
189, 0.0117561045723657
190, 0.0104302981247505
191, 0.00957759376615286
192, 0.00906837172806263
193, 0.00872171111404896
194, 0.00841021677479148
195, 0.00807313271798193
196, 0.00771224646208187
197, 0.00733236611510317
198, 0.00695045905498167
199, 0.00660626225483914
200, 0.00631276913918555
201, 0.00608730455860496
202, 0.00592903420329094
203, 0.00583660703462859
204, 0.00592139468062669
205, 0.00637646648101509
206, 0.00657610207175215
207, 0.00493770919274539
208, 0.00825127128822108
209, 0.00887600767115752
210, 0.00982453619750837
211, 0.0111687995182971
212, 0.0113468188792467
213, 0.013613901566714
214, 0.00862783333286643
215, 0.0133411902158211
216, 0.0059071989186729
217, 0.0055138278597345
218, 0.00495513357842962
219, 0.00447767182985055
220, 0.00367552094394341
221, 0.00801060729039212
222, 0.00756615547773739
223, 0.00719209647892664
224, 0.00690402707550675
225, 0.0066969208419323
226, 0.00656708213500679
227, 0.00649299344513565
228, 0.00646027061156929
229, 0.0064537141394491
230, 0.00645800547984739
231, 0.00649072866265972
232, 0.00684424365560214
233, 0.00724754851156225
234, 0.00769657009125998
235, 0.00818677898496389
236, 0.00865396050115426
237, 0.00907091454913219
238, 0.0094138994657745
239, 0.00966708067183693
240, 0.0098294240112106
241, 0.00991932721808553
242, 0.00995399709790945
243, 0.00993357265057663
244, 0.00991598959080875
245, 0.00975396453092496
246, 0.00730904071436574
247, 0.00892164496084054
248, 0.00775722817828258
249, 0.0108533324673772
250, 0.00874984435116251
251, 0.00709486131866773
252, 0.0078978353800873
253, 0.00934670500767728
254, 0.00960161490365863
255, 0.00958234234713018
256, 0.00623192908242345
257, 0.00951636031580468
258, 0.00749248402037968
259, 0.00833016789207856
260, 0.009092193407317
261, 0.00951216820006569
262, 0.00961651606485248
263, 0.00852102204225957
264, 0.00653219343318294
265, 0.00906559002275268
266, 0.00744561494017641
267, 0.00683568026094387
268, 0.00644844890727351
269, 0.00646921107545495
270, 0.00709859631024301
271, 0.00785754260141402
272, 0.00664786621928215
273, 0.00952341761440039
274, 0.00615918768259386
275, 0.0063879305186371
276, 0.0054386464956527
277, 0.0064548266120255
278, 0.00587886680538456
279, 0.00630533827158312
280, 0.00558972455716381
281, 0.0064313424906383
282, 0.0116986056922802
283, 0.00888284171621005
284, 0.00704827004422744
285, 0.0105642778798938
286, 0.00940663673515831
287, 0.00685358194944759
288, 0.00644217331760696
289, 0.00677893976015704
290, 0.00775955272062371
291, 0.0120861948623012
292, 0.0106515114506086
293, 0.00977363406370083
294, 0.00828463009869059
295, 0.00854685064405203
296, 0.00815294337614129
297, 0.00779788977732616
298, 0.00928503461182117
299, 0.00939319717387358
300, 0.00945991463959217
301, 0.00891459166693191
302, 0.00946126529015601
303, 0.00938570654640595
304, 0.00920222358157237
305, 0.00917641477038463
306, 0.00912034679204226
307, 0.00833779720899959
308, 0.00776736054103822
309, 0.00679954013321549
310, 0.00737724817978839
311, 0.00661975261755288
312, 0.00705176708288491
313, 0.00644189243515333
314, 0.00650251032008479
315, 0.00882824409442643
316, 0.00610433146357536
317, 0.00529990682844073
318, 0.00635794942112019
319, 0.00640998412078867
320, 0.00616280330965916
321, 0.00610943751720091
322, 0.00625809169529627
323, 0.00728825860035916
324, 0.00871183324073042
325, 0.00679846701677889
326, 0.00778254016768187
327, 0.00835909624584019
328, 0.0105164865963161
329, 0.0114886783994734
330, 0.00900588619212309
331, 0.0073281061835587
332, 0.0088745568258067
333, 0.00914601678960025
334, 0.00938828972478708
335, 0.00881250870103637
336, 0.0090557747365286
337, 0.0095024920689563
338, 0.00949706812389195
339, 0.00842933803796768
340, 0.00924708601087332
341, 0.0093949850803862
342, 0.00819065313165387
343, 0.00774081664470335
344, 0.00659628837214162
345, 0.00736222777049989
346, 0.00677967207351079
347, 0.00647107872646302
348, 0.00703776018538823
349, 0.00642252089455724
350, 0.00618440040852875
351, 0.00672817346639931
352, 0.00639954758142786
353, 0.00634014730652173
354, 0.00626742948467533
355, 0.00907242461107671
356, 0.0111639918759465
357, 0.00978406441087524
358, 0.00848541399464011
359, 0.00962843676097691
360, 0.00858078810519406
361, 0.00942315836437047
362, 0.0096797364919136
363, 0.00959432288073003
364, 0.00909614702686667
365, 0.00940448216473063
366, 0.00889241835102439
367, 0.0091562884238859
368, 0.00814728074086209
369, 0.00777969878011694
370, 0.00678177791026731
371, 0.00655477510632149
372, 0.00740047404542565
373, 0.00705315785792967
374, 0.00714808838286748
375, 0.00651671609375626
376, 0.00641036154702306
377, 0.00640863288814823
378, 0.00643525633495301
379, 0.0114057681057602
380, 0.0108741740696132
381, 0.00977506418712437
382, 0.0103702564568569
383, 0.00843087979592383
384, 0.00991616824952265
385, 0.00990861817263067
386, 0.00971870590001345
387, 0.00972436042502522
388, 0.00946047079438964
389, 0.0091298835662504
390, 0.00853345524519682
391, 0.00878834879646699
392, 0.00814881067102154
393, 0.00679040076211095
394, 0.00708770872248958
395, 0.0078312965342775
396, 0.007652741119576
397, 0.00746148937226584
398, 0.00715909525752068
399, 0.00683367361004154
400, 0.00829051381775311
401, 0.0106403849087656
402, 0.0110853135896226
403, 0.0101643817033619
404, 0.00988386229922374
405, 0.00952079053968191
406, 0.00911742635071278
407, 0.00870369064311186
408, 0.0080191904756551
409, 0.00830330598788957
410, 0.00710964315970029
411, 0.00756641349289566
412, 0.00796761239568392
413, 0.00663966056890786
414, 0.00747821848684301
415, 0.0107065970078111
416, 0.00827167183160782
417, 0.0100619211637725
418, 0.010232450507049
419, 0.00910437270067632
420, 0.00958657443212966
421, 0.00858858813132559
422, 0.00867774236636857
423, 0.00771594148439666
424, 0.00810313376132399
425, 0.0108361265489033
426, 0.00828046627741839
427, 0.0113814199576154
428, 0.00768051282502711
429, 0.0104240792958687
430, 0.0106313446691881
431, 0.00962633057497442
432, 0.00903483402604858
433, 0.00936027523130178
434, 0.00890519384605189
435, 0.00902281329035759
436, 0.00865004193037748
437, 0.00979711767286062
438, 0.0100647824195524
439, 0.0103041907772422
440, 0.0102271852083504
441, 0.0096373915273164
442, 0.00837018185605606
443, 0.0100740449503064
444, 0.00644848852728804
445, 0.00566537482663989
446, 0.00875501039748391
447, 0.00648506618260096
448, 0.00446979276603088
449, 0.0141334762641539
450, 0.0113971458437542
451, 0.00625366096695264
452, 0.00672419982341429
453, 0.00719922897405922
454, 0.0087240949117889
455, 0.0113724489541103
456, 0.00765717157628387
457, 0.00960419722832739
458, 0.00881938302579025
459, 0.00860895852868756
460, 0.00835247958699862
461, 0.00804450258146971
462, 0.00768343751163532
463, 0.00729632521203409
464, 0.00691382218307505
465, 0.00655983019775401
466, 0.00628616513373951
467, 0.00610605961022278
468, 0.00306775226878623
469, 0.0031442250086305
470, 0.00320353168838968
471, 0.00330394554960852
472, 0.00345621568461259
473, 0.00367754763768365
474, 0.00400672430017342
475, 0.00447958766017109
476, 0.00519255882439514
477, 0.00639840052463114
478, 0.00836048647761345
479, 0.00333110547702139
480, 0.00392290037901451
481, 0.00314126476102198
482, 0.00275488743985382
483, 0.00381924776593223
484, 0.0039162642788142
485, 0.00380418775603175
486, 0.00350936314013476
487, 0.0171256094084432
488, 0.0081372472923249
489, 0.00956495765907069
490, 0.00706809875555336
491, 0.0108247416404386
492, 0.00755775102879852
493, 0.0090503708148996
494, 0.00868962371411423
495, 0.00988880956235031
496, 0.00938195129856467
497, 0.0105575739095608
498, 0.0110018033534288
499, 0.00794285671630253
500, 0.00724427052773535
501, 0.00690712663345039
502, 0.00885031799164911
503, 0.00825133081525564
504, 0.00760529582233479
505, 0.00849727960303426
506, 0.00664816412609071
507, 0.00310901853178317
508, 0.00672348433484634
509, 0.00479781697504222
510, 0.00343300951256727
511, 0.00386021608331551
512, 0.00308815692551434
513, 0.00332611855507518
514, 0.00359978340566158
515, 0.00424267933703959
516, 0.00558531365823001
517, 0.00463894541774477
518, 0.00350642262492329
519, 0.00409861487181236
520, 0.00403670539769034
521, 0.00415835872991011
522, 0.00367728929268196
523, 0.00392476787480215
524, 0.00410739675862715
525, 0.0104928886783975
526, 0.00888553880421179
527, 0.0117018416390887
528, 0.00674299546517432
529, 0.00651376697766994
530, 0.0127751168661884
531, 0.00894005074431854
532, 0.0105942703473071
533, 0.00753816662888442
534, 0.00871251150965691
535, 0.00808837144480397
536, 0.0092616294665883
537, 0.00953982397913933
538, 0.00973606272600591
539, 0.00870092872840663
540, 0.0085114655084908
541, 0.00881328356141845
542, 0.00825260230340064
543, 0.00793395567840586
544, 0.00757881149183959
545, 0.00889502132001022
546, 0.0072334223271658
547, 0.00902454213549693
548, 0.00450146283643941
549, 0.0040605075385732
550, 0.00511872838251293
551, 0.00377057069757332
552, 0.00596879015211016
553, 0.00714771065395325
554, 0.00357931912488615
555, 0.00326297732923801
556, 0.00598802659660578
557, 0.00378195514592032
558, 0.00340948550729081
559, 0.00413841086750229
560, 0.00434068912484994
561, 0.00488752243109047
562, 0.00455943836520116
563, 0.00360294241302957
564, 0.00322735369748746
565, 0.00322568476466196
566, 0.0142571952193975
567, 0.00655009492766112
568, 0.00876699031020204
569, 0.00958103120016555
570, 0.0115822174896797
571, 0.008129677347218
572, 0.00696230065077543
573, 0.0033821072235393
574, 0.00894687712813417
575, 0.00896849413402379
576, 0.00914293667301536
577, 0.00905796055061122
578, 0.00897419615648687
579, 0.00875788208629404
580, 0.00882518462215861
581, 0.00860510409499208
582, 0.00895011595760783
583, 0.00791245830866198
584, 0.00830088191044827
585, 0.00840256358496845
586, 0.00395570268544058
587, 0.0042764552248021
588, 0.00476682267617434
589, 0.00735658539148668
590, 0.00630953007688125
591, 0.00543359996906171
592, 0.00345945422304794
593, 0.00393857634238278
594, 0.00548301249121626
595, 0.00352791435683944
596, 0.00455421290826052
597, 0.00494064972735941
598, 0.00318205417133868
599, 0.00373601969719554
600, 0.00360717451743161
601, 0.00879665355508526
602, 0.00956626903886596
603, 0.0103949722833931
604, 0.0111349640258898
605, 0.00821106536313891
606, 0.00804001267533749
607, 0.00900622356372575
608, 0.00885133111538986
609, 0.00915583161016305
610, 0.00848748818971217
611, 0.00918253402536114
612, 0.00922713847830892
613, 0.00872461125254631
614, 0.00890696211718023
615, 0.0090087071682016
616, 0.00874924792775086
617, 0.00451225116072844
618, 0.00502979840772847
619, 0.00571849038048337
620, 0.0076906181805368
621, 0.00652460377508153
622, 0.00374376839802911
623, 0.0033409362193197
624, 0.00631710587601577
625, 0.00423191072574506
626, 0.00590618563971172
627, 0.00524012325331569
628, 0.00371379912830889
629, 0.0039402650630412
630, 0.00753064318560064
631, 0.00393125057286982
632, 0.0101862367397795
633, 0.00951500873391827
634, 0.0107625937865426
635, 0.00862356189948817
636, 0.00934785775219401
637, 0.00953505591799816
638, 0.0090754843937854
639, 0.00833815479806314
640, 0.00957022281363606
641, 0.00939574399963021
642, 0.0088359130701671
643, 0.00528772753508141
644, 0.00592319252124677
645, 0.00689033215998539
646, 0.00416656395342822
647, 0.00925481505692005
648, 0.00677903629063318
649, 0.00473688115986685
650, 0.00623774641038229
651, 0.00430099254784485
652, 0.0104591147042811
653, 0.0109604020447781
654, 0.00436484888195991
655, 0.0087646263917642
656, 0.00954661929669479
657, 0.008405567612499
658, 0.00986391476665934
659, 0.0091386252703766
660, 0.00997487295951162
661, 0.00875761274558803
662, 0.0100225944072008
663, 0.00622777264410009
664, 0.00681028482504189
665, 0.00474594110467782
666, 0.00523235914297402
667, 0.00710851097634683
668, 0.0055029202097406
669, 0.00797724859633793
670, 0.00493969332559833
671, 0.00753486296162009
672, 0.00989276341473063
673, 0.010680847601699
674, 0.010569474970301
675, 0.0113332294858992
676, 0.00973606272600591
677, 0.00918265377792219
678, 0.0081486120664825
679, 0.00866226510455211
680, 0.00726801285054535
681, 0.00557534000836313
682, 0.00800113034589837
683, 0.00739866634830832
684, 0.00650932511780411
685, 0.00573902218602598
686, 0.0102064427919686
687, 0.00778637481077264
688, 0.00992126290553383
689, 0.0112124107545242
690, 0.0103594081786772
691, 0.00917742804934581
692, 0.00856942101381719
693, 0.00788869604002684
694, 0.00764276692643762
695, 0.00667051023005375
696, 0.00825230400854101
697, 0.00764008506666869
698, 0.00872056661173701
699, 0.00959253466377656
700, 0.00903910545942684
701, 0.00843882723711431
702, 0.00672994208677361
703, 0.0113011226058006
704, 0.0141577349665264
705, 0.00512103336707999
706, 0.00874583093294253
707, 0.00845760270021856
708, 0.00898927613161504
709, 0.0112204966911425
710, 0.00979004458834728
711, 0.00956265302374959
712, 0.010225635409976
713, 0.010185223693649
714, 0.00999997238007685
715, 0.00981986701178054
716, 0.00923556267904739
717, 0.00884735755001505
718, 0.00841101181382934
719, 0.00797069231824329
720, 0.00754231365863234
721, 0.00713745869385699
722, 0.00680885832601537
723, 0.00654391567998876
724, 0.00630331155844033
725, 0.00646585369637857
726, 0.00648671528324485
727, 0.00652086858948072
728, 0.00659146035710971
729, 0.00671366955308865
730, 0.00690047070384026
731, 0.00716372478442887
732, 0.0075016631744802
733, 0.00790806747196863
734, 0.00837451359257102
735, 0.00888302084058523
736, 0.00941411809374889
737, 0.00617239989029864
738, 0.00553268287330866
739, 0.00496828649193048
740, 0.00434231851249933
741, 0.00375151707946012
742, 0.00632105395197868
743, 0.00592438492458314
744, 0.0172210965150346
745, 0.00803331685407708
746, 0.00728080801976224
747, 0.00765905905670176
748, 0.00904786749742925
749, 0.00687768178371092
750, 0.00653085825033486
751, 0.00981998606584966
752, 0.0109558519131194
753, 0.0101169962435961
754, 0.00702887897690137
755, 0.00770551090439161
756, 0.00919401800880829
757, 0.00849676302944621
758, 0.00971949310041964
759, 0.00943871463338534
760, 0.00961258169263601
761, 0.00887298746965826
762, 0.00810448499396443
763, 0.00733308109920472
764, 0.00647550945480665
765, 0.0070900534822916
766, 0.0077836726171275
767, 0.00821660102034608
768, 0.00868821276041369
769, 0.00650417921133339
770, 0.00685195263940841
771, 0.0065649562360098
772, 0.0066789798438549
773, 0.00740832230076194
774, 0.00917488476261497
775, 0.00561072254952576
776, 0.00640209640065829
777, 0.00545352802146226
778, 0.00628489364559452
779, 0.00592235832785567
780, 0.00613441194097201
781, 0.00566234284391006
782, 0.00644195207860321
783, 0.00730848459837337
784, 0.0117532038905968
785, 0.00900503162605067
786, 0.0105221975993897
787, 0.00972134899348021
788, 0.00681432782273207
789, 0.013314487800623
790, 0.00849189516156912
791, 0.0080441846124207
792, 0.00764491315931082
793, 0.00725174089893699
794, 0.01087739233238
795, 0.009919088644286
796, 0.0097603815762947
797, 0.00863570145641764
798, 0.00896529496336977
799, 0.00826871550331513
800, 0.00788857659790665
801, 0.00752186918786416
802, 0.00923538347706199
803, 0.0094076010864228
804, 0.00948929910858472
805, 0.00951421400532126
806, 0.00974631488012771
807, 0.00722503820434213
808, 0.00647489357894907
809, 0.00654153149419775
810, 0.0066515418390433
811, 0.0068288060138002
812, 0.00736987707205117
813, 0.00706096622161567
814, 0.00772853824310005
815, 0.00812920082050065
816, 0.00856840750202537
817, 0.00902891283233961
818, 0.00638214879048367
819, 0.00630694740296652
820, 0.00622608392344167
821, 0.00617031380534172
822, 0.00622898468282074
823, 0.00642760718862216
824, 0.00985605856403709
825, 0.0076957275159657
826, 0.0118282030868743
827, 0.00935975289238351
828, 0.00737069213452439
829, 0.00916550719800095
830, 0.0107283410616219
831, 0.00812761136330664
832, 0.00858819647692144
833, 0.00945311947725713
834, 0.00945693417452276
835, 0.0093368305824697
836, 0.0091211210625867
837, 0.00939073320478201
838, 0.00807335107432058
839, 0.00847296051991483
840, 0.00882017767677704
841, 0.00947880907915533
842, 0.00941269574686885
843, 0.0064773770282045
844, 0.00737905618734658
845, 0.00663523015100509
846, 0.00773801526520401
847, 0.00645710873816695
848, 0.00682336212291072
849, 0.00706827756948769
850, 0.00891278334893286
851, 0.00811527335705856
852, 0.00852179674742123
853, 0.00637960562016815
854, 0.00681183863586436
855, 0.00657300274663915
856, 0.00648441045389821
857, 0.00642878798368786
858, 0.0123047372326255
859, 0.00919687934219837
860, 0.00995175167918205
861, 0.00869141193106771
862, 0.00927303382195532
863, 0.00949043214010696
864, 0.00955589798589548
865, 0.00859403780971964
866, 0.00934012948224942
867, 0.00951175034667055
868, 0.00934563220168153
869, 0.00874546709071313
870, 0.00906743753391008
871, 0.00929081595192353
872, 0.00650630511033038
873, 0.00742564726776133
874, 0.00709833821747452
875, 0.00644736411049962
876, 0.00683119016078611
877, 0.00779503708084424
878, 0.00816331446791689
879, 0.00852402198749284
880, 0.00892811348395688
881, 0.00731539869281862
882, 0.00645887991413474
883, 0.0064538928369681
884, 0.007229210382017
885, 0.00689125204614053
886, 0.00645310990512371
887, 0.0082357422914356
888, 0.0105487719022979
889, 0.00825567375868559
890, 0.00933619495481253
891, 0.00992030076061686
892, 0.00957258697599173
893, 0.00970874385287364
894, 0.00935195052685837
895, 0.00975336809642613
896, 0.00962342989320556
897, 0.00932943942025304
898, 0.00915070584354301
899, 0.00751600825848679
900, 0.00659806487549629
901, 0.00713982316665351
902, 0.00790055732553204
903, 0.00828270257140199
904, 0.00775738700758666
905, 0.00861742238824566
906, 0.00885529695078731
907, 0.00668992719147354
908, 0.00986482909259697
909, 0.00753764478334536
910, 0.00918432263036569
911, 0.0110454376942168
912, 0.00968879616508881
913, 0.0103694221936166
914, 0.00940317086254557
915, 0.00991235316420595
916, 0.0100283441909899
917, 0.00990319451583283
918, 0.0090495705205415
919, 0.00634029065258801
920, 0.0068418275564909
921, 0.00804658893806239
922, 0.00761846852644036
923, 0.00716766415696059
924, 0.00845390682419141
925, 0.008048019449537
926, 0.00876053298513095
927, 0.0113753895275295
928, 0.0106718216889671
929, 0.00944765587337315
930, 0.00981925086428722
931, 0.0101365263108164
932, 0.0101360898309698
933, 0.0091304793022573
934, 0.00819850115415951
935, 0.00864178089735409
936, 0.00866029815127452
937, 0.00831057490514857
938, 0.0090108954214624
939, 0.00772748133167625
940, 0.0103295661974698
941, 0.0103680310615649
942, 0.00849495471144716
943, 0.00949911439480881
944, 0.0111721574018399
945, 0.010832390980795
946, 0.00995057992016276
947, 0.00941596607056757
948, 0.0107504153468957
949, 0.00873415609821677
950, 0.00893621931650809
951, 0.00912358928471804
952, 0.0114120070356876
953, 0.00951194895120958
954, 0.0107211610302329
955, 0.0105203649029136
956, 0.0102425493699099
957, 0.00942640798166394
958, 0.0100599146292855
959, 0.00899796625599265
960, 0.0140723213553429
961, 0.00631847092881799
962, 0.00621962648195525
963, 0.00418148515745997
964, 0.0079844807041809
965, 0.00844456899600724
966, 0.00904542362938325
967, 0.00996860031348964
968, 0.0113234932844838
969, 0.0114697235791634
970, 0.0138141334367295
971, 0.00858088474099835
972, 0.0135972722588728
973, 0.00390541617525741
974, 0.00378543204472711
975, 0.00349716399796307
976, 0.00328234313721103
977, 0.00262783019570634
978, 0.00403664594826599
979, 0.00369121700835725
980, 0.00344171186831469
981, 0.00327124260365963
982, 0.00315843074349687
983, 0.00309014374700685
984, 0.00305515587873136
985, 0.0030438905232586
986, 0.00304498329448203
987, 0.00304057258957376
988, 0.00614738573009769
989, 0.00777896408302089
990, 0.00811459795416643
991, 0.0084287142381072
992, 0.00873236016680797
993, 0.00905662961304188
994, 0.00948153102460007
995, 0.0100609476988514
996, 0.0106377822812647
997, 0.0105289643785606
998, 0.00756907595011095
999, 0.00840922344165544
1000, 0.00716277099369715
1001, 0.00901886013646921
1002, 0.00983262240576247
1003, 0.0109391033183783
1004, 0.00742276653181762
1005, 0.00606095907278359
1006, 0.00988024651693801
1007, 0.00971228055035075
1008, 0.00629395374562591
1009, 0.00649754342157394
1010, 0.0067553335102275
1011, 0.0070750725766023
1012, 0.00829579580264787
1013, 0.00856924219988286
1014, 0.00881662142152588
1015, 0.00908090849407017
1016, 0.00938785239122808
1017, 0.0045228610203291
1018, 0.0043234039330855
1019, 0.00361277731523539
1020, 0.00523952751730879
1021, 0.0064106397718812
1022, 0.00789809399284422
1023, 0.00318884905815745
1024, 0.00321970445414384
1025, 0.00329186569433659
1026, 0.00391378075194856
1027, 0.00341572426259518
1028, 0.00318445820206155
1029, 0.00389788614120334
1030, 0.00404159303676958
1031, 0.00413793383631855
1032, 0.00332524435361847
1033, 0.00317256515845656
1034, 0.00366389813522498
1035, 0.00380295584909618
1036, 0.00349950846672679
1037, 0.00402702953821669
1038, 0.00870425503567926
1039, 0.0103785809284697
1040, 0.0117344022728503
1041, 0.00638520830155661
1042, 0.00674174345719318
1043, 0.00652660758766745
1044, 0.00320533400268427
1045, 0.00895359027864677
1046, 0.0122310339938849
1047, 0.0074458533199504
1048, 0.0106795451914271
1049, 0.00903044291771948
1050, 0.00978785931753615
1051, 0.00790663688288381
1052, 0.00663856789469719
1053, 0.00800776636848847
1054, 0.00708039749103288
1055, 0.00737460582361867
1056, 0.00923945653873185
1057, 0.0090643580382069
1058, 0.00934740078325073
1059, 0.00890187569893897
1060, 0.00872401528370877
1061, 0.00921098577479521
1062, 0.00769484178939213
1063, 0.00684416418274244
1064, 0.00489451580991348
1065, 0.00691934562443445
1066, 0.00462854005551587
1067, 0.00381873136696716
1068, 0.0035921143523107
1069, 0.00416292839994033
1070, 0.00345309635546679
1071, 0.00337264995323494
1072, 0.00332951605863248
1073, 0.00574114033952355
1074, 0.00431086697305242
1075, 0.0039973067274938
1076, 0.0037475037194478
1077, 0.00339450498965258
1078, 0.00357888208236545
1079, 0.00479434015384565
1080, 0.00446152749160926
1081, 0.0038927403317454
1082, 0.00701596471481025
1083, 0.00583839517397185
1084, 0.00734333344735205
1085, 0.0115570049577703
1086, 0.010502161225304
1087, 0.00785569485742599
1088, 0.00973612217543026
1089, 0.00840479259689649
1090, 0.00723091333306262
1091, 0.00856803043279797
1092, 0.0085201080267628
1093, 0.00892903593679269
1094, 0.00769796129316092
1095, 0.00904357604061564
1096, 0.00903111866985758
1097, 0.00800093143091848
1098, 0.00828131187396745
1099, 0.0089889382943511
1100, 0.00742328318301588
1101, 0.00871725254692137
1102, 0.00524066000555952
1103, 0.00494523944022755
1104, 0.00380311483362069
1105, 0.00364186428487301
1106, 0.0040511298381413
1107, 0.00353390048258007
1108, 0.00755953951738775
1109, 0.00443261951052894
1110, 0.00606771445988367
1111, 0.00331199229694903
1112, 0.00425841473042965
1113, 0.0053217220120132
1114, 0.00368692547393342
1115, 0.0034852716073926
1116, 0.00388570702246701
1117, 0.00407604442443699
1118, 0.0069344534073025
1119, 0.00838573936683436
1120, 0.0103054656647146
1121, 0.0111841578036547
1122, 0.00902692632128795
1123, 0.0078857643862388
1124, 0.00858231564052403
1125, 0.008588693337515
1126, 0.00773458639159799
1127, 0.00877620939475795
1128, 0.00833269146581491
1129, 0.00890404133436581
1130, 0.00886289464930693
1131, 0.00802989983155082
1132, 0.00901725088867048
1133, 0.00383331160992384
1134, 0.00561849388759583
1135, 0.00401685708978524
1136, 0.00429986002078901
1137, 0.00734000382944941
1138, 0.00526577335161467
1139, 0.00471886088295529
1140, 0.00648176817533871
1141, 0.00480530721445878
1142, 0.00600671884603798
1143, 0.00386832229560241
1144, 0.00414329844837387
1145, 0.00443997059483081
1146, 0.0113884228436897
1147, 0.00900642232348522
1148, 0.0108429012664904
1149, 0.00964965593690673
1150, 0.00781409116461873
1151, 0.00905774192263683
1152, 0.00782878575846553
1153, 0.00891806860454381
1154, 0.00911859810973207
1155, 0.00835314971793975
1156, 0.00867448436717192
1157, 0.00829877630652239
1158, 0.00909803466250499
1159, 0.00871823417643706
1160, 0.00421421607024968
1161, 0.0045412986073643
1162, 0.00597544643096626
1163, 0.00502004315300534
1164, 0.00557820110892256
1165, 0.00653046489848445
1166, 0.00365078519098461
1167, 0.00572737143374979
1168, 0.00418269719618062
1169, 0.00460306892637163
1170, 0.00509023755633583
1171, 0.0110270796964566
1172, 0.00951747285823027
1173, 0.0105063934655239
1174, 0.0100873330763231
1175, 0.00934374495409429
1176, 0.00937754063246151
1177, 0.00920685287564993
1178, 0.00932967835771186
1179, 0.00721635296940804
1180, 0.00899722762405872
1181, 0.00802695918052147
1182, 0.00900040240958333
1183, 0.00476551149040461
1184, 0.00678829503400872
1185, 0.0073897852950419
1186, 0.00532893436805656
1187, 0.00692389544565231
1188, 0.00624050836389263
1189, 0.0059215238240237
1190, 0.00604921688015262
1191, 0.00533549087898185
1192, 0.0110264318995178
1193, 0.0101266917772591
1194, 0.0101912240497768
1195, 0.0106490870627264
1196, 0.00958601796689133
1197, 0.00932586348305146
1198, 0.00966460891067982
1199, 0.00898120955874523
1200, 0.0085695202772816
1201, 0.0078840070636943
1202, 0.00678243367777516
1203, 0.00633970445155033
1204, 0.00659052655100822
1205, 0.007184626107725
1206, 0.00628501297129939
1207, 0.00553336241282523
1208, 0.0102630279337366
1209, 0.0104506236190597
1210, 0.00944664228397111
1211, 0.00985772455377238
1212, 0.0089763815049082
1213, 0.00846499352095028
1214, 0.00875206935840348
1215, 0.007699065176504
1216, 0.00830197483966393
1217, 0.00830696158421536
1218, 0.0069109412531058
1219, 0.00741824208359633
1220, 0.0100471797244002
1221, 0.00986709399148822
1222, 0.0107488655485213
1223, 0.00950916794439157
1224, 0.00898379250429571
1225, 0.00971557585788625
1226, 0.00829979477982436
1227, 0.0076860599219799
1228, 0.00911486296293636
1229, 0.00809440766461194
1230, 0.00716643496416509
1231, 0.00778079167939723
1232, 0.00737524162977934
1233, 0.00968704437837005
1234, 0.00954420398920774
1235, 0.00890797539614141
1236, 0.0100016851909459
1237, 0.00907139927148819
1238, 0.00840075155720115
1239, 0.0053134171369796
1240, 0.00454485481604934
