1, 0.00867700693197548
2, 0.0439145057462156
3, 0.00577864161459729
4, 0.0128499292768538
5, 0.0174051560461521
6, 0.0470758713781834
7, 0.00497663160786033
8, 0.0027891403879039
9, 0.0455562262795866
10, 0.00872790953144431
11, 0.0122112059034407
12, 0.0215504225343466
13, 0.00988420013648768
14, 0.011212509823963
15, 0.0117233220177392
16, 0.0119601114808271
17, 0.0121482635537783
18, 0.0125726484693587
19, 0.0132372404138247
20, 0.013698938380306
21, 0.0139116475669046
22, 0.013988378457725
23, 0.0139367408119142
24, 0.0138179489100973
25, 0.0139462776326885
26, 0.0153392183904847
27, 0.0217599916116645
28, 0.0334657497393588
29, 0.0407219392557939
30, 0.0266432010879119
31, 0.0149051762806873
32, 0.00770878931507468
33, 0.00560023484285921
34, 0.00760974618606269
35, 0.00950084292950729
36, 0.010557414808621
37, 0.0111279903600613
38, 0.0115159769387295
39, 0.0118774198926985
40, 0.0122125966008753
41, 0.0124792084097862
42, 0.0126520222208152
43, 0.0127555158299704
44, 0.0128128751336286
45, 0.0128349090615908
46, 0.0128482405561954
47, 0.0128545584933211
48, 0.0128585523149619
49, 0.0128510219510645
50, 0.0128459755796939
51, 0.0128443438027586
52, 0.0128276371397078
53, 0.0127926686157783
54, 0.0127521382334332
55, 0.0127122825942934
56, 0.0126842685664694
57, 0.0126756061799824
58, 0.0126776322722435
59, 0.0127095407806337
60, 0.012774350742499
61, 0.0128815198938052
62, 0.0130400288229187
63, 0.0132526579933862
64, 0.0135115406786402
65, 0.0138152463672062
66, 0.0141540397889912
67, 0.01450685892875
68, 0.0148624201926092
69, 0.0152094786365827
70, 0.0162430435884744
71, 0.0169598289454977
72, 0.0177594050765038
73, 0.0197977252925436
74, 0.0223319564635555
75, 0.0242518624290824
76, 0.0246253063281377
77, 0.0229249838739634
78, 0.0195531481876969
79, 0.0160753758003314
80, 0.0140685661075016
81, 0.0133239451485376
82, 0.012740137676398
83, 0.012282771213601
84, 0.0120175302339097
85, 0.011891009286046
86, 0.0117713233145575
87, 0.0114937244604031
88, 0.0110954853395621
89, 0.010914883731554
90, 0.0106323974517485
91, 0.00975962650651733
92, 0.00940436299424618
93, 0.00965550716500729
94, 0.00929820692787568
95, 0.00933599580700199
96, 0.0100331720896065
97, 0.0101461823408802
98, 0.0108226551674306
99, 0.0111013667968412
100, 0.0117915887385607
101, 0.0149610466323793
102, 0.0285192466108128
103, 0.0312786133339008
104, 0.0156306445909043
105, 0.0110446629114449
106, 0.00926852381477753
107, 0.00831488923480113
108, 0.00753919423247377
109, 0.00692423293367028
110, 0.00647970149293542
111, 0.00608305245017012
112, 0.0056496470545729
113, 0.00529205892235041
114, 0.00510203947002689
115, 0.00487283974265059
116, 0.00464260671287775
117, 0.00458486983552575
118, 0.0047045957762748
119, 0.00485932943411171
120, 0.00492318572166065
121, 0.00494976970367134
122, 0.00500820693559945
123, 0.00511552991035084
124, 0.00521874528688689
125, 0.00508443603757769
126, 0.00457596848718822
127, 0.00359785626642406
128, 0.0025071506582511
129, 0.00533771639068921
130, 0.0110543989576399
131, 0.0203561435143153
132, 0.0338766652469834
133, 0.0339383150761326
134, 0.0212476101393501
135, 0.0148500634046892
136, 0.0127837482529382
137, 0.0114702004939318
138, 0.0098798802521612
139, 0.00916195086513956
140, 0.00960616441443563
141, 0.0104557291294138
142, 0.0116225897024075
143, 0.0129828074326118
144, 0.0139986695721745
145, 0.0144035844132304
146, 0.0143090117101868
147, 0.013929369704177
148, 0.0134314720829328
149, 0.0129299581361314
150, 0.0125011627872785
151, 0.0121829531465968
152, 0.0119832376949489
153, 0.011892559317251
154, 0.0118796057067811
155, 0.0119182293613752
156, 0.0119891984698673
157, 0.0120675982907414
158, 0.0121345142833889
159, 0.0121922912076116
160, 0.0122472962830216
161, 0.0122860292904079
162, 0.0124105635719995
163, 0.0125208725221455
164, 0.0126158820154766
165, 0.0127019910141826
166, 0.0127687483715514
167, 0.0128175046605368
168, 0.0128473467193544
169, 0.0128537144046277
170, 0.00806403330837687
171, 0.0135575559300681
172, 0.0230979562426607
173, 0.0376586591204007
174, 0.0398189288874467
175, 0.0243418260167042
176, 0.0118600941884021
177, 0.00498469771506886
178, 0.00506774708628654
179, 0.0052760453739514
180, 0.00555817402588824
181, 0.00591198711966475
182, 0.00639712934692701
183, 0.00711238531706234
184, 0.00830169689531128
185, 0.0105500638795396
186, 0.016215368018796
187, 0.0206553095486015
188, 0.0272349181274573
189, 0.0284477531289061
190, 0.0302615618954102
191, 0.0282128301138679
192, 0.0211979591598113
193, 0.0144501162382464
194, 0.0116262856560449
195, 0.0103301623215278
196, 0.00976491172332317
197, 0.00978567373628418
198, 0.0109177252161317
199, 0.00570519077591598
200, 0.0139057267612467
201, 0.0141203430636475
202, 0.0142702289546529
203, 0.014323932894816
204, 0.0146026047101865
205, 0.0162296327762306
206, 0.0215516130750378
207, 0.0318308612331748
208, 0.0316299078986049
209, 0.0404596865177155
210, 0.0201731445267797
211, 0.0124637309927493
212, 0.0121354088187218
213, 0.0117844368020693
214, 0.0114747502375394
215, 0.0111345071345568
216, 0.0105347455634425
217, 0.00929502840153873
218, 0.00740220277414968
219, 0.0151303832729657
220, 0.0147149388988813
221, 0.0143402445440491
222, 0.013983411481604
223, 0.0136570555623621
224, 0.0133759800810367
225, 0.0131440982222557
226, 0.0129619465830425
227, 0.0128309153175602
228, 0.0127450452807049
229, 0.0126957717196395
230, 0.0126781087989608
231, 0.0126831557136029
232, 0.0127035402692854
233, 0.012735031467552
234, 0.0127759002304325
235, 0.012811881567662
236, 0.0141576955405374
237, 0.0160461692915608
238, 0.0193102201446891
239, 0.0226137881788115
240, 0.0243323494990667
241, 0.0239715621185799
242, 0.0220406494724254
243, 0.0195270016168555
244, 0.0175037214842935
245, 0.016431433459123
246, 0.0135929414536804
247, 0.0145275624624143
248, 0.0155852069146931
249, 0.0181321737666925
250, 0.0130533803409586
251, 0.0148291420191526
252, 0.0236340809303025
253, 0.0142475593990336
254, 0.0126958514253298
255, 0.0128188955131918
256, 0.0117410046514124
257, 0.0115674356153856
258, 0.0104274968616664
259, 0.0128302599303424
260, 0.0123724961498131
261, 0.0120183452963829
262, 0.0113587598316371
263, 0.0109698598583539
264, 0.0128740097085635
265, 0.0145726232634236
266, 0.0127682515885681
267, 0.0127097989898175
268, 0.0126984736416489
269, 0.0127073149972906
270, 0.0127428794124474
271, 0.0138154254139711
272, 0.013261360504354
273, 0.0129130112472922
274, 0.0127344357315451
275, 0.0128113850175093
276, 0.0135132893143843
277, 0.0130634732389202
278, 0.0155826594680548
279, 0.0141722786550721
280, 0.0150010217912495
281, 0.0133688473142684
282, 0.0108170923000822
283, 0.0124200208423038
284, 0.0128274979845931
285, 0.020955546759069
286, 0.0168455467404177
287, 0.0231348122470081
288, 0.0240414595852296
289, 0.0201617713707189
290, 0.022986636031419
291, 0.0184895829297602
292, 0.0167372454889119
293, 0.0128039940415571
294, 0.010699155041948
295, 0.015785492490977
296, 0.0164809853304178
297, 0.0273065217770636
298, 0.03036807399864
299, 0.0133679736560831
300, 0.0124086564561973
301, 0.0119450710092982
302, 0.0146705536947896
303, 0.016655050838987
304, 0.015203379560262
305, 0.0201351878543695
306, 0.0259004278729359
307, 0.0138640233781189
308, 0.0126817250469079
309, 0.0128640355542302
310, 0.0128851557771365
311, 0.0128799702506512
312, 0.0128556717342387
313, 0.0128677114844322
314, 0.0128467505176862
315, 0.0129389787713687
316, 0.0122642339362452
317, 0.0119820256562283
318, 0.0120288551940272
319, 0.0119591770538439
320, 0.011901300943767
321, 0.0149273305820922
322, 0.0144209490778546
323, 0.0140033587813377
324, 0.0136669699568301
325, 0.0130162866165241
326, 0.0128974743808309
327, 0.0131807554668436
328, 0.0133973582802961
329, 0.0128179614742597
330, 0.0127641786045084
331, 0.0127379123587161
332, 0.0127332429401577
333, 0.0127472304739058
334, 0.0127735959055523
335, 0.0146195319636414
336, 0.00988767715170979
337, 0.012181721162051
338, 0.013144495508944
339, 0.00931098628789187
340, 0.0120480081532151
341, 0.0119045398508509
342, 0.0112966116673003
343, 0.0236908855537574
344, 0.0221470245160162
345, 0.0234586450581749
346, 0.0211924746011694
347, 0.0158837895973452
348, 0.0197563009957472
349, 0.0175102786161005
350, 0.0136532404770454
351, 0.0128015107475221
352, 0.0154659299179912
353, 0.032216839492321
354, 0.0115843437767277
355, 0.00954090038846646
356, 0.0128292210533151
357, 0.0316061625878016
358, 0.0128161249948399
359, 0.0137531187695762
360, 0.0122521544496218
361, 0.0176852378062904
362, 0.0128288296982646
363, 0.0142354397879293
364, 0.0155643255760272
365, 0.0219495931329827
366, 0.027478679548949
367, 0.0127690255176276
368, 0.0126150275270144
369, 0.0123643896076828
370, 0.0129226272304853
371, 0.0129913911999514
372, 0.0128647313298037
373, 0.0128940170009931
374, 0.0128431346577903
375, 0.0128738704758386
376, 0.0129456940727929
377, 0.0122280541496972
378, 0.0121413491045435
379, 0.0135542773641646
380, 0.0138560358124475
381, 0.0147878357674927
382, 0.0127843240431199
383, 0.0142587051571657
384, 0.0128430157589416
385, 0.0133214618545026
386, 0.0131414160132408
387, 0.0128043522126973
388, 0.0127850197410832
389, 0.0129079050384462
390, 0.0130061933305115
391, 0.0127944371973475
392, 0.0178733696229756
393, 0.0127777681530764
394, 0.0112000921120246
395, 0.0101142743757615
396, 0.0116510011721402
397, 0.0123098117765039
398, 0.0239219117599229
399, 0.0165345297815899
400, 0.0233264821581542
401, 0.0211370036316415
402, 0.0185467229845623
403, 0.0139887356975426
404, 0.0125211499786625
405, 0.0152764942031354
406, 0.0115779663901776
407, 0.01058455525587
408, 0.0128432536342492
409, 0.0116380276158452
410, 0.0312144605753322
411, 0.0312560847960413
412, 0.0135765293768297
413, 0.0125276866989831
414, 0.0142265385948122
415, 0.0132187233927349
416, 0.0188229518632094
417, 0.0147485367488116
418, 0.0234365702296297
419, 0.0131959540303797
420, 0.012536786419029
421, 0.0129812782785545
422, 0.0129346079193056
423, 0.0128517410717905
424, 0.0128878381635462
425, 0.013011855383714
426, 0.0130250480336448
427, 0.0283977035433054
428, 0.0128458565256248
429, 0.0137442174212386
430, 0.0140869841755678
431, 0.0134913353249431
432, 0.0132970039267093
433, 0.0131425284780562
434, 0.0128586320206523
435, 0.0128876398472736
436, 0.0130261805995057
437, 0.0129412837171306
438, 0.0128443664095054
439, 0.0128388427353154
440, 0.0125522039209803
441, 0.0222457093186677
442, 0.0135052429201702
443, 0.0123615090269595
444, 0.0121366801516463
445, 0.0228646045240263
446, 0.0201319695139925
447, 0.0160955426593622
448, 0.0173578488950928
449, 0.0129147198361655
450, 0.0156080944774052
451, 0.0131979214493185
452, 0.0119162422294418
453, 0.0190712249216934
454, 0.0105795086516688
455, 0.0104911177019988
456, 0.00986430840566754
457, 0.0147703399748674
458, 0.0155662324279547
459, 0.0116774663329124
460, 0.0128291634842753
461, 0.0123826684430242
462, 0.0146043520265569
463, 0.0127898678183556
464, 0.0308817668507497
465, 0.0147783982101828
466, 0.0136128492498149
467, 0.0160457325788836
468, 0.0246270149946213
469, 0.0130512344185263
470, 0.0129284407012165
471, 0.0129895035643131
472, 0.0130741024234643
473, 0.0130415977134059
474, 0.0125252629319827
475, 0.0128165108617395
476, 0.0140320286930849
477, 0.0137186072922001
478, 0.0134867652474592
479, 0.0130685395561159
480, 0.0131725293273727
481, 0.0133108914208909
482, 0.0129498268167178
483, 0.0129966565097372
484, 0.0129222893156111
485, 0.0129017455813785
486, 0.013385854428634
487, 0.0288625014945865
488, 0.0126068817141155
489, 0.0242282593001922
490, 0.0144409765489399
491, 0.0115819796919823
492, 0.0191767051195105
493, 0.0136425123394777
494, 0.0203469044839342
495, 0.0163679551333189
496, 0.0148325191500286
497, 0.0232317096864184
498, 0.0139226744261881
499, 0.0122933213909467
500, 0.0126911024563015
501, 0.0144343403168023
502, 0.0107145531413456
503, 0.0305717443116009
504, 0.0128898844122887
505, 0.01192611688748
506, 0.0118923610231529
507, 0.0293266226847967
508, 0.016222062210242
509, 0.0109351186081767
510, 0.0178557860199362
511, 0.0154706465546042
512, 0.0129595623196413
513, 0.0139079520013183
514, 0.019815627951175
515, 0.0303738565805058
516, 0.0162636077341934
517, 0.0131158855122825
518, 0.0130563802085817
519, 0.0129682868719101
520, 0.0131298922157536
521, 0.0130589626884709
522, 0.0126462800738712
523, 0.0142289254415248
524, 0.0137282435316592
525, 0.0135107859969139
526, 0.0131242300073306
527, 0.0132183851674199
528, 0.0130585262086242
529, 0.0133501909052332
530, 0.0130123122750471
531, 0.0129832049521307
532, 0.0133416280926516
533, 0.0221969926108917
534, 0.0171296035405248
535, 0.0286186590480308
536, 0.0128444457271447
537, 0.0143844910586874
538, 0.0157299268369873
539, 0.0240926598198712
540, 0.0243260913218061
541, 0.0151059655472636
542, 0.0128586517336468
543, 0.0137195809899519
544, 0.0279065428301692
545, 0.0112224674916693
546, 0.0240501889160701
547, 0.0208894052941884
548, 0.0267518463411501
549, 0.0118450906127691
550, 0.0123587074534347
551, 0.0142424130657067
552, 0.0192704837148388
553, 0.0132021339765439
554, 0.0143160255004962
555, 0.0164069358725101
556, 0.0251345875052114
557, 0.0289803401877483
558, 0.0131361312232912
559, 0.0131941066744427
560, 0.0130546710764368
561, 0.0202756960255404
562, 0.0131815298615644
563, 0.0129369325004518
564, 0.0137531782966107
565, 0.0132846257959803
566, 0.0131924574573835
567, 0.0135566021781415
568, 0.0134047691244632
569, 0.0131110177996258
570, 0.0131370052695274
571, 0.0130533480085433
572, 0.0140724404870222
573, 0.0181555178326865
574, 0.0216809157282114
575, 0.0124277696013451
576, 0.0159821341124674
577, 0.0242252590445181
578, 0.0213567257548372
579, 0.0184455149962256
580, 0.0136127098618696
581, 0.0129862652005007
582, 0.0141537608578801
583, 0.0269117888063192
584, 0.0235115336254239
585, 0.0143519066429387
586, 0.0132124250909934
587, 0.0209451157910128
588, 0.0141741865469764
589, 0.0163244641541193
590, 0.027471428271383
591, 0.0132324127480388
592, 0.0132723479376485
593, 0.0132408564289411
594, 0.0172972714838882
595, 0.0278517459519207
596, 0.013834975582237
597, 0.0133589333854616
598, 0.0134731159390261
599, 0.0136187893028061
600, 0.0132560075393745
601, 0.014937780952702
602, 0.0142724542723348
603, 0.0248208291207751
604, 0.0252448764319221
605, 0.0199619168415666
606, 0.0205208497742812
607, 0.0230836506622533
608, 0.0167948715388775
609, 0.0143458274348329
610, 0.0133197136068096
611, 0.0133000241282086
612, 0.0153210364681269
613, 0.0230686363897153
614, 0.0131351378125449
615, 0.0190375741305096
616, 0.0135434695209066
617, 0.0133372369067123
618, 0.013679010172685
619, 0.0134234253006677
620, 0.017077667095388
621, 0.0253529394976795
622, 0.0131062975020281
623, 0.0254360289933781
624, 0.0152922413311899
625, 0.0244470482381682
626, 0.0209681626098851
627, 0.0172227457320939
628, 0.013362271245569
629, 0.0137149516958743
630, 0.016767218708992
631, 0.0139097794890404
632, 0.0145928886098166
633, 0.0269258675786356
634, 0.0239456741449734
635, 0.0154670505629232
636, 0.0133598271446923
637, 0.0149462645252546
638, 0.0186457673087716
639, 0.0225640814751387
640, 0.0222173576864103
641, 0.013436939381063
642, 0.0257707488102218
643, 0.0135890101082623
644, 0.013743919863676
645, 0.0141441373154521
646, 0.0215292805805802
647, 0.0135016267498334
648, 0.0195048688910902
649, 0.0135664365564783
650, 0.0258807589610418
651, 0.0234940696197251
652, 0.0239411039898793
653, 0.0158456393983215
654, 0.0226529077626765
655, 0.013882639631629
656, 0.0256610559299588
657, 0.0263455556705594
658, 0.0152148374223283
659, 0.0140559894498438
660, 0.0263078090335642
661, 0.0180713169587155
662, 0.0228351595190664
663, 0.0183235636601845
664, 0.0137004874801884
665, 0.0186768088489771
666, 0.0145462774671614
667, 0.0261467743354539
668, 0.0218181987958295
669, 0.0167981018312275
670, 0.0174295931744079
671, 0.0259768530726433
672, 0.0144009811338037
673, 0.02226367018496
674, 0.0137916590087116
675, 0.0340922903269529
676, 0.0136493865090112
677, 0.0206289673889322
678, 0.0078587745471547
679, 0.011243007844314
680, 0.0118514718487859
681, 0.0120960495745142
682, 0.0125126269025107
683, 0.0125867947159956
684, 0.0127125207024316
685, 0.0132536713499576
686, 0.0137583839241415
687, 0.0139035014435649
688, 0.0138118692363302
689, 0.0136609895465275
690, 0.0141904974201073
691, 0.0158149828979125
692, 0.0227653828139106
693, 0.0114235501581182
694, 0.0108619745199879
695, 0.0105307515089711
696, 0.0100299929423879
697, 0.00963058221774797
698, 0.00489693980974456
699, 0.00487665451752643
700, 0.00482638781735053
701, 0.00483238790184259
702, 0.00503299726794163
703, 0.00542708346620202
704, 0.00577706203330308
705, 0.00598146618964771
706, 0.00631382168891529
707, 0.00678229432863494
708, 0.00719652670280387
709, 0.00772072987941404
710, 0.00843721771767984
711, 0.0094354166649282
712, 0.0110434111362944
713, 0.0147151177128156
714, 0.0218107139226049
715, 0.00501672523872306
716, 0.00465802440885454
717, 0.00437990915573512
718, 0.00434217929917698
719, 0.0126292929829409
720, 0.013738276824976
721, 0.0157392567821911
722, 0.0121961258507023
723, 0.0132263922132552
724, 0.0131978616118431
725, 0.0136497040123989
726, 0.0141215742720912
727, 0.012843055340151
728, 0.0151198334836711
729, 0.0136288627206037
730, 0.0136184518535932
731, 0.0129147593397647
732, 0.013066155059884
733, 0.00489223100400219
734, 0.00917967315763235
735, 0.0119269308634102
736, 0.00600139404802273
737, 0.00722841561461488
738, 0.00510144342357914
739, 0.00705321769540509
740, 0.00751865018780033
741, 0.0079753608442843
742, 0.00532204017508775
743, 0.00558277075955023
744, 0.00658238054408381
745, 0.00849149740921954
746, 0.0149506553231428
747, 0.0101720308884978
748, 0.0121325872217615
749, 0.0113269308737169
750, 0.0104850944286833
751, 0.0200511497445405
752, 0.0152100153112163
753, 0.0118715987385561
754, 0.0109901446073006
755, 0.00516074992871533
756, 0.00506629639615615
757, 0.00557478385356565
758, 0.0110685336403549
759, 0.0193553179768579
760, 0.0130075837951154
761, 0.0102674981047
762, 0.0177646901458502
763, 0.0135664762929082
764, 0.0132790628510217
765, 0.0134191731146226
766, 0.0131060901718835
767, 0.0132396242115647
768, 0.0136621218019476
769, 0.0139576415531337
770, 0.0126788641791791
771, 0.0145701594495525
772, 0.0137345813369999
773, 0.0133456613402814
774, 0.00492737787620475
775, 0.00866186750742296
776, 0.00837395751538376
777, 0.00878614334700008
778, 0.00921952864155173
779, 0.00779001077171415
780, 0.00724204521005352
781, 0.00675124065795292
782, 0.00617641334732374
783, 0.00560158592027922
784, 0.0126026090389738
785, 0.00995091729176541
786, 0.0109842238016427
787, 0.0153324226072679
788, 0.00607357550567637
789, 0.0131499396326641
790, 0.0124484124438216
791, 0.0117821515693019
792, 0.0116741846847747
793, 0.0163861140608788
794, 0.00531844410579652
795, 0.00494535067118704
796, 0.0101152912713587
797, 0.00506762752775103
798, 0.004894376732409
799, 0.0148139028654744
800, 0.0159415880750333
801, 0.0142846924718469
802, 0.0141331578294436
803, 0.0134452208100508
804, 0.0137237533926964
805, 0.0129527671573063
806, 0.0130538563244045
807, 0.0128289678444465
808, 0.0128649102213482
809, 0.0138974016687522
810, 0.00516367055630932
811, 0.0135134283918887
812, 0.0149881463342657
813, 0.0106683586879323
814, 0.0115948534415414
815, 0.0101626531686634
816, 0.0100942469046762
817, 0.00980017745556931
818, 0.00908237881958485
819, 0.00652361040314039
820, 0.00856199037904541
821, 0.00808708051530023
822, 0.00738076524188121
823, 0.0131160834959398
824, 0.0117021818645298
825, 0.0136372272390872
826, 0.00709017245875051
827, 0.00709627219475806
828, 0.00609378163547566
829, 0.0138717916949342
830, 0.0129209609835276
831, 0.0121677181683481
832, 0.00539663969539106
833, 0.0128485385794193
834, 0.0141701126315941
835, 0.0144730232811222
836, 0.0141359992946188
837, 0.01340822611625
838, 0.0131824833806604
839, 0.012671711233755
840, 0.0124161061830819
841, 0.012227557056273
842, 0.00582846118292461
843, 0.00495820143260062
844, 0.0126570086771001
845, 0.011725944156448
846, 0.0132394056612005
847, 0.0129244152922183
848, 0.0114213246076057
849, 0.0145169346194182
850, 0.0110545971741279
851, 0.0104712067792813
852, 0.00989459129050374
853, 0.00792070365666101
854, 0.00940446206368506
855, 0.00874217490976056
856, 0.0133043158178528
857, 0.0138438170154889
858, 0.00766274073560323
859, 0.00627460614778101
860, 0.0149755261838436
861, 0.0070251637759308
862, 0.0116320074691127
863, 0.0141014567842441
864, 0.0142171168699861
865, 0.0123759335838258
866, 0.0141730812378228
867, 0.0137395485459516
868, 0.0128706515145799
869, 0.0133366266797696
870, 0.0121974563226104
871, 0.0134279751218855
872, 0.0126948776499679
873, 0.0139897487436732
874, 0.0119890983526905
875, 0.0120219207213571
876, 0.00955101032741368
877, 0.0115553354068349
878, 0.0111616869301846
879, 0.0106613258055101
880, 0.0101886010573556
881, 0.0118635319328556
882, 0.00908764393534511
883, 0.0112289385204869
884, 0.0112912081337223
885, 0.0121981920674443
886, 0.0084191180455188
887, 0.00873176427558064
888, 0.00948772616684437
889, 0.0137728675423811
890, 0.0103713534772396
891, 0.0105187514952073
892, 0.0139969849959016
893, 0.0233624026711498
894, 0.0128518366254866
895, 0.0119799200911075
896, 0.0101366066373885
897, 0.0135672519293924
898, 0.015685303369537
899, 0.0227101403953774
900, 0.0121164745651186
901, 0.0128532868499557
902, 0.0128533664780358
903, 0.0128590291521202
904, 0.0120425048129012
905, 0.0128347300148259
906, 0.0119533954809109
907, 0.0126978183009972
908, 0.0124814931768924
909, 0.012213033856824
910, 0.0115651311352849
911, 0.0142145776965966
912, 0.0139106933493167
913, 0.0130085569495956
914, 0.0118362326174974
915, 0.0108848631692429
916, 0.0101539907045662
917, 0.0127383496922751
918, 0.0126602080805848
919, 0.0125681983772665
920, 0.0124632742566367
921, 0.0123478395398706
922, 0.0119424086684982
923, 0.0128023450573285
924, 0.0127610391937196
925, 0.0120341601626327
926, 0.0122067951597273
927, 0.0125915630875776
928, 0.0124380812048912
929, 0.0128555320358525
930, 0.0132949179969728
931, 0.0119176133691023
932, 0.0137332504770408
933, 0.0140860703152915
934, 0.0111701311543584
935, 0.0106852867950996
936, 0.00996711019737025
937, 0.00891149199257294
938, 0.00827057183986264
939, 0.00657801744528115
940, 0.0151840279189249
941, 0.0121467732048283
942, 0.0157678158332904
943, 0.0179115807637572
944, 0.0109866397455335
945, 0.0364180156961083
946, 0.0128440028056502
947, 0.0123801056761295
948, 0.012822670241197
949, 0.0127257729570071
950, 0.0107785086147487
951, 0.0111829656331489
952, 0.0118893405112127
953, 0.0115585944149643
954, 0.0103283939727892
955, 0.00982777463893096
956, 0.0127868479272972
957, 0.0128453993238509
958, 0.0128490948894372
959, 0.0126476311124861
960, 0.0125354751944542
961, 0.0121654491716375
962, 0.0127947159732381
963, 0.0125101629334191
964, 0.0128490474075079
965, 0.0126985335567345
966, 0.0128361808601767
967, 0.0126073782642682
968, 0.0121852182007084
969, 0.0120134771956752
970, 0.0129173423629254
971, 0.0143122302833945
972, 0.0126703604279707
973, 0.0122595650609583
974, 0.0138307833888878
975, 0.0121487595606595
976, 0.0122411273575077
977, 0.0122145043375591
978, 0.0142376648727804
979, 0.0119993110032131
980, 0.012542091232414
981, 0.0136942686513066
982, 0.0122701429761946
983, 0.0120734986073027
984, 0.0119841319974512
985, 0.0120851022657007
986, 0.0133600657961021
987, 0.0123751016466745
988, 0.0119052807401334
989, 0.0158295858030518
990, 0.0133363546005317
991, 0.0136732487007976
992, 0.0182431568391621
993, 0.00991581085448464
994, 0.0127629267517477
995, 0.0126121866051108
996, 0.012701772696649
997, 0.0121170102308194
998, 0.0115295670305689
999, 0.0123321834641198
1000, 0.0124945069352786
1001, 0.0118455508879075
1002, 0.0128006959954898
1003, 0.0128257696051151
1004, 0.0111757141227523
1005, 0.0108305828956266
1006, 0.0128316665999591
1007, 0.0105377057722459
1008, 0.0104060190108915
1009, 0.0127657675184309
1010, 0.0126414720434695
1011, 0.01253779962038
1012, 0.0122796725481749
1013, 0.0118686976687362
1014, 0.0120427634101361
1015, 0.0118796249541144
1016, 0.0119537137604008
1017, 0.0119465411019822
1018, 0.0121431367782255
1019, 0.0122405310006191
1020, 0.0123166863340884
1021, 0.0147278334479779
1022, 0.0144889187067747
1023, 0.0150522415836652
1024, 0.0121825362245242
1025, 0.0137465024211754
1026, 0.0130920236309369
1027, 0.0125650388654321
1028, 0.012331130526339
1029, 0.0124451658688486
1030, 0.0135826613754034
1031, 0.0110994600690901
1032, 0.0187495585220555
1033, 0.0119264318075563
1034, 0.0124376015072422
1035, 0.0159918946613158
1036, 0.0127901373697179
1037, 0.012727163421611
1038, 0.0127703569984684
1039, 0.0121002615584681
1040, 0.0118333320133388
1041, 0.0124619822793951
1042, 0.0123159311090906
1043, 0.0125775958100955
1044, 0.0126674994050215
1045, 0.0115317123321195
1046, 0.0109268449402104
1047, 0.01121209274667
1048, 0.0108155233319849
1049, 0.0128170078775535
1050, 0.0125669459812343
1051, 0.0127227924919377
1052, 0.0107485672148565
1053, 0.0123741257314881
1054, 0.0137454493281742
1055, 0.0129238786951949
1056, 0.0148724941536784
1057, 0.0116983673845728
1058, 0.0120205705364545
1059, 0.0118494252674282
1060, 0.0121820593097558
1061, 0.0115946951167037
1062, 0.0122970168789228
1063, 0.0123075470328331
1064, 0.0124167571110385
1065, 0.0160810970701277
1066, 0.0116159541066736
1067, 0.0118474981281906
1068, 0.0105644246563315
1069, 0.0112538953932623
1070, 0.0126799537933299
1071, 0.012628418703874
1072, 0.0121313554700464
1073, 0.0123152514919639
1074, 0.0118756915132205
1075, 0.0124130467884243
1076, 0.0125283368064889
1077, 0.0115976153562466
1078, 0.0113204137887806
1079, 0.01108461812449
1080, 0.0126653534049789
1081, 0.0137819273707767
1082, 0.0110584520734847
1083, 0.0152904414571822
1084, 0.0124639100395143
1085, 0.012815219272549
1086, 0.0119576479773968
1087, 0.0117193680101385
1088, 0.0122047688678971
1089, 0.012361707786719
1090, 0.0124322441406548
1091, 0.0114933870111903
1092, 0.0121115670384218
1093, 0.011318486649543
1094, 0.011607291487356
1095, 0.0113107579139372
1096, 0.0111790524485211
1097, 0.0170669776077072
1098, 0.0172155920105676
1099, 0.0116811816891034
1100, 0.0125624958115319
1101, 0.0125276590697467
1102, 0.013787113285313
1103, 0.0127363226376474
1104, 0.0125786484374354
1105, 0.0127118453383446
1106, 0.0124890111386776
1107, 0.01544763885128
1108, 0.0152355220168829
1109, 0.0136902754505475
1110, 0.0125350382489463
1111, 0.0119285013061017
1112, 0.0114826469682157
1113, 0.015374683154126
1114, 0.0127909801279505
1115, 0.00726737421272056
1116, 0.00271251248195767
1117, 0.0111645084495346
1118, 0.016594770597294
1119, 0.0214448616995166
1120, 0.0294576343148947
1121, 0.0311254730137686
1122, 0.0393087739745776
1123, 0.00506126973778009
1124, 0.00452019854371126
1125, 0.00374241730120654
1126, 0.0136926202879598
1127, 0.0102839690322677
1128, 0.00826458295341581
1129, 0.00702937587630004
1130, 0.00624849511465679
1131, 0.00575008099743475
1132, 0.0054355871786053
1133, 0.00521187103974323
1134, 0.0121078712400049
1135, 0.0150487647236635
1136, 0.0208116018523773
1137, 0.0275061385085185
1138, 0.0298298651662966
1139, 0.0276865616130332
1140, 0.0245483573526144
1141, 0.0169018337813516
1142, 0.0233855289407074
1143, 0.00617414821560184
1144, 0.00857740803621709
1145, 0.00710076237252603
1146, 0.0107401828281581
1147, 0.00567267447089155
1148, 0.0286771515384316
1149, 0.0169927501895775
1150, 0.0283274515531957
1151, 0.0250144653643171
1152, 0.0108215591870248
1153, 0.0231381693544487
1154, 0.0208410668807725
1155, 0.00529404586025824
1156, 0.00714859047106334
1157, 0.00529259536415339
1158, 0.00518660652451217
1159, 0.00576573726721108
1160, 0.0132503365831716
1161, 0.00539381259919277
1162, 0.0161082950154585
1163, 0.0234888242557645
1164, 0.0136264930811844
1165, 0.0187946350313723
1166, 0.0251151765696704
1167, 0.00567245581187308
1168, 0.030590500527372
1169, 0.00714276385648797
1170, 0.00883931111699591
1171, 0.0061582934577018
1172, 0.01140056271106
1173, 0.00562830874696374
1174, 0.0296361902728677
1175, 0.0273401982461413
1176, 0.0222081777950128
1177, 0.0261623228767088
1178, 0.0168334621536945
1179, 0.00549904602424552
1180, 0.021798830293119
1181, 0.00615303983379688
1182, 0.0324951082778474
1183, 0.0116934402224918
1184, 0.00724339644269397
1185, 0.00902931089513004
1186, 0.0309149278327823
1187, 0.0145478514023125
1188, 0.00672958422607432
1189, 0.015808108728379
1190, 0.0260942022626599
1191, 0.0195611945043008
1192, 0.0126945318521133
1193, 0.00906763664291551
1194, 0.030303031206131
1195, 0.0172214735454569
1196, 0.0073923603631556
1197, 0.00950879876368812
1198, 0.0118644018657506
1199, 0.0304154410647849
1200, 0.0245246422876205
1201, 0.0145835503159712
1202, 0.0280002799505989
1203, 0.00837761307290445
1204, 0.0121299847960472
1205, 0.0301192654296756
1206, 0.01849760968859
1207, 0.0215729715613027
1208, 0.0107542294077575
1209, 0.0143848684616387
