1, 0.00979185290634632
2, 0.034384555183351
3, 0.0051992543740198
4, 0.0124896785710007
5, 0.0156143931671977
6, 0.0221470631659031
7, 0.00504028878640383
8, 0.00240352805121802
9, 0.0352416392415762
10, 0.00849896832369268
11, 0.0118080405518413
12, 0.0201363600790501
13, 0.0102108734815071
14, 0.0108606435048083
15, 0.0114480474342903
16, 0.0119818473079552
17, 0.0124655591013531
18, 0.0128733542903016
19, 0.0131882252947738
20, 0.0133873648010194
21, 0.0134729965745161
22, 0.0134551147930324
23, 0.0133722052754213
24, 0.0132953152836611
25, 0.0134104910151412
26, 0.014306825818494
27, 0.0182407534836481
28, 0.0263767295206587
29, 0.0306362382446726
30, 0.0189483196785053
31, 0.0115526531202098
32, 0.00691072223708034
33, 0.00492028488467137
34, 0.00693269698725392
35, 0.00893634712944428
36, 0.0102271457047512
37, 0.0110484380275011
38, 0.0115695614367723
39, 0.0119002678742011
40, 0.0121049105655402
41, 0.0122406703109543
42, 0.0123311900533736
43, 0.012394310751309
44, 0.0124399486618737
45, 0.0124681416588525
46, 0.0124828443707277
47, 0.0124925603158772
48, 0.0124952620050559
49, 0.0124933742918074
50, 0.0124914673312257
51, 0.0124882143656058
52, 0.0124811752078434
53, 0.0124647244811058
54, 0.0124414786696434
55, 0.0124208160365621
56, 0.0124075436033309
57, 0.0124078219135602
58, 0.0124230408109725
59, 0.0124621813495954
60, 0.0125297332803408
61, 0.012627762897561
62, 0.0127615554568668
63, 0.0129330977797508
64, 0.0131473963459333
65, 0.0134051667215923
66, 0.0137037057429552
67, 0.0140380884210269
68, 0.0143947230341534
69, 0.0147472651054462
70, 0.0152290198020637
71, 0.0154428509995341
72, 0.0154448379762471
73, 0.0155450928335389
74, 0.0156540495033065
75, 0.0157186213570337
76, 0.0156363667920232
77, 0.0153681864030659
78, 0.0150115514794985
79, 0.0145625700242817
80, 0.0140557714427511
81, 0.0135411840553085
82, 0.0130402670862774
83, 0.012555800533543
84, 0.0121048716828227
85, 0.0116921287650863
86, 0.0113110961392522
87, 0.0109837472749253
88, 0.0107024139724672
89, 0.010461809579283
90, 0.0102585967009266
91, 0.0100909085012972
92, 0.0100857929792255
93, 0.0100434439955279
94, 0.00999065410966674
95, 0.0101623552230497
96, 0.0104333578298489
97, 0.0108501928237577
98, 0.0115036191418767
99, 0.0125483297742903
100, 0.0143654371301333
101, 0.0189303578808904
102, 0.0192497696261853
103, 0.0169719089753926
104, 0.0113859195262194
105, 0.00915106323858102
106, 0.0080399924578766
107, 0.00736737375458082
108, 0.00688791383678714
109, 0.0064874899884065
110, 0.0061159145552665
111, 0.0057526440359652
112, 0.0053957710818698
113, 0.00506834282229344
114, 0.0047931681231906
115, 0.00459289643913507
116, 0.00447948874595265
117, 0.00446256110444665
118, 0.00453190117453535
119, 0.00465814388977985
120, 0.00480787067984541
121, 0.00495731939251224
122, 0.00507162604480982
123, 0.00513607356697321
124, 0.00513635172198216
125, 0.00497428665403277
126, 0.00446198473218828
127, 0.00343527470249683
128, 0.00223684357479215
129, 0.00446887927440306
130, 0.00910210811222593
131, 0.0162757273452977
132, 0.0264870372290413
133, 0.0264555462636054
134, 0.0177762938352923
135, 0.0138956138398498
136, 0.0123376668586085
137, 0.0110816382803023
138, 0.00958671108154314
139, 0.00894332102810343
140, 0.00943470140919089
141, 0.0103019098751247
142, 0.0113874298209945
143, 0.0125238519782821
144, 0.0133616155944765
145, 0.0137370452284813
146, 0.0137108986576398
147, 0.0134193133562803
148, 0.0130043059277038
149, 0.0125631115709742
150, 0.0121659060629706
151, 0.0118693136610091
152, 0.0116717843338847
153, 0.0115736351969341
154, 0.0115506675404807
155, 0.0115765358010928
156, 0.0116330015783509
157, 0.011699838253359
158, 0.0117583301228782
159, 0.0117964368934433
160, 0.0118450248846784
161, 0.0118872347908715
162, 0.0120109339865545
163, 0.0121262495716413
164, 0.0122280941965679
165, 0.0123116203273336
166, 0.0123805628779034
167, 0.0124327763915062
168, 0.0124683406514426
169, 0.012486728373915
170, 0.00704348219248156
171, 0.0115013547862569
172, 0.0186608675867319
173, 0.0299288490787148
174, 0.0297218592216571
175, 0.018178743775934
176, 0.00958299823105335
177, 0.00444030847089986
178, 0.00512194726616144
179, 0.00526690576225519
180, 0.00544873951002955
181, 0.00571008631959558
182, 0.00613856424267093
183, 0.00683387244741122
184, 0.00802358170039952
185, 0.0102482261136174
186, 0.0154219893738627
187, 0.0185991863254458
188, 0.0216939495876431
189, 0.0203208557019631
190, 0.0203255449111263
191, 0.0186973440771302
192, 0.0152459968812764
193, 0.0127937818566958
194, 0.0112528026414414
195, 0.00998354113350312
196, 0.00945621903520077
197, 0.0106086151984831
198, 0.00948794328724034
199, 0.00535948351025581
200, 0.013641082138444
201, 0.0137750931705038
202, 0.0138309026757876
203, 0.0138546453478436
204, 0.0139688279014081
205, 0.0146091408872356
206, 0.0170450443401933
207, 0.0226943365165166
208, 0.0234642588932599
209, 0.030831248126924
210, 0.0147631361947528
211, 0.0123608134842167
212, 0.0122280341262619
213, 0.0119958537785957
214, 0.0116040722932667
215, 0.0109901642426848
216, 0.010040583088994
217, 0.00862751548023274
218, 0.00686888004808376
219, 0.0146011936012655
220, 0.0142238165717572
221, 0.0138738774694502
222, 0.0135568603097151
223, 0.013275228595982
224, 0.013040147566547
225, 0.0128459158198287
226, 0.0126944008128097
227, 0.0125791853448997
228, 0.0124976457251857
229, 0.0124463063354293
230, 0.0124190869585921
231, 0.0124089145101607
232, 0.0124170804241051
233, 0.0124326375468324
234, 0.0124549293735375
235, 0.0124749169529726
236, 0.0139778678615888
237, 0.0144450693236043
238, 0.0148678448361655
239, 0.0151751271138589
240, 0.0153865444008261
241, 0.0154879319791993
242, 0.0154460694951316
243, 0.0153413638472557
244, 0.0152490166947246
245, 0.0152038563974202
246, 0.0134172664644818
247, 0.0141976505207519
248, 0.0146912164054811
249, 0.0155497222052266
250, 0.0130949243127058
251, 0.014401359250769
252, 0.0179006691711644
253, 0.0139871466283997
254, 0.0124384184988836
255, 0.0124795855954289
256, 0.0120630680272977
257, 0.0116586503572762
258, 0.00976542771483461
259, 0.0124860546551645
260, 0.0124703072942793
261, 0.0123209574570258
262, 0.0110788359306753
263, 0.010370096967866
264, 0.012502274941653
265, 0.0140665993870546
266, 0.0124497440022727
267, 0.0124247095858057
268, 0.0124267759577682
269, 0.0124473592732102
270, 0.0124826848041266
271, 0.0134254323784262
272, 0.0129568996684005
273, 0.0126501348180075
274, 0.0124350018644085
275, 0.0125512901383142
276, 0.0131697677231083
277, 0.0127818606172999
278, 0.0149188073351979
279, 0.0137251043537011
280, 0.0144291946198791
281, 0.0135049644547204
282, 0.0106725712927679
283, 0.0125918815222879
284, 0.0130398299079388
285, 0.0151103566555927
286, 0.0144616194690267
287, 0.0151667025250693
288, 0.0151633647425721
289, 0.0148372876768311
290, 0.0150776929998149
291, 0.0150105580687523
292, 0.0149265554112693
293, 0.0124701684496055
294, 0.0111682034718494
295, 0.0148477411961981
296, 0.0134290182031691
297, 0.0188484022704264
298, 0.0216909685793022
299, 0.0133799142204225
300, 0.0126918978833904
301, 0.0122290674286584
302, 0.0144568313844502
303, 0.0152938395428161
304, 0.0147922660689801
305, 0.0165040319940696
306, 0.019077443672965
307, 0.0137175547424704
308, 0.0125454889299969
309, 0.0125782911976178
310, 0.012514493893832
311, 0.012514533707872
312, 0.0125026130117476
313, 0.0125102224604537
314, 0.0124918641522527
315, 0.0125821853677432
316, 0.0125673436559737
317, 0.0124161463075628
318, 0.0116292652674019
319, 0.0119007052077601
320, 0.0121930461997787
321, 0.0142973489128053
322, 0.0139227531229456
323, 0.0135950271505862
324, 0.0133173689246178
325, 0.0127410120330751
326, 0.0126287965880086
327, 0.0128949506518741
328, 0.0130864605307579
329, 0.0125426674106469
330, 0.0124924207727114
331, 0.012462956054757
332, 0.0124455117620528
333, 0.0124466441726933
334, 0.0124560419935733
335, 0.0140428169009586
336, 0.0104915119397144
337, 0.0121744300704449
338, 0.0131957558138917
339, 0.0103430765680969
340, 0.0117884894522528
341, 0.0114384908229113
342, 0.0108838902475933
343, 0.0150410761901488
344, 0.0149277476593852
345, 0.0150661695127686
346, 0.0149002106239398
347, 0.0145692000431674
348, 0.0148053594554464
349, 0.0146972564980388
350, 0.0136152924969792
351, 0.0124690162483603
352, 0.0146105319261551
353, 0.0227013863623142
354, 0.0117187720413009
355, 0.0109215993434191
356, 0.0124860854287233
357, 0.0221038099067907
358, 0.0124859832493322
359, 0.0137318201207866
360, 0.0125197000646343
361, 0.0157325894106179
362, 0.0129755762560914
363, 0.014115117645512
364, 0.0150581028622886
365, 0.0172925425382952
366, 0.0199253394578894
367, 0.0125328324114283
368, 0.0126490819578369
369, 0.0125239909005662
370, 0.0125552039438238
371, 0.0126674197769413
372, 0.0125148318863163
373, 0.01253525664409
374, 0.0124979837952803
375, 0.0126739766759177
376, 0.0125741385854781
377, 0.0126957720300804
378, 0.0126053911323349
379, 0.013237518336003
380, 0.0134953680293014
381, 0.0141441450299074
382, 0.0124713802554955
383, 0.0138042791125675
384, 0.0125542505799482
385, 0.013026279474919
386, 0.0128536847575257
387, 0.0125126464602848
388, 0.0124835396806399
389, 0.0126231339139243
390, 0.0127216608573993
391, 0.0124763867352158
392, 0.0145592313880722
393, 0.0127886759582907
394, 0.0112444979604334
395, 0.011052550903211
396, 0.0111381633517643
397, 0.012052180012688
398, 0.0151324099861085
399, 0.0144258568373819
400, 0.0149699874067058
401, 0.0147569206698487
402, 0.0145613777761658
403, 0.0137782718520612
404, 0.0124054571303229
405, 0.0141709469414006
406, 0.0120221796290328
407, 0.0115113872258614
408, 0.0125059507942448
409, 0.0123692376849552
410, 0.0220542793783049
411, 0.0220104102045298
412, 0.0128272001165897
413, 0.0128595656715333
414, 0.0141721790811668
415, 0.0133135345143576
416, 0.016113284509629
417, 0.0146216979095091
418, 0.0178998941555619
419, 0.0131518864072859
420, 0.0127587145349632
421, 0.0126071796597292
422, 0.0125686153769493
423, 0.0125069641508162
424, 0.0125328838559134
425, 0.0126428828419497
426, 0.012753230597203
427, 0.0203179555634658
428, 0.0127729997038841
429, 0.0134249750214318
430, 0.0136966927287479
431, 0.0131909073485682
432, 0.0129980268732955
433, 0.0128425585571676
434, 0.0125444358369956
435, 0.0125794634999086
436, 0.0127261308177064
437, 0.0126378363929689
438, 0.0125192826769004
439, 0.012507024143512
440, 0.0129849934019148
441, 0.015074990146483
442, 0.0133921335606525
443, 0.0129291638731956
444, 0.0117308121795456
445, 0.0149185090946654
446, 0.0146064190970113
447, 0.0143541921085368
448, 0.0143579865495364
449, 0.012660128219674
450, 0.0141920275830974
451, 0.0130136437558879
452, 0.0114562932091455
453, 0.0147418801207095
454, 0.0118440610046188
455, 0.0116650911846331
456, 0.0113924521021545
457, 0.0140630713264857
458, 0.0143676307983696
459, 0.0127557144345095
460, 0.0124837662093341
461, 0.011657140760993
462, 0.013597272336483
463, 0.0132455653510988
464, 0.0216740011237562
465, 0.014706634140263
466, 0.0137113955182334
467, 0.0152334595719973
468, 0.0183702539652586
469, 0.012668711754183
470, 0.0125688814558089
471, 0.0126138751705488
472, 0.0127175276478132
473, 0.0128550153846542
474, 0.0129124546268334
475, 0.0128925268848737
476, 0.0136630558408797
477, 0.0134052062251916
478, 0.0131778541641931
479, 0.012747886357829
480, 0.0128562077103804
481, 0.0129942518348495
482, 0.0126167960309734
483, 0.0126679565291852
484, 0.0125864573443929
485, 0.012563648323218
486, 0.0135787549273421
487, 0.020454469602555
488, 0.0123327993011723
489, 0.0152761564434816
490, 0.013976139559721
491, 0.0117999931486944
492, 0.0144639042361329
493, 0.0132665659766644
494, 0.0150203536419819
495, 0.0141724771820009
496, 0.0139759605905662
497, 0.0153559274816265
498, 0.0136172004664938
499, 0.0120331668294966
500, 0.0133353100003054
501, 0.0139021180570126
502, 0.0122495515582462
503, 0.0213196322632333
504, 0.012545071542263
505, 0.0132063057584067
506, 0.0123507801132898
507, 0.0205937262314061
508, 0.0138333661792179
509, 0.012117650359869
510, 0.0148120544229945
511, 0.014117064497744
512, 0.0136916862490276
513, 0.0141932193655521
514, 0.0164241623909523
515, 0.0212436355650425
516, 0.0153418012584249
517, 0.0127434360329062
518, 0.0126759436291953
519, 0.0126082069639649
520, 0.0128027226310223
521, 0.012983781285584
522, 0.0131736422578494
523, 0.0137286891362497
524, 0.0133982324817528
525, 0.0131823447688172
526, 0.0127812251448631
527, 0.0128841425757855
528, 0.0127055668272078
529, 0.0130158885537336
530, 0.0126540089646975
531, 0.0126251999754459
532, 0.0129403698568543
533, 0.0148776199202985
534, 0.0145954319741577
535, 0.0202542574455341
536, 0.0130667910755922
537, 0.0138780699732403
538, 0.0140348103207846
539, 0.0157303645585974
540, 0.0154612692228208
541, 0.0142122538139423
542, 0.0126314588511984
543, 0.0138867920419822
544, 0.0193249251693487
545, 0.0126700085986938
546, 0.0174968094298882
547, 0.0156419302469918
548, 0.0191416261451585
549, 0.0132103467360139
550, 0.0136599367639671
551, 0.0123068514124801
552, 0.0154835804520796
553, 0.0142014448065311
554, 0.0147462716170897
555, 0.0146193327382207
556, 0.0185913275927305
557, 0.0203882294396559
558, 0.0127548602564881
559, 0.012835525519525
560, 0.0126774137994895
561, 0.0166446994214008
562, 0.0129098318672429
563, 0.0135745632772644
564, 0.0134148425422609
565, 0.0129290843227257
566, 0.0128276374501487
567, 0.0132188426796347
568, 0.0130585059523582
569, 0.0127392833431562
570, 0.0131838544427107
571, 0.0126811767928302
572, 0.0135496085664878
573, 0.0143300319711367
574, 0.0154115982974569
575, 0.0129364755315085
576, 0.0144871105439961
577, 0.0156370430098226
578, 0.0148250088871767
579, 0.0149086145684123
580, 0.0132435585837811
581, 0.0133487807276348
582, 0.013683679047972
583, 0.0191959416493773
584, 0.0173456212505698
585, 0.0137351183996846
586, 0.0142016236204654
587, 0.0162531562770406
588, 0.0147655431646854
589, 0.015419903366516
590, 0.0195677516361078
591, 0.0128545990058531
592, 0.0129466677705447
593, 0.0130503595961879
594, 0.0150043393950909
595, 0.0198328727856278
596, 0.0134816990854839
597, 0.0129931198898703
598, 0.0131194815815737
599, 0.0132809308512757
600, 0.0128785399054842
601, 0.0141707287790875
602, 0.0140713083868225
603, 0.0161677828679482
604, 0.0186038046764831
605, 0.0153457747461895
606, 0.0147631592893352
607, 0.0159225295453022
608, 0.0141690655478409
609, 0.0138596919520448
610, 0.0134736329006652
611, 0.0137350982986391
612, 0.0147764030843973
613, 0.0173303260068808
614, 0.0127544031323244
615, 0.0155637968730714
616, 0.0132035439989219
617, 0.0129883711536725
618, 0.0133573638740927
619, 0.0130748772838463
620, 0.0147970149603983
621, 0.0184239377267659
622, 0.0136033151564854
623, 0.0166225659971436
624, 0.0139632012695074
625, 0.0165546369583656
626, 0.0167905321965615
627, 0.0154965744974713
628, 0.0130956990178674
629, 0.0138277436296145
630, 0.0141855029389262
631, 0.0135615491308272
632, 0.0138161409025391
633, 0.0191334513947368
634, 0.0157717691423992
635, 0.0144729841655741
636, 0.0132611217753341
637, 0.014162403686593
638, 0.0154970434494317
639, 0.0170786885544658
640, 0.0167804191199442
641, 0.0131361265666783
642, 0.0184015065121154
643, 0.0133231388005827
644, 0.0134835266508162
645, 0.0141534119844437
646, 0.0158819186811646
647, 0.0133073747468491
648, 0.0146520562314739
649, 0.0135410252648095
650, 0.0170556735247374
651, 0.0158440095062057
652, 0.0174284808648129
653, 0.014227233439063
654, 0.0164374543043474
655, 0.0136065506376326
656, 0.0172197455540299
657, 0.0183102125301957
658, 0.0139537565410137
659, 0.0138560951842616
660, 0.017922643439046
661, 0.0151338609090696
662, 0.0158674546206991
663, 0.0145112896958987
664, 0.0135694961839666
665, 0.0151421572081745
666, 0.0138597174414567
667, 0.0174503953506549
668, 0.0160783388918
669, 0.0143291378238549
670, 0.0143921004297833
671, 0.0176456481218338
672, 0.0138968056999147
673, 0.0158776472477863
674, 0.0136022350750864
675, 0.0270243933424354
676, 0.0129834635493656
677, 0.0174216236919165
678, 0.00700767974679669
679, 0.0106071648964038
680, 0.0112049202434719
681, 0.0117751582680891
682, 0.0122819172684103
683, 0.0127061831299216
684, 0.0130214518867433
685, 0.0132025900917749
686, 0.0132523203113427
687, 0.0131912848446518
688, 0.0130741617952784
689, 0.0130596186500043
690, 0.0135864837405582
691, 0.0151611594483256
692, 0.0196315686528881
693, 0.0127009575565656
694, 0.0117476803716272
695, 0.0111325999411444
696, 0.0107386923239877
697, 0.0104756968406339
698, 0.00492221225673954
699, 0.00470022473018616
700, 0.00464608372809986
701, 0.00468188625139495
702, 0.00481587745404492
703, 0.00504034850746393
704, 0.00533467628216992
705, 0.00567374723808219
706, 0.00602754065766931
707, 0.00637877107753108
708, 0.00673272324881206
709, 0.00710715939446042
710, 0.00755508845516791
711, 0.0081680432582895
712, 0.00914534103746215
713, 0.0109344142644356
714, 0.0140704136962692
715, 0.0049432129599154
716, 0.00455093473040809
717, 0.00414892136662578
718, 0.00388592568924651
719, 0.0111640515582015
720, 0.0128426176185409
721, 0.0150775087864271
722, 0.0116369149958094
723, 0.0130815725618352
724, 0.0126018348770837
725, 0.0128767710799972
726, 0.013368271291256
727, 0.0121598863818993
728, 0.0144465197809041
729, 0.0127631642390043
730, 0.0129836623091251
731, 0.0130757121369243
732, 0.0129153158826133
733, 0.00481257956319799
734, 0.00821773323696107
735, 0.00976340162257353
736, 0.00564221653621644
737, 0.00677849973241488
738, 0.00496359778723369
739, 0.00640563278769453
740, 0.00711774957987169
741, 0.00744223722722381
742, 0.00509067488989482
743, 0.00532080846217771
744, 0.00601665279828012
745, 0.00778875856970747
746, 0.0112887635671844
747, 0.00882554225002726
748, 0.0141342104567836
749, 0.0121664628386497
750, 0.0112151323507229
751, 0.0182811520062387
752, 0.0163874849677086
753, 0.0129844767507166
754, 0.0116061986579249
755, 0.00511113907365749
756, 0.00511229139131804
757, 0.00546135613694787
758, 0.0109824130444654
759, 0.0146755682570594
760, 0.0123855494894087
761, 0.00972574287360268
762, 0.0137308138422668
763, 0.012634438307335
764, 0.0126204510064175
765, 0.0125272492878139
766, 0.0127904235074917
767, 0.0129429718945175
768, 0.0130018020669619
769, 0.0130373065670331
770, 0.0120806323053936
771, 0.0137705034576356
772, 0.0128696981507043
773, 0.0125577869669845
774, 0.00494212016928941
775, 0.00789652400029202
776, 0.00756599622157713
777, 0.00818791127918909
778, 0.0084990276178966
779, 0.00717608262008677
780, 0.00673616060521454
781, 0.00627768171640734
782, 0.00584175309631974
783, 0.00549429775370906
784, 0.010475796336929
785, 0.00891914110009869
786, 0.00954028125852346
787, 0.0119644221073637
788, 0.00587928430953373
789, 0.0140741086409738
790, 0.013106229249388
791, 0.0124741814409693
792, 0.0120417242204504
793, 0.0151875833980739
794, 0.00527892622631043
795, 0.0050521622877568
796, 0.0103026883676648
797, 0.00514239173692962
798, 0.00500864741791572
799, 0.0141116209949056
800, 0.0139751283984099
801, 0.0129724364572515
802, 0.0128338160769393
803, 0.0125954962180307
804, 0.0128895260859281
805, 0.0123714820947498
806, 0.0122794130972276
807, 0.0122273781647285
808, 0.0125850461578617
809, 0.0129954242147505
810, 0.00524701775672535
811, 0.0125600316872199
812, 0.0123242158442736
813, 0.00960880665419002
814, 0.0101945016067475
815, 0.00922711845487356
816, 0.00895641379368802
817, 0.00869768989893297
818, 0.00838993132735292
819, 0.00636035347512613
820, 0.00799133558757603
821, 0.00749395450111479
822, 0.00693837949074805
823, 0.0111003534402698
824, 0.0115958235226572
825, 0.0138586581839869
826, 0.00671212018157045
827, 0.0068185543641448
828, 0.00595665090562155
829, 0.0131152298611899
830, 0.0131521930119821
831, 0.0127035401761532
832, 0.00546193222648331
833, 0.0121315343615909
834, 0.0129965564701706
835, 0.0127410121106853
836, 0.0123969140307357
837, 0.0120828767151882
838, 0.0129778209763269
839, 0.0118461867483954
840, 0.0118071257602423
841, 0.0107629315461963
842, 0.00586569429530452
843, 0.00511350710876286
844, 0.0119495411248257
845, 0.0102837899078925
846, 0.0115075128463407
847, 0.0121593890556445
848, 0.00995125497380892
849, 0.0127473238057324
850, 0.00973095620671908
851, 0.00953757910368343
852, 0.00927194130296508
853, 0.00761538879790654
854, 0.00886549738546213
855, 0.00828780885785818
856, 0.0125979009705285
857, 0.013514580593134
858, 0.00730187711971147
859, 0.00618217112496495
860, 0.0136009000241756
861, 0.00685070090306302
862, 0.0111557266209275
863, 0.0125096379779279
864, 0.0122308993712068
865, 0.0116472663357854
866, 0.0134802839718759
867, 0.0117745815465848
868, 0.0113841113634408
869, 0.011468020866492
870, 0.0112426695413888
871, 0.0117466467432678
872, 0.0108762595336884
873, 0.0125927748158574
874, 0.011248014246424
875, 0.0106229000569632
876, 0.00909505450787644
877, 0.0105023400392383
878, 0.0104067939488838
879, 0.0101995684672147
880, 0.00978106454325219
881, 0.0112841941881925
882, 0.00859544860819975
883, 0.0105439443141222
884, 0.010715645737946
885, 0.0115535677565883
886, 0.00807537813670933
887, 0.00827584815366814
888, 0.00888376412913203
889, 0.0130887254296492
890, 0.00984566397964954
891, 0.00986208704610666
892, 0.013270141929388
893, 0.0198626387864351
894, 0.0124846918818851
895, 0.011637988112246
896, 0.00924027188947158
897, 0.0131361904398849
898, 0.0149009455150614
899, 0.01980167155021
900, 0.011749886131535
901, 0.0124877123938253
902, 0.0124849304556847
903, 0.0124890631219993
904, 0.0116890097657839
905, 0.0124638899384687
906, 0.0116346704307944
907, 0.012329421704635
908, 0.0121466738637537
909, 0.0119770587577174
910, 0.0114821217333277
911, 0.0135834439036747
912, 0.0132914806405703
913, 0.0125617406641444
914, 0.011552634028097
915, 0.0106264969023565
916, 0.0098893065781643
917, 0.012345952525114
918, 0.0122693008743227
919, 0.0121762380780031
920, 0.0120672411285341
921, 0.011952223489061
922, 0.0116147817267726
923, 0.0124323590813826
924, 0.0123910332719485
925, 0.0117216336075217
926, 0.0118867181396733
927, 0.0122433723105739
928, 0.012129805671672
929, 0.0124969903069238
930, 0.0128860102655987
931, 0.0117697336245328
932, 0.0132590952950219
933, 0.0135276936149846
934, 0.0110649089328945
935, 0.0104616903699934
936, 0.00957437542577585
937, 0.00833193627962222
938, 0.00747805135324597
939, 0.00570526225492358
940, 0.0135871797489623
941, 0.0117628794784347
942, 0.0149985178528974
943, 0.0168755321763456
944, 0.0106485151685774
945, 0.0291059553623199
946, 0.01246885130448
947, 0.0120437562776109
948, 0.0124498624354601
949, 0.0123561446089298
950, 0.0105894625497361
951, 0.0110267420920233
952, 0.0116525313351303
953, 0.0113738000703355
954, 0.0100515106848131
955, 0.00941304528775314
956, 0.0124104043934494
957, 0.0124675854264448
958, 0.0124719367983441
959, 0.0122797115861128
960, 0.0121748073336979
961, 0.0118720155830185
962, 0.0124096299987286
963, 0.0121145871623109
964, 0.012476160377264
965, 0.0123037917849918
966, 0.012453995567436
967, 0.0122132721201827
968, 0.0118075436136375
969, 0.0116846580834438
970, 0.0125753899725775
971, 0.0136319620845219
972, 0.0122447830314438
973, 0.0119514887531598
974, 0.0133453033243616
975, 0.0117867017009606
976, 0.0118520681280643
977, 0.0118473394153019
978, 0.0136228825431317
979, 0.0116852348049482
980, 0.0122243385606756
981, 0.0131311439132939
982, 0.0118707439862192
983, 0.0117298981640488
984, 0.0116619889934858
985, 0.0117728140515586
986, 0.0129674892717352
987, 0.0119831075758806
988, 0.0115164539643696
989, 0.0150294132375469
990, 0.0129201094886022
991, 0.013148786732927
992, 0.016937457335492
993, 0.00934988454294701
994, 0.0123848142102361
995, 0.0122430943883955
996, 0.0123262228444219
997, 0.0117974898312241
998, 0.011292996040235
999, 0.0119831182528287
1000, 0.0121290108654648
1001, 0.011567951956143
1002, 0.0124209349354108
1003, 0.0124396111350507
1004, 0.0109797536085049
1005, 0.0106504580471665
1006, 0.0124488616362214
1007, 0.010317725284646
1008, 0.0101013798266649
1009, 0.0123772249401857
1010, 0.012248915930589
1011, 0.0121449653524905
1012, 0.0119014206187179
1013, 0.011579615296796
1014, 0.0117082221743961
1015, 0.011577270925045
1016, 0.0116817176652451
1017, 0.0116268421212832
1018, 0.0117959599786748
1019, 0.0118739229316513
1020, 0.0119418720714748
1021, 0.0139372767880559
1022, 0.0138782085074733
1023, 0.0142166836497684
1024, 0.0119208119964848
1025, 0.0133312765198449
1026, 0.0127785427030176
1027, 0.0122977124216656
1028, 0.0119440578079472
1029, 0.0120538259856403
1030, 0.0130284329876304
1031, 0.0104932332411408
1032, 0.0175238880328834
1033, 0.0115289372791137
1034, 0.0120490810700825
1035, 0.0149903489010675
1036, 0.0124020431456821
1037, 0.0123477201753606
1038, 0.012385907350108
1039, 0.0117740853068729
1040, 0.0115372954557339
1041, 0.0120931091563155
1042, 0.0119617204957952
1043, 0.0122055829657863
1044, 0.0122911357320845
1045, 0.0112720943676929
1046, 0.0107403815879176
1047, 0.0109903637009362
1048, 0.010582051705569
1049, 0.0124309879417221
1050, 0.0121794369382163
1051, 0.0123337929447492
1052, 0.010563693397368
1053, 0.0119936884536097
1054, 0.0134126763635625
1055, 0.012679499729226
1056, 0.0142223858274519
1057, 0.011412304903691
1058, 0.0116892478739222
1059, 0.0115407130215317
1060, 0.0118338291843732
1061, 0.0113337655396511
1062, 0.01208683111084
1063, 0.0119421904285749
1064, 0.0120388802939228
1065, 0.0149856832964967
1066, 0.0113909464174261
1067, 0.0116427964530885
1068, 0.0101553934626281
1069, 0.0109379907759527
1070, 0.0122937495554132
1071, 0.012243968512242
1072, 0.0117906554757307
1073, 0.0119548581540585
1074, 0.0115663627317796
1075, 0.0120468160603195
1076, 0.0121550754910069
1077, 0.0113235127646476
1078, 0.0110803861171007
1079, 0.0108920355172207
1080, 0.0122778837103397
1081, 0.013482314767316
1082, 0.0108892593665847
1083, 0.0145603446289897
1084, 0.0120844862734278
1085, 0.0126126631318281
1086, 0.0116317091354479
1087, 0.0114281590407093
1088, 0.0118553317817194
1089, 0.0119971656240523
1090, 0.0120586895383894
1091, 0.0112295565971484
1092, 0.0119304282901188
1093, 0.0110957245342433
1094, 0.0114314775758733
1095, 0.0111272952829798
1096, 0.0109997804587086
1097, 0.0158450233284384
1098, 0.0161221853923053
1099, 0.0114573459917059
1100, 0.0121773503099879
1101, 0.0121473097242415
1102, 0.0134654865444948
1103, 0.0123481535352767
1104, 0.0121941986338546
1105, 0.0124950233536462
1106, 0.0121030828915536
1107, 0.0147408077803751
1108, 0.0146317031234503
1109, 0.0133495355645816
1110, 0.0122545583484073
1111, 0.0117509586270899
1112, 0.0113156572915614
1113, 0.013809107709676
1114, 0.0121631050327172
1115, 0.00641507876571268
1116, 0.00246138616930693
1117, 0.0107509117418279
1118, 0.0127540645965685
1119, 0.0170182820875198
1120, 0.0213456980418414
1121, 0.0230299670559665
1122, 0.0291063228311638
1123, 0.00489086009717236
1124, 0.00432912609539926
1125, 0.00349533633561805
1126, 0.0131485489352296
1127, 0.00996864051558077
1128, 0.00792370398994535
1129, 0.00671104710393896
1130, 0.00598627453049024
1131, 0.00557158495454739
1132, 0.00534149104108413
1133, 0.00520598981529474
1134, 0.0115140900015831
1135, 0.013025783157597
1136, 0.0152920906742414
1137, 0.0182151625243326
1138, 0.019846224381278
1139, 0.0196150577006241
1140, 0.0193326507384578
1141, 0.0143100051985433
1142, 0.0175575849910577
1143, 0.00593181571457535
1144, 0.00815950027511766
1145, 0.00676343985833228
1146, 0.0102846247609705
1147, 0.00549302595512321
1148, 0.0192236742004752
1149, 0.0139262111236652
1150, 0.0189162523796161
1151, 0.0179253057576716
1152, 0.0104330559261143
1153, 0.0164303413281838
1154, 0.0168460444547236
1155, 0.00513875573718299
1156, 0.00670910004659423
1157, 0.0051868367784967
1158, 0.00517292097210884
1159, 0.0055216362234205
1160, 0.0123341108805367
1161, 0.0052687108317124
1162, 0.0146061891157712
1163, 0.0169891742213319
1164, 0.0112811174310212
1165, 0.0149251727387309
1166, 0.0180341435285906
1167, 0.00547769158147275
1168, 0.0217420101786653
1169, 0.00686590012628585
1170, 0.00840878684539348
1171, 0.00594093510881066
1172, 0.0107549255869041
1173, 0.00541508298677703
1174, 0.0198226209419469
1175, 0.018707497511059
1176, 0.0163733391091228
1177, 0.018119543391679
1178, 0.0142076386005751
1179, 0.00531776839246352
1180, 0.0188878814689815
1181, 0.00591823149339429
1182, 0.0229922374710441
1183, 0.0109403156675398
1184, 0.00698602350894362
1185, 0.00867927249055356
1186, 0.0214566032712658
1187, 0.013331082649529
1188, 0.00644042222605397
1189, 0.0135058665648103
1190, 0.0180668061754356
1191, 0.0150329895162334
1192, 0.0116056908321168
1193, 0.00871197561112543
1194, 0.0203819552436471
1195, 0.013719282966728
1196, 0.00708661237731576
1197, 0.00902898140650775
1198, 0.0110278869047761
1199, 0.0207366386118035
1200, 0.0173710446272578
1201, 0.0122867845154057
1202, 0.0195712884888053
1203, 0.00794947298709303
1204, 0.0109039167097459
1205, 0.0210791469241182
1206, 0.0142992564942688
1207, 0.015944603132084
1208, 0.0098821897059679
1209, 0.0120549941435456
