1, 0.0090599674731493
2, 0.0555741270072758
3, 0.00633344170637429
4, 0.00956666585989296
5, 0.0145664238370955
6, 0.0172861833125353
7, 0.00478959176689386
8, 0.00678080407669768
9, 0.0562119865790009
10, 0.0101043006870896
11, 0.0317083671689034
12, 0.0199966467916965
13, 0.0101098521346492
14, 0.0115390239128222
15, 0.0126116698763023
16, 0.0135593046434224
17, 0.0164008565091838
18, 0.0270372081237535
19, 0.0431985330457489
20, 0.048035112520059
21, 0.0322437742725015
22, 0.0191133048695823
23, 0.0102056280399362
24, 0.00708842401703199
25, 0.0050316263611118
26, 0.00555233265428493
27, 0.00696198273605357
28, 0.00813988984252016
29, 0.00890213414095342
30, 0.00933295659100016
31, 0.00953424155401687
32, 0.00960336299613118
33, 0.00960912501129011
34, 0.00960008474066854
35, 0.00958168666277613
36, 0.00958772686620553
37, 0.00964908006911477
38, 0.00976069954534372
39, 0.00992648008589943
40, 0.0101655743395289
41, 0.0105002741329372
42, 0.0109407523026069
43, 0.0114901882285873
44, 0.0121784629300237
45, 0.0130170610112449
46, 0.0139669602115949
47, 0.0143002894474193
48, 0.0147869217519959
49, 0.015706502366811
50, 0.0180688332766294
51, 0.0224608614419897
52, 0.0273124429707726
53, 0.0297852804263433
54, 0.0279249393691619
55, 0.0218680733814836
56, 0.0153582921872536
57, 0.0121770325737695
58, 0.0110398555795352
59, 0.0101364078000188
60, 0.00986269325949252
61, 0.0094644248796006
62, 0.0097705142882963
63, 0.0103227713455757
64, 0.0110964793711901
65, 0.0124894406956931
66, 0.015724264861395
67, 0.0202809215212862
68, 0.0235395080720385
69, 0.0234720359245936
70, 0.0202252110466361
71, 0.0165081851494809
72, 0.0144178494811058
73, 0.0132933086715639
74, 0.0124279287022849
75, 0.0117762110506495
76, 0.0113712965200345
77, 0.011251690176626
78, 0.0115071955757836
79, 0.0124061532939474
80, 0.0147784184664488
81, 0.01481691270601
82, 0.0131866952093939
83, 0.008878987437735
84, 0.00721089169383049
85, 0.00640746074107786
86, 0.00596070382744074
87, 0.00567746240024765
88, 0.00546983955428004
89, 0.00530386064201593
90, 0.00515548489056528
91, 0.00502797053195536
92, 0.00488329026848078
93, 0.00494955363683403
94, 0.0052666674212863
95, 0.00562930208009978
96, 0.00602187817761054
97, 0.00647552920660625
98, 0.00697720182749132
99, 0.0075173987618958
100, 0.00807911297306418
101, 0.00862556827875475
102, 0.00910300148340563
103, 0.00946164278623958
104, 0.00961174722760916
105, 0.00945137091912329
106, 0.00887624554646512
107, 0.00785547615184138
108, 0.00661693136983861
109, 0.00585629639681429
110, 0.00847975552702943
111, 0.011443577396373
112, 0.0201543215662241
113, 0.0332078989595175
114, 0.048480041945974
115, 0.0446676490828395
116, 0.028422501248618
117, 0.0173847707919776
118, 0.0145867491761843
119, 0.0141777618167301
120, 0.0139870667674889
121, 0.0136742021422833
122, 0.0132198561138163
123, 0.0126585788093507
124, 0.0120256564890345
125, 0.0113353747874498
126, 0.0105805017519742
127, 0.0105474913725629
128, 0.0107027709794541
129, 0.0110546769574285
130, 0.0114836321833233
131, 0.011982006020844
132, 0.0125798410736024
133, 0.0132439563361307
134, 0.0139316745723287
135, 0.0158129958435893
136, 0.0199699439108372
137, 0.0246255841727058
138, 0.0278705799331268
139, 0.0292969994867841
140, 0.0290399543009698
141, 0.0277452518542608
142, 0.021694147028029
143, 0.0171764323798319
144, 0.0148122737494608
145, 0.0135937555072208
146, 0.0125349783338606
147, 0.011654657466958
148, 0.0109511235107978
149, 0.0104242181405425
150, 0.0100676231086254
151, 0.00982594629749656
152, 0.00968468328937888
153, 0.00960481337582072
154, 0.00957032230993112
155, 0.0095666068373248
156, 0.00716439991568526
157, 0.0106793660670519
158, 0.0190624830623468
159, 0.0324385240674019
160, 0.0486261552820603
161, 0.0485802969584862
162, 0.0334914587438107
163, 0.0208711257825295
164, 0.0115865484500925
165, 0.008432786911726
166, 0.00476473657181486
167, 0.00469275393212835
168, 0.00468671422762175
169, 0.00472084758803248
170, 0.00478355182955662
171, 0.00489219130637745
172, 0.00505499145947397
173, 0.00526551514243086
174, 0.00553222621480624
175, 0.00587610504589975
176, 0.00632953791258236
177, 0.00693388919656475
178, 0.00780300477830072
179, 0.00931008889650305
180, 0.0145692854421213
181, 0.0180365283352633
182, 0.0176671383281549
183, 0.0157431391999125
184, 0.0148711230916282
185, 0.0148394530018171
186, 0.015430374071002
187, 0.0169537886977196
188, 0.0192062081769109
189, 0.0204586215938131
190, 0.0192524620021383
191, 0.0163255560522278
192, 0.0137493242509663
193, 0.0124983809267481
194, 0.0116881548116604
195, 0.0110873396818837
196, 0.0106314838243028
197, 0.010322294353197
198, 0.0101264735373358
199, 0.0100439803985258
200, 0.0100352784308294
201, 0.0102721172152087
202, 0.00908378946284453
203, 0.0110650677233934
204, 0.0130948245835801
205, 0.0164474286915114
206, 0.022391025054579
207, 0.0237566873741647
208, 0.0362512537588676
209, 0.0485824659466743
210, 0.00814208078996411
211, 0.0348401577211916
212, 0.0095278638570259
213, 0.00938578632970651
214, 0.00856258603744209
215, 0.0077503533490623
216, 0.0067538230214268
217, 0.00596579001285136
218, 0.0134668177148948
219, 0.0126200740536054
220, 0.0118515115076055
221, 0.0112160063969592
222, 0.0107046385916571
223, 0.0103072347119451
224, 0.0100193839364996
225, 0.00982268837591012
226, 0.0096916175292184
227, 0.009618005870531
228, 0.0113974832153569
229, 0.0126689895987511
230, 0.0158250561604897
231, 0.021616006270051
232, 0.0273506885084013
233, 0.0292279962450266
234, 0.0268462550205489
235, 0.022085372513781
236, 0.0176604817000528
237, 0.01522398313197
238, 0.0143443970009685
239, 0.00958240210699538
240, 0.00864009186625481
241, 0.00878095759877137
242, 0.00959849536108474
243, 0.00833477681347479
244, 0.00942365499213338
245, 0.00960371643304825
246, 0.00896889126549164
247, 0.00923812560116251
248, 0.00972096296027303
249, 0.01096779294312
250, 0.0115844624427458
251, 0.0101104200972865
252, 0.00986653768147031
253, 0.0122989239171147
254, 0.0104742272136112
255, 0.0136492679982136
256, 0.0323346915344397
257, 0.025386497999231
258, 0.00588584039360285
259, 0.0106057188473642
260, 0.0283733053753773
261, 0.0200696031097323
262, 0.0137800403560201
263, 0.0162160624749959
264, 0.0136093522887677
265, 0.0238509417201082
266, 0.0249468134716153
267, 0.0178497467034807
268, 0.0281988630692164
269, 0.0142594006222983
270, 0.0132533335126936
271, 0.009633321115481
272, 0.0123160589885499
273, 0.00960139596524338
274, 0.0100654778070748
275, 0.00937271288906535
276, 0.00942051542612414
277, 0.00926405354402959
278, 0.00924245656157533
279, 0.00953467865474522
280, 0.00972509562658767
281, 0.00991300935856998
282, 0.0102389471915861
283, 0.0107207116670907
284, 0.0113467991662522
285, 0.0120993476981918
286, 0.0123603763058782
287, 0.01812118703189
288, 0.0293308147229254
289, 0.0276398106167714
290, 0.0264761497577031
291, 0.0229869927279651
292, 0.0180278848080585
293, 0.0207409388385713
294, 0.0135329389789452
295, 0.0148697718977928
296, 0.0128599941464407
297, 0.0140922334976494
298, 0.0096021907271019
299, 0.00968452442126969
300, 0.0095179493073374
301, 0.0101101809802155
302, 0.0109167513437569
303, 0.00949430636440714
304, 0.0104705506625275
305, 0.0100113763473928
306, 0.0111156722220282
307, 0.00973598325314621
308, 0.0118703668316205
309, 0.00964813400059938
310, 0.0142463075462729
311, 0.0127763533033431
312, 0.0272584813646972
313, 0.0149567157961428
314, 0.0128627838566899
315, 0.02129372380053
316, 0.0301662936496238
317, 0.0125426082871854
318, 0.0163748294580728
319, 0.0268800905905664
320, 0.0137245673686266
321, 0.0289776608347893
322, 0.0323939970694482
323, 0.0175620548737546
324, 0.0119174396885293
325, 0.0196318867771576
326, 0.00959799466654658
327, 0.0101010989663856
328, 0.0106706242853155
329, 0.0115563093374173
330, 0.0102518415854623
331, 0.010842981049791
332, 0.00979771112490978
333, 0.0117669638379344
334, 0.00953378442985316
335, 0.0118692136214425
336, 0.0321282399818301
337, 0.0151514837052673
338, 0.0197357373932997
339, 0.0121867280298223
340, 0.0257424358278513
341, 0.0129063948988914
342, 0.0303992591798306
343, 0.0314948130398989
344, 0.0249668601900339
345, 0.0290906813793949
346, 0.0283524245023727
347, 0.0113101742230356
348, 0.0120136558543891
349, 0.011107387021184
350, 0.0101070225549241
351, 0.0107220829619716
352, 0.0128688039258122
353, 0.0221290625631809
354, 0.0141915901719282
355, 0.0123975298677882
356, 0.0114669142557042
357, 0.0181524985625098
358, 0.0241686350976427
359, 0.0229724689076344
360, 0.0106127758510411
361, 0.0134842813325425
362, 0.0159317453258804
363, 0.0288677515462041
364, 0.0170462761695186
365, 0.00973084177821875
366, 0.0110610444098711
367, 0.0231756016922494
368, 0.00641183190358182
369, 0.0157201914892842
370, 0.0214045487033824
371, 0.0342449519251074
372, 0.0114794789503018
373, 0.00598176432928691
374, 0.0115788402035832
375, 0.00741752132307738
376, 0.0131963517827292
377, 0.00895009601178269
378, 0.00952985044568777
379, 0.0230933870188892
380, 0.0201526915964981
381, 0.0161360733521481
382, 0.0131134811478357
383, 0.0117504812466602
384, 0.0110154168990751
385, 0.0104000982052336
386, 0.00509796636955192
387, 0.0055918504561608
388, 0.00583996460773051
389, 0.00614388865263512
390, 0.00659660583672424
391, 0.00732986237077663
392, 0.00868688151240349
393, 0.0110328814480454
394, 0.00689880185139676
395, 0.0119332494990279
396, 0.0124832019985964
397, 0.00795523461420089
398, 0.00848062988370657
399, 0.0141672518414756
400, 0.0163781080239763
401, 0.00931749880934755
402, 0.0200640403976043
403, 0.0230740952926377
404, 0.00952039325299362
405, 0.00921966810710728
406, 0.00857170570331315
407, 0.00965843823117515
408, 0.00763581363329043
409, 0.00686295963047693
410, 0.00731434548894564
411, 0.0474383432418108
412, 0.0146726902707347
413, 0.0334320926728348
414, 0.00561664575555672
415, 0.00919828936457634
416, 0.00795559197043379
417, 0.00542916939593852
418, 0.00662356712079297
419, 0.0052574285849308
420, 0.00716509526440253
421, 0.0116949700750411
422, 0.012903513542066
423, 0.0180899333208799
424, 0.0233670721451441
425, 0.0123147984656195
426, 0.0118312259825567
427, 0.012201013819625
428, 0.0135533439461142
429, 0.0153400734222184
430, 0.0221463094154994
431, 0.0116092187042038
432, 0.0133226139781376
433, 0.0116266432063033
434, 0.0127518003961692
435, 0.0186741990037262
436, 0.0140992192551494
437, 0.0217585999829074
438, 0.0146555527268598
439, 0.0135747616489728
440, 0.0122954469795028
441, 0.022089923111101
442, 0.0112103955820203
443, 0.00954318209551275
444, 0.00639955323034277
445, 0.00790860406899204
446, 0.00921162124723196
447, 0.00739538809284568
448, 0.00944590747045974
449, 0.00949794232534865
450, 0.0059583792462945
451, 0.00688787421677262
452, 0.00885560270398855
453, 0.00840604460487763
454, 0.00931432020540039
455, 0.00904574175365269
456, 0.0117377233026283
457, 0.0121271973475814
458, 0.0277737778212343
459, 0.00597339950036258
460, 0.00853834681523343
461, 0.0076862785887594
462, 0.00981656842244168
463, 0.0062557269896691
464, 0.0118120731009791
465, 0.0125837343900154
466, 0.012318653287366
467, 0.0163374964613467
468, 0.0118328552537908
469, 0.011465412331745
470, 0.0115618927714725
471, 0.012996199230353
472, 0.0214878565942248
473, 0.0239396143394212
474, 0.020331306848675
475, 0.017394803930074
476, 0.0143234556696067
477, 0.0115189376131942
478, 0.0234987968578935
479, 0.0121944765560329
480, 0.0139125015120953
481, 0.0168021948387225
482, 0.00552380178123713
483, 0.00939208439861735
484, 0.00795912893954664
485, 0.00917389142947892
486, 0.00844035701205333
487, 0.00885476800613105
488, 0.00744664804854741
489, 0.00953193660825491
490, 0.00964472830916444
491, 0.0069164844462648
492, 0.00978022976778448
493, 0.0100428881123662
494, 0.00639687086610744
495, 0.0088279863120988
496, 0.00572663627099246
497, 0.0198950407405694
498, 0.0264402677171997
499, 0.0118870562873781
500, 0.00633762660436332
501, 0.00664685274629543
502, 0.0101290161255747
503, 0.00900179295179745
504, 0.0112240093760192
505, 0.00707354253002753
506, 0.0225968596835931
507, 0.0118468424770981
508, 0.0124346437708785
509, 0.0251569390917818
510, 0.0119134605241319
511, 0.0111651244418075
512, 0.0135170443293949
513, 0.0114358881643663
514, 0.0112115960412969
515, 0.011622056098921
516, 0.0165438090140621
517, 0.024444484928002
518, 0.0112490874404709
519, 0.0211095654716094
520, 0.011685532440121
521, 0.0138654971495271
522, 0.0180162393621036
523, 0.0233923634514213
524, 0.00595340821892023
525, 0.0100328345627834
526, 0.00972420163452625
527, 0.00955101017219325
528, 0.0105899397749454
529, 0.00859779259189963
530, 0.00810492147381107
531, 0.00897920286903779
532, 0.00924227767003079
533, 0.009415945969522
534, 0.00755957886576653
535, 0.00694916754340132
536, 0.00906461679066221
537, 0.0104942148706565
538, 0.00525698764249682
539, 0.00699048144742846
540, 0.00744599212581913
541, 0.0104683822553073
542, 0.00811777648050338
543, 0.0113870920613408
544, 0.012014133312429
545, 0.0110150194571664
546, 0.0266739860443132
547, 0.0114703193151702
548, 0.0108314373064786
549, 0.010807555867359
550, 0.0130825669039041
551, 0.0108862540218979
552, 0.024795000286152
553, 0.0160457127106686
554, 0.0207693421592315
555, 0.0114051717488716
556, 0.0246133856475353
557, 0.0101564747747034
558, 0.0107893171564986
559, 0.00980236326965193
560, 0.00963040363664428
561, 0.00953827433598538
562, 0.00942850252613425
563, 0.00885709235444665
564, 0.00923293984184662
565, 0.00832557794637978
566, 0.0114391871417562
567, 0.00773642880709044
568, 0.0279406957949201
569, 0.00842752206760148
570, 0.00923419138416648
571, 0.0110771478308986
572, 0.0106410006992519
573, 0.0113384502008557
574, 0.0118282860300193
575, 0.0104542788273344
576, 0.01042783454371
577, 0.0104979492413501
578, 0.0245824385434389
579, 0.0109869656153023
580, 0.0129291641060263
581, 0.0204410391549269
582, 0.0109902441035956
583, 0.015708926677083
584, 0.0108619750632594
585, 0.010252060679098
586, 0.00992026141223808
587, 0.011725189940383
588, 0.00979668080496291
589, 0.00977403080711762
590, 0.00973812925318877
591, 0.00958897833091517
592, 0.0091673544763277
593, 0.0124508337383824
594, 0.0275718620978296
595, 0.0280302021031578
596, 0.0103913370209436
597, 0.0109372756754359
598, 0.0101321359009792
599, 0.010074815635259
600, 0.0117771648025761
601, 0.0101065056708952
602, 0.0104719214917471
603, 0.0203909227358443
604, 0.012865327221031
605, 0.0105637924280018
606, 0.0154918456294884
607, 0.00857205539941788
608, 0.0117258849398543
609, 0.0129092959687114
610, 0.0101258375992378
611, 0.00999444886110723
612, 0.00947022597704615
613, 0.0102297319099307
614, 0.0259179732141395
615, 0.0127528733573854
616, 0.0149298215284944
617, 0.0166080022629883
618, 0.0225935193843075
619, 0.0156700635173668
620, 0.0106923843733966
621, 0.0188128987792879
622, 0.0298957882914692
623, 0.0111457130406052
624, 0.011792621963347
625, 0.0142552082737287
626, 0.0238773866246144
627, 0.0357011437105636
628, 0.0124173981603235
629, 0.0129916295409203
630, 0.013508103787899
631, 0.0139264484557013
632, 0.0173686569711814
633, 0.0149056937079877
634, 0.00880545563995838
635, 0.00605938960021983
636, 0.00962811879192789
637, 0.00954163268518945
638, 0.00928950472734869
639, 0.0080173626774922
640, 0.00695274417133381
641, 0.00582647430710495
642, 0.0225133938559641
643, 0.0349416295066476
644, 0.00880105965188704
645, 0.0139515426320334
646, 0.0095691698603332
647, 0.00959231634624302
648, 0.00976050063036382
649, 0.00996450738360484
650, 0.0102693057463815
651, 0.0107198968374481
652, 0.0113448517707487
653, 0.0121493758633733
654, 0.0131304687044273
655, 0.0143046407029033
656, 0.0162347782558451
657, 0.0197706058000525
658, 0.0244461929736038
659, 0.0193747513306638
660, 0.0156267511968811
661, 0.0138799177172283
662, 0.01317227150624
663, 0.0125717147408674
664, 0.0120572669742008
665, 0.0116102322936058
666, 0.0112287622566024
667, 0.04863141477108
668, 0.0250544189475477
669, 0.0156798590129862
670, 0.030195513873228
671, 0.0144922553251187
672, 0.0133974972801904
673, 0.0122692609826724
674, 0.0128356044491132
675, 0.0139317932383468
676, 0.0189759368076921
677, 0.00964278137932221
678, 0.00909423975584408
679, 0.00859864742960781
680, 0.00958484574221075
681, 0.00961715145967901
682, 0.00875461256752411
683, 0.00967721330622832
684, 0.00939587930527826
685, 0.0095939456174771
686, 0.00964794727042317
687, 0.0191975470321874
688, 0.0139627483052512
689, 0.012850207509473
690, 0.0119329711887985
691, 0.0111936945468187
692, 0.0096085597095745
693, 0.00992842709335188
694, 0.010209621861577
695, 0.0106232184140633
696, 0.0159901013442626
697, 0.0238452392319838
698, 0.0266638441632191
699, 0.0162868327461183
700, 0.013345283921808
701, 0.012804093460242
702, 0.0119247263452659
703, 0.0141301780628661
704, 0.0201548968131344
705, 0.0274334995386501
706, 0.0273968504741788
707, 0.0123413627346357
708, 0.0116204725179289
709, 0.0237128441887242
710, 0.0165768888934205
711, 0.0265105019013087
712, 0.0206295492437979
713, 0.0147462705305467
714, 0.0133559928120424
715, 0.0139640792428205
716, 0.0127525155742963
717, 0.0306812774700423
718, 0.00984396738931537
719, 0.00980766792781651
720, 0.00988950526031355
721, 0.0100338081053148
722, 0.00968776286269228
723, 0.00974859980245431
724, 0.0160234009381384
725, 0.0195307767329117
726, 0.013838711194694
727, 0.0106141985549281
728, 0.0127417275992533
729, 0.0111772244175275
730, 0.0118813342414796
731, 0.0101978994595508
732, 0.00965490114564697
733, 0.0240762673007945
734, 0.0255696222496529
735, 0.0172331562110533
736, 0.0146285724670937
737, 0.0213003392952184
738, 0.0130952422041446
739, 0.0136530427262187
740, 0.0127060266344675
741, 0.0259975828230381
742, 0.0109317561611533
743, 0.0104685051677128
744, 0.030382360642155
745, 0.0221689982960622
746, 0.0175671804851542
747, 0.0133931256520251
748, 0.0274777466741701
749, 0.0151438540779054
750, 0.0140890302912643
751, 0.0101540506196519
752, 0.010906559570382
753, 0.0104620477650315
754, 0.00965756325361629
755, 0.00978108441146711
756, 0.0116441474140932
757, 0.01223807586357
758, 0.00966723160818219
759, 0.00993091007694602
760, 0.0119667078057925
761, 0.0112464254101117
762, 0.0199601883068681
763, 0.0164110891831418
764, 0.0138985149096698
765, 0.0127861724079897
766, 0.0106588026198248
767, 0.0245811591545741
768, 0.022438745200634
769, 0.0226015093115469
770, 0.013994497867922
771, 0.023787144970681
772, 0.0184653637309869
773, 0.0153657030314207
774, 0.0133867283351719
775, 0.025515402512004
776, 0.00976906683562057
777, 0.0109790587797761
778, 0.0190982656398167
779, 0.0270800472104124
780, 0.00972763891331851
781, 0.0123708472431948
782, 0.0234418745773534
783, 0.0294581109968324
784, 0.0278872096290191
785, 0.0188109115697443
786, 0.0158818983472884
787, 0.0114856384849797
788, 0.0109138851320105
789, 0.0297571676783264
790, 0.00999160793920358
791, 0.0127848413928101
792, 0.01021540343451
793, 0.0252106037611763
794, 0.0121094608524193
795, 0.014103435135136
796, 0.0129541977463911
797, 0.0167676635707418
798, 0.021454098900514
799, 0.0113529385222743
800, 0.0239254880386094
801, 0.0161715975652138
802, 0.0143798952256995
803, 0.0198562385824819
804, 0.0237411776557565
805, 0.0099499954842031
806, 0.0252067294592659
807, 0.0138122070735941
808, 0.00987464383554955
809, 0.0127468133190026
810, 0.0278425260136525
811, 0.0245892646101614
812, 0.0283419533322255
813, 0.0201954478397965
814, 0.0118437550961971
815, 0.0137184887814025
816, 0.0103690884076059
817, 0.0274820982789
818, 0.0171516820389245
819, 0.0107386729990443
820, 0.0257145410093168
821, 0.0179590817230443
822, 0.0147728940937668
823, 0.0132469158464422
824, 0.0122969373284529
825, 0.0212045708671212
826, 0.0251985440651576
827, 0.0214890284197671
828, 0.0102331146730908
829, 0.0131190016732684
830, 0.0276178567049404
831, 0.0272118893141548
832, 0.025530402859052
833, 0.010845563840121
834, 0.0142783157061785
835, 0.0256231473758817
836, 0.0238249944522977
837, 0.0115351304411888
838, 0.0261577020088832
839, 0.0246977650870879
840, 0.0192445150266091
841, 0.0155499797935287
842, 0.0236671696017895
843, 0.0136053387541324
844, 0.0166896616108716
845, 0.025888010704269
846, 0.0271991938352585
847, 0.0117589652072638
848, 0.0149794446770102
849, 0.0218841871246696
850, 0.0242626704275608
851, 0.0125936492501448
852, 0.026409426571003
853, 0.0211565020893301
854, 0.0243920853361487
855, 0.0157918721437454
856, 0.0262296250090003
857, 0.0169188046827912
858, 0.0190951181575656
859, 0.0163270269986242
860, 0.0223499576871594
861, 0.0144772953353822
862, 0.0253826186060905
863, 0.0188253909349442
864, 0.020009078883699
865, 0.0318059977144003
866, 0.00962201924994588
867, 0.0109342751093209
868, 0.0143411182022343
869, 0.0146397174491237
870, 0.0148774213933696
871, 0.0168519642514487
872, 0.0231434345866243
873, 0.0232655050543447
874, 0.0361876349585752
875, 0.0492517057806253
876, 0.0100029127206653
877, 0.0342461233958602
878, 0.00496461083336423
879, 0.00531186749382565
880, 0.00569607915046314
881, 0.00611633167136461
882, 0.00659916918569555
883, 0.00712559767998755
884, 0.00769309346408894
885, 0.0082765631377697
886, 0.0088302306830883
887, 0.00930343226840099
888, 0.00969867059029639
889, 0.00944487385762235
890, 0.00880966715825101
891, 0.00790268275886774
892, 0.00708335731178522
893, 0.00556757176915805
894, 0.0052919596976911
895, 0.00508117776674529
896, 0.00492966268211603
897, 0.00484238149753461
898, 0.00479779726204773
899, 0.00478675049574425
900, 0.010766925678278
901, 0.0110772671177983
902, 0.011500678723678
903, 0.0120673200581223
904, 0.0128640555000554
905, 0.014099044414858
906, 0.0163295102926592
907, 0.0189870821001629
908, 0.0201865468795101
909, 0.0190645288676023
910, 0.016861421133702
911, 0.0153231652608762
912, 0.0147812195743124
913, 0.0148050015171369
914, 0.0152823555593689
915, 0.0159989430103451
916, 0.0156523820478469
917, 0.0304610980674624
918, 0.0156559179692219
919, 0.0241879862733185
920, 0.0135307141269247
921, 0.0139856763804952
922, 0.0123387201844404
923, 0.0184703506529331
924, 0.0105812173181524
925, 0.0122297035995871
926, 0.0104661007411778
927, 0.0196101893670857
928, 0.0105062144963692
929, 0.0136429695412517
930, 0.0199191205513974
931, 0.0175151458630959
932, 0.0160816536905865
933, 0.0152174859928588
934, 0.0182426213286817
935, 0.01276370168974
936, 0.0148251479646812
937, 0.0147556491040935
938, 0.0145225550513715
939, 0.0144842094741762
940, 0.0117851121661564
941, 0.0149106610721598
942, 0.00983403320424259
943, 0.00992894358932972
944, 0.0085357838931183
945, 0.00679087766911834
946, 0.009088478051126
947, 0.00981203885748982
948, 0.00956495734862983
949, 0.00942132990652074
950, 0.00627088643765698
951, 0.00580843390586476
952, 0.00540318196484198
953, 0.00954012239041428
954, 0.00794333363107095
955, 0.00734915491193533
956, 0.00734233957094451
957, 0.00593141831147174
958, 0.00707572853813569
959, 0.0064096861363699
960, 0.00577028708842893
961, 0.0054612170982485
962, 0.00524014335436126
963, 0.00510339046983669
964, 0.00503353386496504
965, 0.00500102915490667
966, 0.00807819946203381
967, 0.00970816825671742
968, 0.0117112424224615
969, 0.0116389812901616
970, 0.013481228013656
971, 0.0112306239482548
972, 0.0140209222833316
973, 0.0129773444496095
974, 0.0200458403366307
975, 0.0258517509015898
976, 0.0146143664605916
977, 0.0132015253417194
978, 0.011451802837352
979, 0.0198067065017919
980, 0.0174354942670713
981, 0.0204774367933472
982, 0.0189814997526507
983, 0.0165179208852351
984, 0.0145336218023052
985, 0.0128961827916404
986, 0.0152886140470703
987, 0.0134548969411602
988, 0.0143027328886092
989, 0.01406113555034
990, 0.0140441681724042
991, 0.0140855142381042
992, 0.0138853620737791
993, 0.0112593591523667
994, 0.00886728521436453
995, 0.00941441603936255
996, 0.00986576258825759
997, 0.00826341061231991
998, 0.0112699684686959
999, 0.0108247611982127
1000, 0.0105167245492339
1001, 0.0102240857668221
1002, 0.00764815163953851
1003, 0.0059931487388288
1004, 0.00650266914938887
1005, 0.00705782700485239
1006, 0.00555274988679836
1007, 0.00503655925526151
1008, 0.00619546681021651
1009, 0.00757189750826607
1010, 0.0105522693290065
1011, 0.0088003893615678
1012, 0.005992592467616
1013, 0.00567178036241482
1014, 0.00545710433895389
1015, 0.00533851108048111
1016, 0.00531985181649881
1017, 0.00677152610539148
1018, 0.0120681149419397
1019, 0.0114244757486241
1020, 0.0148784151145568
1021, 0.0267127204375962
1022, 0.0134154781699181
1023, 0.0164833096787333
1024, 0.0306975687853992
1025, 0.0124117357190698
1026, 0.014612776460126
1027, 0.0134067166751872
1028, 0.0132237298724552
1029, 0.0141160512963931
1030, 0.0137867553470035
1031, 0.0135272964835167
1032, 0.0127948152367026
1033, 0.0204723921294014
1034, 0.0197816924192011
1035, 0.0213226908817887
1036, 0.0168265933947017
1037, 0.0180620591466626
1038, 0.0156774350131551
1039, 0.0120473523469021
1040, 0.0127540652174503
1041, 0.00803782705528041
1042, 0.00740899774245918
1043, 0.00576122714361797
1044, 0.00985705992206931
1045, 0.0103902040670315
1046, 0.00478353584185243
1047, 0.00867295428179204
1048, 0.00928819319233298
1049, 0.0123799266293645
1050, 0.0109365202176074
1051, 0.0115736939478666
1052, 0.00626057491172105
1053, 0.00681154061264048
1054, 0.0121270831829558
1055, 0.00521960346959531
1056, 0.0118025563657284
1057, 0.00646080682054162
1058, 0.00917403081742426
1059, 0.00625300535466522
1060, 0.00560329067520797
1061, 0.00593833241146058
1062, 0.00572842468197147
1063, 0.00797061303940912
1064, 0.0071004443258668
1065, 0.0125780471467546
1066, 0.0133621718268842
1067, 0.0173622604149083
1068, 0.0140705132701745
1069, 0.0213706139475107
1070, 0.0303790814553698
1071, 0.0115636605769396
1072, 0.0133510256030907
1073, 0.012988729091982
1074, 0.0124379024685671
1075, 0.0141429530146221
1076, 0.0127358067935954
1077, 0.013514700345695
1078, 0.0163648955834409
1079, 0.0196743042518695
1080, 0.0219741907591621
1081, 0.0170143872189025
1082, 0.0219397796317935
1083, 0.019879563866804
1084, 0.0129517541887859
1085, 0.00853657869932552
1086, 0.00786715873982757
1087, 0.00721951457671821
1088, 0.0105015255976468
1089, 0.011186939276134
1090, 0.00920520365859071
1091, 0.00985592743381858
1092, 0.00606858836753028
1093, 0.00661935533086459
1094, 0.01196557469666
1095, 0.0128707108087838
1096, 0.0136396309050421
1097, 0.0286804684437811
1098, 0.00672946501678477
1099, 0.00961474763850371
1100, 0.00656819475504259
1101, 0.00834393679785232
1102, 0.00624708443259199
1103, 0.00741229594374696
1104, 0.0109490416012704
1105, 0.0224075958443185
1106, 0.0141388205035279
1107, 0.0292786210775375
1108, 0.0286601035234829
1109, 0.0152317516040057
1110, 0.0269185754780968
1111, 0.0130440219460676
1112, 0.0125380780082196
1113, 0.0112489961087704
1114, 0.0121615355213483
1115, 0.011728626753514
1116, 0.013833565171808
1117, 0.0159618684556335
1118, 0.0194236875201265
1119, 0.0148436252493411
1120, 0.0224449285306036
1121, 0.0217807735316455
1122, 0.0142000259698502
1123, 0.0233177983512481
1124, 0.00846145690108339
1125, 0.00775249927149465
1126, 0.00918281233559052
1127, 0.0113491634062181
1128, 0.00989486960073312
1129, 0.00708768900949508
1130, 0.0105991186574101
1131, 0.012190642223383
1132, 0.0131130833178759
1133, 0.0144449692064275
1134, 0.0156370620243251
1135, 0.00652756821364164
1136, 0.00704495263441155
1137, 0.00983858310307066
1138, 0.00696674548089504
1139, 0.00866049691103399
1140, 0.00771524656253556
1141, 0.0241459847117464
1142, 0.0156801771372557
1143, 0.0265735038556159
1144, 0.0278702224604785
1145, 0.0182586740702391
1146, 0.0121624493816247
1147, 0.0127949542365968
1148, 0.0116210602379094
1149, 0.0273834515052537
1150, 0.0102120997118098
1151, 0.0110990425261358
1152, 0.0135906758562972
1153, 0.0155570539645851
1154, 0.00844890018925071
1155, 0.0092217739050587
1156, 0.0185380013038715
1157, 0.0190267402989169
1158, 0.0156876590102911
1159, 0.0226537814984719
1160, 0.0244157356210053
1161, 0.00768606011600544
1162, 0.00997974669250349
1163, 0.0115002218323449
1164, 0.010731262077267
1165, 0.0123288455264022
1166, 0.0133286537602544
1167, 0.0148978652432561
1168, 0.0167548084476342
1169, 0.00741815733878563
1170, 0.00886525881166259
1171, 0.00805731789053728
1172, 0.0134003904648125
1173, 0.0239404685174425
1174, 0.0264183719021579
1175, 0.0230634018778801
1176, 0.0118289614717166
1177, 0.0111718991926561
1178, 0.0125127059097091
1179, 0.0105181355805447
1180, 0.00937040786569317
1181, 0.0253849866179128
1182, 0.0133086661808193
1183, 0.0101491031236947
1184, 0.0150419305233906
1185, 0.0236090867159267
1186, 0.0117072087402145
1187, 0.0109286724279324
1188, 0.0124893211759627
1189, 0.0183135102658222
1190, 0.0223687724210322
1191, 0.013503851601854
1192, 0.0153068527579308
1193, 0.0177474653658768
1194, 0.0200457799558838
1195, 0.00927988851132492
1196, 0.00856438864554678
1197, 0.00851005463240047
1198, 0.00771551290526986
1199, 0.00997598357498646
1200, 0.022309089700381
1201, 0.00959080612907807
1202, 0.0107555603608489
1203, 0.011483254066358
1204, 0.0256563133693167
1205, 0.00996653394152721
1206, 0.0104008133833607
1207, 0.0122173053678125
1208, 0.0236200719761352
1209, 0.0111769258510321
1210, 0.0130101662750045
1211, 0.019931234685438
1212, 0.0127515815353642
1213, 0.0119568728065739
1214, 0.0252703279256821
1215, 0.014449380338192
1216, 0.0139213823713362
1217, 0.0173027547231565
1218, 0.0157569275082399
1219, 0.0193141898406403
1220, 0.0202059544622898
1221, 0.021256177952247
1222, 0.021650955080986
1223, 0.0164310962427408
1224, 0.0186301732435822
1225, 0.0253515524789691
1226, 0.0232885167002678
1227, 0.00965744400552163
1228, 0.0186934157806848
1229, 0.0133559724781662
