1, 0.00909185595810413
2, 0.0312211555428803
3, 0.00544324610382318
4, 0.0124838382471353
5, 0.0129637746140361
6, 0.0223540104925632
7, 0.00499284348916262
8, 0.00479954571346752
9, 0.032080716220662
10, 0.0109776873141527
11, 0.00986826606094837
12, 0.0528999697417021
13, 0.009639160358347
14, 0.0103318113057564
15, 0.0108812866577258
16, 0.0114498554418484
17, 0.0119988940811406
18, 0.0125278058306624
19, 0.0131120507915815
20, 0.0140667185963442
21, 0.0163655509240925
22, 0.0231560316557686
23, 0.0288624015326301
24, 0.0193445316205422
25, 0.0116020057660838
26, 0.00719630811363459
27, 0.00555239237534503
28, 0.00783827039413154
29, 0.0099141417692105
30, 0.0112527429591864
31, 0.0119893372369309
32, 0.0123513962607831
33, 0.0122601217590272
34, 0.0119092486177882
35, 0.0116330808959901
36, 0.0115333820382754
37, 0.0116728567518294
38, 0.0120513856721421
39, 0.0125396271857123
40, 0.0130416572404404
41, 0.0134549161108832
42, 0.013665201763312
43, 0.0136497844941914
44, 0.0134808646204571
45, 0.0131699474295601
46, 0.0129663182112078
47, 0.0126354728514949
48, 0.0120846851107975
49, 0.0114944400265813
50, 0.0109437721160551
51, 0.0104416230072578
52, 0.0100013031624258
53, 0.00964800671984752
54, 0.00938411724443237
55, 0.0093080618729194
56, 0.00945890105019013
57, 0.009705465597411
58, 0.0100444171888133
59, 0.0104819154366851
60, 0.0110396957024932
61, 0.011689346904556
62, 0.0123920861321191
63, 0.0130653407735129
64, 0.013632260573407
65, 0.014086567175885
66, 0.0145299859965841
67, 0.0153616295816998
68, 0.0177650883172949
69, 0.022274696889023
70, 0.020293447887525
71, 0.0171354243842264
72, 0.0116591473730902
73, 0.00937235495075583
74, 0.00807062932290137
75, 0.00721836206503212
76, 0.00663737564658125
77, 0.00620544080932935
78, 0.00586875388398767
79, 0.00562493099520604
80, 0.00543880532495677
81, 0.00528375393090149
82, 0.00516224000602961
83, 0.00505848811008036
84, 0.00511333436588757
85, 0.00538053212221712
86, 0.00566683317689846
87, 0.00601085124071687
88, 0.00637654560462882
89, 0.00675237271934748
90, 0.00710809335578233
91, 0.00740009678217272
92, 0.00754455865050356
93, 0.00744555541314185
94, 0.00690696768773099
95, 0.00576416748420646
96, 0.00441600962464387
97, 0.00710312665129701
98, 0.0111306135853132
99, 0.0186260578533014
100, 0.028129859517018
101, 0.0240321204376717
102, 0.0169953536242247
103, 0.0144919778686017
104, 0.0137613042412947
105, 0.0135615887896468
106, 0.0135243359642724
107, 0.0135063355167707
108, 0.0134813014883548
109, 0.0134169883094728
110, 0.0133272034581751
111, 0.0132381142272303
112, 0.0131524030584842
113, 0.0130591217118005
114, 0.0129477602895349
115, 0.0127977554220706
116, 0.0125880068323265
117, 0.0123148784817507
118, 0.011981847230345
119, 0.0116405508015305
120, 0.0112398370568241
121, 0.0109883166539172
122, 0.0108241258809964
123, 0.0106142379033069
124, 0.0104207610711455
125, 0.0102659082040191
126, 0.0101567523864408
127, 0.0100948428735137
128, 0.0100704844420155
129, 0.010053636195759
130, 0.0103720145998523
131, 0.0110259872550766
132, 0.0115462164394557
133, 0.0121163950922589
134, 0.0127418069168925
135, 0.0134649703589578
136, 0.014317872778823
137, 0.0153185945625106
138, 0.0165906365339955
139, 0.0183043517172337
140, 0.020414514777561
141, 0.0224307421594858
142, 0.0234429873526096
143, 0.0226742858067155
144, 0.0201467309768001
145, 0.01690626439328
146, 0.0145127801224589
147, 0.0135189318098128
148, 0.0131676614594956
149, 0.0129539992970725
150, 0.0128472674017151
151, 0.0127562312409282
152, 0.0126092859233419
153, 0.0078753645842274
154, 0.0130417376446227
155, 0.0222094108661016
156, 0.032205389191707
157, 0.0266431604201595
158, 0.0176069360847274
159, 0.0106069659814239
160, 0.0063844930070142
161, 0.0049656240735203
162, 0.00491138392438491
163, 0.00486493188266953
164, 0.0048302022429804
165, 0.00481156577977041
166, 0.00480711522201697
167, 0.00482165883295238
168, 0.0048631438985467
169, 0.00492823217064142
170, 0.00502729532308877
171, 0.00517157806704442
172, 0.00536422058939934
173, 0.00559628133972486
174, 0.00587725771280626
175, 0.00620301688710849
176, 0.00659481808543205
177, 0.007077655599763
178, 0.00766094688636561
179, 0.00842623055602113
180, 0.00944658291215698
181, 0.0108378753066063
182, 0.0140296647635599
183, 0.0321731637232006
184, 0.0327236326411366
185, 0.0158080281689763
186, 0.0126078152097762
187, 0.012291394174099
188, 0.0120220210713645
189, 0.011756144464016
190, 0.011543116842707
191, 0.0113910461465518
192, 0.0112791483600934
193, 0.0111823504169782
194, 0.0110999764874578
195, 0.0110528892837465
196, 0.0110540413297713
197, 0.0110816977297266
198, 0.0111192483454943
199, 0.0111647265730426
200, 0.0105984825640917
201, 0.0101264731958508
202, 0.0204413567359249
203, 0.0093710605454232
204, 0.00576415150426328
205, 0.011142255893598
206, 0.0116850558357934
207, 0.0122457169151554
208, 0.0128740494449933
209, 0.0137024350309124
210, 0.0151839680814495
211, 0.0187413323049744
212, 0.0255208848975599
213, 0.0139775495820989
214, 0.0106592196971178
215, 0.00938550739859541
216, 0.00758888428875556
217, 0.0134981697580467
218, 0.0136422146266947
219, 0.0136104846994082
220, 0.0133445682004094
221, 0.0128901819698513
222, 0.012383721380805
223, 0.0119298320108404
224, 0.0116209808426599
225, 0.0115579192060977
226, 0.0117157721736779
227, 0.0119878867796312
228, 0.0109326658615222
229, 0.0114552200150987
230, 0.0120278620161116
231, 0.0125933713279665
232, 0.013017955624188
233, 0.0104720013526579
234, 0.00980260145540039
235, 0.0100938098039478
236, 0.0115698201116174
237, 0.0121141298829267
238, 0.0126580422123273
239, 0.0129230638655523
240, 0.011978290664653
241, 0.0136006105846415
242, 0.0133875235915184
243, 0.0133184459991753
244, 0.0116516374982893
245, 0.0115553364157677
246, 0.0134306179825217
247, 0.0136259622716655
248, 0.0124157489432643
249, 0.0115032214671373
250, 0.0107482289895415
251, 0.0119576711207628
252, 0.0108241369016469
253, 0.0114924730733037
254, 0.0120926323191573
255, 0.0138038229197264
256, 0.0151859153217326
257, 0.0109690248500556
258, 0.0104227936826646
259, 0.0128235448307047
260, 0.0132728836033493
261, 0.0163186817274739
262, 0.0131311782502702
263, 0.0116355439115848
264, 0.0106800417415798
265, 0.0127460386914512
266, 0.0122578172789266
267, 0.0130829837173224
268, 0.0112063504445056
269, 0.0110914726586392
270, 0.0173888633338114
271, 0.0137708015584697
272, 0.013631564953054
273, 0.0132878876424262
274, 0.0136226041552921
275, 0.0116698964654158
276, 0.0121425211740037
277, 0.0126236103630314
278, 0.0131586411346992
279, 0.0114138387143612
280, 0.0128183591489991
281, 0.0120309612248093
282, 0.0113936882310857
283, 0.0109195729717612
284, 0.0138660699594766
285, 0.0152882166827718
286, 0.0115494409443012
287, 0.019310238926361
288, 0.0117613301457216
289, 0.0129785758132736
290, 0.0135810996871442
291, 0.017071309654663
292, 0.013692699217548
293, 0.0133689190261066
294, 0.0123760323040187
295, 0.0140404923198124
296, 0.0140653275108586
297, 0.0128334788605571
298, 0.0120352333566795
299, 0.0113633212500385
300, 0.0149854052190979
301, 0.0138694669585675
302, 0.0179442600347102
303, 0.0126935068207482
304, 0.0142602349321047
305, 0.0134952486647914
306, 0.0124959969737877
307, 0.0137326543529828
308, 0.013214709625269
309, 0.0164800572342106
310, 0.0147840012020121
311, 0.0144557975387822
312, 0.0128387239362512
313, 0.0138033654075116
314, 0.015027559561921
315, 0.0154840461909771
316, 0.0138830566623559
317, 0.0154704051757497
318, 0.0173093111564716
319, 0.0158575802731017
320, 0.0129203627972553
321, 0.0120211626403034
322, 0.0130784335390975
323, 0.0117412586696446
324, 0.0156025610631332
325, 0.0157827466027811
326, 0.0205489433525751
327, 0.00929079639414946
328, 0.01362316046531
329, 0.0131169977442672
330, 0.0139433366712183
331, 0.0156237312282125
332, 0.0197683807152013
333, 0.0144802953582257
334, 0.0140586322328697
335, 0.013082407337303
336, 0.0124552468769252
337, 0.0118166625034064
338, 0.0112232783188423
339, 0.010704221126313
340, 0.0102880018142362
341, 0.00997718338233729
342, 0.00974534118237595
343, 0.0052086521172896
344, 0.00589106588934859
345, 0.00621058659938474
346, 0.00664194529720892
347, 0.00721329551500579
348, 0.00805280753411353
349, 0.00931660497250656
350, 0.0113604087382555
351, 0.0145674967207015
352, 0.00559244650260856
353, 0.00774055870715529
354, 0.00782332957411806
355, 0.0075980241332824
356, 0.006937187203827
357, 0.00611571598953257
358, 0.00604804484949758
359, 0.0136890240634481
360, 0.0260116900317371
361, 0.00883845701658477
362, 0.00564887219419082
363, 0.0117668726791938
364, 0.00978108402341604
365, 0.00688900658860803
366, 0.00752393509416531
367, 0.00843507175644239
368, 0.00546644212833295
369, 0.00532410639182975
370, 0.00642122937521587
371, 0.0152078891017785
372, 0.0107193605508655
373, 0.0116491137693326
374, 0.0127937220968306
375, 0.0138008221207807
376, 0.0141604167874902
377, 0.0145268665316204
378, 0.0170207844736675
379, 0.019591354764998
380, 0.0205080304294825
381, 0.0133445484874149
382, 0.0122201864141971
383, 0.0111282288562506
384, 0.00593849120195955
385, 0.00828709340809534
386, 0.00631962309125811
387, 0.00670894080152114
388, 0.00710258982144296
389, 0.00746880083655318
390, 0.0081786725204438
391, 0.00826070880672584
392, 0.00832456528830031
393, 0.0124890821365019
394, 0.0112872141568611
395, 0.0118914665654302
396, 0.0142600760639956
397, 0.0159017667950441
398, 0.0187199342375
399, 0.0101328149437904
400, 0.0106579083173225
401, 0.0164661778669272
402, 0.0122457371714214
403, 0.0104768635439021
404, 0.0161292237628783
405, 0.0205952756417294
406, 0.010997913700218
407, 0.00608013174496591
408, 0.0151204095066835
409, 0.0123749196063727
410, 0.0102701797926178
411, 0.0088584633388867
412, 0.0078729601809755
413, 0.00717427441850305
414, 0.00581447372678667
415, 0.0174795614245037
416, 0.0115015128006538
417, 0.0120398025028408
418, 0.0126271071688583
419, 0.0142831626969079
420, 0.0131862187602868
421, 0.0140459761799624
422, 0.0136848115362227
423, 0.0145163563235352
424, 0.0132920167719324
425, 0.0162722890575727
426, 0.00791168337066968
427, 0.00586295217120399
428, 0.00710835168138146
429, 0.00667953588223706
430, 0.00994595093652606
431, 0.00931060500442982
432, 0.00890163728035986
433, 0.00626186622927586
434, 0.0118304314867904
435, 0.0111871579041084
436, 0.0186844896525145
437, 0.0163035224347065
438, 0.012520792040353
439, 0.00753392900029818
440, 0.00563319609500468
441, 0.00551072278592203
442, 0.0195175840829809
443, 0.0138472347365071
444, 0.0145452049716065
445, 0.0060164937749505
446, 0.00667083375932028
447, 0.0148955613064269
448, 0.014403087242196
449, 0.0148420832119882
450, 0.0126063049926112
451, 0.0107163801634063
452, 0.00924815858403842
453, 0.0144345980758468
454, 0.00821169341603915
455, 0.0143425886829694
456, 0.00629824516363442
457, 0.0130461083414654
458, 0.0124050800999006
459, 0.0136105841180931
460, 0.0153032904490829
461, 0.0140914147874961
462, 0.0155247677272807
463, 0.0110905664972961
464, 0.0085150016626964
465, 0.00623367617039808
466, 0.0101351363118738
467, 0.0110330007349451
468, 0.00713878974784166
469, 0.0182367796078324
470, 0.00666838996888449
471, 0.011844773377691
472, 0.0126001858152449
473, 0.0076204549598818
474, 0.0080799274922659
475, 0.01343739265576
476, 0.00533564179204404
477, 0.0122635388591637
478, 0.0183914735292395
479, 0.0150901104456612
480, 0.00653286895249039
481, 0.0163991082614909
482, 0.0145535494666547
483, 0.00582618797197938
484, 0.00693313401037206
485, 0.007474125479348
486, 0.0142679831478745
487, 0.0144892355892807
488, 0.0146740303219606
489, 0.0145581987065574
490, 0.00956624878259997
491, 0.0130166515841016
492, 0.0109084264064829
493, 0.00944115857904156
494, 0.0146195910871029
495, 0.0135727973122682
496, 0.0141119187076887
497, 0.0147043887991458
498, 0.00669903862290084
499, 0.00718770540940265
500, 0.00775245937984437
501, 0.0117828870813052
502, 0.00829508062452078
503, 0.01274757636711
504, 0.0135372702497989
505, 0.00883941003121436
506, 0.0146943751412133
507, 0.0168658044189215
508, 0.0172130302526057
509, 0.00722674077509769
510, 0.0129231233149767
511, 0.0174443954601884
512, 0.00776696313793461
513, 0.0140659435031315
514, 0.0150278438813984
515, 0.0145331250193218
516, 0.0140326843441774
517, 0.0107981979381293
518, 0.00851818049947421
519, 0.0151105948413412
520, 0.0112117747000108
521, 0.0124720594845712
522, 0.0146502044983208
523, 0.00857655370297531
524, 0.00789855040299396
525, 0.00922588693598906
526, 0.0147381449739138
527, 0.00995677857038875
528, 0.0161960949189961
529, 0.0157909421250224
530, 0.0147480035200715
531, 0.0134771295512716
532, 0.0087801031768322
533, 0.0145003228293111
534, 0.0154221286841979
535, 0.0135998751502484
536, 0.0137456681889792
537, 0.0123776223820945
538, 0.0138678574003279
539, 0.0098727757576853
540, 0.0157491511532239
541, 0.0128800554334053
542, 0.00897242474768843
543, 0.009704631442825
544, 0.0105189500997464
545, 0.01636880923373
546, 0.00805263658985495
547, 0.0114021917494635
548, 0.0144115371762642
549, 0.0143875506085654
550, 0.0133313961171856
551, 0.010104896267876
552, 0.013095242359365
553, 0.0113514685072005
554, 0.0110969960223883
555, 0.0126148487441242
556, 0.0128951295434187
557, 0.0120122057075302
558, 0.0115921522623726
559, 0.0156423122622073
560, 0.012565237780412
561, 0.0101809039711952
562, 0.0136129683038841
563, 0.0107521834628036
564, 0.0245292234855394
565, 0.0126385715169211
566, 0.0129229449667037
567, 0.013114136721318
568, 0.013224167128404
569, 0.0132909643774231
570, 0.0133434956272443
571, 0.0134051464653263
572, 0.0135026401064048
573, 0.013706765913715
574, 0.0137799805961549
575, 0.0138751095316062
576, 0.0140767122308413
577, 0.0147054620708028
578, 0.0166516134049743
579, 0.0213980314632257
580, 0.0104088206620266
581, 0.0104348280001432
582, 0.0104651669971645
583, 0.0105599182813118
584, 0.0107034461883207
585, 0.0108684515580535
586, 0.011041027183334
587, 0.0111736278049648
588, 0.0126171733718365
589, 0.0127277994373192
590, 0.0128699565927188
591, 0.0130932951966921
592, 0.0134302799900373
593, 0.0142435658878336
594, 0.0161356953127931
595, 0.0188832515850663
596, 0.0214251916234692
597, 0.02276268042624
598, 0.0225355473036567
599, 0.0211008827512463
600, 0.019173565475891
601, 0.0173630343439678
602, 0.0159311117604375
603, 0.0148261416858683
604, 0.0139081308152527
605, 0.0131248860464742
606, 0.0124500622041523
607, 0.0118442598419885
608, 0.0112743396311998
609, 0.0118502198408047
610, 0.0108966450206935
611, 0.00944505321482817
612, 0.00781520374584943
613, 0.00702643522527069
614, 0.0164753433006505
615, 0.0289032709163924
616, 0.0114573854176948
617, 0.0110332194405297
618, 0.0113268115868171
619, 0.0109596671536565
620, 0.0111745020064215
621, 0.0117424547982713
622, 0.0110270997975022
623, 0.013024710273991
624, 0.0187813675341507
625, 0.0145309396709005
626, 0.0194058845130106
627, 0.0212232115057607
628, 0.0205616991346081
629, 0.0179952609663208
630, 0.0165987242944539
631, 0.015403472352773
632, 0.0212290328927338
633, 0.0204042239735524
634, 0.0144243269072225
635, 0.0165541398649414
636, 0.0135937164692829
637, 0.0122129945860555
638, 0.0128683278647562
639, 0.0134936997201294
640, 0.0126514063837628
641, 0.0116190534705917
642, 0.0122663204868635
643, 0.0118436639507612
644, 0.0136042460799217
645, 0.0115066073834896
646, 0.0176975163631141
647, 0.0155186878982931
648, 0.0145852791611105
649, 0.0138551220297813
650, 0.0137130643706769
651, 0.0135485754969219
652, 0.0135466881717245
653, 0.0134875602088869
654, 0.0133058847859502
655, 0.0130028351365278
656, 0.0142107831779867
657, 0.0140177234231184
658, 0.0211971246947845
659, 0.0135493699926883
660, 0.014758867987742
661, 0.0204543426765927
662, 0.0115838584357074
663, 0.0109851890509682
664, 0.0240122526884079
665, 0.0104536037736883
666, 0.0118937991559505
667, 0.0117829263520737
668, 0.01164587532791
669, 0.0115090830562015
670, 0.0118937513325363
671, 0.0123503058483558
672, 0.0121053881788005
673, 0.0179420344841977
674, 0.0185225241196652
675, 0.0170419050070147
676, 0.0189085435122252
677, 0.0159680080444862
678, 0.0193920767245193
679, 0.0149536558116476
680, 0.0200033821165562
681, 0.0141036340501159
682, 0.0202864649084707
683, 0.0195563471255203
684, 0.0133504099988689
685, 0.0175135960647215
686, 0.0119927296681064
687, 0.0126865333101402
688, 0.0128342623024115
689, 0.0150931111226479
690, 0.0136218095043053
691, 0.0125924573900799
692, 0.0151210451343407
693, 0.0141964382492006
694, 0.0145182236252973
695, 0.0139640200262268
696, 0.0138354327064008
697, 0.0137882853547732
698, 0.0138306641795983
699, 0.013909560861066
700, 0.0139175680621217
701, 0.0137596752028912
702, 0.0134176236266891
703, 0.0165188340470195
704, 0.0221463092602789
705, 0.019081456741939
706, 0.0121226137659202
707, 0.0108122129924595
708, 0.0123914335189121
709, 0.02372023028632
710, 0.0105468452287217
711, 0.0122523930234214
712, 0.0122618223540485
713, 0.0123454555869102
714, 0.0122674530527244
715, 0.0121354287645469
716, 0.0113824867643416
717, 0.0136817719787359
718, 0.0125609898008406
719, 0.0169116291217506
720, 0.0167760085314512
721, 0.0168492424612244
722, 0.0162240498078366
723, 0.0170750051426391
724, 0.0153971739734213
725, 0.0179886058904231
726, 0.0145674771629274
727, 0.0194306407744686
728, 0.0206151637248695
729, 0.0131279452859114
730, 0.0205622348003089
731, 0.0138273066841066
732, 0.0186701053753495
733, 0.0156986740572999
734, 0.0129737480698774
735, 0.0225755421755215
736, 0.0140813412920882
737, 0.0148215318719546
738, 0.0157727620874842
739, 0.0141326413334658
740, 0.0143465228223552
741, 0.0141622646090885
742, 0.0143237337470055
743, 0.0144073193271955
744, 0.0142762290779501
745, 0.013905964869385
746, 0.0201883151506384
747, 0.0175692066550255
748, 0.0123254798352718
749, 0.0232259485249718
750, 0.0133416878525168
751, 0.0132618376519531
752, 0.0128430752859761
753, 0.0128433389057006
754, 0.021628837287426
755, 0.0157329275583227
756, 0.0127865577116609
757, 0.0157196554355323
758, 0.0154519507971903
759, 0.0157934260399391
760, 0.0153675901237875
761, 0.015468838547046
762, 0.0158518384365986
763, 0.0148675266342858
764, 0.0171365174464881
765, 0.0190765887188415
766, 0.0208985842764378
767, 0.0141991005123903
768, 0.0135532442945987
769, 0.0215211353885631
770, 0.0198450293391943
771, 0.0133227135187813
772, 0.0145051504174868
773, 0.014635982690379
774, 0.0148777791764587
775, 0.0151915579723815
776, 0.0146343138379355
777, 0.0150023128371686
778, 0.0148278497314701
779, 0.016450407449156
780, 0.014389398197333
781, 0.0184929200137655
782, 0.0222518285736442
783, 0.020787103412052
784, 0.0175170130872478
785, 0.0199976603810986
786, 0.0220702335548898
787, 0.0156452517424311
788, 0.013287999946624
789, 0.0138048756246765
790, 0.0188999690115452
791, 0.0114496569149196
792, 0.0133243426680565
793, 0.00816416866811258
794, 0.00483975501265377
795, 0.0133054877320925
796, 0.0125298722026249
797, 0.0127060437419762
798, 0.0128511808967839
799, 0.0129706881319483
800, 0.0130897584216048
801, 0.0131867153104395
802, 0.0132630094885826
803, 0.0133346939304223
804, 0.0133738148336609
805, 0.0135350453977784
806, 0.0140371547701458
807, 0.0153882531449199
808, 0.0183459545951337
809, 0.0187067023168008
810, 0.0243614556578298
811, 0.0125851055296759
812, 0.00710833196838697
813, 0.00732584903016686
814, 0.00738724196950595
815, 0.00720405698909114
816, 0.0067632804857567
817, 0.00594415352679789
818, 0.0114837312139571
819, 0.00965762309109171
820, 0.00853844650555402
821, 0.00777453343228747
822, 0.00719893118366599
823, 0.0067266437302654
824, 0.00633772342310597
825, 0.00600495061371475
826, 0.00572399414765338
827, 0.00549219160651167
828, 0.00530630454886705
829, 0.00516639254055917
830, 0.00506230292376131
831, 0.00498620769940317
832, 0.00493951716149847
833, 0.00491996683801214
834, 0.00492411929493149
835, 0.0049514778268834
836, 0.00498644580754141
837, 0.00501738073459516
838, 0.011267406012242
839, 0.011237325379625
840, 0.0112262788849572
841, 0.0112533591066798
842, 0.0113251230213791
843, 0.0114211263911178
844, 0.0115331237514814
845, 0.0116730354881535
846, 0.0118551671815415
847, 0.012099149171263
848, 0.0124370677707096
849, 0.0130556052705894
850, 0.0164500900233785
851, 0.023382588600119
852, 0.0114942016080022
853, 0.0115585347327093
854, 0.0112740537151694
855, 0.0115072548699876
856, 0.0117541376966983
857, 0.0115082485135645
858, 0.0116433126386255
859, 0.0119027520219485
860, 0.0120892548002303
861, 0.0123400712230553
862, 0.012765687967961
863, 0.0136647247709334
864, 0.0171545372965435
865, 0.015518907069539
866, 0.00517984301162263
867, 0.00514803419355303
868, 0.00524318323004991
869, 0.00548905223452797
870, 0.006791235296987
871, 0.0126261739836385
872, 0.0104373914655298
873, 0.00916793143066267
874, 0.00833432054302345
875, 0.00771552491157005
876, 0.00721482587202142
877, 0.00643273307165752
878, 0.0061306170731162
879, 0.00587701913900673
880, 0.00566119056505462
881, 0.0218013568781316
882, 0.00517841273297866
883, 0.00534701452124864
884, 0.00515172975913932
885, 0.00679866569892814
886, 0.00750066945329309
887, 0.00714129325933754
888, 0.0060889133795475
889, 0.0064479917443047
890, 0.00735720111212383
891, 0.00767926487606019
892, 0.00865275635650115
893, 0.00575596187263727
894, 0.00545805781924476
895, 0.00522821038030088
896, 0.0123125936370343
897, 0.0135137467489888
898, 0.0125025930659225
899, 0.0131316805103173
900, 0.0120491013706972
901, 0.0131711189945539
902, 0.0131913448373477
903, 0.0140302805230021
904, 0.0150462815072387
905, 0.0126637844368815
906, 0.0128060009640952
907, 0.0129450981815656
908, 0.0132932293539246
909, 0.0132212069972108
910, 0.0130558634797732
911, 0.0141026004372785
912, 0.0114737966408332
913, 0.0210734818662916
914, 0.00524331902020744
915, 0.0117492698288212
916, 0.0115481468050608
917, 0.0165663983983298
918, 0.0118477564925949
919, 0.0117831053212285
920, 0.0117459517593185
921, 0.0167523850686848
922, 0.0141368341476967
923, 0.0131115147378296
924, 0.011954250279814
925, 0.0126194184801231
926, 0.0123241567052901
927, 0.0121082486584783
928, 0.0117322028769801
929, 0.00627817834417025
930, 0.00657999647470812
931, 0.00691038509830832
932, 0.0072888348562022
933, 0.00773879055244227
934, 0.0082713186275214
935, 0.00892432732507586
936, 0.0098050058974574
937, 0.0110859894969811
938, 0.0130291810880105
939, 0.00561682480232169
940, 0.00601637472088138
941, 0.0057944665895775
942, 0.00549841028017302
943, 0.00539459893479943
944, 0.00542620926474531
945, 0.00539024775692572
946, 0.016403519626086
947, 0.0192389037460089
948, 0.00686214487844457
949, 0.00618805604365965
950, 0.00554170312049488
951, 0.00585246190894395
952, 0.00732457761963208
953, 0.00819250056520104
954, 0.00768894081314405
955, 0.00653453772732367
956, 0.0053927191067487
957, 0.0123272167208294
958, 0.0130863609568526
959, 0.0130667312381168
960, 0.013022583986943
961, 0.0129423167090863
962, 0.0128099747623006
963, 0.0131266538519412
964, 0.01322422719871
965, 0.0126624334758768
966, 0.012513302344208
967, 0.0134641754751404
968, 0.0139746294201662
969, 0.0147968955958883
970, 0.0121092822713157
971, 0.0118643866541485
972, 0.0166710477455386
973, 0.00564289199454444
974, 0.0174963500661155
975, 0.015691382655253
976, 0.0119633498446395
977, 0.0133843052511414
978, 0.0143556029070169
979, 0.0128566054627299
980, 0.0162033275701106
981, 0.0125180902735641
982, 0.0119999471741418
983, 0.0120419684487085
984, 0.0122819961979985
985, 0.0121292493616541
986, 0.0119581586415214
987, 0.0117198965512216
988, 0.00576510144552837
989, 0.00589025133134176
990, 0.00563418962216626
991, 0.00668478128500283
992, 0.00636696928025534
993, 0.0070342633407563
994, 0.00741638895124197
995, 0.00782964797690511
996, 0.00829041171042869
997, 0.0088349599391222
998, 0.00951564529289802
999, 0.0104259670091172
1000, 0.0117015264307459
1001, 0.0135511984893431
1002, 0.00568751598863552
1003, 0.00608917193797727
1004, 0.0069950035540387
1005, 0.00854911538772285
1006, 0.0059709163227429
1007, 0.00631596749493231
1008, 0.00666475404674808
1009, 0.0123649463057518
1010, 0.0130300745368004
1011, 0.013124130666256
1012, 0.0129873379288862
1013, 0.013002040485541
1014, 0.012936435562248
1015, 0.0128309953336914
1016, 0.0126916392861555
1017, 0.0125614626643558
1018, 0.0121976560913026
1019, 0.0078306410384054
1020, 0.0143671062154075
1021, 0.0133488005958498
1022, 0.0137721125502139
1023, 0.0155673250555992
1024, 0.0121980419249407
1025, 0.0143745370830099
1026, 0.0151125227234193
1027, 0.0135247936317076
1028, 0.0130150939803571
1029, 0.0126637441571802
1030, 0.012217603623867
1031, 0.0124263782830288
1032, 0.0122874398560574
1033, 0.00603369957146545
1034, 0.00618086371105164
1035, 0.00596659623884729
1036, 0.00708512604857485
1037, 0.00640404340811074
1038, 0.00670637803462644
1039, 0.00749580205107729
1040, 0.0148733284634848
1041, 0.0155744588933885
1042, 0.00792565115261823
1043, 0.0083800374607866
1044, 0.0100739023182541
1045, 0.00886118598282337
1046, 0.00939915756074091
1047, 0.0109637998975813
1048, 0.0121829931158572
1049, 0.0136583675630391
1050, 0.00975318889444073
1051, 0.00731094802419345
1052, 0.00613419331299762
1053, 0.0065041990019381
1054, 0.0124311671437075
1055, 0.0129794307673971
1056, 0.01293337601237
1057, 0.0129371507403751
1058, 0.012925627330939
1059, 0.012855929788202
1060, 0.0127499723651757
1061, 0.0126483860270431
1062, 0.0122806851286441
1063, 0.00688767549581826
1064, 0.0131481318579366
1065, 0.0087975279117624
1066, 0.0134459166632344
1067, 0.0138046174154927
1068, 0.0130613552672522
1069, 0.0146542021539062
1070, 0.0123483921401203
1071, 0.0141076076154908
1072, 0.0135361579402039
1073, 0.0130875137013694
1074, 0.0127660259604454
1075, 0.0125646217105289
1076, 0.0124325774765263
1077, 0.0121285699307919
1078, 0.00648397312033921
1079, 0.0062830694951117
1080, 0.0093245916456605
1081, 0.0100150520447642
1082, 0.00675569098287572
1083, 0.00796375838884463
1084, 0.00749840498125802
1085, 0.00843493306698898
1086, 0.00708343705628067
1087, 0.00891179040384789
1088, 0.00940835693230232
1089, 0.00995445453251402
1090, 0.0124110011383891
1091, 0.0114156030273686
1092, 0.0106085557490587
1093, 0.0137280763925186
1094, 0.00583286401815712
1095, 0.007965526310727
1096, 0.00636311469133943
1097, 0.0125270113348961
1098, 0.00680756685324013
1099, 0.0128034379643699
1100, 0.0128185973347475
1101, 0.0128504463161031
1102, 0.0128647910120587
1103, 0.0128289286512882
1104, 0.0139959677277754
1105, 0.0127642518574638
1106, 0.0123886889001975
1107, 0.0128663405776024
1108, 0.00733206797546397
1109, 0.0130257434987774
1110, 0.0131698081580301
1111, 0.0145519050769508
1112, 0.01368028166083
1113, 0.0125262759226773
1114, 0.0134394195241233
1115, 0.0131112562182049
1116, 0.0128614334389567
1117, 0.0126727245903263
1118, 0.0113784887362272
1119, 0.00710731880584111
1120, 0.00848432560451329
1121, 0.00897137518040836
1122, 0.00797128840349615
1123, 0.00749067597401639
1124, 0.00944694077285627
1125, 0.00994895103697976
1126, 0.0104807837245365
1127, 0.0126631882352134
1128, 0.0118356369591008
1129, 0.0110928437982996
1130, 0.0133919266983867
1131, 0.0117520965369684
1132, 0.0101368245668709
1133, 0.0126413607038558
1134, 0.0125784104845176
1135, 0.0126560555460552
1136, 0.00897183199413121
1137, 0.0127626285733034
1138, 0.0128605787952741
1139, 0.01288385624066
1140, 0.0125252828778078
1141, 0.0131468202453107
1142, 0.00735692326755573
1143, 0.0125256997222702
1144, 0.00809979586241146
1145, 0.0125248257536441
1146, 0.0129855894483626
1147, 0.0109381211921573
1148, 0.0127875229809433
1149, 0.0132978584151715
1150, 0.0131055938545614
1151, 0.0129083221157392
1152, 0.0113495604135096
1153, 0.00677749195269176
1154, 0.0078944182023406
1155, 0.0100335499737412
1156, 0.00957677932456136
1157, 0.00906419924770792
1158, 0.00849578925408423
1159, 0.0105032148615768
1160, 0.0109806479110072
1161, 0.0115123016294092
1162, 0.0134138493643453
1163, 0.0128889623364168
1164, 0.0121069971161584
1165, 0.0127472898457199
1166, 0.0102769948231677
1167, 0.0122617307739953
1168, 0.0124481737924119
1169, 0.0126920167046289
1170, 0.0121228518740584
1171, 0.0129136214298861
1172, 0.012399020139128
1173, 0.0119751316184799
1174, 0.00825379725678691
1175, 0.00916393768663208
1176, 0.0117781776934862
1177, 0.0128959640084455
1178, 0.011739324046565
1179, 0.0130357971259703
1180, 0.0138260152501365
1181, 0.0090171709501495
1182, 0.00969906834264596
1183, 0.010715520807675
1184, 0.0101179302825282
1185, 0.011073492312183
1186, 0.0114590548134098
1187, 0.0119044005405158
1188, 0.0128047496080399
1189, 0.0123925432562828
1190, 0.00740199233405292
1191, 0.0118811747524887
1192, 0.0116437099253138
1193, 0.0122191926153998
1194, 0.012605788729464
1195, 0.0115909199230373
1196, 0.0115208446513861
1197, 0.0103724617511034
1198, 0.010993840438979
1199, 0.013145390432328
1200, 0.0104149087066097
1201, 0.0113638419657946
1202, 0.00934150358662009
1203, 0.0129208993942787
1204, 0.0108647069428116
