1, 0.00794541975483298
2, 0.0323397279717028
3, 0.00632402440533042
4, 0.0085126175545156
5, 0.0135363368317485
6, 0.015478493180126
7, 0.00449574086815119
8, 0.00594863388687372
9, 0.0330379065126181
10, 0.00892007467336953
11, 0.0158413676545024
12, 0.0176272429525852
13, 0.00880546382229243
14, 0.0100146749367317
15, 0.0109856546235581
16, 0.0120154837301622
17, 0.0136167231636743
18, 0.0177558288754274
19, 0.0252642473205924
20, 0.0267844246700406
21, 0.0174011015333235
22, 0.0119548660392563
23, 0.00823350879363716
24, 0.00677192319805423
25, 0.00487921747844666
26, 0.00502419560992469
27, 0.00611911345428477
28, 0.00708480835116158
29, 0.00773972412571311
30, 0.00813015426198641
31, 0.00833956571295857
32, 0.00844584056176245
33, 0.00848887503768007
34, 0.00850361725315452
35, 0.00851346891639488
36, 0.00853121373802423
37, 0.00859463370094697
38, 0.00871940624589721
39, 0.00891602179035544
40, 0.00918400442848603
41, 0.00955188414081931
42, 0.0100375032052398
43, 0.010627470134447
44, 0.0113184864943226
45, 0.0121210833700995
46, 0.0129931395252546
47, 0.0132797685218975
48, 0.0136237962481876
49, 0.0139534097785751
50, 0.0143756891290347
51, 0.0147991203702986
52, 0.0151241249404848
53, 0.0151897695225974
54, 0.0148364726143579
55, 0.0139706550786893
56, 0.0127013945020735
57, 0.0113542098551989
58, 0.0101250824518502
59, 0.00917232222855091
60, 0.00874841387849301
61, 0.0082268329958121
62, 0.0084678342876335
63, 0.00897566648200154
64, 0.00968583611150583
65, 0.0105443024076521
66, 0.0113811519307395
67, 0.0120066824990014
68, 0.0123203617210189
69, 0.0123327992235621
70, 0.0121017320392032
71, 0.0116941162074606
72, 0.0111937547723452
73, 0.0106618025650581
74, 0.0101891383528709
75, 0.00981613186498483
76, 0.009596547887971
77, 0.00960942233602206
78, 0.00995652005076408
79, 0.0108652136599024
80, 0.0130773410201073
81, 0.013212742167525
82, 0.0117917872654895
83, 0.00792185597432156
84, 0.00642558032025894
85, 0.00573257698367039
86, 0.00534923980012536
87, 0.00510907266288996
88, 0.00493947750267883
89, 0.00481772477117678
90, 0.00471890042535961
91, 0.00464026203068594
92, 0.00455816664422552
93, 0.00465846151512648
94, 0.00499739346560091
95, 0.0053571272874251
96, 0.00573798109932492
97, 0.00615000833446781
98, 0.0065919569072624
99, 0.00705200550146401
100, 0.00749886167856554
101, 0.00791114723930756
102, 0.00825703291532894
103, 0.00847852377531429
104, 0.00851877646831175
105, 0.00830123961592714
106, 0.00773114090164502
107, 0.00678646677018454
108, 0.00566222375103583
109, 0.00501877170366545
110, 0.00746977445669472
111, 0.00913075807814797
112, 0.0130263594910502
113, 0.019053820365419
114, 0.0280133541673422
115, 0.0262664210361739
116, 0.0185717379208654
117, 0.0143562580924481
118, 0.0130892624147236
119, 0.0125153086458643
120, 0.0120975989072273
121, 0.0116880158117662
122, 0.0112597562838346
123, 0.0108102181305488
124, 0.010333340925475
125, 0.00982715887948871
126, 0.00927124568261206
127, 0.00930979941040277
128, 0.00952446600422263
129, 0.00990025404219826
130, 0.0103521763036648
131, 0.0108805123406152
132, 0.0114640418129663
133, 0.0121121822545926
134, 0.0127900461666286
135, 0.0134620292422672
136, 0.0140782223703961
137, 0.0145949547489484
138, 0.0150007436362406
139, 0.0152963028910259
140, 0.0153834553202614
141, 0.0152222341857851
142, 0.0142737251395981
143, 0.0134186365952094
144, 0.0126143316738307
145, 0.0118448360202213
146, 0.0111270768878361
147, 0.0104851345531642
148, 0.00992250628769398
149, 0.00946478250746926
150, 0.00913266527156035
151, 0.00888784897203247
152, 0.00871459813788533
153, 0.00861088590075572
154, 0.00855028769001365
155, 0.00851211114786565
156, 0.00676389628400405
157, 0.00846751701707641
158, 0.0121075337131818
159, 0.0180226592347026
160, 0.027370418732365
161, 0.0284969443455338
162, 0.019196395141383
163, 0.012945495856305
164, 0.00861899205483496
165, 0.00728027150034904
166, 0.00450745323905721
167, 0.00445405727562805
168, 0.00444225540074209
169, 0.00445707701146603
170, 0.0044898201401035
171, 0.0045487890796115
172, 0.00464463334841033
173, 0.00478116779898604
174, 0.00496848548452059
175, 0.00520853294680516
176, 0.0055453785850356
177, 0.00603421630027394
178, 0.00674863757255177
179, 0.00803486645842592
180, 0.0126932287821546
181, 0.015541675966233
182, 0.0148208962442974
183, 0.0130504791935285
184, 0.0120467369755109
185, 0.0116139670523504
186, 0.0114821215781073
187, 0.011467856199791
188, 0.0114839100278914
189, 0.0114709559517602
190, 0.0113734429081281
191, 0.0111718991150459
192, 0.0108670413804551
193, 0.0104885514204701
194, 0.0100835575722158
195, 0.00969886950527628
196, 0.00936675257980824
197, 0.00909737901141246
198, 0.00892174399147431
199, 0.0088272113353014
200, 0.00881000577161709
201, 0.00900334282778203
202, 0.00796016193150232
203, 0.0097602226305753
204, 0.0103868861139442
205, 0.0133471911928306
206, 0.0136536383846154
207, 0.0160039691254497
208, 0.0211747521534562
209, 0.0274567177519202
210, 0.00751624898319798
211, 0.0193291485193186
212, 0.00839430264507731
213, 0.00823863494830827
214, 0.0075003719345356
215, 0.00682006430967401
216, 0.00601114938035607
217, 0.0055087615425388
218, 0.0125382367211084
219, 0.0117467464103053
220, 0.010991773645704
221, 0.0103374734365692
222, 0.00978366689135631
223, 0.00935352019344767
224, 0.00903147598728538
225, 0.00879873987287283
226, 0.00864497991278768
227, 0.00856022179747621
228, 0.0103277386321376
229, 0.0114424843341112
230, 0.0126327098502467
231, 0.0137656156439334
232, 0.0145416087470949
233, 0.0148144392296672
234, 0.0147299794480205
235, 0.0144306644021223
236, 0.0140275380884608
237, 0.013599080266431
238, 0.0132585191943993
239, 0.00847494749662777
240, 0.00766535731963813
241, 0.00802741828374565
242, 0.00851214102779826
243, 0.00745646286911021
244, 0.00835019481989245
245, 0.00852697044610977
246, 0.00793943949975073
247, 0.00818004342727363
248, 0.00869631922493378
249, 0.010066809055085
250, 0.0107088899239898
251, 0.00916216933789353
252, 0.00887910680224498
253, 0.0114216627553105
254, 0.00955154669160644
255, 0.0119520844115565
256, 0.0187488029090067
257, 0.0159552129916847
258, 0.00574553119949997
259, 0.00951590733602643
260, 0.0145222773620238
261, 0.0138133196160197
262, 0.0119791055719058
263, 0.0134020073649784
264, 0.0126160410388062
265, 0.0140479033968101
266, 0.0142052597366273
267, 0.0131065469856064
268, 0.0145558941488465
269, 0.0129645293733726
270, 0.0123329357510167
271, 0.00857888095613037
272, 0.0109143789990672
273, 0.00853910211784144
274, 0.00917043416605642
275, 0.00838732851358751
276, 0.00849547136264543
277, 0.00830666371621192
278, 0.00830048439092934
279, 0.00846209276157121
280, 0.00873633404262364
281, 0.0089728053038319
282, 0.0093360358538727
283, 0.00982705938319365
284, 0.0104559478349984
285, 0.0111998336700102
286, 0.0108319143764675
287, 0.0136960571010907
288, 0.0148715602699667
289, 0.0144578045389305
290, 0.0147036936444541
291, 0.0138681554235518
292, 0.0133039184535543
293, 0.0139068052438753
294, 0.01236808548371
295, 0.0128087427777549
296, 0.0118924233663295
297, 0.0130948091857135
298, 0.00858831578599555
299, 0.00880875298753381
300, 0.00861901161260903
301, 0.00923899941456815
302, 0.0100300925162931
303, 0.00848873588256538
304, 0.00961389291721086
305, 0.00912843264328937
306, 0.0102422452376535
307, 0.00879877968691289
308, 0.0109593687423815
309, 0.00861611533910036
310, 0.0122345311101526
311, 0.011857130471617
312, 0.0160398714554807
313, 0.0125468992628157
314, 0.0118333518815537
315, 0.01363118730175
316, 0.0154291219078004
317, 0.0115602511912584
318, 0.012927296028162
319, 0.0145017331621299
320, 0.0123105668462813
321, 0.0155821831896901
322, 0.0180393496217827
323, 0.0130361737683415
324, 0.0107644813667451
325, 0.0139252768519024
326, 0.00864973235875368
327, 0.00928282884082624
328, 0.00985580830213924
329, 0.0107190227136016
330, 0.00942657538689673
331, 0.0100234167960783
332, 0.00892423020143594
333, 0.010882481799594
334, 0.00861456136529644
335, 0.0109139502358933
336, 0.0173419948356847
337, 0.0126149875577539
338, 0.0134433927790572
339, 0.0113299511528263
340, 0.0146089420498659
341, 0.0118771813965092
342, 0.0161340097630663
343, 0.0177120242267847
344, 0.0149847895372659
345, 0.0164478713247393
346, 0.015877707162872
347, 0.0105123299174011
348, 0.0111689981228362
349, 0.0103300427241872
350, 0.00928934570401907
351, 0.009936811014389
352, 0.0118014634742091
353, 0.0143608121201396
354, 0.0123609126700709
355, 0.0115135134352992
356, 0.010698133214776
357, 0.0132787648277978
358, 0.0145269259810448
359, 0.0144806335059305
360, 0.00983731923624873
361, 0.0121519584984829
362, 0.0128717960656754
363, 0.0160030155442655
364, 0.0131913248915225
365, 0.00887680193409324
366, 0.0101656925398856
367, 0.0144997267052531
368, 0.00605229645346602
369, 0.0129935168661177
370, 0.0152682094679525
371, 0.0199261602413441
372, 0.00980564090423286
373, 0.00564680601625393
374, 0.00979368031645815
375, 0.00695159158203751
376, 0.0107512691368659
377, 0.00818552713220318
378, 0.00853230687789619
379, 0.0123114809393883
380, 0.0120538697422793
381, 0.0115093016065657
382, 0.0107623757018397
383, 0.0100023565658679
384, 0.00939136898765961
385, 0.00893992333052059
386, 0.00473692101271202
387, 0.00526525670041641
388, 0.00525542193402847
389, 0.00550198640363912
390, 0.00588200602214783
391, 0.00651659672924628
392, 0.00772019355402638
393, 0.00982548971660435
394, 0.00649492058437318
395, 0.00998471374623477
396, 0.0103158574396123
397, 0.00740562022353212
398, 0.00782601178313295
399, 0.0112304512100915
400, 0.0116910163778812
401, 0.00843310495838523
402, 0.0120688100966314
403, 0.0122955463205775
404, 0.00843960194227596
405, 0.00810055100979904
406, 0.00747484100672106
407, 0.00861253511781494
408, 0.00662271317560226
409, 0.00593497476074845
410, 0.00640666585726043
411, 0.0275727326050401
412, 0.0114716487005353
413, 0.0203661158060034
414, 0.0050781376970311
415, 0.00813033319233606
416, 0.0070410583090658
417, 0.00494744446283827
418, 0.00592488139712562
419, 0.00483948069935044
420, 0.0063655386135603
421, 0.0100999091130992
422, 0.0107090689707547
423, 0.0120742346625775
424, 0.0125193623049806
425, 0.010754329074795
426, 0.0100454509568711
427, 0.0103120623001208
428, 0.0111242353450507
429, 0.0115856549236923
430, 0.0123399321455508
431, 0.00996963361588617
432, 0.0117417004269858
433, 0.00992059886145095
434, 0.0106860015851756
435, 0.0120064439252019
436, 0.0125091576948762
437, 0.012453955753396
438, 0.0114136954459051
439, 0.011620185803622
440, 0.0105062148844202
441, 0.0148296384916951
442, 0.00961003480479121
443, 0.00855267187580466
444, 0.00598565842180202
445, 0.00736852630507201
446, 0.00841947536294659
447, 0.00691300743104269
448, 0.00855094326349596
449, 0.00843040319159627
450, 0.00555688243669768
451, 0.00644666065151493
452, 0.00815753273976346
453, 0.00779314979445189
454, 0.00821189248623947
455, 0.00795980457526942
456, 0.0103844936404909
457, 0.0102186048669474
458, 0.0169789823703468
459, 0.00541780493222177
460, 0.00754952547140419
461, 0.00682727600603054
462, 0.00865527126006782
463, 0.00563657388556749
464, 0.0102166349533945
465, 0.011063617731755
466, 0.0105676269158721
467, 0.0121347725701829
468, 0.0102210256736726
469, 0.00991201610304415
470, 0.00999844237230718
471, 0.0110191127751023
472, 0.012538833077997
473, 0.0129139845569928
474, 0.0127933248101423
475, 0.0120490617894878
476, 0.0115293685036401
477, 0.00997231598012149
478, 0.0130447575356811
479, 0.0106370866609116
480, 0.0115203877600531
481, 0.0129620855053266
482, 0.00513310178316065
483, 0.00859662060004969
484, 0.00739133489939074
485, 0.00844754930585623
486, 0.00783211140272518
487, 0.00819172609287004
488, 0.0069194845467185
489, 0.00865765567868948
490, 0.00867889480044444
491, 0.00641781200344364
492, 0.00872256529207031
493, 0.00892087033328911
494, 0.00591542412682126
495, 0.00780280605734636
496, 0.00525436884102722
497, 0.0139742322886984
498, 0.0159343341365457
499, 0.010813795030117
500, 0.00579377686205719
501, 0.00601053358210872
502, 0.00892496240946154
503, 0.00796349971399953
504, 0.00988943725824356
505, 0.0063419551976646
506, 0.0136345646654566
507, 0.0104409280077865
508, 0.0109404345663885
509, 0.0137813315571596
510, 0.0103966807170461
511, 0.00979993934743106
512, 0.0115382098592818
513, 0.0100811140146106
514, 0.00986991473473608
515, 0.0102013538458518
516, 0.0121988882310688
517, 0.0134366576870282
518, 0.00985358337250849
519, 0.0128597842218975
520, 0.0101475335347156
521, 0.0113808651454747
522, 0.0129174699873797
523, 0.0146542021539062
524, 0.00549802863970399
525, 0.00908760408249994
526, 0.0088771596395721
527, 0.00876647373661399
528, 0.00951916188932955
529, 0.00792813452426344
530, 0.00746472808532417
531, 0.00829158381869396
532, 0.00852966471575201
533, 0.00867752397122482
534, 0.00695117438832919
535, 0.00637155879909794
536, 0.00807351033048083
537, 0.00937553448602557
538, 0.00493416879326105
539, 0.00635125744156539
540, 0.00670828538325926
541, 0.00923288028155054
542, 0.00724170733398447
543, 0.0103202486255517
544, 0.0108944994087021
545, 0.00992326159030199
546, 0.0147045703737863
547, 0.0100500797076772
548, 0.0097053664115568
549, 0.00963175475286941
550, 0.0116070533792178
551, 0.00965287458772461
552, 0.0140052860757957
553, 0.0124056960145632
554, 0.0132085903702925
555, 0.00998093847495814
556, 0.0144705081358552
557, 0.00932886366111537
558, 0.00985318631865084
559, 0.00903421780094504
560, 0.00889716677678128
561, 0.00880426323662202
562, 0.00867786157565812
563, 0.00808868933624277
564, 0.00846755659828583
565, 0.00758197034398715
566, 0.0102797370248785
567, 0.00701844818624003
568, 0.0163372387954344
569, 0.00755608221516013
570, 0.00821193198983868
571, 0.0102216619998217
572, 0.00976769338982801
573, 0.00995452543720603
574, 0.0108868100990852
575, 0.00952228112146258
576, 0.00943170177439849
577, 0.00942893985969325
578, 0.0143310571089387
579, 0.00968899515767892
580, 0.011719070142135
581, 0.0134996400835613
582, 0.00970864451179902
583, 0.0126131398137659
584, 0.0100294766792407
585, 0.00948850492325922
586, 0.00918511720374227
587, 0.0106701474481573
588, 0.00904951671448847
589, 0.00897324248217046
590, 0.00889088849847515
591, 0.00870706777398785
592, 0.0082922192911307
593, 0.0113502254576555
594, 0.0156020348270734
595, 0.0162342221786578
596, 0.00962589370707671
597, 0.0101360298382739
598, 0.00935000382984678
599, 0.009229145400847
600, 0.0108841677817206
601, 0.00918970660616954
602, 0.00931887010422846
603, 0.0138308177702129
604, 0.0118108811633041
605, 0.00943166188274821
606, 0.0127940995929142
607, 0.00773294121026993
608, 0.0108182852466901
609, 0.011823696239541
610, 0.00914504278140763
611, 0.00898494486076136
612, 0.00847702513315848
613, 0.00907821813598275
614, 0.0150941833853722
615, 0.0118151130154729
616, 0.0128023649565876
617, 0.0132463346235454
618, 0.0146325687611742
619, 0.0128911957920839
620, 0.00962379211559892
621, 0.0138515857979655
622, 0.0173943075351417
623, 0.00975279168536266
624, 0.0102299669136604
625, 0.0124270539575567
626, 0.0161768825879941
627, 0.0210013035684824
628, 0.0106951016156624
629, 0.0111360769563665
630, 0.0115642766468227
631, 0.0119795221835375
632, 0.0140147037648906
633, 0.01301308744587
634, 0.00763791954765717
635, 0.00569923823544135
636, 0.0084324695635587
637, 0.00830833264626563
638, 0.008062026463449
639, 0.00700835538251946
640, 0.00622387851277987
641, 0.00575554487295449
642, 0.0137951400441428
643, 0.0195124868436583
644, 0.00806038253358565
645, 0.0107339448683585
646, 0.00852415720000863
647, 0.00856983824633062
648, 0.00880315061658621
649, 0.0090174691285938
650, 0.00931233338390788
651, 0.00972251299147805
652, 0.0102419674706956
653, 0.0108495970101406
654, 0.0115278385734806
655, 0.0122673138976097
656, 0.0130415780004114
657, 0.0138494396427025
658, 0.0146564077585936
659, 0.013722898826624
660, 0.0131779531172166
661, 0.0125863375918319
662, 0.0119744361533473
663, 0.0113938869908452
664, 0.0108567693581184
665, 0.0103800912232449
666, 0.00997660728171468
667, 0.027677446231246
668, 0.0159081250894815
669, 0.0131997492474814
670, 0.0175361496263317
671, 0.0125035864766687
672, 0.0115364015412827
673, 0.0106687365720669
674, 0.0110967178673794
675, 0.0119866747409105
676, 0.0142260022306194
677, 0.00848986875886718
678, 0.00792821399712314
679, 0.0078718278867503
680, 0.008507849338154
681, 0.00850651832297444
682, 0.00776138059639682
683, 0.00845571514219046
684, 0.00815405611259242
685, 0.00833976447271804
686, 0.00866055651567876
687, 0.0134606386224429
688, 0.0120198550478866
689, 0.0113347789738327
690, 0.0106896579576035
691, 0.0101106190122664
692, 0.00853622112689274
693, 0.00894783088006079
694, 0.00922731721463303
695, 0.00961752918859323
696, 0.0127425023820251
697, 0.0141780201811343
698, 0.01452714491946
699, 0.0130371074968328
700, 0.0120006225382288
701, 0.0114780880200366
702, 0.010554970940575
703, 0.0125382962481429
704, 0.0134608369941513
705, 0.0147966371538738
706, 0.0150103120133281
707, 0.0109929861500859
708, 0.0102009449287185
709, 0.0142707512713969
710, 0.0133582178192834
711, 0.0158216189593077
712, 0.014383894779409
713, 0.012615504131342
714, 0.0115851780865341
715, 0.0120577833149582
716, 0.0111275133676827
717, 0.0171122386430701
718, 0.00857963358672957
719, 0.00857510347850621
720, 0.00863484712317586
721, 0.0088516886656483
722, 0.00851585646159947
723, 0.00875143357552588
724, 0.0125475351233035
725, 0.0132061664480716
726, 0.0118937316971521
727, 0.0095809317038705
728, 0.0112544121220708
729, 0.0100765444803983
730, 0.0106443384041389
731, 0.00918364687822759
732, 0.00861954836485287
733, 0.0137951594466964
734, 0.0141738679570456
735, 0.0130169612045089
736, 0.0125800992827863
737, 0.0133446476732691
738, 0.0116052054023991
739, 0.0120904468931258
740, 0.0112002936990133
741, 0.0140169885319968
742, 0.00966045996174216
743, 0.00938256752366821
744, 0.0165323053176204
745, 0.0144046768546104
746, 0.0134632613820334
747, 0.0117035328876227
748, 0.0156011811147134
749, 0.0127511644580712
750, 0.0121884366963059
751, 0.00893080444075167
752, 0.00961858212637405
753, 0.00919362095495065
754, 0.00853608230439325
755, 0.00859697822791835
756, 0.0103743493867417
757, 0.0107393993064761
758, 0.00858187805861235
759, 0.00890511429558198
760, 0.0106890418877204
761, 0.0101107972829292
762, 0.0130238555526982
763, 0.0124807777659347
764, 0.0118823871792605
765, 0.0112841747080286
766, 0.0095890579589953
767, 0.0135582707977543
768, 0.0137450478971004
769, 0.0133425419529279
770, 0.012227537498499
771, 0.0136087132351739
772, 0.0130908715849121
773, 0.0127070968349775
774, 0.0117774268612266
775, 0.0136530621287723
776, 0.00870469811239413
777, 0.00995257114991546
778, 0.0133881992660463
779, 0.015769706107676
780, 0.00859771350709101
781, 0.0109970393435409
782, 0.0143244891272237
783, 0.0157822205219418
784, 0.0152171878920247
785, 0.0135393963816265
786, 0.0129104480147362
787, 0.0101863761277248
788, 0.00967892771586776
789, 0.0165563855941097
790, 0.00881209170135359
791, 0.0113517267939945
792, 0.00915124189729492
793, 0.0134398761050155
794, 0.0108100789754341
795, 0.0119612440466881
796, 0.0114079338964075
797, 0.0124803205641607
798, 0.0130237195906895
799, 0.0101952170177052
800, 0.013444903306663
801, 0.0128728171500067
802, 0.0123649685244475
803, 0.0132501153275371
804, 0.0133630299009383
805, 0.00887744566425681
806, 0.0134212203168621
807, 0.0117512172243247
808, 0.00875502987764776
809, 0.0113736613808821
810, 0.0147820544273903
811, 0.0141942927148193
812, 0.0150477321197589
813, 0.0135700729054709
814, 0.010581090208143
815, 0.0120589955088993
816, 0.0091789030469954
817, 0.0155282642226666
818, 0.0131636204064957
819, 0.00961738972303768
820, 0.0134382275864482
821, 0.0126143316738307
822, 0.0121485020499676
823, 0.0116106097120792
824, 0.0109906018090745
825, 0.0129367611370981
826, 0.0136535592998068
827, 0.013530886998134
828, 0.00910333404317498
829, 0.0116109873301217
830, 0.0143953592050821
831, 0.0144859775900841
832, 0.0140309159178287
833, 0.00965521888186534
834, 0.0123265211004764
835, 0.0147281913862874
836, 0.0147172243644794
837, 0.0103265858876208
838, 0.0135362970177084
839, 0.0132745134954651
840, 0.0128307963411013
841, 0.0123874570708722
842, 0.0131965220373656
843, 0.0118602140961836
844, 0.0131438040174544
845, 0.0140380687080324
846, 0.0140545195123802
847, 0.0105070887754361
848, 0.0125415155198425
849, 0.0141528670986493
850, 0.0141848748705039
851, 0.0112450148444623
852, 0.0137324017871703
853, 0.0131574382207223
854, 0.0133634830825031
855, 0.0125645423308015
856, 0.0138734127394855
857, 0.0130681299604475
858, 0.0135051548880126
859, 0.0128011732983092
860, 0.0137352173527082
861, 0.0122440483731528
862, 0.0137652658857405
863, 0.0133558537811041
864, 0.0132334431234215
865, 0.0177063974551857
866, 0.0085525328759104
867, 0.00948357760595779
868, 0.0124859635252506
869, 0.011008185450919
870, 0.0130993948162844
871, 0.0140720438212156
872, 0.0146309165284038
873, 0.0164882966782898
874, 0.0221568589719633
875, 0.028974012658
876, 0.00857234140858054
877, 0.0205500906449743
878, 0.00472964936246475
879, 0.00509029719978571
880, 0.00546093859399358
881, 0.00585283921100199
882, 0.00627837663826843
883, 0.00672942500871917
884, 0.00718887759527812
885, 0.00763462122995406
886, 0.00804664823226631
887, 0.00836813605080048
888, 0.00853683683089912
889, 0.00824930394689242
890, 0.00765031680930406
891, 0.00683522340841591
892, 0.00613794828920315
893, 0.00505455443635583
894, 0.00487029668875039
895, 0.0047390868421644
896, 0.00464894475104908
897, 0.00459905550815165
898, 0.00457650512301673
899, 0.00456965058886756
900, 0.00937994484168788
901, 0.0096244631956021
902, 0.00993401013935606
903, 0.0102820415825893
904, 0.0106475967137764
905, 0.0109907802349577
906, 0.0112631140897671
907, 0.0114378752962997
908, 0.0115233882485578
909, 0.0115431370213628
910, 0.0115349115027736
911, 0.0115622701899459
912, 0.0116869632620364
913, 0.0120224778850873
914, 0.0126647776924074
915, 0.013423524874573
916, 0.0133293494582176
917, 0.0192846887124081
918, 0.0133621322456747
919, 0.0164185590886821
920, 0.0115025060561796
921, 0.0119808337961634
922, 0.0105232812929899
923, 0.014446638757363
924, 0.0092238204088062
925, 0.0103845814398179
926, 0.00912215914577246
927, 0.0116498890177657
928, 0.00915009008410076
929, 0.0110464515164495
930, 0.0116630020396163
931, 0.0115462959123154
932, 0.0116017083637416
933, 0.0113354145238797
934, 0.011634689833348
935, 0.0107117511021594
936, 0.0116182387961696
937, 0.0123232430002342
938, 0.0119678797976424
939, 0.0117248712728421
940, 0.0100828628055751
941, 0.0125646021527549
942, 0.00869985576719046
943, 0.0087085577348868
944, 0.00782328983768821
945, 0.00645488613129904
946, 0.00821952195838094
947, 0.00857085121485094
948, 0.00837493090269466
949, 0.0083237305128326
950, 0.0060162356045718
951, 0.00560418850121399
952, 0.00522321551882972
953, 0.00852322756933669
954, 0.0073763740559419
955, 0.00691022595856339
956, 0.0064682971763735
957, 0.00530976165706913
958, 0.00617909543992331
959, 0.00566456808398167
960, 0.00533668316590289
961, 0.00512854386276255
962, 0.00498531366853664
963, 0.00489739677868783
964, 0.0048513818377008
965, 0.00483101703381787
966, 0.00699277850799263
967, 0.00835834102084239
968, 0.0101039190776646
969, 0.010004303806151
970, 0.01148426765576
971, 0.00968369608744979
972, 0.0119247658488651
973, 0.0110240201465786
974, 0.0147260852778951
975, 0.0166530241258442
976, 0.012564880385374
977, 0.0112383626401424
978, 0.00984674886179467
979, 0.0118619420100003
980, 0.011751971518
981, 0.011931004235521
982, 0.0119075597419093
983, 0.0117616675173243
984, 0.0115030033824344
985, 0.0108447691891342
986, 0.0116519549240669
987, 0.0111765684559941
988, 0.0116119008356084
989, 0.0116540212184191
990, 0.0117721975160142
991, 0.0118938310382267
992, 0.0117772840894759
993, 0.00970202893950045
994, 0.00807140402806302
995, 0.00846247056809564
996, 0.00878479238599539
997, 0.00762587898255636
998, 0.0100626362642894
999, 0.00954999681562185
1000, 0.0092471851191173
1001, 0.00902770094883939
1002, 0.00715154525823891
1003, 0.00579389048895488
1004, 0.00622944141893337
1005, 0.00667933731650313
1006, 0.00538567806749294
1007, 0.00485357302906258
1008, 0.00563438845953594
1009, 0.00666680074452112
1010, 0.00906803404601912
1011, 0.00763875401268403
1012, 0.0056355408548067
1013, 0.00540747365448624
1014, 0.00525639567058533
1015, 0.00516577658709139
1016, 0.00516244449785778
1017, 0.00605374694957087
1018, 0.0103036779134224
1019, 0.00982528279668518
1020, 0.012632452029114
1021, 0.0165855313340823
1022, 0.0113695880863816
1023, 0.0135424562419454
1024, 0.0189479814531902
1025, 0.0105330764781684
1026, 0.0117093742204209
1027, 0.0114695253626754
1028, 0.0113420907097558
1029, 0.0116522336999575
1030, 0.011574230932941
1031, 0.0115059040642033
1032, 0.010980786755681
1033, 0.0123386008199304
1034, 0.0120996059849858
1035, 0.012272101904576
1036, 0.0118992149364203
1037, 0.0122455781480918
1038, 0.0119977024539063
1039, 0.0102797367920478
1040, 0.0108300070278347
1041, 0.0074656221549958
1042, 0.0069708835411196
1043, 0.00558702279037486
1044, 0.00884219158130387
1045, 0.00925445680816968
1046, 0.0045576820615679
1047, 0.0079517177073285
1048, 0.0084146074950695
1049, 0.0111171618724863
1050, 0.00970333938797315
1051, 0.0102931673172861
1052, 0.00603258730067561
1053, 0.00649400664648662
1054, 0.0108497752808034
1055, 0.00506472694687545
1056, 0.0101028935983777
1057, 0.0059747709116588
1058, 0.00803365500178188
1059, 0.00595675032430639
1060, 0.00543911554850638
1061, 0.00571825227234513
1062, 0.00554623307349781
1063, 0.00709738504762451
1064, 0.00644650201623638
1065, 0.0106863821856678
1066, 0.0113007247758408
1067, 0.0136350620693217
1068, 0.0119064473547041
1069, 0.0148117172842224
1070, 0.0183801281576355
1071, 0.0101168343930372
1072, 0.0115222160238773
1073, 0.0113312626102318
1074, 0.010869981876264
1075, 0.0117680454471459
1076, 0.0111405072578539
1077, 0.0113089304262151
1078, 0.0120615584310144
1079, 0.0123758936145653
1080, 0.0126661881804466
1081, 0.0125323960091919
1082, 0.0128256700312098
1083, 0.0127936431672424
1084, 0.0109524146343271
1085, 0.00787685462273657
1086, 0.00735380395781249
1087, 0.00684539601206779
1088, 0.00943372802187999
1089, 0.0100178533854584
1090, 0.00840195159738263
1091, 0.00891212762023012
1092, 0.0058649109144296
1093, 0.00634608790278435
1094, 0.0107456660674264
1095, 0.0116742468283822
1096, 0.0121453422276924
1097, 0.018020414126416
1098, 0.00631191461191823
1099, 0.00850610128448655
1100, 0.00629586113306383
1101, 0.00753929372876883
1102, 0.00602326906907062
1103, 0.00682753487490118
1104, 0.00953011717647314
1105, 0.0147603580262512
1106, 0.0118911290386071
1107, 0.0174944824539125
1108, 0.0178516139276326
1109, 0.0126928118212769
1110, 0.0162596925316999
1111, 0.0114652538516869
1112, 0.0111497859470546
1113, 0.00998368449509144
1114, 0.0108480074753364
1115, 0.0104450799214343
1116, 0.0118193648910771
1117, 0.0122236830648035
1118, 0.0126655724986146
1119, 0.0121519392511497
1120, 0.013084791523094
1121, 0.0133991470405211
1122, 0.0118311664887837
1123, 0.01336453606685
1124, 0.00786280771717429
1125, 0.00729930556068818
1126, 0.00843785353936255
1127, 0.0102481460974862
1128, 0.00900966092012823
1129, 0.00675636650218318
1130, 0.00959374646966656
1131, 0.011036258811752
1132, 0.0119673034641892
1133, 0.0127690652540574
1134, 0.0131351174010585
1135, 0.00627012373879552
1136, 0.0066743705344076
1137, 0.00881954197150966
1138, 0.00665634142101875
1139, 0.00792791605150948
1140, 0.00719718305238833
1141, 0.0158781638989846
1142, 0.012715263136973
1143, 0.0157346356815348
1144, 0.0165297615652283
1145, 0.0136490693936745
1146, 0.0109651708820214
1147, 0.0113953774174054
1148, 0.0105291427268336
1149, 0.0170230693183839
1150, 0.00925186875143221
1151, 0.0100589809007943
1152, 0.0118573728638391
1153, 0.0123697146773338
1154, 0.00789676261289666
1155, 0.00852799563047787
1156, 0.0131089711406579
1157, 0.0129312702920288
1158, 0.0126250766217709
1159, 0.0134934013088544
1160, 0.0139370190445334
1161, 0.00727013882715255
1162, 0.0091430958515654
1163, 0.01045002687412
1164, 0.00976799071455995
1165, 0.0112327952714016
1166, 0.0121349915085981
1167, 0.013016424762706
1168, 0.0137851458663742
1169, 0.00704123712300013
1170, 0.00821477349381894
1171, 0.00756967222938935
1172, 0.0113082187250257
1173, 0.0158445665923258
1174, 0.0156092476875832
1175, 0.0145955356769264
1176, 0.01075971343865
1177, 0.0102344176266342
1178, 0.0112840157623092
1179, 0.00966974262458583
1180, 0.00869707437232137
1181, 0.0159686834861835
1182, 0.0118435244852056
1183, 0.00933812224927048
1184, 0.0124498232423017
1185, 0.0140715664407859
1186, 0.0106648621149361
1187, 0.00998258753679693
1188, 0.0114155826158822
1189, 0.0131143752175073
1190, 0.0138366841711104
1191, 0.0122336569086959
1192, 0.0131040635363509
1193, 0.0140283727863183
1194, 0.0147394959349185
1195, 0.00863224415419002
1196, 0.00803518461595689
1197, 0.00798326889829089
1198, 0.0073105348739773
1199, 0.00917546926066279
1200, 0.0151904849335551
1201, 0.00891983687567214
1202, 0.00991193616452316
1203, 0.0105083006589363
1204, 0.0149782756343484
1205, 0.00924213874774675
1206, 0.0095973031129688
1207, 0.0111109632222603
1208, 0.0150783885425578
1209, 0.0102415101137012
1210, 0.0117473821155727
1211, 0.0136872386293752
1212, 0.0116020262551804
1213, 0.0108960885554552
1214, 0.0145315753761679
1215, 0.0124346040344487
1216, 0.0123481176172694
1217, 0.013163687971731
1218, 0.0131196997438868
1219, 0.014214058340128
1220, 0.0147984054870903
1221, 0.014238836842456
1222, 0.0140055639203638
1223, 0.0131357929979761
1224, 0.013884951826185
1225, 0.0148819233290851
1226, 0.0152989885769784
1227, 0.00858634830607722
1228, 0.0138860113386597
1229, 0.0114757039118558
