1, 0.00523924897424877
2, 0.013378563337028
3, 0.00330102504813112
4, 0.00740599756439527
5, 0.007000089623034
6, 0.0124038476496935
7, 0.00276517920428887
8, 0.00215774812386371
9, 0.0134013916831464
10, 0.00554984912741929
11, 0.00644505117088556
12, 0.0129106077365577
13, 0.00541383121162653
14, 0.00567976746242493
15, 0.00592088807995121
16, 0.00614031272319456
17, 0.00635131316569944
18, 0.00655563781037927
19, 0.00674754513117174
20, 0.00694473716430366
21, 0.00719144086663922
22, 0.00762188589821259
23, 0.00856199030143519
24, 0.0106006085406989
25, 0.0119099238266548
26, 0.00794037307302157
27, 0.00473423876489202
28, 0.00343759916722775
29, 0.004621903935913
30, 0.00565860769711435
31, 0.00635022049148877
32, 0.00678712265410771
33, 0.00705979380290955
34, 0.00722587240549425
35, 0.00733430184690016
36, 0.00736272466989855
37, 0.00733113420816759
38, 0.00722682592459023
39, 0.00710300705395639
40, 0.00697418170360227
41, 0.00687154250529905
42, 0.00680188454377155
43, 0.00678022803428272
44, 0.00680907683757444
45, 0.00688175507821143
46, 0.00696377083659172
47, 0.00703263422474265
48, 0.00708274209561447
49, 0.00708425184711814
50, 0.00705679405170182
51, 0.00702198470632235
52, 0.00697943702107295
53, 0.00687043035092453
54, 0.00670155060167114
55, 0.00648303974109391
56, 0.00624998534719149
57, 0.00603616354055703
58, 0.00584236881695688
59, 0.00567237629244725
60, 0.00552721919181446
61, 0.00542016924979786
62, 0.00538596592377871
63, 0.00532668922096491
64, 0.0052806546445936
65, 0.00532643085656067
66, 0.00539894968581696
67, 0.00550687413973113
68, 0.00565147516317666
69, 0.00584352117342253
70, 0.00608102604746819
71, 0.00636887666769326
72, 0.00669849012047052
73, 0.00711059686727822
74, 0.00768566263529162
75, 0.00860663363710046
76, 0.010416429489851
77, 0.0105467155808583
78, 0.00939742871560156
79, 0.00616490949566166
80, 0.00485062676792343
81, 0.00417363690212369
82, 0.00376447096156577
83, 0.00348742865025997
84, 0.00328262701320151
85, 0.00314414555517336
86, 0.0030477053563421
87, 0.00296711972138534
88, 0.00291462774233272
89, 0.00287230836693197
90, 0.00284679773418854
91, 0.00283062504604459
92, 0.00279506098013371
93, 0.00287044105061796
94, 0.00308122289910292
95, 0.00326850071238975
96, 0.00347302413623159
97, 0.00366004374033461
98, 0.00383518211310729
99, 0.0039843328219528
100, 0.00406644819304347
101, 0.00401284367156525
102, 0.00374116560366626
103, 0.00312123748396213
104, 0.00217304665905734
105, 0.00420339995374282
106, 0.00756748664813737
107, 0.0117404881554345
108, 0.0107406796111415
109, 0.00878598455650111
110, 0.00789596776788433
111, 0.00752904169106235
112, 0.007364075902539
113, 0.00726829127719005
114, 0.00717870534087221
115, 0.00707829134383549
116, 0.00697163868850718
117, 0.0068510981509462
118, 0.00670530511221538
119, 0.00655178353190422
120, 0.00638848659582436
121, 0.0062234807992354
122, 0.00605454148414234
123, 0.00587268767412752
124, 0.00567811828417083
125, 0.00568059191573411
126, 0.00574012698295216
127, 0.00583569325196246
128, 0.00594151159748435
129, 0.00603934245494505
130, 0.00613757106475532
131, 0.00623611741078397
132, 0.00632123299874365
133, 0.00639561959542334
134, 0.00644878693856299
135, 0.00651711341924965
136, 0.0065863539930433
137, 0.00681944796815515
138, 0.00705341606711348
139, 0.00727188711365064
140, 0.0074745430611074
141, 0.00764687987975776
142, 0.00778520223684609
143, 0.00786455627530813
144, 0.0078787423359851
145, 0.00783697888255119
146, 0.00773795577697456
147, 0.00762534265716871
148, 0.00752922023336093
149, 0.00746313862813016
150, 0.00744219760720928
151, 0.00744593298683564
152, 0.00745765500081082
153, 0.00746305923288067
154, 0.00744978711009026
155, 0.00511916602651278
156, 0.00825377468330165
157, 0.0120315972405175
158, 0.0115430372146269
159, 0.00726580720705291
160, 0.00385967956390232
161, 0.00277253046321372
162, 0.00276299379765987
163, 0.00274205254390836
164, 0.00272619774720321
165, 0.00272095261607319
166, 0.00272782701843729
167, 0.00273935058309386
168, 0.0027569936743627
169, 0.00281143246684223
170, 0.00289936910849065
171, 0.00300765099624793
172, 0.00315841108871003
173, 0.00333742366638035
174, 0.0035729017884781
175, 0.00387108399687956
176, 0.0042558122271051
177, 0.00481752639946838
178, 0.00579869840294123
179, 0.00923967576818541
180, 0.011194350818793
181, 0.0102536298024158
182, 0.00859765390244623
183, 0.00751284890187283
184, 0.0068542572359244
185, 0.00642021621267001
186, 0.00611293440063794
187, 0.00588822473461429
188, 0.00573047095288833
189, 0.00561980499575535
190, 0.00554581568576396
191, 0.00551358967398604
192, 0.00549602593916158
193, 0.00550615865116318
194, 0.00558477739105001
195, 0.00560242023008565
196, 0.00906399457848498
197, 0.00621694438935568
198, 0.00399571717328702
199, 0.00606203215041508
200, 0.00627341005019844
201, 0.00648202619049698
202, 0.00668937095906585
203, 0.00690227875020355
204, 0.00715355214197189
205, 0.00751116025882463
206, 0.00814718174903343
207, 0.00931515467042724
208, 0.0112444777041674
209, 0.00655595577942828
210, 0.00608478071323286
211, 0.00538468438511093
212, 0.0045349604721802
213, 0.00701987863673518
214, 0.00708075515770664
215, 0.00706686715905865
216, 0.00701552745886147
217, 0.00694356501723329
218, 0.00686508560708414
219, 0.00681003043428063
220, 0.00679846717199932
221, 0.00683494536982228
222, 0.00691543143087377
223, 0.00702709068233768
224, 0.00715351213390629
225, 0.00726453606815388
226, 0.00605706486385316
227, 0.00625266743979106
228, 0.00645999245656033
229, 0.00666978109317521
230, 0.0068424359196797
231, 0.00687615208638211
232, 0.00708087409536044
233, 0.00640974535296361
234, 0.0072924152482301
235, 0.00610222516115755
236, 0.00592748413328081
237, 0.00720862691135456
238, 0.00705756871805837
239, 0.00694785635763158
240, 0.00707674158426623
241, 0.00704129665003469
242, 0.00690869606720905
243, 0.00684154157837232
244, 0.00705313798971474
245, 0.00685626377041141
246, 0.00707507265421251
247, 0.00698020192794502
248, 0.006872257993867
249, 0.0058336666940401
250, 0.00812425390662005
251, 0.00882435054518282
252, 0.00644252825683604
253, 0.00666491334171345
254, 0.00690980888127039
255, 0.00719962657118837
256, 0.00758507013476143
257, 0.00622405748193463
258, 0.00588389342495551
259, 0.00560963270254433
260, 0.00573378910000126
261, 0.00633339211344719
262, 0.00669819248529772
263, 0.00651614003193875
264, 0.00685517132903139
265, 0.00716585905424186
266, 0.0069101268115143
267, 0.00706033036112785
268, 0.00677343318238854
269, 0.00658083074570944
270, 0.00706543629833808
271, 0.00711862366491308
272, 0.00712841881128649
273, 0.00709321237324427
274, 0.00688817243402203
275, 0.00698951996552448
276, 0.00689641754919042
277, 0.00695161164427797
278, 0.00692512708095213
279, 0.007045250502415
280, 0.00669696050075193
281, 0.00703175184316933
282, 0.00561437697615474
283, 0.007243634473222
284, 0.00692560395691544
285, 0.00665986669870714
286, 0.0064213090421011
287, 0.00765166808074961
288, 0.00873255939222872
289, 0.00816853988605241
290, 0.00600866612512618
291, 0.00948506748924653
292, 0.00697655460265066
293, 0.00615648548894872
294, 0.00551500427536666
295, 0.00587240963553389
296, 0.00659976534855862
297, 0.00675734019993494
298, 0.00690475651728255
299, 0.00600739428773522
300, 0.00576680183543691
301, 0.00750702762161382
302, 0.00894165197387338
303, 0.00691192627086171
304, 0.00679282483179122
305, 0.0071414919414868
306, 0.00700420269276947
307, 0.00714169077885648
308, 0.0072173688095063
309, 0.00723767400874446
310, 0.00692910087915758
311, 0.00688775508509328
312, 0.00710570948043217
313, 0.00719775864854455
314, 0.00702522318655004
315, 0.00665730350495627
316, 0.00599439265206456
317, 0.0076623372733593
318, 0.00812200813864668
319, 0.00665911162892977
320, 0.00694052506393443
321, 0.00726407882757485
322, 0.00858040813667079
323, 0.00619040045421571
324, 0.0069717182777822
325, 0.00643313047476113
326, 0.00684187945444137
327, 0.00692792059853673
328, 0.0061609074473381
329, 0.00627237682541211
330, 0.00682501133996993
331, 0.00723064081588139
332, 0.00734732688094179
333, 0.00708512600976974
334, 0.00724144893077513
335, 0.00740599748678505
336, 0.00737102950612704
337, 0.00693343506593789
338, 0.00703756123160322
339, 0.00801793873930971
340, 0.0076272104633972
341, 0.00836718222126365
342, 0.00695437340376278
343, 0.00687786079167078
344, 0.0072617942156891
345, 0.0064183883368969
346, 0.00886092761841913
347, 0.00912688362101714
348, 0.00670598078674326
349, 0.0070540068138923
350, 0.00639631887897849
351, 0.00654792909820875
352, 0.00694394237361848
353, 0.00666921615733632
354, 0.00705456869521489
355, 0.00732580960417787
356, 0.00750708708073944
357, 0.00761405751109123
358, 0.00758701683177302
359, 0.00738412262095759
360, 0.00684504639357328
361, 0.00786570859296868
362, 0.00755145280466725
363, 0.00813182350248098
364, 0.00735726094959925
365, 0.00723022358336796
366, 0.00849143269338778
367, 0.00696381084465732
368, 0.00683663432331135
369, 0.00744388632786771
370, 0.00744615149839471
371, 0.0076858615114664
372, 0.00786258932203054
373, 0.00786205836837845
374, 0.00716242929920554
375, 0.0069701686501503
376, 0.0079152398975566
377, 0.00826449552550912
378, 0.00850918469950557
379, 0.00715114535497768
380, 0.00714337965473533
381, 0.00795716183104863
382, 0.00780858743625383
383, 0.0087034918833524
384, 0.00890766040954207
385, 0.00594789777616305
386, 0.00555668379335354
387, 0.00579923503876974
388, 0.00603318315309783
389, 0.00625314431575437
390, 0.00646774074994028
391, 0.00667214529433598
392, 0.00688137742690742
393, 0.00711886235512793
394, 0.00746828449579577
395, 0.00808622583281249
396, 0.0092545966617763
397, 0.00674297517010321
398, 0.00642728929718335
399, 0.00615720074468603
400, 0.00593682227190584
401, 0.00575629986512164
402, 0.00562246753058086
403, 0.00552676214526097
404, 0.00545636902097613
405, 0.00288899784209207
406, 0.00297443104985481
407, 0.00302054525430625
408, 0.00309050141368061
409, 0.00318968358139197
410, 0.00332403233430038
411, 0.00352738353346164
412, 0.00380657182540745
413, 0.0042062607826665
414, 0.00483383808750659
415, 0.00591983487053464
416, 0.00774896261282265
417, 0.00318191499294092
418, 0.00408585936141511
419, 0.00413429810820768
420, 0.00403863269214829
421, 0.00373667554231361
422, 0.0032464272614258
423, 0.0031166281842161
424, 0.00293846960024287
425, 0.00514896811606983
426, 0.0032320823520422
427, 0.00349553480433921
428, 0.00404296369136622
429, 0.00291500537423417
430, 0.00449305854272097
431, 0.00316309975460172
432, 0.00333823824378972
433, 0.00372020455931003
434, 0.00613325911884507
435, 0.00715720777710279
436, 0.00687740370631218
437, 0.00752556459823002
438, 0.00805282728591313
439, 0.00876567924084763
440, 0.00663936262329419
441, 0.0064100237408032
442, 0.00617967165696124
443, 0.00594882279013594
444, 0.0111979666786889
445, 0.00713034583410869
446, 0.00612310673265408
447, 0.00582587823737413
448, 0.00658329455958058
449, 0.00572715299980094
450, 0.00837191062358518
451, 0.00765035673975945
452, 0.00924933065349857
453, 0.00633659074082971
454, 0.00594711420126259
455, 0.00687587373734762
456, 0.00338498807589834
457, 0.00422795675694942
458, 0.0044279902940616
459, 0.00378976335438589
460, 0.00395945779746398
461, 0.00430401247770836
462, 0.00433274199410031
463, 0.00806064374877938
464, 0.00567403961239117
465, 0.00949087338522077
466, 0.00752675645053387
467, 0.0043017672530065
468, 0.00394352337267871
469, 0.00351029684922347
470, 0.00368952801606307
471, 0.00480147268778334
472, 0.00339138558289657
473, 0.0054973573035871
474, 0.00647584705923994
475, 0.00311690617430334
476, 0.00637211530314138
477, 0.00611641114422431
478, 0.00662585246997575
479, 0.00855054605441789
480, 0.00806619859455774
481, 0.00757769863897314
482, 0.00719732181945195
483, 0.00688841093021135
484, 0.00721629592590034
485, 0.00991196753457189
486, 0.00854124772983293
487, 0.00812820725453397
488, 0.00699238114369412
489, 0.00673592218663543
490, 0.00650735816452652
491, 0.00629993403951327
492, 0.00613629938258479
493, 0.00604551288831447
494, 0.00763905180307726
495, 0.00308543499947215
496, 0.00329508430634936
497, 0.00409933001113435
498, 0.00488774103966231
499, 0.00359632631686206
500, 0.00514868996106088
501, 0.00475221961581459
502, 0.00451248957930754
503, 0.00393194031979268
504, 0.00541322319768369
505, 0.00307985762732902
506, 0.00657572890631855
507, 0.00865347197811518
508, 0.00773780829539256
509, 0.00327044783625752
510, 0.00579748640302569
511, 0.00508546902953337
512, 0.00369042212453981
513, 0.00389359449036419
514, 0.00665573391597718
515, 0.00456521989932905
516, 0.00417518677810828
517, 0.00331944273784757
518, 0.00661583877323816
519, 0.00690251732400308
520, 0.00634608774756392
521, 0.00721313684092214
522, 0.00757432112004608
523, 0.00824652532381671
524, 0.00796367860554407
525, 0.00589518658816814
526, 0.00726320454850793
527, 0.00687744340393692
528, 0.006303168553859
529, 0.00666902582937231
530, 0.00709219909428308
531, 0.00646732386667281
532, 0.00785426434595138
533, 0.00755739343973498
534, 0.00301868966780603
535, 0.00351574079832062
536, 0.004307707810464
537, 0.00373077452726041
538, 0.00585927693949391
539, 0.00563631563757857
540, 0.00508246920071542
541, 0.00411089338983099
542, 0.00754041464201042
543, 0.00347818985270957
544, 0.00409803853835911
545, 0.00688835659197399
546, 0.00597306185712417
547, 0.00533362318916867
548, 0.00440480381560822
549, 0.00481365194233755
550, 0.00355881510768086
551, 0.00322902256157249
552, 0.00692435237579048
553, 0.00775432731024921
554, 0.00661844989684011
555, 0.00753837932522098
556, 0.007840595052888
557, 0.00722358759958297
558, 0.0080229296348989
559, 0.00837500244379044
560, 0.00729139773951222
561, 0.0075618438810731
562, 0.00718428815404574
563, 0.00702146801631898
564, 0.00682276611526807
565, 0.00746395310852677
566, 0.00645774723185847
567, 0.0047017940475295
568, 0.00343433503128056
569, 0.00390233669895679
570, 0.00596511484278987
571, 0.00439667767689874
572, 0.00366997773138185
573, 0.00766499953654905
574, 0.00750303394161165
575, 0.00372159535375734
576, 0.00463577185291797
577, 0.00673272702842951
578, 0.00619477130627881
579, 0.00558185670524836
580, 0.00505600450560451
581, 0.00387700460851192
582, 0.00768158941840132
583, 0.0072122032676513
584, 0.00764364968719227
585, 0.00748278833149622
586, 0.0072967621187369
587, 0.00696156150661409
588, 0.00728265560852985
589, 0.00718402965659542
590, 0.00734492271052053
591, 0.00677114853169769
592, 0.00535555785366644
593, 0.00413119855026404
594, 0.00487389248640587
595, 0.00388104634891663
596, 0.00770775593506793
597, 0.00405299723691617
598, 0.00530248942474524
599, 0.00696221532832299
600, 0.00635266420431435
601, 0.00581997733873626
602, 0.00743987283203751
603, 0.00362067266833037
604, 0.00753386947326362
605, 0.00430446929143121
606, 0.00741760064071665
607, 0.00729388122757276
608, 0.00729537138249725
609, 0.00692910091796269
610, 0.00724657508544624
611, 0.00618320819921792
612, 0.00447223649825901
613, 0.00556888287731757
614, 0.00416278899647296
615, 0.00451779442041048
616, 0.00608619127888232
617, 0.00656523427460343
618, 0.00723256814914445
619, 0.00486926307591299
620, 0.00696700931681941
621, 0.00499596283771098
622, 0.00710070257385572
623, 0.00636255857534707
624, 0.00739115616306663
625, 0.00692498800344765
626, 0.00700839488611867
627, 0.00578185583331755
628, 0.00727576991942312
629, 0.00509657934308052
630, 0.00554871621231238
631, 0.00696659223176539
632, 0.00680420904730757
633, 0.0066325874067843
634, 0.00737545597366989
635, 0.00635049825844665
636, 0.00665519762939463
637, 0.00616371751918147
638, 0.00473793438868597
639, 0.0069851092606162
640, 0.00549433733491848
641, 0.00431803957326338
642, 0.00694463782322903
643, 0.0071975802614664
644, 0.00744507853717854
645, 0.00789308695433041
646, 0.00584077932095776
647, 0.00600912286123882
648, 0.00617520126979798
649, 0.0063353986479342
650, 0.00649970901819567
651, 0.00665442276901255
652, 0.00731879616311441
653, 0.006805003931125
654, 0.00707364233676344
655, 0.00761358079034835
656, 0.00843838990355531
657, 0.00952150602824986
658, 0.0113771977679183
659, 0.00781407098596295
660, 0.00787697375441591
661, 0.00787921901792288
662, 0.0078232103260234
663, 0.00770715996623039
664, 0.00754829375849416
665, 0.00735809533701589
666, 0.00714558483256648
667, 0.0069231204300498
668, 0.0067065767555808
669, 0.0074429923746114
670, 0.00744627063007404
671, 0.00744150214207669
672, 0.00743705177834878
673, 0.00745199259836227
674, 0.00750514003448188
675, 0.00759611651301384
676, 0.00770551074917118
677, 0.00628622493240982
678, 0.00618491674928616
679, 0.00608515844214708
680, 0.00598122800389926
681, 0.00588025754162421
682, 0.00638161223226537
683, 0.00666705910892536
684, 0.00935785635374486
685, 0.00629689424143483
686, 0.00719767929210017
687, 0.00661657362555464
688, 0.00629828501647959
689, 0.00691918671752016
690, 0.00731103545986116
691, 0.00613558424326281
692, 0.0085333997849375
693, 0.00807120542352398
694, 0.00721772663140049
695, 0.00754745937107752
696, 0.0070666487639149
697, 0.00737347345178326
698, 0.00691799466342976
699, 0.00676638019892077
700, 0.00646040949504822
701, 0.00630261624852816
702, 0.00614877673797309
703, 0.00661772617604584
704, 0.00776622844083856
705, 0.00915855308994651
706, 0.00741112360265106
707, 0.00773161773880323
708, 0.00720264646224678
709, 0.00758497040563573
710, 0.00740486534778029
711, 0.00741479930002242
712, 0.00783846903747568
713, 0.00789501409356793
714, 0.00750603422056884
715, 0.00789698081401487
716, 0.00740647436274836
717, 0.00699859977855037
718, 0.00783026350351671
719, 0.00772492215037346
720, 0.00740681223881741
721, 0.00744191949100544
722, 0.00760958747317394
723, 0.00647153581182162
724, 0.00637451916312178
725, 0.00626667441489796
726, 0.00606564801031103
727, 0.00654155140121778
728, 0.00656802779994905
729, 0.00616796927837034
730, 0.00648292014375329
731, 0.00597715490896787
732, 0.00741511734668165
733, 0.00676080281846225
734, 0.00812349872042735
735, 0.00731296335080905
736, 0.00696504244115204
737, 0.0068495087713624
738, 0.00694684342791637
739, 0.00714459157704065
740, 0.00741901120636612
741, 0.00763452165604879
742, 0.0072358064353466
743, 0.00706780084874481
744, 0.00789376243483275
745, 0.00674470397643745
746, 0.0069032523703451
747, 0.00822953522826234
748, 0.00659022860539456
749, 0.00628012531281759
750, 0.00643772011001905
751, 0.00867039112684627
752, 0.00918231547499696
753, 0.00982313323765993
754, 0.00738807651214302
755, 0.00793111464008689
756, 0.00794714836714168
757, 0.00789712000793467
758, 0.00778995089543362
759, 0.0078575227331991
760, 0.0076510125072673
761, 0.00774161148971568
762, 0.00751300784759223
763, 0.00742141549320271
764, 0.00759496411774307
765, 0.0070343028055504
766, 0.00723284607132276
767, 0.00735497607716492
768, 0.00742481264751405
769, 0.00735840927809477
770, 0.00659094358949612
771, 0.00657369809535642
772, 0.00634775691044827
773, 0.00645462799972544
774, 0.00626656100420015
775, 0.00668778130784631
776, 0.00579574210569263
777, 0.00856719585135579
778, 0.00726467514565835
779, 0.00723650174525877
780, 0.00734338904730976
781, 0.00871384306810796
782, 0.00910260473998884
783, 0.00673105451278389
784, 0.00658091045139978
785, 0.00797440732518832
786, 0.00831532633552949
787, 0.00725664807638774
788, 0.00706907237569491
789, 0.00712464408328136
790, 0.00745932389205943
791, 0.00769386816925059
792, 0.00689530492915461
793, 0.00643132262242337
794, 0.00950217394468685
795, 0.00614638444967568
796, 0.00759305669150005
797, 0.00741879257839173
798, 0.0077501746515433
799, 0.00788774255973597
800, 0.00800951438335081
801, 0.00799014357229074
802, 0.00804474111646414
803, 0.00788855653566619
804, 0.0070507936567689
805, 0.00770268961787224
806, 0.00750331208109856
807, 0.00723276667607327
808, 0.00737397796474397
809, 0.00687322728335857
810, 0.00669807304317753
811, 0.00652680926335355
812, 0.00642392751760781
813, 0.00664965439743052
814, 0.00683750541481589
815, 0.00727780803572387
816, 0.00895331481782099
817, 0.00779932038858533
818, 0.0086666364222765
819, 0.00674329317795734
820, 0.00689762951030086
821, 0.00659186619200877
822, 0.00832794265200694
823, 0.00726872798986733
824, 0.00707545015029609
825, 0.0080100514072304
826, 0.00748475516835849
827, 0.00772786291781813
828, 0.00721810393345853
829, 0.00925191997417382
830, 0.00796153023838997
831, 0.00740108992128323
832, 0.00757988425903022
833, 0.0072228522816052
834, 0.0077566122636199
835, 0.00807684838461379
836, 0.00792730025326212
837, 0.00818111631087959
838, 0.00816812234309812
839, 0.0080197467468679
840, 0.00775996987552692
841, 0.00701107437323247
842, 0.00744889603395547
843, 0.00677764536036799
844, 0.00672129914164543
845, 0.0087771431542933
846, 0.00678057787008584
847, 0.00876711006276309
848, 0.00692077601949374
849, 0.00856441406843563
850, 0.00710010668262839
851, 0.00729072222020477
852, 0.00750788184814155
853, 0.00829609390348196
854, 0.00801636930555105
855, 0.00774628075305372
856, 0.00901148895112177
857, 0.00745949880219996
858, 0.00736721480886141
859, 0.00718323494462917
860, 0.00755798968020827
861, 0.00687651764601469
862, 0.0077614802091072
863, 0.00834630072737733
864, 0.00797456665895879
865, 0.00818087820274135
866, 0.0083603701953377
867, 0.00815969853041073
868, 0.00704629551619291
869, 0.00686148938257247
870, 0.00779674594135334
871, 0.00851979029054443
872, 0.00694750172884337
873, 0.00856648036278784
874, 0.00713886968636264
875, 0.00845289379358292
876, 0.00732690243360897
877, 0.00753114783825974
878, 0.0077598508214578
879, 0.00826484112379452
880, 0.00800719003503521
881, 0.00877789834824701
882, 0.00832208152860403
883, 0.00855032765927414
884, 0.00907108942046761
885, 0.00700887180088709
886, 0.00575016050909956
887, 0.00538784341188148
888, 0.0029963657046513
889, 0.00646595284342766
890, 0.00662324946218481
891, 0.00677438708953559
892, 0.00690084835514426
893, 0.00710229222507526
894, 0.00718432816211134
895, 0.00726427793658028
896, 0.00739673936429123
897, 0.00765903934370726
898, 0.00821375986561179
899, 0.00846782868861088
900, 0.00929419378129145
901, 0.0110671735213449
902, 0.00388256780570373
903, 0.00400088308379054
904, 0.00403543390954534
905, 0.00394157634582371
906, 0.00367230231252809
907, 0.00325328167915965
908, 0.00494390823102246
909, 0.0043459542018051
910, 0.00394676206633449
911, 0.0036474871255147
912, 0.00341417454183102
913, 0.00322643975960091
914, 0.00308128260076046
915, 0.00296880857786164
916, 0.00288202433148399
917, 0.00283312855754048
918, 0.00281409471062943
919, 0.0028036242389741
920, 0.00280114069270591
921, 0.00281149197447424
922, 0.00283010855006675
923, 0.00284141364196936
924, 0.00561769892616818
925, 0.00620162618967394
926, 0.00649831828195602
927, 0.00690154366505643
928, 0.00746456917840987
929, 0.00826140396141758
930, 0.00916155365606149
931, 0.0094582656553636
932, 0.00801019013548891
933, 0.00759957373763124
934, 0.00629862254330267
935, 0.00684342929162085
936, 0.00612580900390943
937, 0.00695487034196655
938, 0.00722670687052111
939, 0.0067099545073385
940, 0.00705174752511084
941, 0.00713704177178442
942, 0.00655426721399029
943, 0.00736131406544397
944, 0.00856999719205002
945, 0.00598748637518535
946, 0.00562155344523489
947, 0.00563260024258246
948, 0.00566540258781364
949, 0.00572953722439706
950, 0.0058362891819949
951, 0.00665072731984158
952, 0.00702339554360757
953, 0.00749590158617745
954, 0.00804682727903128
955, 0.00852215460812052
956, 0.00594316058171292
957, 0.0029708748916164
958, 0.00295670883497223
959, 0.00306240785478925
960, 0.00725414915941656
961, 0.00537773066510757
962, 0.00393130463392784
963, 0.00367027594863127
964, 0.00316083503033345
965, 0.00470117805525661
966, 0.00425859393241505
967, 0.00346160000966241
968, 0.00329367379890755
969, 0.00296956351182113
970, 0.00295800034655258
971, 0.00300024007447064
972, 0.00372093989669035
973, 0.00404046060672651
974, 0.00392754948309933
975, 0.00430748929890494
976, 0.00354212586535141
977, 0.00335125182755291
978, 0.0041076746614029
979, 0.00415730538467566
980, 0.00315306636427219
981, 0.00298841060139239
982, 0.00593392159013699
983, 0.00802208885683545
984, 0.00301199356493141
985, 0.00581342939819608
986, 0.00621350745980938
987, 0.00710221267460535
988, 0.00701916388546427
989, 0.00691618673348178
990, 0.00680120921848963
991, 0.00666086022586872
992, 0.0071983946642528
993, 0.00733753181217859
994, 0.00755326092864076
995, 0.00830924689459304
996, 0.00788857690834751
997, 0.00639097023910532
998, 0.0091076906149586
999, 0.00636931384603183
1000, 0.00581242749467492
1001, 0.00590777505810062
1002, 0.00601365285304685
1003, 0.00797695084474981
1004, 0.00781363407926013
1005, 0.00744813847510765
1006, 0.00707680107249568
1007, 0.0061631016433239
1008, 0.00584828946739435
1009, 0.00635012138324479
1010, 0.00371851593566438
1011, 0.00395427240679661
1012, 0.00503013636140774
1013, 0.00458043918479234
1014, 0.00423228837704907
1015, 0.0056601973483339
1016, 0.00317629238512988
1017, 0.00325540769457196
1018, 0.00352589349495247
1019, 0.00313458898259948
1020, 0.00311950902687386
1021, 0.0033717560969914
1022, 0.00311321074453493
1023, 0.00311567836906761
1024, 0.00775923896580935
1025, 0.00378159749864911
1026, 0.00476423976942897
1027, 0.00342069129692391
1028, 0.00321785663254559
1029, 0.00404065925007065
1030, 0.00491046983127793
1031, 0.00447432277724147
1032, 0.00422275140105436
1033, 0.00360983678062136
1034, 0.00603340185868243
1035, 0.00812103490655621
1036, 0.00329065386072866
1037, 0.00667488695277522
1038, 0.00613796819622318
1039, 0.00682849703090531
1040, 0.00770716016025593
1041, 0.00728756325164189
1042, 0.00632965688904126
1043, 0.00716467841994017
1044, 0.0074678473174572
1045, 0.00677410908974707
1046, 0.00699826217411707
1047, 0.00708186762252202
1048, 0.00689679508407911
1049, 0.00650364300236106
1050, 0.00794885691720992
1051, 0.00675998255610466
1052, 0.00604784608419452
1053, 0.00617085028594981
1054, 0.00749383521421502
1055, 0.00752796907909214
1056, 0.00734466465655714
1057, 0.00631555045644442
1058, 0.006074886652641
1059, 0.00650918611790985
1060, 0.00398753156575064
1061, 0.00376890170931195
1062, 0.00336066940023253
1063, 0.00331244924260924
1064, 0.00328596498972426
1065, 0.00598969194106758
1066, 0.00454437833589812
1067, 0.00424530205782503
1068, 0.00490117166191339
1069, 0.00535762399279823
1070, 0.00345118906504164
1071, 0.00359322701115161
1072, 0.00386484529978285
1073, 0.00563456711824983
1074, 0.00431184043797354
1075, 0.00525949495689323
1076, 0.00468454843697449
1077, 0.0034962699864991
1078, 0.00368654790023963
1079, 0.00596954929642379
1080, 0.00696937351798018
1081, 0.00646539653340975
1082, 0.00754265114665031
1083, 0.00746478761235873
1084, 0.00720483196588854
1085, 0.00732070327891658
1086, 0.00712422654032707
1087, 0.00688644386051844
1088, 0.00705752874879787
1089, 0.00698546696609507
1090, 0.00663211084126184
1091, 0.00796181951383395
1092, 0.00862953839823604
1093, 0.00708896049764007
1094, 0.00662336874908457
1095, 0.00621905457228422
1096, 0.00644815096165985
1097, 0.00697049242444336
1098, 0.0072913186547036
1099, 0.00630825874395669
1100, 0.00664811292663217
1101, 0.00341827927622944
1102, 0.00683796549371133
1103, 0.00426574633456767
1104, 0.00350053026340902
1105, 0.00403004964270319
1106, 0.0045439013823246
1107, 0.00521350023336709
1108, 0.00564938884538909
1109, 0.00485847502325972
1110, 0.00354768890732278
1111, 0.00619697687216103
1112, 0.00382105583169808
1113, 0.00365579194234063
1114, 0.00603995817558219
1115, 0.00404284471490731
1116, 0.00483665941283107
1117, 0.00544095148021976
1118, 0.00359578991386419
1119, 0.00381223428606366
1120, 0.0066278389422223
1121, 0.00713054478789369
1122, 0.00713016725300501
1123, 0.00716223466830949
1124, 0.0070929341406251
1125, 0.0070643238723278
1126, 0.00697493700621029
1127, 0.00703231625569363
1128, 0.00676896298925082
1129, 0.0062794101346905
1130, 0.00739230840311696
1131, 0.00722362756884346
1132, 0.00688467562819521
1133, 0.00671263659993808
1134, 0.00643345420914037
1135, 0.00655384978745133
1136, 0.00707066218213489
1137, 0.00485342838025341
1138, 0.00456321336484204
1139, 0.00516907478837917
1140, 0.00429801235441118
1141, 0.0037156349979341
1142, 0.00551625201478601
1143, 0.00592402741312981
1144, 0.00642001753052076
1145, 0.00406120302310834
1146, 0.00385701737832278
1147, 0.0063486452480512
1148, 0.00438000839979698
1149, 0.00558094265094648
1150, 0.00405019597383216
1151, 0.00686431075446308
1152, 0.00701259010072265
1153, 0.0068521712673828
1154, 0.00677595660090446
1155, 0.00668174175856014
1156, 0.00692914057678233
1157, 0.00696440677468975
1158, 0.00701087868462006
1159, 0.00700301091031482
1160, 0.00689415272790939
1161, 0.00693146523553878
1162, 0.00703492285683751
1163, 0.0069164844462648
1164, 0.00704387971200049
1165, 0.00517263123765588
1166, 0.00679242747303631
1167, 0.00712973042391241
1168, 0.00548237678594887
1169, 0.0066442740149796
1170, 0.00486429637142767
1171, 0.00579770526383072
1172, 0.00617112844095876
1173, 0.00457527321608116
1174, 0.00656704251499226
1175, 0.00406176781481398
1176, 0.00430742969426016
1177, 0.00615337006747723
1178, 0.00494307364958028
1179, 0.00376021922177946
1180, 0.00443816274249305
1181, 0.00657868509491285
1182, 0.0063331537724783
1183, 0.00671974938207616
1184, 0.00682689882038782
1185, 0.00693788286298513
1186, 0.0069765888620168
1187, 0.00643869373016059
1188, 0.00702420998519907
1189, 0.00548402569256723
1190, 0.00578206878465911
1191, 0.00704191260350247
1192, 0.00695679728717854
1193, 0.00605817756149918
1194, 0.00517292906685422
1195, 0.00635190928975741
1196, 0.00674443721904286
1197, 0.00491271780005523
1198, 0.00581480885323669
1199, 0.00499628080675999
1200, 0.00449764807708561
1201, 0.00607878090037654
1202, 0.00632206719213476
1203, 0.00651284175304075
1204, 0.00668998691253364
1205, 0.00700242691673338
1206, 0.00606407826611151
1207, 0.00630202024088552
1208, 0.00578745310970892
1209, 0.00696579743331919
1210, 0.00700020933678995
1211, 0.00653664402974149
1212, 0.00673453942872584
1213, 0.00551712610758841
1214, 0.00561920918213824
1215, 0.00689430376514792
1216, 0.00687948444725147
1217, 0.00697009689174592
