1, 0.00897634169086814
2, 0.0257221797946841
3, 0.00558644614648074
4, 0.0126324913774927
5, 0.0123491305857897
6, 0.0209794072434306
7, 0.0047564513515681
8, 0.0038151151384227
9, 0.0257166370283812
10, 0.00959110422991216
11, 0.0112555059604347
12, 0.0221495684236288
13, 0.00928104086779058
14, 0.00975573249161243
15, 0.010189872700721
16, 0.0105853696198513
17, 0.0109491372325768
18, 0.011300804403921
19, 0.0116438690262536
20, 0.0120019735768437
21, 0.0124652207208176
22, 0.0133178059477359
23, 0.0153276155081888
24, 0.0200318330898881
25, 0.0221916862453024
26, 0.0139754236054917
27, 0.00807952989513675
28, 0.00590709961640338
29, 0.00796546701652308
30, 0.00971963194509347
31, 0.0108808098205676
32, 0.0116052051695685
33, 0.0120604262532045
34, 0.0123405086342245
35, 0.0125102513203663
36, 0.012561998795718
37, 0.012523732924213
38, 0.0123529857955873
39, 0.0121515220962465
40, 0.0119502966602643
41, 0.0117726745083928
42, 0.0116601803650459
43, 0.0116372128638128
44, 0.01170452668642
45, 0.011846822531273
46, 0.0120222989159326
47, 0.0121917746340235
48, 0.0123210378612081
49, 0.012379609203587
50, 0.0123761516685287
51, 0.0123567205543319
52, 0.0122885132441297
53, 0.012080671886603
54, 0.0117472829297185
55, 0.011323533176134
56, 0.0108844853627185
57, 0.0104629220440984
58, 0.0100873727351427
59, 0.00976598418007294
60, 0.0095095654639105
61, 0.00930480333045125
62, 0.00923431047704071
63, 0.00912752910517156
64, 0.0090641596664985
65, 0.00915110297501087
66, 0.00930293587346872
67, 0.00951866510634621
68, 0.00980206532403827
69, 0.0101641036259631
70, 0.0105956016729275
71, 0.0110851149074733
72, 0.01164881621177
73, 0.0123272760150333
74, 0.0132424859330058
75, 0.0147988827278217
76, 0.0188142095382015
77, 0.0185129070887342
78, 0.0160832824185491
79, 0.0107323344176014
80, 0.0084381114381055
81, 0.00723723671399057
82, 0.00650191415722171
83, 0.00600445371431609
84, 0.00565461441874504
85, 0.00539859236838917
86, 0.00521576489942769
87, 0.0050867007424434
88, 0.00499367768255373
89, 0.00492318548883001
90, 0.00488221730726461
91, 0.00485332884515325
92, 0.00480274421473344
93, 0.0049235679616686
94, 0.00526712415739894
95, 0.0055790354963392
96, 0.00590465567074716
97, 0.00621893101682266
98, 0.00650342414155602
99, 0.00673586250438044
100, 0.0068511178639407
101, 0.00674655133237441
102, 0.00628286697125683
103, 0.00527840949750195
104, 0.00376842477514098
105, 0.00729123906542857
106, 0.0129777615269025
107, 0.0214977705230316
108, 0.0201219548471272
109, 0.0155765237286687
110, 0.0137077001078675
111, 0.0130104843216638
112, 0.0127254550655683
113, 0.0125653770907472
114, 0.0124145175796002
115, 0.0122414256911725
116, 0.012044730130583
117, 0.0118217290534327
118, 0.0115791977538417
119, 0.0113142750536402
120, 0.0110369741450995
121, 0.0107548056791226
122, 0.0104545173235238
123, 0.0101427055584888
124, 0.00980810487332443
125, 0.00982335372827947
126, 0.00992918154224753
127, 0.010112803739806
128, 0.0103069956724842
129, 0.0104974925828477
130, 0.0106880287639797
131, 0.0108698623565336
132, 0.0110286098594467
133, 0.0111599384496609
134, 0.0112532000057399
135, 0.0113858304684982
136, 0.0115116859475772
137, 0.011938335839659
138, 0.0123582704303165
139, 0.0127569860778749
140, 0.013120733667165
141, 0.0134302003619572
142, 0.0136499027721584
143, 0.0137457870878279
144, 0.0137087527352075
145, 0.0135465486285587
146, 0.0133071765303612
147, 0.0130658969283104
148, 0.0128659829497337
149, 0.0127428397536278
150, 0.0126945202549299
151, 0.0126963482859234
152, 0.0127120840673645
153, 0.0127144282062848
154, 0.012692096332709
155, 0.00869492891555031
156, 0.0144648185620705
157, 0.0229934103166064
158, 0.0205499759564797
159, 0.0124571343573431
160, 0.00666340300813317
161, 0.00475998789382478
162, 0.00474051719841858
163, 0.00470471467512349
164, 0.00468146863083045
165, 0.00466934940777719
166, 0.00466847512871027
167, 0.00468631694093347
168, 0.00473769614472985
169, 0.00483071912700931
170, 0.00497591588646173
171, 0.00516561775778731
172, 0.00542744109407067
173, 0.00575713401970764
174, 0.0061721415258944
175, 0.00669578858651221
176, 0.00739177192250888
177, 0.00839483877643943
178, 0.0101210693828762
179, 0.0160005126381293
180, 0.0196323037768404
181, 0.0181684537480275
182, 0.0148291223061581
183, 0.0129648467215399
184, 0.0118516705309351
185, 0.0111122545786202
186, 0.010588249967744
187, 0.0101988334208727
188, 0.00991348596289754
189, 0.00971520102272431
190, 0.00958709046244621
191, 0.00951576341564457
192, 0.00948548456653953
193, 0.00950257200747728
194, 0.00964105303864926
195, 0.00961540321198603
196, 0.015910627653024
197, 0.0104595636948943
198, 0.00678978445163618
199, 0.010432225263988
200, 0.010805231363823
201, 0.0111699321617683
202, 0.0115332026810696
203, 0.0119190239347517
204, 0.0123932186203698
205, 0.0131097461562604
206, 0.0144106175284833
207, 0.0169862145558
208, 0.0210593173590799
209, 0.0112208743424465
210, 0.0104162510639677
211, 0.00921942922286689
212, 0.00776144004582117
213, 0.0123273158290734
214, 0.0123484958118449
215, 0.0122771090827882
216, 0.0121450250347455
217, 0.0119769398588687
218, 0.0118110401866337
219, 0.0116950098890811
220, 0.0116576770475755
221, 0.0117116792437931
222, 0.0118467432912439
223, 0.0120286367212733
224, 0.0122283323047062
225, 0.0124152723389367
226, 0.0104832471503566
227, 0.0108660279462735
228, 0.0112692929493884
229, 0.0116628826751063
230, 0.0119988545775414
231, 0.011749488223965
232, 0.0120976191634933
233, 0.0109597263702502
234, 0.0124494574964046
235, 0.0103975151044627
236, 0.0100291981361806
237, 0.0123157127915571
238, 0.0123572771747907
239, 0.0118970097197841
240, 0.0122885731980205
241, 0.0121818806510419
242, 0.0118718764279038
243, 0.011725765808175
244, 0.0120595516636968
245, 0.0117613294472297
246, 0.0123250711088379
247, 0.0120288553492477
248, 0.0117716415940473
249, 0.0100308472756296
250, 0.0143786103775104
251, 0.0158763954726358
252, 0.0111032745335251
253, 0.0115019499013821
254, 0.0119421104124437
255, 0.0124940695241094
256, 0.0132695861781637
257, 0.0107190633037438
258, 0.0101496395654976
259, 0.00964421220123768
260, 0.00987225957214832
261, 0.0109912375143419
262, 0.0117024402910223
263, 0.0113547660876065
264, 0.0119953776399295
265, 0.0122491482512227
266, 0.0118099072327216
267, 0.0120766186155379
268, 0.0114319939166307
269, 0.0111958799728503
270, 0.0121727012253056
271, 0.0123126331406335
272, 0.0123765891573081
273, 0.012355826717491
274, 0.0117979469553878
275, 0.0120058675917486
276, 0.0118022580475857
277, 0.0118924996349961
278, 0.0118714394047856
279, 0.0123103288157533
280, 0.0114477497215072
281, 0.0120248101651669
282, 0.00944600254297256
283, 0.0125948807690293
284, 0.0119883040897548
285, 0.0115060033276677
286, 0.0110800689241538
287, 0.0133981729547183
288, 0.0156916213066628
289, 0.0144619770968954
290, 0.0103455600328743
291, 0.0171179403550923
292, 0.0122239956233118
293, 0.0106506367834906
294, 0.00946362167596817
295, 0.0101071615548184
296, 0.011490208019192
297, 0.011795225009943
298, 0.0120645787433854
299, 0.0103617724962533
300, 0.00991537049412727
301, 0.0124724826891907
302, 0.0154793766327202
303, 0.0118223109415599
304, 0.0115991649994006
305, 0.0120710949413478
306, 0.0119955760892481
307, 0.0124527436370651
308, 0.0125486080845197
309, 0.0125330311711878
310, 0.0118477169113855
311, 0.0117737469263375
312, 0.0121918542621036
313, 0.01239979499951
314, 0.0122697777890911
315, 0.011357825792705
316, 0.0103220246732235
317, 0.0134213992084066
318, 0.014336886893337
319, 0.0115269443485886
320, 0.0120351333171129
321, 0.0126519028563052
322, 0.0153038134643187
323, 0.0106662335650374
324, 0.0121910360641778
325, 0.0111605348841598
326, 0.0119428461572776
327, 0.0120965266600251
328, 0.0106253643919315
329, 0.0108548023272306
330, 0.0116285502444953
331, 0.0126214250146101
332, 0.0127938612519453
333, 0.0121084674416731
334, 0.0124137624322126
335, 0.0128410083707422
336, 0.0127019114637127
337, 0.0118293782829174
338, 0.0122846785622338
339, 0.0141215946835776
340, 0.0133671388806154
341, 0.0147875177984436
342, 0.0120881618155787
343, 0.0116881945480903
344, 0.0126687710483869
345, 0.0110837835818529
346, 0.0157565701908122
347, 0.0163702991170188
348, 0.0116723403334618
349, 0.0123207593070609
350, 0.0110639593563974
351, 0.011358700459823
352, 0.0122027663514018
353, 0.0115705747157335
354, 0.0119966291822493
355, 0.0128087028084944
356, 0.013104838396733
357, 0.0132382339021812
358, 0.0130745000205934
359, 0.0126230344952395
360, 0.0116846578195691
361, 0.0138107759412378
362, 0.0132317567088952
363, 0.0142555463438233
364, 0.0124511540246507
365, 0.0126192594567935
366, 0.0147580610189055
367, 0.0121577607933432
368, 0.0119015399832278
369, 0.0126667444904645
370, 0.0130343858618289
371, 0.0134576382115483
372, 0.0137066270690411
373, 0.0135378520935774
374, 0.012520291749388
375, 0.0121357462368906
376, 0.0133460976649076
377, 0.0143407603725791
378, 0.0145179769955575
379, 0.0124942259863019
380, 0.0121715093031526
381, 0.0135505019376675
382, 0.0130996727384627
383, 0.0149364694176863
384, 0.0153784614189395
385, 0.00995704328774341
386, 0.00953364519712826
387, 0.00997017005768915
388, 0.0103936612140387
389, 0.0107904300093651
390, 0.0111684423560898
391, 0.0115386267037441
392, 0.0119146525394171
393, 0.0123655618323634
394, 0.0130529029605289
395, 0.0143172967558106
396, 0.0168644619795183
397, 0.0117315670941025
398, 0.011193237422655
399, 0.0107244072326769
400, 0.0103143274318427
401, 0.00997642854539057
402, 0.00971458541850249
403, 0.00951832688103119
404, 0.00938330264762044
405, 0.0049555111133183
406, 0.00508501206059009
407, 0.00517042543894301
408, 0.00528949580620974
409, 0.0054649719192336
410, 0.00571551038107524
411, 0.00606648232011745
412, 0.00655841939927389
413, 0.00726896660247197
414, 0.00836829472488413
415, 0.0102757431256274
416, 0.0134440681431442
417, 0.00544744815366964
418, 0.0069024774323528
419, 0.00696077069733292
420, 0.00679201004095376
421, 0.0062983048070843
422, 0.00553149093563358
423, 0.0053899300401099
424, 0.00502967919843892
425, 0.00888298125937581
426, 0.00552829192019999
427, 0.00599597014176349
428, 0.00695401534903795
429, 0.00499433368289222
430, 0.00774206838104874
431, 0.00540761249916007
432, 0.0057181923960646
433, 0.00639236093653987
434, 0.0105911910068244
435, 0.0124817713319014
436, 0.011950713271896
437, 0.0132205510356774
438, 0.0143011636876812
439, 0.0157462388742715
440, 0.0115042744049182
441, 0.0110906979534775
442, 0.010669412324205
443, 0.0102545437403023
444, 0.0208945712074637
445, 0.0123859868229677
446, 0.0106342847769459
447, 0.0100680808536708
448, 0.0114724853386482
449, 0.00987547822296619
450, 0.014450234749044
451, 0.0132493796603133
452, 0.0163289335711549
453, 0.0110271591693163
454, 0.0103085257578641
455, 0.0119722108356655
456, 0.00577547253730396
457, 0.00715001559971521
458, 0.00747468213861187
459, 0.00642949459142983
460, 0.00670574240696927
461, 0.00726775479658196
462, 0.00731559738051146
463, 0.0141442355566791
464, 0.00976964558607766
465, 0.0170551095157862
466, 0.0131187221035361
467, 0.00739920244086534
468, 0.00676953920628875
469, 0.00600985779116551
470, 0.00632453085078547
471, 0.00827845046296716
472, 0.0058008839453881
473, 0.00949329285261532
474, 0.0112240333886196
475, 0.00532563624437898
476, 0.0110375109749536
477, 0.0105703096681585
478, 0.0115027048159391
479, 0.0152463743773599
480, 0.0143178925694277
481, 0.013347548743089
482, 0.0125957950173567
483, 0.0120024499483407
484, 0.0125540323400249
485, 0.0178571252152324
486, 0.014914733512948
487, 0.0141417804018905
488, 0.0121869468906273
489, 0.0117440047518661
490, 0.0113288979822149
491, 0.0109513619293769
492, 0.0106430666831632
493, 0.0104566151941461
494, 0.0132774534480025
495, 0.0052749722963199
496, 0.00563442800194025
497, 0.00694429998596509
498, 0.00822893929822991
499, 0.00611080826881031
500, 0.0087114986187468
501, 0.00806194687417398
502, 0.00765735046782841
503, 0.00667067465838045
504, 0.00929324803873897
505, 0.00527209981477686
506, 0.0109096547588706
507, 0.0150168651847967
508, 0.0135070277111871
509, 0.00558378392209609
510, 0.0100363307477285
511, 0.00877851348680755
512, 0.00631821237038821
513, 0.00666765480612715
514, 0.0115616139955819
515, 0.00785066796621929
516, 0.007166088752759
517, 0.00566941600603362
518, 0.0115092019550502
519, 0.0120500744475673
520, 0.0110080064429591
521, 0.0126489823063215
522, 0.0133549596648663
523, 0.0144968231075576
524, 0.0141100514835368
525, 0.0101762074045837
526, 0.012652677949518
527, 0.0120044176777204
528, 0.0109407439827919
529, 0.0116258882917464
530, 0.01237470159928
531, 0.0112531402458747
532, 0.0136954012171676
533, 0.0131576880812645
534, 0.00516643612645566
535, 0.00598800283235808
536, 0.00731786212418228
537, 0.00634044501930475
538, 0.00984039076138288
539, 0.00958174622307221
540, 0.00866145004207889
541, 0.00698381763262053
542, 0.0126719838673515
543, 0.00593423932635536
544, 0.00701705707858006
545, 0.0119918946043721
546, 0.0103484804276377
547, 0.00921211795260509
548, 0.00755415484309196
549, 0.00828099378850311
550, 0.00608019134961069
551, 0.00552179906517267
552, 0.0121006593884279
553, 0.0127004412002862
554, 0.0115294133845185
555, 0.0132680959068239
556, 0.0138276643895855
557, 0.0126619962199281
558, 0.0141029151156545
559, 0.0144911078736186
560, 0.0127111696638167
561, 0.0131902121938765
562, 0.0125520454409222
563, 0.0122711882771303
564, 0.0119072020364304
565, 0.0130106436554343
566, 0.0109170694680264
567, 0.00800957418202112
568, 0.00586085746596966
569, 0.00662901105048756
570, 0.0101894550801565
571, 0.0074905965787669
572, 0.00624295168866714
573, 0.0131066467923423
574, 0.0130942368879914
575, 0.00634996204947432
576, 0.00794732687063515
577, 0.0117029210552573
578, 0.010737083076189
579, 0.00963549005488555
580, 0.00869592162780464
581, 0.00663358070111523
582, 0.0134982293626914
583, 0.012631697114557
584, 0.0133312623282628
585, 0.0131435617028425
586, 0.0127274220964561
587, 0.0121674321591854
588, 0.0127441512886435
589, 0.0125749989944909
590, 0.0127955500502139
591, 0.0115404945487777
592, 0.00915295048616827
593, 0.0070317000693952
594, 0.00833084348899623
595, 0.00660395715385675
596, 0.0133413898292929
597, 0.00692759062318752
598, 0.00912112114019692
599, 0.0121083789771157
600, 0.0110089002798001
601, 0.0100416754527638
602, 0.0129658209625632
603, 0.00617203810252249
604, 0.0132037627045065
605, 0.00737496317985157
606, 0.0130061332602054
607, 0.0127356275139997
608, 0.0127119247335941
609, 0.0119123279582709
610, 0.0126211666502059
611, 0.0106077014934272
612, 0.00763801869470626
613, 0.00955645437352359
614, 0.00710072601214051
615, 0.00773370385702167
616, 0.0105063336280485
617, 0.0113772770079474
618, 0.0125811121736964
619, 0.0083550822455436
620, 0.0120380942244083
621, 0.0085691229129831
622, 0.0123602967554082
623, 0.0109586930678537
624, 0.0129212758038193
625, 0.0120314856991172
626, 0.0121780256740749
627, 0.00995963106730155
628, 0.0127002020765628
629, 0.00875222831964493
630, 0.00955210261357327
631, 0.0120567106641829
632, 0.0118106229541202
633, 0.0114725845245024
634, 0.0129138494841754
635, 0.0109771905311694
636, 0.0113974229898304
637, 0.0105668522883207
638, 0.00810931297019124
639, 0.011947038040186
640, 0.00941825099289417
641, 0.00730999462151279
642, 0.0119780724247297
643, 0.0124292791976283
644, 0.0128625063225627
645, 0.0136820698777835
646, 0.0100915051686267
647, 0.0103793360758573
648, 0.0106622197975715
649, 0.0109376329152534
650, 0.0112119737702111
651, 0.0114804132996748
652, 0.0126404586868982
653, 0.011732600396499
654, 0.0122109872754663
655, 0.0131576879260441
656, 0.0147563642822206
657, 0.0174446335683266
658, 0.0219468912109733
659, 0.0134762746747583
660, 0.0136700098713239
661, 0.0137506749791404
662, 0.013698321999982
663, 0.0135239186541488
664, 0.0132488039477418
665, 0.0129088787361979
666, 0.0125293362264832
667, 0.0121283755482485
668, 0.0117343487994124
669, 0.0126813078143944
670, 0.0126912818911175
671, 0.0126823214814067
672, 0.0126811291556805
673, 0.0127179645157109
674, 0.0128189742875596
675, 0.0129993182296554
676, 0.0132312797941267
677, 0.0109439908992499
678, 0.0107497395171473
679, 0.0105554681892196
680, 0.0103652894031256
681, 0.0101786471592883
682, 0.0111292817940315
683, 0.0111946489584322
684, 0.0168455421808176
685, 0.010560077537472
686, 0.012299659429118
687, 0.0113056320697069
688, 0.0107380965879808
689, 0.0118260205102464
690, 0.0124782113358378
691, 0.0104024230968207
692, 0.015005929240336
693, 0.014044982381165
694, 0.0124543930093447
695, 0.0130512342633059
696, 0.0121907217738529
697, 0.0127325877547264
698, 0.011928341894721
699, 0.0116698566513757
700, 0.0111467063737412
701, 0.0108761605806649
702, 0.0106151322834194
703, 0.0114137152365098
704, 0.0134572412353009
705, 0.0166825484484434
706, 0.0126338823853681
707, 0.013552945960934
708, 0.0126274650295575
709, 0.0132994875311852
710, 0.0126248620605717
711, 0.0126379358116537
712, 0.0137200378036747
713, 0.0136931959229211
714, 0.0128093783278018
715, 0.0137693311553448
716, 0.0129863445957502
717, 0.0122610554875185
718, 0.0134993417498966
719, 0.0132458829320967
720, 0.012622895417735
721, 0.0126927917978416
722, 0.0130030533764511
723, 0.0112968902103603
724, 0.011081697496896
725, 0.0108761608134955
726, 0.0104974925052375
727, 0.0114235898945481
728, 0.0114784263074398
729, 0.0106852673149357
730, 0.0112898767304917
731, 0.0103329098783433
732, 0.0124065697503587
733, 0.0118267903370517
734, 0.013439757283777
735, 0.0124837523326278
736, 0.011877121636644
737, 0.0116510413742314
738, 0.0117512562622627
739, 0.0122075301284591
740, 0.0128103520255536
741, 0.0132093055484196
742, 0.012480182107538
743, 0.0121823968365788
744, 0.0137129653400431
745, 0.0116333781431119
746, 0.0119019966417303
747, 0.0143840739037842
748, 0.0113740779925138
749, 0.0108479279248665
750, 0.0111142816798141
751, 0.0153560667143514
752, 0.0169125230362018
753, 0.0184952527284622
754, 0.0125965698777388
755, 0.013840141473338
756, 0.0138106568095585
757, 0.0136155704191575
758, 0.0133326073798041
759, 0.0137457076149682
760, 0.01304741948843
761, 0.0135551710457851
762, 0.0127991265617311
763, 0.012637836082528
764, 0.013297560159117
765, 0.0123034144441287
766, 0.0126583599485457
767, 0.0125319470784494
768, 0.0129971926410993
769, 0.0125468515790999
770, 0.0115001022350043
771, 0.0114277823983381
772, 0.0109972570401927
773, 0.0112019594137867
774, 0.0108374886081687
775, 0.0116825924099733
776, 0.0100198999978602
777, 0.0144256378989667
778, 0.0123930395736049
779, 0.0122975732665509
780, 0.0124232075177133
781, 0.0155088735433916
782, 0.0167820480031272
783, 0.011624059950312
784, 0.0113668862419824
785, 0.0138715334081401
786, 0.0145709938369691
787, 0.0125110969723513
788, 0.0121953311997155
789, 0.0121572237306585
790, 0.0128748045923809
791, 0.0133152828396608
792, 0.0118970692468186
793, 0.0111180766640852
794, 0.0178088179479043
795, 0.0106223125942051
796, 0.0132655124956121
797, 0.0129581515211612
798, 0.0135541382090499
799, 0.0138041401126732
800, 0.013815861971428
801, 0.0139782651482771
802, 0.0140148422991236
803, 0.0134707118850201
804, 0.0123124146678795
805, 0.0131056335909913
806, 0.0127598072867841
807, 0.0126285974401981
808, 0.0125465416349471
809, 0.0120121983811259
810, 0.0116652076443036
811, 0.0113087115654101
812, 0.0111172934062779
813, 0.0115408522542566
814, 0.0119337212693478
815, 0.0124006493327518
816, 0.0163928495409588
817, 0.0131713858406459
818, 0.0154561422920475
819, 0.0116616709468265
820, 0.0119230769729863
821, 0.0114051635776247
822, 0.0146135509324571
823, 0.0125550058825562
824, 0.0122247757390141
825, 0.0139405751445641
826, 0.0129393564226727
827, 0.013392093591392
828, 0.0122904005305221
829, 0.0168188669984894
830, 0.0133709416591695
831, 0.0128936394272993
832, 0.013215384989356
833, 0.0125820067090293
834, 0.0135519328371932
835, 0.0141666355387618
836, 0.0138836523983628
837, 0.0143080381676555
838, 0.0141020046236614
839, 0.0136414791923016
840, 0.0131652381581565
841, 0.0122130960891289
842, 0.0126601824803012
843, 0.0117908540026595
844, 0.0116424383595586
845, 0.0150246885605156
846, 0.0117338200099766
847, 0.0158429768246909
848, 0.0119798607192934
849, 0.0152438507260134
850, 0.0122878772672266
851, 0.0126199745573103
852, 0.0130052988727887
853, 0.0145588341789941
854, 0.0139735762495548
855, 0.0134545393132915
856, 0.01619885636804
857, 0.0126612211577594
858, 0.0128017091968407
859, 0.0124793476425111
860, 0.0131529592132817
861, 0.011993339471519
862, 0.0135424359856794
863, 0.0144421681761742
864, 0.0139679536223412
865, 0.0143756493926048
866, 0.0147257560331907
867, 0.0138381943106651
868, 0.0122453476302326
869, 0.0119118909351528
870, 0.013204855301107
871, 0.0144717320799828
872, 0.0120436146057078
873, 0.0152618115923057
874, 0.0123726749637475
875, 0.014974835049361
876, 0.0127058845634262
877, 0.0130796853918582
878, 0.0135119782450298
879, 0.0145317932280401
880, 0.014001749533539
881, 0.0155110981625815
882, 0.0140887725477417
883, 0.0149034684679161
884, 0.0157590182498097
885, 0.0121253357113649
886, 0.00993339406947295
887, 0.00903842990131428
888, 0.00513148383470252
889, 0.0111667135109504
890, 0.011443934791411
891, 0.0117011289888372
892, 0.0119285207086553
893, 0.0122913150892903
894, 0.012438161065802
895, 0.0125837155307333
896, 0.0128236636519432
897, 0.0133306010781477
898, 0.0144344596192241
899, 0.0142810197680124
900, 0.0166142807962994
901, 0.0199780097852151
902, 0.0065774928079918
903, 0.00676032023814817
904, 0.00680307652025173
905, 0.00662748112032811
906, 0.00617190287448466
907, 0.0054961449932307
908, 0.00858501725209256
909, 0.00752953831882526
910, 0.0068243556888774
911, 0.00630279498485227
912, 0.00588820482759426
913, 0.00555543221222858
914, 0.00529442339514693
915, 0.00509452920717498
916, 0.00495008736227949
917, 0.00485978632544478
918, 0.00481043344674011
919, 0.00479594944044948
920, 0.00480198941659182
921, 0.00482072522087644
922, 0.00485187865948925
923, 0.00487023669605454
924, 0.00970051879994571
925, 0.0107460835327705
926, 0.0112517492379993
927, 0.0119459850247949
928, 0.012916547479108
929, 0.0142878523717324
930, 0.0160114405831943
931, 0.0166889665027459
932, 0.0141083226383974
933, 0.0132971232136091
934, 0.0108767367588977
935, 0.0118424321214358
936, 0.0105711234112581
937, 0.0120479290684064
938, 0.012557847192511
939, 0.0116031987126917
940, 0.0122232861661663
941, 0.0123818938930829
942, 0.0113352759120365
943, 0.0128224322882791
944, 0.0151404372882098
945, 0.010369183573251
946, 0.0097023032605648
947, 0.00972658535465598
948, 0.00979298508415619
949, 0.0099114989861846
950, 0.010098200601836
951, 0.0115352692082524
952, 0.0121786616121729
953, 0.0130038488035401
954, 0.0139762193430215
955, 0.0148633945112427
956, 0.0103326063447942
957, 0.00508384002993504
958, 0.00506389253617575
959, 0.00525301807404806
960, 0.0126137522980571
961, 0.0093217509953926
962, 0.00679407660694172
963, 0.00633406751633932
964, 0.00542167923413217
965, 0.00814622826874256
966, 0.00737025515021135
967, 0.0059644194940726
968, 0.00565952186783155
969, 0.00508594625474264
970, 0.00506164731147389
971, 0.00514314672909677
972, 0.00631727868070205
973, 0.00683858117554337
974, 0.00666558839535962
975, 0.00723268693157782
976, 0.00602307023170094
977, 0.0057079802500084
978, 0.00693669042084366
979, 0.00700366609574606
980, 0.00538981042336673
981, 0.00511577199213207
982, 0.0102484439654897
983, 0.0140199350592281
984, 0.00515600706317595
985, 0.0100397743683841
986, 0.0107348180996875
987, 0.0123497470437239
988, 0.0121818009453515
989, 0.0119987352130314
990, 0.0117825891356915
991, 0.0115303419685612
992, 0.012540025015672
993, 0.0128218557996054
994, 0.0132629899308085
995, 0.0146341550474366
996, 0.0139037795209636
997, 0.0110429346095771
998, 0.0157443513938536
999, 0.0110465906715641
1000, 0.0100470601270596
1001, 0.0102259934258958
1002, 0.0104090389795601
1003, 0.0139281182394673
1004, 0.013599379065757
1005, 0.0129498670964191
1006, 0.0122944139875472
1007, 0.0106772799044847
1008, 0.010119300801307
1009, 0.0110168082950016
1010, 0.0064058913073192
1011, 0.0068185938289389
1012, 0.00873057241551578
1013, 0.00793226742340873
1014, 0.00731726638817539
1015, 0.00982594668554763
1016, 0.00544291843349735
1017, 0.00557557862096777
1018, 0.00605617087179174
1019, 0.00536968419328332
1020, 0.00533803408810248
1021, 0.00578133369951199
1022, 0.00533072246859471
1023, 0.00533213708549738
1024, 0.0135601071640849
1025, 0.00641963976280143
1026, 0.007959744737794
1027, 0.00582808360923082
1028, 0.00550019838071118
1029, 0.0068674695212394
1030, 0.00827602661835651
1031, 0.00757299006606142
1032, 0.00715716804067294
1033, 0.00613389521216353
1034, 0.0104182377302398
1035, 0.0136697910105189
1036, 0.00562145125253924
1037, 0.0109775283684333
1038, 0.0106032111992439
1039, 0.0118931386885898
1040, 0.0135599797746787
1041, 0.0127468728460371
1042, 0.010943851666525
1043, 0.0125011232060691
1044, 0.0131104215203474
1045, 0.011748693883419
1046, 0.0121597471491744
1047, 0.0123238388914615
1048, 0.0119744762778282
1049, 0.0112511535019924
1050, 0.013926767045632
1051, 0.0117374285279463
1052, 0.0104567513668111
1053, 0.0106894196166346
1054, 0.0130727317494651
1055, 0.0131100049087157
1056, 0.0127773908122132
1057, 0.0109435537209113
1058, 0.0105219899366299
1059, 0.0112895787848781
1060, 0.00687360895487169
1061, 0.00648174784146249
1062, 0.00575355809026708
1063, 0.00566438942526778
1064, 0.00561142072547227
1065, 0.0104179203044623
1066, 0.00786245047735671
1067, 0.00732990261167288
1068, 0.00849968385106573
1069, 0.00931106205098331
1070, 0.0059135767708843
1071, 0.00615922726380328
1072, 0.00658242020290345
1073, 0.00942315828676025
1074, 0.00734007474966347
1075, 0.00891914090607315
1076, 0.00796359909387926
1077, 0.00596114100577931
1078, 0.0062791914291059
1079, 0.0103051445446908
1080, 0.0117000360817959
1081, 0.011190933175385
1082, 0.013160767344137
1083, 0.013089341421922
1084, 0.0126103782871117
1085, 0.0128390214716395
1086, 0.0124430684372783
1087, 0.0119663698133081
1088, 0.0123003347932051
1089, 0.012150012034302
1090, 0.0114878239886214
1091, 0.0136901335790753
1092, 0.0150120047852397
1093, 0.012315951132526
1094, 0.0114861545152962
1095, 0.0107669372111559
1096, 0.011177640951549
1097, 0.0121564719426845
1098, 0.0127049908818056
1099, 0.0109365798222522
1100, 0.011581661272794
1101, 0.00583546268753707
1102, 0.0118683595986416
1103, 0.00736226762334506
1104, 0.00597509422472545
1105, 0.00692584241429965
1106, 0.00785531763297816
1107, 0.00905116593154768
1108, 0.00982401962392032
1109, 0.00841337632543097
1110, 0.00606445587861041
1111, 0.0107955359077702
1112, 0.00655786332208663
1113, 0.00626055519872655
1114, 0.0101998660247773
1115, 0.00689023837912828
1116, 0.00825903964384148
1117, 0.0092801070616891
1118, 0.00613925959138821
1119, 0.00650326535105705
1120, 0.0114883209268252
1121, 0.0124052982622137
1122, 0.0124976260898014
1123, 0.0125304284350326
1124, 0.0124242131908735
1125, 0.0123487731907517
1126, 0.0121421043295413
1127, 0.0122627244951824
1128, 0.0117491907440126
1129, 0.0108654122644415
1130, 0.0127216998953372
1131, 0.0125717743455122
1132, 0.0119631310614447
1133, 0.011648915708065
1134, 0.0111545684880444
1135, 0.0113717931477974
1136, 0.0122939970654746
1137, 0.00840221011700729
1138, 0.00787099342172345
1139, 0.00896988506428897
1140, 0.00739058006244401
1141, 0.0063451777677983
1142, 0.00959046899030606
1143, 0.0103130163624883
1144, 0.0111891850829124
1145, 0.00697263206044833
1146, 0.00660419584407161
1147, 0.0108213781911348
1148, 0.00747704626216243
1149, 0.00955631537362933
1150, 0.00690444434682528
1151, 0.0119758632965386
1152, 0.012224166121866
1153, 0.0119582635816187
1154, 0.0117641314864159
1155, 0.0115955095582952
1156, 0.0121190771460533
1157, 0.0121859533246607
1158, 0.012227040870736
1159, 0.012231690188249
1160, 0.0119857018192609
1161, 0.0119397658854723
1162, 0.0119454879313707
1163, 0.0120312992172937
1164, 0.012259485743319
1165, 0.00895599725966652
1166, 0.0117970730311104
1167, 0.0124132064326356
1168, 0.0095212875554959
1169, 0.0115297339856625
1170, 0.00839799813305338
1171, 0.0100931546185166
1172, 0.0107472365101178
1173, 0.00787067560789486
1174, 0.0114477106059591
1175, 0.00694058759004942
1176, 0.00739246746525168
1177, 0.0105331677943468
1178, 0.0084694439622884
1179, 0.0064135603994752
1180, 0.00759045407176018
1181, 0.0114656708513697
1182, 0.0109834692751368
1183, 0.011734209721908
1184, 0.0119364286462466
1185, 0.0121138517279178
1186, 0.0121518396107214
1187, 0.0110848168842494
1188, 0.0122302793121586
1189, 0.00950028716276089
1190, 0.0100477359568079
1191, 0.012258750696977
1192, 0.012103878116856
1193, 0.0105491896780829
1194, 0.00893507564129929
1195, 0.0110647301965704
1196, 0.0117506323648351
1197, 0.00844935164786875
1198, 0.0100033302525324
1199, 0.00857867944675187
1200, 0.00771088749170303
1201, 0.0105398120358586
1202, 0.0110051455752303
1203, 0.0113646212654809
1204, 0.0116870823161056
1205, 0.0122126602567732
1206, 0.0105406266326706
1207, 0.010980329864348
1208, 0.0100261390519639
1209, 0.0121389649963627
1210, 0.0121973182540387
1211, 0.0114022516645491
1212, 0.0117420454509556
1213, 0.00952034164220095
1214, 0.00968424649909139
1215, 0.011982658226043
1216, 0.0120086355267891
1217, 0.012139895465225
