1, 0.00912547274492681
2, 0.0214422682765871
3, 0.00471159914741293
4, 0.0130209939088672
5, 0.0112514514476061
6, 0.0207548178732395
7, 0.0047342786565423
8, 0.00237095398915699
9, 0.0224745909217745
10, 0.00900119729340076
11, 0.0108535303734243
12, 0.0213809050619602
13, 0.00946834834758192
14, 0.00991565152071416
15, 0.010263861855492
16, 0.0106158669417103
17, 0.0109403745736927
18, 0.0112178941102078
19, 0.0114423652024319
20, 0.0115959070778141
21, 0.0116753597588589
22, 0.011691671408092
23, 0.0116527499631047
24, 0.01160347663487
25, 0.0116207019115488
26, 0.0119099039584398
27, 0.0130181533750147
28, 0.016462428184847
29, 0.0197375646481911
30, 0.0128054637461901
31, 0.00748598707529406
32, 0.00579873829459151
33, 0.00850717389645676
34, 0.0102635839333137
35, 0.011295936924095
36, 0.0119198385315637
37, 0.0123294223255167
38, 0.0125931328317771
39, 0.0127596082941939
40, 0.0128651683529218
41, 0.0129344687641909
42, 0.0129795097745955
43, 0.0130025573695699
44, 0.013009401911404
45, 0.0130612468346953
46, 0.0131049573731919
47, 0.0130967719790836
48, 0.0130539753784736
49, 0.0129839600995183
50, 0.0128825129941106
51, 0.0127656878903508
52, 0.0126366640130679
53, 0.0125099445382754
54, 0.0123899796356757
55, 0.0122760954933862
56, 0.0121716684661806
57, 0.0120780098562439
58, 0.0119884042069316
59, 0.0118852880162497
60, 0.0117678269743919
61, 0.0116442066306869
62, 0.0115215795425077
63, 0.011361392098479
64, 0.0112770816000799
65, 0.0112214111723006
66, 0.0111142415553331
67, 0.0109711106245716
68, 0.0108046946115792
69, 0.0106294970028102
70, 0.01044380866612
71, 0.0102601068404814
72, 0.0100811336499949
73, 0.00990990983943144
74, 0.00974893740688761
75, 0.00961462796355287
76, 0.00949831989904245
77, 0.00940160111834606
78, 0.00933559921880563
79, 0.009273252915591
80, 0.00925723866870006
81, 0.00930571742355824
82, 0.00938026281073689
83, 0.0095226780200998
84, 0.00974071243156989
85, 0.0100512920568387
86, 0.0105028172644476
87, 0.0111550115980208
88, 0.0121475481428206
89, 0.0138253788463771
90, 0.0180130833759904
91, 0.0181107256794348
92, 0.0158440697317322
93, 0.0106112972522775
94, 0.00845043011941016
95, 0.00734647208203872
96, 0.00667778767334918
97, 0.00620838114991784
98, 0.00583167971732716
99, 0.00550806599979599
100, 0.00523551374984284
101, 0.00500396988354623
102, 0.00481446669436991
103, 0.00467912433668971
104, 0.0046034660966446
105, 0.00457513417738179
106, 0.00457934623894592
107, 0.00460724129031102
108, 0.00464272584455709
109, 0.00467797190261384
110, 0.00474509684136137
111, 0.00485795829445124
112, 0.00515514709210644
113, 0.00543306379889448
114, 0.00566889939364046
115, 0.0058605681406334
116, 0.00597510839967678
117, 0.00593421965216597
118, 0.00557146578406294
119, 0.00463004992343485
120, 0.00287421590473969
121, 0.00544675319300344
122, 0.0110847180088361
123, 0.0178415812551975
124, 0.0174170763542255
125, 0.0135949479105572
126, 0.0123319448127101
127, 0.0118876718139897
128, 0.0116486772894859
129, 0.0114298881962895
130, 0.0111732305182765
131, 0.0108739552864184
132, 0.0105346260437121
133, 0.0101652161683887
134, 0.00977774600808819
135, 0.00932228711566755
136, 0.00911883683875203
137, 0.00916509019831816
138, 0.00923717208206654
139, 0.00933834056680401
140, 0.00948461036508282
141, 0.00965813935423891
142, 0.00985916641851266
143, 0.0100736635116239
144, 0.0102848626362781
145, 0.0104793724603951
146, 0.0106335100717843
147, 0.0107494212376575
148, 0.0108222976947824
149, 0.0108581401097278
150, 0.0108727631159127
151, 0.0108745909916858
152, 0.0109090822516009
153, 0.0109866480343044
154, 0.0110584914994737
155, 0.0111524282644192
156, 0.0112771216469506
157, 0.0114311403594911
158, 0.0116105891453723
159, 0.0118087151398261
160, 0.0120208286680281
161, 0.0122369948464135
162, 0.0124369086697698
163, 0.0126258156572779
164, 0.0128001002594829
165, 0.0129423170971374
166, 0.00769206058854858
167, 0.0133361446981629
168, 0.020536107942462
169, 0.0183470286428928
170, 0.0109614149356882
171, 0.00529456204579522
172, 0.00479188660392538
173, 0.00479340630893906
174, 0.00482324852297703
175, 0.00485682596142093
176, 0.0049076887468497
177, 0.0049964995123446
178, 0.00514519323284427
179, 0.00538090988993645
180, 0.0057372263011833
181, 0.006234249798581
182, 0.00690968978839616
183, 0.00788664988552531
184, 0.00957914379735788
185, 0.0153597622411326
186, 0.0188591913320124
187, 0.0174884833395481
188, 0.0145725834493836
189, 0.0127759007737041
190, 0.0116453990340233
191, 0.0108717299687366
192, 0.0103107313625515
193, 0.00990188292538126
194, 0.00959309112901489
195, 0.00937656701231996
196, 0.00922787375748158
197, 0.00922426756005734
198, 0.0146825932121525
199, 0.00661152696314578
200, 0.0110704718002429
201, 0.0113446333756049
202, 0.0115696214294682
203, 0.0117373689233015
204, 0.0118553458402554
205, 0.0119184475236883
206, 0.0119594356510788
207, 0.0120393852703273
208, 0.0122787774695704
209, 0.0129445019022872
210, 0.0146098757783572
211, 0.0181902874416361
212, 0.0101964687540506
213, 0.0121947947579126
214, 0.0116895458195359
215, 0.010914307863762
216, 0.00972616827736298
217, 0.00807468232233077
218, 0.0116985660667221
219, 0.0118229212239385
220, 0.0119387333591779
221, 0.0120374388061464
222, 0.0121335810205589
223, 0.0122321074207624
224, 0.0123392364475876
225, 0.0124540151252101
226, 0.012575330833594
227, 0.012701911230882
228, 0.0128226504505922
229, 0.0129308924078941
230, 0.0130160074525823
231, 0.0130749566790958
232, 0.0131008452735841
233, 0.0130910898248355
234, 0.00951546624613305
235, 0.00957332217755417
236, 0.00964212596106032
237, 0.0097429173377653
238, 0.00986260354208449
239, 0.0100046616668502
240, 0.0101678786644091
241, 0.0103376919093231
242, 0.0105089761782438
243, 0.0106857836556931
244, 0.0108554384981593
245, 0.0110126157912115
246, 0.0111570776595424
247, 0.0112711413142582
248, 0.0113413555081934
249, 0.0100501195993274
250, 0.0149644837559511
251, 0.011261048183466
252, 0.00989908158468703
253, 0.0100764453721543
254, 0.0103491963818669
255, 0.0106665113319953
256, 0.0109890122742703
257, 0.0105082011626412
258, 0.00997261392573516
259, 0.0102026486614098
260, 0.0108265498808275
261, 0.0111334742202113
262, 0.0113674423191696
263, 0.0115658063441515
264, 0.0129633570710818
265, 0.0127539465514322
266, 0.0118827247836938
267, 0.0121080699221541
268, 0.0123050238471478
269, 0.0130824075701336
270, 0.0114557760767639
271, 0.0125206532732894
272, 0.012636624276638
273, 0.0130389754970868
274, 0.0128671154379845
275, 0.011752826316903
276, 0.0120005429877589
277, 0.0122075499966741
278, 0.012411099858582
279, 0.0127931460738182
280, 0.0107586595695466
281, 0.0112306491937488
282, 0.0122695190366358
283, 0.0142902759059022
284, 0.0115031815754871
285, 0.0117399712714056
286, 0.0119422895368189
287, 0.0121106326890488
288, 0.0124657177366316
289, 0.0100643654198696
290, 0.01042199259003
291, 0.0133807884218792
292, 0.0125294155441225
293, 0.0128793142891179
294, 0.0127423826294641
295, 0.0120008408557624
296, 0.0114478090157111
297, 0.0107599515467882
298, 0.0101421293026457
299, 0.0129656021793683
300, 0.0130203988713523
301, 0.013051035348326
302, 0.0130636245012283
303, 0.0131008136751396
304, 0.00988253718242049
305, 0.013088399078697
306, 0.0114555721437292
307, 0.0101290957070887
308, 0.0130762601271272
309, 0.0105446199110399
310, 0.0104090791816513
311, 0.0102954523948332
312, 0.0114651938589911
313, 0.0113815091705571
314, 0.0112690543755889
315, 0.0106876709808906
316, 0.011133791723599
317, 0.0109857541974634
318, 0.0108383120968938
319, 0.010209303892528
320, 0.0123903977219015
321, 0.0122936194917808
322, 0.0121978545406212
323, 0.0120865125985195
324, 0.0119571508063624
325, 0.0118208948988467
326, 0.0124840363084028
327, 0.0125846489487837
328, 0.0126884211009989
329, 0.0127970800579836
330, 0.0129012886124353
331, 0.012986285223936
332, 0.0130452739540488
333, 0.0116172849666327
334, 0.0123928609925012
335, 0.0109270031098276
336, 0.0102649747859687
337, 0.0124837381299585
338, 0.0122237826387087
339, 0.011974277595679
340, 0.011706115755563
341, 0.0114236890804023
342, 0.0127887553535402
343, 0.0143875306627403
344, 0.0137429460107038
345, 0.0131896758296837
346, 0.0105954620521516
347, 0.0128356046043336
348, 0.0129466679257651
349, 0.0130625988046328
350, 0.0130197429098189
351, 0.0119020362229397
352, 0.0115480045011888
353, 0.0114527562788377
354, 0.0126598502198855
355, 0.0146576389670372
356, 0.0104555416453098
357, 0.0130329837224313
358, 0.0105193473864347
359, 0.0114231128245592
360, 0.0115219375584275
361, 0.011591118760407
362, 0.0113060893490911
363, 0.0111713830071191
364, 0.0106206950731575
365, 0.0107503951682399
366, 0.011025013634935
367, 0.0108838497350613
368, 0.0119227193451176
369, 0.0115131397731602
370, 0.0129168453471114
371, 0.0127338200497131
372, 0.0126421279273927
373, 0.0124757713638246
374, 0.0128269817990561
375, 0.0129842387201885
376, 0.0125556611455977
377, 0.0116465112327465
378, 0.0123962588453044
379, 0.0123014874601116
380, 0.0121863305879136
381, 0.0120456240450343
382, 0.0118813537216435
383, 0.0122542006429285
384, 0.0136847043409944
385, 0.0111275333135078
386, 0.0139202900851766
387, 0.0143352177304526
388, 0.0126017555594444
389, 0.0122760361991823
390, 0.0119682969525456
391, 0.0116632006441553
392, 0.010818701547881
393, 0.0129762912789981
394, 0.0128850960948815
395, 0.0127436940868696
396, 0.0121631044894457
397, 0.0122813597942392
398, 0.0129811194104453
399, 0.0134250549599528
400, 0.0125374620159467
401, 0.00976035771891475
402, 0.0130490428502006
403, 0.0108297090046108
404, 0.0117500019924981
405, 0.0116731742552171
406, 0.0115963440233221
407, 0.0114935458792994
408, 0.0109556533861905
409, 0.0113633691022793
410, 0.0110881749230127
411, 0.0112222450940559
412, 0.0126255576033145
413, 0.0125694895007958
414, 0.0126900501394024
415, 0.0128305978141725
416, 0.0129010874245848
417, 0.0127613373721639
418, 0.0123006526070336
419, 0.012147905693079
420, 0.0125057124532759
421, 0.0124211933774253
422, 0.0119710988365114
423, 0.0117427844554186
424, 0.0143405622802675
425, 0.0122633198431383
426, 0.0113719121242563
427, 0.0126522009571393
428, 0.0122829899191856
429, 0.0141956037841737
430, 0.0119423891107241
431, 0.0129036132711917
432, 0.011046854313463
433, 0.0127918146705876
434, 0.0126408961756776
435, 0.0139301049057394
436, 0.0130598170993229
437, 0.0128483991138637
438, 0.0124519887225082
439, 0.0135019048272322
440, 0.0129737641662359
441, 0.0111633757284532
442, 0.0118418754233668
443, 0.0117865823364506
444, 0.0116981687800338
445, 0.0126728242418418
446, 0.0126968450689067
447, 0.0113006455358118
448, 0.0115699785916756
449, 0.0127247599108766
450, 0.0114283384755254
451, 0.0127636421627055
452, 0.0128069905564189
453, 0.0126301074245324
454, 0.0140750235101829
455, 0.012269995873794
456, 0.0120502221398056
457, 0.012430849019438
458, 0.0125538925640285
459, 0.0107220904901624
460, 0.0125982982572168
461, 0.0116158349749943
462, 0.0126386110981305
463, 0.0122502074421694
464, 0.0128108685215314
465, 0.0127100374083966
466, 0.0139507480586569
467, 0.0126035634117822
468, 0.0130530620614688
469, 0.0138119085070988
470, 0.0125294349466761
471, 0.0134692812183251
472, 0.0127775497579326
473, 0.012760820488135
474, 0.012022556969896
475, 0.0115443319747491
476, 0.0127675559682151
477, 0.0127444093426069
478, 0.0120054308790714
479, 0.0119302691891789
480, 0.0127438673350428
481, 0.0117909930025538
482, 0.011646213553225
483, 0.0127006395099064
484, 0.0137401844064395
485, 0.0123814370793601
486, 0.0125700458884239
487, 0.0118986193556339
488, 0.0133419399415808
489, 0.0125696086324751
490, 0.0127025470913698
491, 0.0129780198136965
492, 0.0127299650727461
493, 0.013723634261017
494, 0.0133546021146079
495, 0.0136434461455792
496, 0.0128911957144737
497, 0.0118584891781211
498, 0.0128893877069155
499, 0.012813510838896
500, 0.012917879037559
501, 0.012246591427053
502, 0.0122910252373133
503, 0.0118397494778037
504, 0.012860499555245
505, 0.0121703367525091
506, 0.0120093648632367
507, 0.0121987601742148
508, 0.0127116667572409
509, 0.0124916265097757
510, 0.0132133268751204
511, 0.0113479155115783
512, 0.012165747427692
513, 0.0128645129346599
514, 0.0128484305127391
515, 0.0132028085645288
516, 0.0134417523763009
517, 0.013036630426844
518, 0.0134399157638351
519, 0.01274638408795
520, 0.0130072655932357
521, 0.0130876523132126
522, 0.0130440813178817
523, 0.012447768290128
524, 0.0128721222281456
525, 0.012625796177114
526, 0.013317777775228
527, 0.0130378229854008
528, 0.013240796358635
529, 0.0132587773259729
530, 0.0127388862892985
531, 0.0131208443082869
532, 0.012469127215445
533, 0.00785863583829875
534, 0.012521354614624
535, 0.00407167355297133
536, 0.00590066223715742
537, 0.00551072865103682
538, 0.0057343851076439
539, 0.00597204884979874
540, 0.00587260827887803
541, 0.00550129117133717
542, 0.00479118118528277
543, 0.0112868964206427
544, 0.0106588224880397
545, 0.0102242651240279
546, 0.009927334341531
547, 0.00972392316907644
548, 0.00960326357744634
549, 0.00951953884214163
550, 0.00515157077461481
551, 0.00538883680322518
552, 0.0056617862622564
553, 0.00597558527564009
554, 0.00634557113517076
555, 0.00679721539684882
556, 0.00742230909721305
557, 0.00840358075220138
558, 0.0101510107051581
559, 0.0131443563538293
560, 0.00479013989679515
561, 0.00474397430662066
562, 0.00471228450381507
563, 0.00470223114825785
564, 0.00473141763359308
565, 0.00481424810520063
566, 0.00495586874118696
567, 0.0115564285467068
568, 0.0111321426617603
569, 0.0113560772345712
570, 0.0115014926996082
571, 0.0115294873248786
572, 0.0114491999459763
573, 0.0113549450567613
574, 0.0113186458280931
575, 0.0121330640589197
576, 0.0138342205900699
577, 0.0114814856400092
578, 0.0168984764410804
579, 0.00691102080357571
580, 0.00612799439113587
581, 0.00604991234528522
582, 0.00494577576561521
583, 0.00558348601528754
584, 0.00524761380317311
585, 0.00595452512303988
586, 0.00579687052716811
587, 0.00632256401392321
588, 0.0134454591510197
589, 0.0122011525090784
590, 0.0135295412037522
591, 0.01555925871556
592, 0.0172637730836868
593, 0.0102340001612902
594, 0.0105282086879015
595, 0.0109442693646997
596, 0.0115294474332283
597, 0.0100445167627186
598, 0.00477920053526759
599, 0.00582085157899807
600, 0.00892698912260433
601, 0.00644918387600531
602, 0.00730387466804435
603, 0.0049726376698042
604, 0.00531399350923796
605, 0.00501505634747446
606, 0.00612362299580127
607, 0.0104617492761463
608, 0.00682900454072903
609, 0.00795398264502486
610, 0.00555201468523592
611, 0.00512820583147307
612, 0.00497076994118591
613, 0.0108379935845733
614, 0.0114167948874334
615, 0.0113104397120575
616, 0.0111720975643645
617, 0.01113371248357
618, 0.0104916311490039
619, 0.0101120490580797
620, 0.00978169590234756
621, 0.011290453063945
622, 0.0114463582479705
623, 0.0114818034538378
624, 0.0126600684598088
625, 0.0112814924990137
626, 0.0117633165791631
627, 0.00966070293604086
628, 0.013756430774395
629, 0.00996135148618903
630, 0.00504286048401679
631, 0.00568447615175198
632, 0.00592843796281765
633, 0.00715277735920002
634, 0.0065228552557528
635, 0.00617758553319921
636, 0.00533026569367697
637, 0.0133193355674545
638, 0.0143248858706405
639, 0.011659624055028
640, 0.0111610910389572
641, 0.010775806227078
642, 0.0105017442256212
643, 0.0123220304958522
644, 0.00498875083091358
645, 0.0066168715711683
646, 0.00629190712546309
647, 0.00569629781724264
648, 0.00598567836762716
649, 0.00546715746168047
650, 0.00950549201418956
651, 0.00851001446911444
652, 0.0110431330588957
653, 0.00696271743314962
654, 0.00783256782839696
655, 0.00531238410621881
656, 0.0073451012528191
657, 0.00523225563423087
658, 0.0110797300779571
659, 0.0104040321117888
660, 0.0111536999077847
661, 0.0109891316387802
662, 0.0109295468622198
663, 0.0113260365712146
664, 0.0114255765608201
665, 0.0114350336759041
666, 0.0110547562750677
667, 0.0119108580984175
668, 0.0113994299899787
669, 0.0107616597476105
670, 0.00824854922636102
671, 0.00680802386098852
672, 0.00763883340793351
673, 0.00589088711421937
674, 0.00626893950781475
675, 0.00542448073004683
676, 0.0129643500161668
677, 0.0112907905907681
678, 0.0130296793899366
679, 0.0109658656486621
680, 0.0117016652754198
681, 0.00524277452911649
682, 0.0128135938197374
683, 0.00835800283433249
684, 0.00902531668543816
685, 0.010008396115154
686, 0.00645587965846062
687, 0.00680200363664577
688, 0.00714200855387996
689, 0.0113035458295296
690, 0.00611438454749684
691, 0.00787633754468212
692, 0.00581614265684038
693, 0.00748902667934696
694, 0.012261253548786
695, 0.00559266509177784
696, 0.0103077904321253
697, 0.0121926688589156
698, 0.0113059297048797
699, 0.0111983438643316
700, 0.0114196758562078
701, 0.0107951383882513
702, 0.0106748760833095
703, 0.0112455108513435
704, 0.011015893969064
705, 0.0107321754497077
706, 0.0110880548600107
707, 0.0107219634422412
708, 0.0109486595417062
709, 0.0104219536297023
710, 0.00698024170317998
711, 0.0079528111188362
712, 0.00632512685842812
713, 0.00519225713796914
714, 0.00555845202567677
715, 0.00890243220298241
716, 0.0124882083230962
717, 0.0113668060706307
718, 0.0125744597986341
719, 0.0116536240869512
720, 0.00546159846708179
721, 0.00949251799223324
722, 0.0103088036024322
723, 0.00733854512994488
724, 0.0069707843552654
725, 0.00768758969691892
726, 0.0116159934550524
727, 0.00887175540750225
728, 0.00802187268466999
729, 0.008397282489265
730, 0.00655247872540106
731, 0.00613582235140105
732, 0.0121350903840115
733, 0.010818926417934
734, 0.0114608823011319
735, 0.0103842434473336
736, 0.0111717601927618
737, 0.0111209406517446
738, 0.0105756937215726
739, 0.0108618954351793
740, 0.0104314302249501
741, 0.0113854934461415
742, 0.010310353556027
743, 0.0103479639316599
744, 0.00585513558637883
745, 0.00920230336487293
746, 0.0116986058652401
747, 0.00806363586646815
748, 0.00702317679921786
749, 0.0120676976318161
750, 0.0115868468613674
751, 0.0106851870659739
752, 0.00994664593599737
753, 0.0082314625227203
754, 0.00790560412375877
755, 0.00854341328764955
756, 0.00932190963067114
757, 0.00888190814293921
758, 0.00765243731439114
759, 0.00688264879863709
760, 0.0119104603460679
761, 0.0114283379322539
762, 0.0100600536291798
763, 0.0106846709580471
764, 0.0103196718264371
765, 0.00990186274672548
766, 0.0093539629929832
767, 0.00976743479259312
768, 0.00929755143200358
769, 0.00796888419426978
770, 0.00637643439695239
771, 0.0110367040948144
772, 0.00902875427467128
773, 0.00876478524878621
774, 0.0102112307989349
775, 0.00931759822803239
776, 0.00969455779219667
777, 0.00852525411173701
778, 0.0116824326881518
779, 0.0116142048500478
780, 0.0110925651000192
781, 0.011534286942333
782, 0.00947767659090459
783, 0.00929063721559942
784, 0.00882369458364944
785, 0.0113825101405382
786, 0.0114588243886828
787, 0.010328723769635
788, 0.00970675726421177
789, 0.0109409826807678
790, 0.010471047523121
791, 0.0100247875476877
792, 0.0188356866128743
793, 0.0104838831660648
794, 0.011889817736422
795, 0.0122956457392623
796, 0.0130926989174138
797, 0.0149740207319458
798, 0.0109152814062933
799, 0.0109166519250721
800, 0.0109055458257596
801, 0.0108736772090197
802, 0.0108073767429839
803, 0.0107046183353911
804, 0.0105554079636931
805, 0.0103741900529712
806, 0.0101759252914538
807, 0.00997660712649425
808, 0.00979383933978776
809, 0.0096332646595935
810, 0.00950670413052042
811, 0.00943227779741088
812, 0.00936699084316691
813, 0.0128680893685669
814, 0.0121261697883407
815, 0.0119097453231613
816, 0.0117047644065072
817, 0.0115170103187362
818, 0.0113515875612696
819, 0.01121471527343
820, 0.0111069499204556
821, 0.0110219536970059
822, 0.0129041497906049
823, 0.0120524588661889
824, 0.0115762569475919
825, 0.0108530938159674
826, 0.00973685745460292
827, 0.00820354791358113
828, 0.00678547365047659
829, 0.0150764616361509
830, 0.0102799356294175
831, 0.0102243040843556
832, 0.0108727036664883
833, 0.0105862034639964
834, 0.00989596243016422
835, 0.0109872041114916
836, 0.0109961646764229
837, 0.00979040229382614
838, 0.0100494445456813
839, 0.0104048267627756
840, 0.0107459839588652
841, 0.0109516399291654
842, 0.0109922705839078
843, 0.015100263680021
844, 0.0115939600703617
845, 0.0110123970856269
846, 0.0124924997022996
847, 0.0106863793917
848, 0.0103312746311227
849, 0.0099528645320485
850, 0.00963041922077537
851, 0.0132452073351791
852, 0.0113117316892991
853, 0.014311554764087
854, 0.0123383027967066
855, 0.0125330906982223
856, 0.0127164942678064
857, 0.0120038809254766
858, 0.0116053839835028
859, 0.0114349347228805
860, 0.0112924993348618
861, 0.0111724559683353
862, 0.0117959601338953
863, 0.011075478590404
864, 0.0128654066162805
865, 0.0117521305413296
866, 0.0128068154832969
867, 0.0125836554604272
868, 0.0123732713206361
869, 0.0112743199182053
870, 0.0106894393296291
871, 0.0102084692722807
872, 0.0132411065112267
873, 0.0109866195624428
874, 0.0097647752346737
875, 0.0119798998348415
876, 0.0109689252761503
877, 0.0103093007734666
878, 0.0108244633302093
879, 0.0110667169404527
880, 0.0101569312779854
881, 0.0104805450731268
882, 0.0106562594107042
883, 0.0111130098812282
884, 0.0110788366291672
885, 0.0111257655080408
886, 0.0111360571657618
887, 0.0100398085080087
888, 0.0108904064012071
889, 0.0101731237955391
890, 0.010533116136988
891, 0.0112313448141019
892, 0.0133718277793378
893, 0.0141862260643393
894, 0.0115841845205675
895, 0.0122173052902023
896, 0.0113759063339482
897, 0.0115199109228949
898, 0.0112586837106695
899, 0.0116906584395717
900, 0.0111455259445523
901, 0.0118803006286422
902, 0.0124255834768216
903, 0.0121033417526633
904, 0.0127650130695353
905, 0.0127211040041099
906, 0.0113623957925787
907, 0.0113249642308801
908, 0.0115733563434333
909, 0.0127097793544332
910, 0.0123510581130783
911, 0.0109609386883676
912, 0.0119899533844242
913, 0.0126125237438828
914, 0.0127938158943185
915, 0.010417599696666
916, 0.014595094214504
917, 0.0126301670291771
918, 0.011316499983271
919, 0.011297029365475
920, 0.0111893236947556
921, 0.0110791144737353
922, 0.0112207549003263
923, 0.0105635145058235
924, 0.0109121224377304
925, 0.0107434807966153
926, 0.0112957377762844
927, 0.0112478556111455
928, 0.0124988376628608
929, 0.0110489154234529
930, 0.0108143908437341
931, 0.0111786345951259
932, 0.0139283168440064
933, 0.01158084666046
934, 0.0120450475563606
935, 0.0120837911963463
936, 0.0112472315318882
937, 0.0114630083553493
938, 0.0113446732672552
939, 0.011604748123015
940, 0.011765541586404
941, 0.012290678685531
942, 0.0118548893369734
943, 0.0125250641722232
944, 0.0136392856948078
945, 0.0126386110981305
946, 0.012567386363766
947, 0.0117538194948186
948, 0.0119854635559022
949, 0.0120987913881739
950, 0.012928297650069
951, 0.0141101904058208
952, 0.0123512570280582
953, 0.0114768960823615
954, 0.0133316147451599
955, 0.0115354082857569
956, 0.0113542297234138
957, 0.011193714182203
958, 0.0114846644767871
959, 0.011048097429531
960, 0.0115473093464971
961, 0.0113963106026252
962, 0.0113304193530764
963, 0.0111288841969023
964, 0.0115648726156602
965, 0.0120594522450119
966, 0.012859568332455
967, 0.0119503958461185
968, 0.0121520784062644
969, 0.0126599572598934
970, 0.0126545253054549
971, 0.0114507297985256
972, 0.01155986613594
973, 0.0116826120453576
974, 0.0117734492911647
975, 0.0125183484827479
976, 0.0122901026625186
977, 0.0123500253539532
978, 0.0124314847247054
979, 0.0119016785174608
980, 0.0107841033488512
981, 0.0121999659043338
982, 0.0116584123267482
983, 0.0117639522068202
984, 0.0115434743929654
985, 0.0116469681573411
986, 0.0117693368035058
987, 0.0114566820673645
988, 0.0118069471791387
989, 0.0135997163597494
990, 0.012027067054684
991, 0.0115344542233894
992, 0.0119977419575055
993, 0.0118284843241175
994, 0.0125881854134301
995, 0.0128215101547539
996, 0.0116582734820743
997, 0.0115682928423796
998, 0.0114530583843589
999, 0.0120176894124597
1000, 0.0120590153771142
1001, 0.013161164863656
1002, 0.0122031993232667
1003, 0.0123199642015
1004, 0.0119012617506087
1005, 0.0119421332409339
1006, 0.01365910222133
1007, 0.0118371272304406
1008, 0.0120112443342805
1009, 0.0116839826417466
1010, 0.0119921982598801
1011, 0.0120676381823917
1012, 0.0120801749483993
1013, 0.0131769406919678
1014, 0.0118823675438762
1015, 0.0117548131383955
1016, 0.0124047299847007
1017, 0.0124742807044337
1018, 0.012653898447752
1019, 0.011920017345498
1020, 0.0129237398505211
1021, 0.0132098220443974
1022, 0.0121032022094975
1023, 0.011997404275462
1024, 0.0121665425443401
1025, 0.0119206590045776
1026, 0.0123401426710188
1027, 0.0120022521199038
1028, 0.0123609729732076
1029, 0.0122194912595054
1030, 0.0118184511860212
1031, 0.0117491703325262
1032, 0.0121433957635115
1033, 0.0124488899018615
1034, 0.011819688669805
1035, 0.011846425710246
1036, 0.0126554485011314
1037, 0.011975747688363
1038, 0.0119020567120363
1039, 0.012901725868384
1040, 0.0125394137576222
1041, 0.0116874951869249
1042, 0.0122528099454939
1043, 0.0119463230483234
1044, 0.0118603732436895
1045, 0.0119557914856289
1046, 0.0126228360459208
1047, 0.00961222398715715
1048, 0.0130824070268621
1049, 0.00394368227474236
1050, 0.0107905482873321
1051, 0.0111130099588384
1052, 0.0113891980145127
1053, 0.0116240206795434
1054, 0.0118609490649154
1055, 0.0122334778619309
1056, 0.0130454921163619
1057, 0.0148343271575868
1058, 0.0177618896123022
1059, 0.00793188928704088
1060, 0.00499715508582691
1061, 0.00530497330085685
1062, 0.00557392936510344
1063, 0.00579840049613267
1064, 0.00596469753266623
1065, 0.00601949406942974
1066, 0.00586782003908108
1067, 0.00538623437751085
1068, 0.0045561598187002
1069, 0.00978328970571359
1070, 0.008078358330143
1071, 0.00704020416984955
1072, 0.00634346537602444
1073, 0.00583662701925884
1074, 0.00547587980205814
1075, 0.00523273247138907
1076, 0.00509037690547605
1077, 0.00500671185242633
1078, 0.00496270363995184
1079, 0.00492930501544227
1080, 0.00956674572080374
1081, 0.0109908205146591
1082, 0.0117139840343346
1083, 0.0126997063246866
1084, 0.0140294262673706
1085, 0.0155013035982847
1086, 0.0159619088905553
1087, 0.00570877513382584
1088, 0.0061357628631716
1089, 0.00593348468343417
1090, 0.00608482083771378
1091, 0.00611291457122813
1092, 0.00622934223307918
1093, 0.00545076618436724
1094, 0.010457438416779
1095, 0.0136759308322022
1096, 0.0144073398939023
1097, 0.0127532312180847
1098, 0.00942433066666126
1099, 0.0100575902033597
1100, 0.0119269713759422
1101, 0.00976596415663759
1102, 0.0139628873051455
1103, 0.0104267812954883
1104, 0.0119507931328068
1105, 0.0129411049031963
1106, 0.0111066522076726
1107, 0.0116792740300298
1108, 0.0123275147440533
1109, 0.0114107750511418
1110, 0.0137853648823996
1111, 0.00691849125238756
1112, 0.00550981475195537
1113, 0.00523950772670408
1114, 0.00624253465017925
1115, 0.0120288636535406
1116, 0.00881360191851854
1117, 0.00763879390433431
1118, 0.0104684058266381
1119, 0.00683512426136682
1120, 0.00533678246817241
1121, 0.00580471866608908
1122, 0.00518185012818625
1123, 0.0107987117288368
1124, 0.00515988991329713
1125, 0.00989588809066585
1126, 0.0134007621423474
1127, 0.00560639410590132
1128, 0.00588768860325217
1129, 0.00638175123215963
1130, 0.00614750517221789
1131, 0.00667872151825577
1132, 0.00731601434138914
1133, 0.0107394079677761
1134, 0.0103411693125963
1135, 0.013485613046214
1136, 0.0126780695281923
1137, 0.0132742944018294
1138, 0.0100639478769153
1139, 0.0112597371917218
1140, 0.0120339416122685
1141, 0.0100227411215504
1142, 0.0114790421600143
1143, 0.0117622835872074
1144, 0.0123655820886294
1145, 0.0131955964801212
1146, 0.0127864903770387
1147, 0.0107560174074024
1148, 0.0130094513297081
1149, 0.00668398671162625
1150, 0.0113841152883002
1151, 0.00933106965385377
1152, 0.00821350208328416
1153, 0.00736016186419874
1154, 0.00616932051101079
1155, 0.00580249342601746
1156, 0.00558694320109983
1157, 0.00548708548636309
1158, 0.00488250353373587
1159, 0.00858613010495901
1160, 0.00660830868097643
1161, 0.0058309049733604
1162, 0.00620877866943677
1163, 0.0071405980658407
1164, 0.00796618184540421
1165, 0.00536081893369555
1166, 0.0114493788375209
1167, 0.0109654283927133
1168, 0.0127787416179975
1169, 0.0126507904691001
1170, 0.0105868992395699
1171, 0.0120333059846113
1172, 0.0125083945070704
1173, 0.0129998476244509
1174, 0.0103736337429533
1175, 0.0118567172127465
1176, 0.0120871091106286
1177, 0.011165720410645
1178, 0.0124864004707585
1179, 0.0122980303131044
1180, 0.00878991892871757
1181, 0.00994823609168331
1182, 0.00788112644416591
1183, 0.0111193682067096
1184, 0.00580427758395672
1185, 0.00607323762960732
1186, 0.0065356904718404
1187, 0.007135353051126
1188, 0.0110185166820884
1189, 0.0103168981149793
1190, 0.0120363455886642
1191, 0.0117651079781353
1192, 0.0107859903281288
1193, 0.0096490567417017
1194, 0.00682562737104793
1195, 0.00630664941854775
1196, 0.0121207458432764
1197, 0.00687044998630881
1198, 0.0112004498951137
1199, 0.0115856744814664
1200, 0.00751233256111542
1201, 0.0093141416242967
1202, 0.00846936452823381
1203, 0.0120637436242153
1204, 0.0111420767692228
1205, 0.0125075802206993
1206, 0.0115804096373419
1207, 0.011796516366303
1208, 0.0120614786477139
1209, 0.012167813644434
1210, 0.0083888986458381
1211, 0.00757533482586344
1212, 0.0123850924428552
1213, 0.0103738530694197
1214, 0.0070515647996217
1215, 0.00784963536231468
1216, 0.00899545553450783
1217, 0.0120534321758896
1218, 0.0117008196456092
1219, 0.0112885020673275
1220, 0.0119546475665023
1221, 0.0123283487434189
1222, 0.0120502333932867
1223, 0.00804567496691431
1224, 0.00980890022280316
1225, 0.00887388184977075
1226, 0.0108221791285489
1227, 0.0117114007007331
1228, 0.0102342589137455
1229, 0.010823232276986
1230, 0.011621406301856
1231, 0.0122228288091719
1232, 0.0120615029707551
1233, 0.0092755772639066
1234, 0.0121520979640385
1235, 0.0111481171722213
1236, 0.0102184831630439
1237, 0.0114217619411647
1238, 0.010574839465941
1239, 0.00937223620712757
1240, 0.011957170907408
1241, 0.0119685551617295
1242, 0.00948555627837777
