1, 0.00736761232838035
2, 0.017984751262702
3, 0.00506842203321867
4, 0.00954151316545904
5, 0.0108003634959459
6, 0.01544094318524
7, 0.00390911172144115
8, 0.00442391721298918
9, 0.0188948239665478
10, 0.00805300637148321
11, 0.00932169146835804
12, 0.0170557536184788
13, 0.00769601890351623
14, 0.00811712079060574
15, 0.00844156897316376
16, 0.0087691165972501
17, 0.00908291502855718
18, 0.00942423109275599
19, 0.00994374509900808
20, 0.0110595046232144
21, 0.0137712982638429
22, 0.0160040487535298
23, 0.0107248243875802
24, 0.00703462089101474
25, 0.00513523912134891
26, 0.00664866094787916
27, 0.00785492007465412
28, 0.00860798490854601
29, 0.00904931810994943
30, 0.00930482327627639
31, 0.00944080126161377
32, 0.00950762809952721
33, 0.00944729847833514
34, 0.00929618036995331
35, 0.00914923489714662
36, 0.00903046255310377
37, 0.00896505654479066
38, 0.00898512390752633
39, 0.00911065128942331
40, 0.00932840661456188
41, 0.00961558148264885
42, 0.00993073095257084
43, 0.0102158401471873
44, 0.0105454935692251
45, 0.0106694716960192
46, 0.0105170427511136
47, 0.0102593518483142
48, 0.00991372453669707
49, 0.00951409510647257
50, 0.00909376299629609
51, 0.00869119338070353
52, 0.00834183084468047
53, 0.00805576813096801
54, 0.00781464724180599
55, 0.00760539527982473
56, 0.00740846106782556
57, 0.00735513485657672
58, 0.00734627363272011
59, 0.00739499065093696
60, 0.00751646530504028
61, 0.00769651075825095
62, 0.00791311419258515
63, 0.00813512162615856
64, 0.00832585664466023
65, 0.00847296075274547
66, 0.00858024880290031
67, 0.00868018623441458
68, 0.00882935725773374
69, 0.00911073091750344
70, 0.0096514243632555
71, 0.0106971280959745
72, 0.0130135632740955
73, 0.0131549554644153
74, 0.0117150956454376
75, 0.00779418266999225
76, 0.00624354796794554
77, 0.00547679366233448
78, 0.00502665899693966
79, 0.0047348743925492
80, 0.00452045677229762
81, 0.00435288801478843
82, 0.00422608914474646
83, 0.00412722506249944
84, 0.00404942105524242
85, 0.00396935207148393
86, 0.00406782400386874
87, 0.00440345281579842
88, 0.00473004653273771
89, 0.00509895966388285
90, 0.00548285335147132
91, 0.00587612499172489
92, 0.00627660856116563
93, 0.00665829672167699
94, 0.00700287136714906
95, 0.00726515202162166
96, 0.00738225543561081
97, 0.00727526482660323
98, 0.00680808346563329
99, 0.00582542122962574
100, 0.00439002201892436
101, 0.00693770381622016
102, 0.0110779227688909
103, 0.0163568686693907
104, 0.0147501253522933
105, 0.0119547470627973
106, 0.0109138509724289
107, 0.0105345863848925
108, 0.0103521565906703
109, 0.0102161782948921
110, 0.010076345798249
111, 0.00992449295396606
112, 0.00975614949129522
113, 0.00957930243263642
114, 0.00939808436669409
115, 0.00921273394487798
116, 0.00902223711212476
117, 0.00883152227227887
118, 0.00863993323097626
119, 0.00845968839712441
120, 0.00822849705582485
121, 0.00823942990973592
122, 0.0084195154098173
123, 0.00857834207514922
124, 0.00872647948563099
125, 0.00886798091232777
126, 0.00899779936298728
127, 0.00910941899443666
128, 0.0092084426432848
129, 0.00928644525508086
130, 0.00933460534239809
131, 0.00940331979654729
132, 0.00947928599392374
133, 0.00973181147128344
134, 0.0099827468705674
135, 0.0102257747203112
136, 0.0104588285709421
137, 0.0106778557722767
138, 0.0108662862330675
139, 0.0110061587765813
140, 0.0110720018856227
141, 0.0110464510507882
142, 0.0109270826602976
143, 0.010725937007616
144, 0.0104830681035916
145, 0.0102409143000841
146, 0.0100395696548124
147, 0.00990176356087128
148, 0.00981184002012014
149, 0.00975044770166278
150, 0.00969012749070922
151, 0.00960084004327655
152, 0.00759899732656777
153, 0.0116349481977522
154, 0.0169929694384336
155, 0.0166793690683941
156, 0.0109444080541531
157, 0.00673365701610843
158, 0.00389500540525963
159, 0.00386262013732145
160, 0.00382411545918634
161, 0.00380778374771277
162, 0.00380003522150218
163, 0.00379820738453418
164, 0.00380957204227646
165, 0.00383647348886977
166, 0.00387656750778357
167, 0.00393752342400451
168, 0.00402665231376886
169, 0.00415102726158996
170, 0.00431013192671041
171, 0.00451696012169123
172, 0.00479062499168019
173, 0.00515635885919134
174, 0.0056443620317926
175, 0.00635127335165938
176, 0.00763833693539103
177, 0.0122230075066909
178, 0.0147684441568951
179, 0.0135172638110816
180, 0.0114115900360048
181, 0.010065040551126
182, 0.00924154293412963
183, 0.0087039484642446
184, 0.0083270880083243
185, 0.00805250989894072
186, 0.00785044984271129
187, 0.00770712022980054
188, 0.0076268531071643
189, 0.0075776989882191
190, 0.00757062567087511
191, 0.0076025341792653
192, 0.00765848276205361
193, 0.00775075090738634
194, 0.00787468852164845
195, 0.00800875931357344
196, 0.01231290832428
197, 0.00604395157036682
198, 0.00873718837586542
199, 0.00907633888224761
200, 0.00943909259513021
201, 0.00991358545919259
202, 0.0107145924897244
203, 0.012231968032817
204, 0.0150090882865091
205, 0.00886601364860932
206, 0.00823772069998085
207, 0.00745540965969364
208, 0.00648542357763896
209, 0.0100943262999256
210, 0.00980578036978841
211, 0.00951047893613577
212, 0.00925098025860886
213, 0.00906443782150745
214, 0.0089781895900766
215, 0.00899005075916648
216, 0.00907453071946899
217, 0.00920428979831437
218, 0.00934700341895223
219, 0.00790975623143216
220, 0.00814163847826421
221, 0.00907510689770182
222, 0.00944745672556261
223, 0.00979733630083501
224, 0.0100950417108834
225, 0.0103225527176013
226, 0.0104726570037504
227, 0.0087114789057523
228, 0.00840048165991902
229, 0.00952208189604183
230, 0.00979894570385416
231, 0.0100139001539598
232, 0.0101565739605576
233, 0.00901842280291021
234, 0.010320879612118
235, 0.00950716125468413
236, 0.00908867681088547
237, 0.00999123052073022
238, 0.0097673354515185
239, 0.00926466953630249
240, 0.00900630319180588
241, 0.00909624667838216
242, 0.00875683741954466
243, 0.00908003437022368
244, 0.00938143897801638
245, 0.00927823952709635
246, 0.00825230404734612
247, 0.00808765607265135
248, 0.0118743008933961
249, 0.00955383153632283
250, 0.010087571805343
251, 0.00838166622755428
252, 0.0108499153672407
253, 0.00913143328701456
254, 0.0128936595283449
255, 0.00837870582472533
256, 0.0083568791991898
257, 0.0102178217577083
258, 0.00922296894714236
259, 0.0122268459759653
260, 0.00886468247820934
261, 0.00981410484140118
262, 0.0100929159671068
263, 0.0100333908728013
264, 0.00988918744648496
265, 0.00857534189708531
266, 0.00906498599797487
267, 0.0101005096919835
268, 0.00919646203207473
269, 0.00915076474969586
270, 0.00935093685984612
271, 0.00958784553222358
272, 0.00981003201256196
273, 0.009999429940113
274, 0.00903777421141664
275, 0.00901715108193457
276, 0.00857508322224021
277, 0.00907935885091623
278, 0.00907757040113211
279, 0.00885836438586315
280, 0.0087525659861664
281, 0.00807929174043238
282, 0.00967651776348551
283, 0.0102372784167528
284, 0.011802397435531
285, 0.0109646738662074
286, 0.00895042231838618
287, 0.010775349335745
288, 0.00904238410294056
289, 0.00937162013724446
290, 0.0101303874204556
291, 0.0092253500285248
292, 0.00904379443575939
293, 0.00875315852463245
294, 0.0097587121805797
295, 0.00949249835684896
296, 0.00994785758666694
297, 0.0100354449823499
298, 0.00966831219072143
299, 0.00882645626552403
300, 0.0124093121849
301, 0.0092121720580118
302, 0.0115641972515732
303, 0.00883708568289876
304, 0.010950984666124
305, 0.0102863329617927
306, 0.0105158306347827
307, 0.0115188581403345
308, 0.00958031586681803
309, 0.00989516754634678
310, 0.00968221986355881
311, 0.00928698138644298
312, 0.0100080188519011
313, 0.0101867929721872
314, 0.0101990208162793
315, 0.0100552058623483
316, 0.0101069027247528
317, 0.0117339430642979
318, 0.00968180286387602
319, 0.0112540938425809
320, 0.00928264171151178
321, 0.0108156023391833
322, 0.00900540500879288
323, 0.0103073931920032
324, 0.00989618090291818
325, 0.0103276389806221
326, 0.0104931610791634
327, 0.010407270786042
328, 0.0114188212901354
329, 0.0102356005726116
330, 0.0108529745290677
331, 0.0108001052867621
332, 0.0107391068844923
333, 0.0102579135447741
334, 0.0106136021980395
335, 0.0100300332531333
336, 0.00978393722325563
337, 0.00972265160332123
338, 0.00891461145753662
339, 0.00889520005633434
340, 0.00925630486259858
341, 0.0105049229071786
342, 0.0120500149205327
343, 0.0089012203582873
344, 0.00443438762643685
345, 0.0053773132385686
346, 0.00875260580020646
347, 0.00855491721692185
348, 0.00698524818290025
349, 0.00805672141723335
350, 0.00786739723601689
351, 0.00770938543913265
352, 0.00761652116974195
353, 0.00759061293986936
354, 0.00760599109344184
355, 0.00413495368169
356, 0.00421661208383739
357, 0.00431190004261831
358, 0.00498342595528811
359, 0.00459837987242887
360, 0.00481289702778061
361, 0.00510845651539664
362, 0.00554140498085568
363, 0.00624841544777155
364, 0.00752351805567741
365, 0.00969620673762014
366, 0.00461500956832121
367, 0.00578290321088086
368, 0.00865131764051815
369, 0.00620321545284241
370, 0.00661146753312399
371, 0.00842402533938487
372, 0.00825498664441208
373, 0.00729328521993011
374, 0.00747972870400796
375, 0.00749520612104485
376, 0.00727655626057337
377, 0.00676520789662997
378, 0.00607087342844655
379, 0.00576287620545675
380, 0.0124226153296019
381, 0.0150547055527568
382, 0.0048493353339533
383, 0.00454366276971996
384, 0.00541945391645034
385, 0.00664154793291042
386, 0.00781021620302151
387, 0.00590036425273865
388, 0.00467054122903695
389, 0.00508902540119986
390, 0.00917337524394194
391, 0.00795439987753828
392, 0.0081842956909289
393, 0.00852402222032348
394, 0.0124034897424281
395, 0.0104619878499458
396, 0.00966183523026606
397, 0.00899591188256939
398, 0.00879538198933005
399, 0.0115601832512766
400, 0.00886386780378719
401, 0.00873861849928896
402, 0.00865378129916886
403, 0.00835681124590337
404, 0.00803891965188086
405, 0.0073245179761822
406, 0.00657705586248388
407, 0.00768357670555512
408, 0.00570130425815781
409, 0.00486153449552755
410, 0.00527836960585167
411, 0.00756750628352165
412, 0.00767894745028267
413, 0.00613935873843729
414, 0.00698042043950409
415, 0.00761646179792782
416, 0.00771016026070962
417, 0.00855052618620296
418, 0.011511586063231
419, 0.00920423011605938
420, 0.00974585752313336
421, 0.00790076376870275
422, 0.00819673257259031
423, 0.0104886112579455
424, 0.00826714599194626
425, 0.0126752679546674
426, 0.0101477943493852
427, 0.00797024898097983
428, 0.0107091886457056
429, 0.00958351457181076
430, 0.00703833597556998
431, 0.00821606438451757
432, 0.00626154833783706
433, 0.00574185544004043
434, 0.00538253861789902
435, 0.00512174846759687
436, 0.00491966881478826
437, 0.0096558149283131
438, 0.0102072772569954
439, 0.0107309436425567
440, 0.00896467889348666
441, 0.00895452631327013
442, 0.00903844965311388
443, 0.00892790321571132
444, 0.00895683110381166
445, 0.00883460215603312
446, 0.00850838554712633
447, 0.00868268978471557
448, 0.00835498274924854
449, 0.00924064870923758
450, 0.00447251188701817
451, 0.00609642352598409
452, 0.00786103952365617
453, 0.00738144060596824
454, 0.0065656912047416
455, 0.00700434180907905
456, 0.00766837732711186
457, 0.00563112980065246
458, 0.00519013487999993
459, 0.00800546173316737
460, 0.00866478832904249
461, 0.0082068459984536
462, 0.00876818232548734
463, 0.00977190459767977
464, 0.0105406655929983
465, 0.0113772569069018
466, 0.00838814295517902
467, 0.0113705586242889
468, 0.012119613122195
469, 0.00432431772351265
470, 0.00568260838432858
471, 0.0060581574216485
472, 0.00659751992983123
473, 0.00539916850781689
474, 0.00738318854322036
475, 0.00838160639007886
476, 0.00951399942860007
477, 0.00883470134188732
478, 0.00923421164043248
479, 0.00917649439846476
480, 0.00951403526899715
481, 0.0098631993557016
482, 0.00972848432138562
483, 0.00920003815554082
484, 0.00904307910241187
485, 0.00905213900841773
486, 0.00912058516405523
487, 0.00902670769331356
488, 0.00921428351042171
489, 0.00477738450281322
490, 0.0082352171652019
491, 0.00919105733434359
492, 0.00920995239478846
493, 0.00803939664425949
494, 0.00657882393958668
495, 0.00705619777242343
496, 0.00779424277910342
497, 0.00747035082895309
498, 0.00561010935343802
499, 0.0060636211031427
500, 0.0086136874742806
501, 0.00827427868110438
502, 0.0112219555303454
503, 0.0104537623313566
504, 0.00866959915895547
505, 0.0101333077376088
506, 0.0111719785879056
507, 0.00687223785401632
508, 0.00759480513321857
509, 0.00636539965247114
510, 0.00600956280582717
511, 0.00866203768444913
512, 0.00956283144963284
513, 0.00945331784896553
514, 0.00934304964418213
515, 0.00938014344622692
516, 0.00947582861408591
517, 0.00954882435811063
518, 0.00927668965111176
519, 0.00901518397343655
520, 0.00911647221073508
521, 0.00914021511562169
522, 0.00973846390843391
523, 0.00821672054007649
524, 0.00794033372464279
525, 0.00713998218998313
526, 0.00759357361433407
527, 0.00659972541810324
528, 0.00949688923234741
529, 0.00849606764192382
530, 0.00888031899618606
531, 0.0107621569186449
532, 0.0103152412145088
533, 0.0109682102687657
534, 0.00665209395810962
535, 0.00853868488532802
536, 0.00773592929666241
537, 0.00710352370515466
538, 0.00970457121729851
539, 0.00991678362091382
540, 0.00941693938026826
541, 0.00994694380400082
542, 0.00902114768645593
543, 0.00940277744084597
544, 0.00915310943188767
545, 0.00898226234130561
546, 0.00902831717394292
547, 0.00913071827962995
548, 0.010317970905453
549, 0.00839980606300136
550, 0.00777059929290165
551, 0.00812498875893652
552, 0.00729480934595423
553, 0.00867166269260148
554, 0.00958671319919328
555, 0.00904005921135346
556, 0.0103431110536414
557, 0.0103259445833308
558, 0.00846044393256307
559, 0.00785509877217313
560, 0.00994668598286808
561, 0.00952553927587966
562, 0.00916991770888368
563, 0.00883796373382211
564, 0.00892206172769268
565, 0.00883407398526158
566, 0.0117651959881186
567, 0.00860603813392421
568, 0.00838519992040736
569, 0.00956001062877476
570, 0.0100367326289415
571, 0.00843974109739065
572, 0.0091636672616005
573, 0.00794611107558012
574, 0.0120990538969636
575, 0.00876619946211576
576, 0.00881989959937831
577, 0.00912590961282452
578, 0.00989683647640049
579, 0.00992219988256693
580, 0.00919274667588373
581, 0.00937320943921804
582, 0.00955067256775995
583, 0.00972823503737648
584, 0.0100589212185393
585, 0.010217330728968
586, 0.0103759386111051
587, 0.0105660970633229
588, 0.0108808293783416
589, 0.0115474087651819
590, 0.0130147362748782
591, 0.00915571193521222
592, 0.00903109856881201
593, 0.00888973660767078
594, 0.00874167851482829
595, 0.00859213038347661
596, 0.00842615147121251
597, 0.00963405938819051
598, 0.00977091157498459
599, 0.00985296730262538
600, 0.00998163394009074
601, 0.0101647199286769
602, 0.0103975354383389
603, 0.010643106730034
604, 0.010861637070775
605, 0.0110087018304815
606, 0.0110656241886318
607, 0.0110343712537239
608, 0.0109251756221056
609, 0.0107562559035917
610, 0.010552308599775
611, 0.0103245793531338
612, 0.010090034843112
613, 0.00984525851284464
614, 0.00961228359180192
615, 0.00899372661175827
616, 0.00850834619874755
617, 0.00778524247774233
618, 0.00689689473559459
619, 0.00650771592821305
620, 0.0131996301158021
621, 0.0158445464912802
622, 0.00926886157443126
623, 0.00946319252252579
624, 0.00895287748426199
625, 0.00936887847880522
626, 0.00924221814299623
627, 0.00910475035198033
628, 0.008802713205417
629, 0.00943881428490082
630, 0.00970711520252128
631, 0.00994575186632574
632, 0.0110268615341435
633, 0.00993077107705176
634, 0.0101568715181202
635, 0.00980478672621151
636, 0.0101405002642423
637, 0.0103839260215561
638, 0.0106316030335923
639, 0.0108432193907599
640, 0.0109316525049508
641, 0.0110475445787112
642, 0.0107829389938464
643, 0.0109889130884161
644, 0.0105941115568082
645, 0.0103848595172167
646, 0.00901327701285481
647, 0.0116716045110176
648, 0.0106978036928922
649, 0.00954155305710932
650, 0.0102511460427195
651, 0.00989206818242868
652, 0.00864643029247721
653, 0.00883327098563313
654, 0.0125537536417445
655, 0.00848333993926644
656, 0.0104484176263213
657, 0.0100653383415192
658, 0.00971683044917881
659, 0.00936830253340304
660, 0.0110701338077585
661, 0.0092981078196317
662, 0.00905841767477492
663, 0.00947235229735573
664, 0.00878369971178472
665, 0.00866013947719087
666, 0.00906527251936495
667, 0.00866779412275978
668, 0.00966840283945203
669, 0.011117675434798
670, 0.0133612976254274
671, 0.00886917235329747
672, 0.00949396875997384
673, 0.00959066712918381
674, 0.00931853211174409
675, 0.00917081216660639
676, 0.00901085285780331
677, 0.00937066654053827
678, 0.00970949892265101
679, 0.0110521138800929
680, 0.0110195501086613
681, 0.0110088409855962
682, 0.0108994663848231
683, 0.0109055657715847
684, 0.0106977445539087
685, 0.0104235630327215
686, 0.0101863357704133
687, 0.010396741097793
688, 0.0107600310196479
689, 0.00996291784880062
690, 0.0101412155199796
691, 0.0105871978060653
692, 0.00990500231273472
693, 0.00919904505523543
694, 0.0105257445635895
695, 0.00885556281233827
696, 0.0108160196493069
697, 0.0102906242633859
698, 0.0100864187503854
699, 0.00990065101844569
700, 0.0097237442775319
701, 0.0095515470020473
702, 0.0112293981170903
703, 0.0118206364568323
704, 0.0125048776778082
705, 0.00902911205776036
706, 0.00930474341536562
707, 0.00968643208034337
708, 0.00947866992404064
709, 0.00948427260542909
710, 0.0124441014292339
711, 0.00906256413353341
712, 0.0129442834295332
713, 0.00959976723728081
714, 0.00938415682564179
715, 0.00922219137040277
716, 0.00974842626601458
717, 0.0094574506705006
718, 0.00978500992059708
719, 0.0103663422632962
720, 0.0101725871985157
721, 0.0110971552785486
722, 0.0110105691322436
723, 0.0111099307735761
724, 0.0108785846581062
725, 0.0110219339064012
726, 0.00997795808749894
727, 0.0108166357968003
728, 0.0105451764538884
729, 0.010502916527912
730, 0.0107189037371427
731, 0.0101459838139514
732, 0.00960714642756752
733, 0.00972384385143717
734, 0.0103442892432213
735, 0.00938526960089803
736, 0.0108936048733691
737, 0.0105808394340177
738, 0.00992051938859125
739, 0.0103274202750375
740, 0.0101116319031765
741, 0.00974023505114019
742, 0.00922837038524449
743, 0.0112880291417241
744, 0.0123685621656477
745, 0.011827451409772
746, 0.00947177573107183
747, 0.0103556533964972
748, 0.00957037854407515
749, 0.0120641871887658
750, 0.0126485448951523
751, 0.00967844490272303
752, 0.00944847899622151
753, 0.00979266352951527
754, 0.00954828429967165
755, 0.0101431228686124
756, 0.00992725749633142
757, 0.0110407293153306
758, 0.0108617365670701
759, 0.0111871185557296
760, 0.0112541536800563
761, 0.010311804090937
762, 0.0106124898884445
763, 0.0112033306310574
764, 0.010672710215052
765, 0.0109932643050949
766, 0.0104875982894252
767, 0.00961229931563139
768, 0.00953108204218248
769, 0.0098420597302417
770, 0.0110479418653995
771, 0.0095775737427175
772, 0.0109206857935836
773, 0.0106098470278084
774, 0.0101363281719387
775, 0.0103516993888964
776, 0.00994261292119821
777, 0.0100262013397047
778, 0.00941320423347255
779, 0.0112871945214768
780, 0.0117265801721563
781, 0.0120698405163629
782, 0.00974304853007197
783, 0.0101224800261358
784, 0.0114019735095402
785, 0.009273268468678
786, 0.0122358625133832
787, 0.00975505658425391
788, 0.0112231791329881
789, 0.0108677367679775
790, 0.0110989634413272
791, 0.0113109371935328
792, 0.0100769617129117
793, 0.0114385902415961
794, 0.0106394906373074
795, 0.0102476297567288
796, 0.0114400605671108
797, 0.0104342322641363
798, 0.00959827665550013
799, 0.00976683851331472
800, 0.0107703470624983
801, 0.0109122414141893
802, 0.0106190259102732
803, 0.0103757793549448
804, 0.010162971370543
805, 0.0112441403325647
806, 0.00960906509620448
807, 0.0115485727520926
808, 0.0107375606118391
809, 0.0117437265968571
810, 0.0100187676337858
811, 0.0116482798475772
812, 0.0101995684672147
813, 0.00983146425070507
814, 0.00995066352188587
815, 0.0120494387112558
816, 0.00964708533138037
817, 0.0103993033990264
818, 0.00997585275520881
819, 0.0118404650129378
820, 0.00979475397616625
821, 0.0115998805655787
822, 0.010626992986848
823, 0.0114534518215805
824, 0.0108871280681342
825, 0.0111719391619166
826, 0.0128036759948979
827, 0.00543924265851577
828, 0.0092574970331043
829, 0.00945071519042055
830, 0.00963342376053333
831, 0.00981168130723139
832, 0.0099775210643808
833, 0.0101338044429819
834, 0.0102939427209397
835, 0.0104940951957057
836, 0.0108291324383269
837, 0.0115249179458867
838, 0.0130257827695459
839, 0.0158033594489098
840, 0.0090257794862347
841, 0.00723511124184976
842, 0.00728754338342696
843, 0.00710710002264629
844, 0.00663145487972846
845, 0.00577964474602292
846, 0.00781428961393734
847, 0.00650286802556366
848, 0.00575020020672431
849, 0.00524749463268866
850, 0.00488648908988883
851, 0.00461409582446019
852, 0.00440766511019319
853, 0.004249792235593
854, 0.00412992729494969
855, 0.00404312298633158
856, 0.00398516728697966
857, 0.00394823221722618
858, 0.00392603945995991
859, 0.00391890679020435
860, 0.00392139029766743
861, 0.00393466216822465
862, 0.00396255716138209
863, 0.00398999514679114
864, 0.00807360932230949
865, 0.00819013679089645
866, 0.00844979449175298
867, 0.00880915073988338
868, 0.00930353199752668
869, 0.0100132641382515
870, 0.0109971781882147
871, 0.0121217002160847
872, 0.0125021761438499
873, 0.00417437237532188
874, 0.00417085577889035
875, 0.00417504785582423
876, 0.00419231333459417
877, 0.00423294391172628
878, 0.00429827075762053
879, 0.00702242219510178
880, 0.00619703663202624
881, 0.00563852108704547
882, 0.00523446096728245
883, 0.0049296033103019
884, 0.0047010590787977
885, 0.00452401333798965
886, 0.00439339973187695
887, 0.00419141922611743
888, 0.008291564299725
889, 0.00959220128133893
890, 0.00799584536192318
891, 0.0100388548647364
892, 0.00901858190385004
893, 0.00946430574792127
894, 0.0107161023964485
895, 0.0112926583581915
896, 0.00868189482328792
897, 0.00795376452151686
898, 0.00785303243901581
899, 0.00779416311221818
900, 0.00787133125898739
901, 0.0115557337800662
902, 0.010534228834634
903, 0.00932643958367407
904, 0.00971410858134429
905, 0.0100796438443164
906, 0.00885482753316561
907, 0.00905871546516816
908, 0.0124600754740338
909, 0.00952422805130482
910, 0.0098966973212858
911, 0.0102783855982125
912, 0.00844645639881492
913, 0.00865076125289003
914, 0.0109262286374966
915, 0.00702371327982595
916, 0.0072470122249797
917, 0.0063593794281284
918, 0.00671595443661014
919, 0.00597683697318037
920, 0.00559099604530881
921, 0.00522029477482041
922, 0.00485048769041896
923, 0.00450772120772551
924, 0.00423483923077583
925, 0.00732763747995098
926, 0.00732350481363634
927, 0.00770672839800162
928, 0.0075759899802506
929, 0.0132350345763067
930, 0.00426329951733351
931, 0.0105766590152468
932, 0.0118500210810453
933, 0.00967874253789584
934, 0.0125711980120589
935, 0.00444254954345524
936, 0.00753301529524227
937, 0.0066636815899983
938, 0.00605215745357176
939, 0.00560983138469358
940, 0.00527838970689724
941, 0.00879681312168638
942, 0.00501934776548296
943, 0.00482146046124399
944, 0.00467473377163212
945, 0.00449850251122067
946, 0.00457122029426197
947, 0.00445489177946001
948, 0.00443967268802226
949, 0.00443985154076169
950, 0.00444100378081203
951, 0.00824769477670391
952, 0.00775269810886433
953, 0.00812471037109693
954, 0.00775240004683534
955, 0.00778659320591639
956, 0.0103574838888432
957, 0.0104109261495372
958, 0.0099685409416755
959, 0.00955202337354422
960, 0.00917846150696278
961, 0.00843364140018821
962, 0.00912193628028035
963, 0.010257941360275
964, 0.00962680741213262
965, 0.00942214477496842
966, 0.0100287812141081
967, 0.0084775104187429
968, 0.0098239000265797
969, 0.00869300061215957
970, 0.0105465668408821
971, 0.012200318199272
972, 0.0115379116808375
973, 0.0109615742694587
974, 0.00890976330265403
975, 0.00705876073334366
976, 0.0060865292713667
977, 0.00534210672291617
978, 0.00461260547551016
979, 0.0049750612815842
980, 0.00645069393794984
981, 0.00570951002494742
982, 0.0074289256396393
983, 0.00776094349566847
984, 0.008131243288517
985, 0.00678346670853595
986, 0.00812045872832338
987, 0.00823223750506129
988, 0.0113345603458583
989, 0.00474418982464288
990, 0.00471975491382182
991, 0.00473356336199989
992, 0.00564100449749579
993, 0.00496957788709551
994, 0.00471397306925307
995, 0.00535776322552313
996, 0.00477427333438148
997, 0.00513362981534253
998, 0.00600632144293437
999, 0.00796687765978277
1000, 0.00710360368248075
1001, 0.00647384056355804
1002, 0.00902825772451858
1003, 0.00485479920947303
1004, 0.0101300020702183
1005, 0.00801438260047386
1006, 0.00801172014325857
1007, 0.0084795372094959
1008, 0.0100427405908704
1009, 0.00865143731546899
1010, 0.00958985237715145
1011, 0.00987450460282465
1012, 0.00888478918932378
1013, 0.0100577293584744
1014, 0.00805366178974509
1015, 0.00804638990666717
1016, 0.0113608061801642
1017, 0.00921019065814714
1018, 0.0118043840241929
1019, 0.00997217659217616
1020, 0.0097571627702564
1021, 0.00954912269177536
1022, 0.00852614780887961
1023, 0.0102126022490362
1024, 0.00876460620202124
1025, 0.00899003096856177
1026, 0.0108886977347235
1027, 0.0105077843181789
1028, 0.00716885051224381
1029, 0.00621809682343155
1030, 0.00512055633589625
1031, 0.00548426407234122
1032, 0.00585107105628898
1033, 0.00656428075550745
1034, 0.00805701944045722
1035, 0.0090648801997304
1036, 0.00688592717051506
1037, 0.00828464152291417
1038, 0.0119434614510586
1039, 0.0107136780861765
1040, 0.00504350755363703
1041, 0.00827086119291683
1042, 0.00501906968808423
1043, 0.00545907113701105
1044, 0.00527976053611686
1045, 0.0060151032715415
1046, 0.00640360642379771
1047, 0.00506277979972462
1048, 0.00930629650663052
1049, 0.00570245692506433
1050, 0.00515039854993423
1051, 0.00689707331669827
1052, 0.00750808072431634
1053, 0.00823933064627151
1054, 0.00833611955334033
1055, 0.00826362939551473
1056, 0.00829353067092597
1057, 0.00930327347790202
1058, 0.00974645411285261
1059, 0.00972088340980311
1060, 0.00905589448908965
1061, 0.00885153003036976
1062, 0.00836444032999376
1063, 0.00833206316456199
1064, 0.00932556561504801
1065, 0.00969342553677658
1066, 0.00991201548216244
1067, 0.00885985442437232
1068, 0.00862328382208943
1069, 0.0101473149067412
1070, 0.0110636970493942
1071, 0.00909388205036521
1072, 0.0104148010723293
1073, 0.0113062877984097
1074, 0.0107326526970913
1075, 0.00751982260650645
1076, 0.00527423724997789
1077, 0.00564015024186422
1078, 0.00601373224829634
1079, 0.00674275685256968
1080, 0.00638034082173059
1081, 0.00923087378032506
1082, 0.00711188845646878
1083, 0.0095408969403555
1084, 0.0112849887615691
1085, 0.0102996365167201
1086, 0.00496246893890202
1087, 0.00847850004211068
1088, 0.00529196355491877
1089, 0.00579700987630834
1090, 0.00606018432881683
1091, 0.00559868519970526
1092, 0.00679604348260909
1093, 0.00535800164410224
1094, 0.0054608992068097
1095, 0.0063921227119863
1096, 0.00730405398644507
1097, 0.00793290297345569
1098, 0.00857975240796804
1099, 0.00849628611467779
1100, 0.00859685894101858
1101, 0.00959181956325968
1102, 0.00852875093308588
1103, 0.00940450203294555
1104, 0.00920508483735224
1105, 0.00940136301020781
1106, 0.00870329304598272
1107, 0.00947193483201166
1108, 0.0087246741168201
1109, 0.00984345027245581
1110, 0.00899869343265891
1111, 0.0100627955980599
1112, 0.0107286986894906
1113, 0.00923564184146623
1114, 0.0102863729310532
1115, 0.0108275034775337
1116, 0.00825421143478403
1117, 0.0105173407743375
1118, 0.00544228261181464
1119, 0.0058358918565015
1120, 0.00663083915909131
1121, 0.00622840842697769
1122, 0.00707171484827995
1123, 0.00914790816605091
1124, 0.00757992418948561
1125, 0.0104890229579593
1126, 0.00642722977014879
1127, 0.00614617380779237
1128, 0.005668862589768
1129, 0.00593382236547768
1130, 0.00577223397946606
1131, 0.00677834101952612
1132, 0.00718186454226573
1133, 0.0076557215070352
1134, 0.0082258004307126
1135, 0.00897881155833602
1136, 0.00957844848744571
1137, 0.00891133327968419
1138, 0.00881097900370757
1139, 0.00874346634373069
1140, 0.00946587518167992
1141, 0.00957920316917201
1142, 0.00904160908733805
1143, 0.0096276420323799
1144, 0.00891995569691062
1145, 0.00996101050016781
1146, 0.00914657255634665
1147, 0.0101289371183763
1148, 0.00939828320406377
1149, 0.0103434341338774
1150, 0.0103182810513924
1151, 0.0102670410027107
1152, 0.00703996540202449
1153, 0.00653914723079652
1154, 0.0060945760148267
1155, 0.00761983927804977
1156, 0.00836815576379498
1157, 0.0101840035058558
1158, 0.00680184492375702
1159, 0.00651093452082326
1160, 0.00716122150576363
1161, 0.00631271206241633
1162, 0.00756226154044271
1163, 0.00799491178865234
1164, 0.00845643055314819
1165, 0.0091032402900358
1166, 0.00920824403874576
1167, 0.00955150672234595
1168, 0.00933192352143427
1169, 0.00977399130351841
1170, 0.00995954048509399
1171, 0.00931554340890476
1172, 0.00957648145655791
1173, 0.00999605841934681
1174, 0.00995910330675542
1175, 0.00982149612779419
1176, 0.00934215541929007
1177, 0.00699820253066719
1178, 0.00644964080614348
1179, 0.00762756828529139
1180, 0.00839060715710123
1181, 0.00939297855698637
1182, 0.0090104757497708
1183, 0.00601348974741995
1184, 0.00793091607435296
1185, 0.00900383945554495
1186, 0.00922422929267798
1187, 0.00692886242177337
1188, 0.00717381772119552
1189, 0.0096107341038684
1190, 0.0090490116737783
1191, 0.009466272390758
1192, 0.00937863384994368
1193, 0.00974027470995983
1194, 0.00834260554984212
1195, 0.0087473806925118
1196, 0.00945711337650816
1197, 0.00952842039987445
1198, 0.00985864984492461
1199, 0.00971661182120442
1200, 0.00954876514151692
1201, 0.00754207516244302
1202, 0.00759387187038859
1203, 0.00907163815572858
1204, 0.00835689095159372
1205, 0.00933059797223125
1206, 0.00790918005319933
1207, 0.00829092793477078
1208, 0.00867070909589529
1209, 0.009019237710163
1210, 0.0095712364030381
1211, 0.00940334936603904
1212, 0.00955522223375738
1213, 0.00959066728440424
1214, 0.00978684611618519
1215, 0.00929622026160359
1216, 0.00975764007307589
1217, 0.00894071829194824
1218, 0.00756565291833665
1219, 0.00947340523513655
1220, 0.0086269195502003
1221, 0.0089853221240143
1222, 0.00925678162214657
1223, 0.00965396215074829
1224, 0.00949164386838675
1225, 0.00831908135054012
1226, 0.00962382725750407
1227, 0.00967591004446149
1228, 0.00958149610087275
1229, 0.00826156260445714
1230, 0.00687213088385761
