1, 0.0100347413681448
2, 0.0640948838554323
3, 0.00908535876078531
4, 0.0151733185630292
5, 0.0166717804968357
6, 0.0845391899347305
7, 0.00534975668415427
8, 0.00761544838314876
9, 0.0655116555280983
10, 0.0275625055655837
11, 0.0101479305885732
12, 0.0674510151147842
13, 0.0107182579813525
14, 0.0116002378053963
15, 0.0122904002976914
16, 0.0129478993670394
17, 0.0135016466180483
18, 0.0139207865577191
19, 0.0148010083163778
20, 0.0182475277688354
21, 0.0278950585052371
22, 0.0461824030304948
23, 0.0556375272572041
24, 0.0386247299611568
25, 0.0215925415977836
26, 0.0112226428464055
27, 0.00791523997516682
28, 0.0106657762856533
29, 0.0127522173182418
30, 0.0139744902650515
31, 0.0146790570579469
32, 0.0150434702518396
33, 0.0145231114389996
34, 0.0135101500588159
35, 0.0126514458097517
36, 0.0120432001228134
37, 0.0118252855415146
38, 0.0120617171439032
39, 0.0127213421898584
40, 0.0139818216363589
41, 0.0163908431616922
42, 0.0192947828521331
43, 0.0211427649483085
44, 0.0212748885775606
45, 0.019034061813727
46, 0.0178660983219743
47, 0.0172581300139427
48, 0.0153735900918643
49, 0.0139198328057925
50, 0.0127444290556014
51, 0.0117855491116643
52, 0.0110990622391303
53, 0.0106502786899606
54, 0.0103719647352894
55, 0.0103071945098539
56, 0.0104660606011748
57, 0.0107185860785345
58, 0.0110526505547265
59, 0.0114496969617903
60, 0.0118656577542424
61, 0.0130627177034815
62, 0.01807411837702
63, 0.027241432107985
64, 0.0374226626008749
65, 0.0444283975909154
66, 0.0459628185878197
67, 0.0423284042626619
68, 0.0363167983790239
69, 0.0321894930675626
70, 0.0505838186945766
71, 0.0568684842437506
72, 0.0257713049650192
73, 0.01417247687156
74, 0.0111045059747994
75, 0.00953984431301554
76, 0.00851142530639966
77, 0.00774892279878259
78, 0.00713988269368808
79, 0.00664417057608565
80, 0.00625526998192072
81, 0.00594798816988866
82, 0.00571195400940875
83, 0.00548935037416716
84, 0.00551901862490922
85, 0.00588170780489842
86, 0.0062926224200055
87, 0.00679693731945008
88, 0.00736634072382003
89, 0.00798593116148064
90, 0.00861992601615687
91, 0.00922242971137166
92, 0.00973385727653901
93, 0.0100224831451972
94, 0.00986894134742518
95, 0.00875556597020477
96, 0.00668555614538491
97, 0.0176547405620416
98, 0.0354776460056504
99, 0.0532817561179399
100, 0.0682499532898267
101, 0.0496200608710448
102, 0.0326200385267536
103, 0.0229601707930366
104, 0.0184532438094417
105, 0.016508801219364
106, 0.0157588153767089
107, 0.0154676466093709
108, 0.0152939187828451
109, 0.0151133167867859
110, 0.0149832990330954
111, 0.0152649506150434
112, 0.0166342085382591
113, 0.0197482146322727
114, 0.0245386802901824
115, 0.030054971575737
116, 0.0350749169786771
117, 0.038446175865829
118, 0.0394500372931361
119, 0.0379621855293711
120, 0.0318335365237934
121, 0.0258355187252164
122, 0.0196803041423361
123, 0.0144364858667056
124, 0.0125195211730897
125, 0.0117917478395005
126, 0.0113351366793116
127, 0.0110049271024764
128, 0.0107693296546737
129, 0.0105944491612415
130, 0.011257769423537
131, 0.0127031826414168
132, 0.0138376977605124
133, 0.0150065443788966
134, 0.0164981711034973
135, 0.0192254018038511
136, 0.0244618691504002
137, 0.0327998443196217
138, 0.043964471668005
139, 0.0568542970965306
140, 0.0692658126354218
141, 0.0785164969662825
142, 0.0820339272419612
143, 0.0781852540870508
144, 0.0671727762868007
145, 0.0515573931237062
146, 0.0359771326184273
147, 0.0251402491703629
148, 0.0195828704163432
149, 0.0173586638023456
150, 0.016816698325177
151, 0.0164303813750545
152, 0.0157257354197403
153, 0.0212356699630618
154, 0.0383899689962467
155, 0.0558256022632122
156, 0.0703178370992343
157, 0.0539533396561941
158, 0.0365246205280224
159, 0.0201878578712543
160, 0.0105626196600497
161, 0.00529782085989912
162, 0.00521993730217218
163, 0.00514829228632152
164, 0.00510708584139744
165, 0.00508181354962289
166, 0.00508546914594869
167, 0.00512385453718404
168, 0.00519561860710382
169, 0.00530831104454895
170, 0.00547516439110041
171, 0.005702695188423
172, 0.00600473202454547
173, 0.00638270494528115
174, 0.00682187220081687
175, 0.00731468371426066
176, 0.00786948367021978
177, 0.00848523946478963
178, 0.00919830985367298
179, 0.0100603519628445
180, 0.0110873797287544
181, 0.0122734728890161
182, 0.0160936946049333
183, 0.0403215978294611
184, 0.0422481388474504
185, 0.0213767715419332
186, 0.0156943826004863
187, 0.0141960407296817
188, 0.0143164820037782
189, 0.0145734174487491
190, 0.0148400088461737
191, 0.0155141771150132
192, 0.0174850650752584
193, 0.021588249442478
194, 0.027274693051974
195, 0.033195740232865
196, 0.0376257163782915
197, 0.0393925569951534
198, 0.0393805162360271
199, 0.0354533260688186
200, 0.0118979433706651
201, 0.0113139881752431
202, 0.0372996982187033
203, 0.0136642819270492
204, 0.00807657348923385
205, 0.0125481906967858
206, 0.0131288793248435
207, 0.0136524463693301
208, 0.0141845373436809
209, 0.0152998995811989
210, 0.0194436145635943
211, 0.0300599394055704
212, 0.0471000752101342
213, 0.0241581443697214
214, 0.0125867749253909
215, 0.0114319145213813
216, 0.0100035086895029
217, 0.0204061305460831
218, 0.0198496418694655
219, 0.0180715353538593
220, 0.0156308037694544
221, 0.0136242531395207
222, 0.0125249049936732
223, 0.0120311200929185
224, 0.0119418523584803
225, 0.0122966590958337
226, 0.0129903577423344
227, 0.0138516054333498
228, 0.0122859700738142
229, 0.0131851659777264
230, 0.01433476099434
231, 0.0162561166410645
232, 0.018443110709389
233, 0.0116251132761439
234, 0.0108804916186879
235, 0.0111747401145597
236, 0.0127678144878397
237, 0.0136406849293659
238, 0.0150430829574664
239, 0.0139546617865562
240, 0.0122585713397712
241, 0.0184518727473915
242, 0.0160243336576968
243, 0.0200403966009617
244, 0.0121608795598149
245, 0.0124772013320277
246, 0.0183968575050433
247, 0.0177992610260844
248, 0.0127479456520329
249, 0.0135431713424623
250, 0.0118576507860174
251, 0.014135411195457
252, 0.0126001685857773
253, 0.012854002804185
254, 0.0134974148434897
255, 0.0155943264253438
256, 0.0184490516160925
257, 0.0122554923097293
258, 0.0116021992372615
259, 0.0142561619480451
260, 0.0172058773847918
261, 0.0239431109900276
262, 0.0178337299398014
263, 0.0131515628392143
264, 0.0118020000712325
265, 0.0144723878862957
266, 0.0134436711668968
267, 0.0161213666200638
268, 0.0125451112010827
269, 0.0122052855634441
270, 0.0233777808025479
271, 0.0183117824296157
272, 0.0179889434948564
273, 0.0164657863123076
274, 0.0170679318252951
275, 0.0123378258819381
276, 0.0126230739212284
277, 0.0133117062505335
278, 0.01489198487252
279, 0.0124148868024349
280, 0.0143657155955831
281, 0.013363006291911
282, 0.0126227959990501
283, 0.0120991967618465
284, 0.0161421528706948
285, 0.0193055107568701
286, 0.0123310110398701
287, 0.0297466372139752
288, 0.0128156370483339
289, 0.0142693547531962
290, 0.0163015552485983
291, 0.0228740020344655
292, 0.0177171474012236
293, 0.0163035428151488
294, 0.0131137794815004
295, 0.0189475258812308
296, 0.0185176562517881
297, 0.014465911158671
298, 0.0132753079136213
299, 0.0124797845658447
300, 0.0193416508845985
301, 0.0166174801221738
302, 0.0247071435054143
303, 0.0138368830084801
304, 0.0181057877683391
305, 0.0156540103877584
306, 0.013782066370671
307, 0.0172513760626316
308, 0.0154660773308327
309, 0.0226492921688727
310, 0.0201588502774636
311, 0.0195793346501887
312, 0.014508488454989
313, 0.0169172916406145
314, 0.0202114784291812
315, 0.0202111379642572
316, 0.016622704686597
317, 0.020589763830815
318, 0.0239371305021147
319, 0.0220923457915584
320, 0.0146277771176149
321, 0.0131500744260848
322, 0.0148415190633386
323, 0.0126009722240269
324, 0.0206108421552926
325, 0.021673146635294
326, 0.0570724109808604
327, 0.0255119851790369
328, 0.0372185756762822
329, 0.0154987206527342
330, 0.020068331155926
331, 0.0296014000972112
332, 0.0442412573223313
333, 0.0458220538372795
334, 0.0442155683413148
335, 0.0273164153719942
336, 0.0185238356546809
337, 0.0137933318813642
338, 0.0123252890383204
339, 0.0118039072646449
340, 0.0113794229303797
341, 0.0110711075831205
342, 0.0108346759807318
343, 0.00574513369550308
344, 0.00713841221295297
345, 0.00776080395250271
346, 0.00856230788243314
347, 0.00964441057294607
348, 0.0112285036593676
349, 0.0140224523687114
350, 0.0217528578359634
351, 0.0362272919155657
352, 0.00625902499693135
353, 0.0102163172947864
354, 0.0106998300955941
355, 0.0108344769881417
356, 0.0102286950374643
357, 0.00932739329679559
358, 0.0110949297280361
359, 0.0426153220857183
360, 0.0611767871305346
361, 0.0179052390158176
362, 0.00665179989300668
363, 0.0224768755336603
364, 0.0151607619288067
365, 0.00899454128618042
366, 0.0102586765618374
367, 0.0120481865790983
368, 0.00627815808790425
369, 0.00598172443763663
370, 0.00809830531943589
371, 0.0423688146596154
372, 0.0119276070812096
373, 0.0130767449736595
374, 0.0213368978972236
375, 0.0396222937852144
376, 0.0450795954093337
377, 0.04518456167231
378, 0.0367186528940996
379, 0.0332762847344081
380, 0.0341951901093125
381, 0.0304989678164323
382, 0.0155155488755554
383, 0.0123787545599043
384, 0.00678773833593975
385, 0.0116462528239936
386, 0.0074054611613974
387, 0.00807825871743262
388, 0.00880466060092052
389, 0.00954427500255406
390, 0.0112531007422755
391, 0.0118966120450447
392, 0.0130668306568017
393, 0.0140866263924787
394, 0.0127795361137638
395, 0.0134907588362694
396, 0.0233171636549135
397, 0.0338605910850068
398, 0.0459988207245866
399, 0.0113362095318735
400, 0.0119998872590562
401, 0.0495642176164048
402, 0.0340395434759557
403, 0.0117140348468508
404, 0.0322805866599083
405, 0.0548773113017281
406, 0.0239447798424711
407, 0.0074223488336429
408, 0.0409511194253961
409, 0.0234868361925085
410, 0.0161415957845747
411, 0.0127013148739934
412, 0.0107817075525721
413, 0.00944761598172287
414, 0.0069022187575077
415, 0.0335722832630078
416, 0.0129090572396914
417, 0.0138883617085715
418, 0.0174958539040138
419, 0.0458788958688577
420, 0.024607105491062
421, 0.0422344878315926
422, 0.0340104554779828
423, 0.0441938126459718
424, 0.0168987148596595
425, 0.0357848666608334
426, 0.010606092090408
427, 0.00677090999670327
428, 0.00894632089572648
429, 0.00815842677062998
430, 0.0166468055297931
431, 0.01339092082344
432, 0.0123940928994368
433, 0.00743317728241285
434, 0.0134708111484845
435, 0.0126130206044763
436, 0.0490358962366978
437, 0.0382161421390871
438, 0.0144157235044986
439, 0.00978748158862193
440, 0.00651427203168472
441, 0.00622097166654255
442, 0.0547886602580547
443, 0.0396560505032539
444, 0.0269713258991639
445, 0.00719068560283631
446, 0.00848913316925367
447, 0.03919842466712
448, 0.0465868211661776
449, 0.0302614975720644
450, 0.0238051048169533
451, 0.0169706767580162
452, 0.0131471376710882
453, 0.0431104588011901
454, 0.0112676240193347
455, 0.0447767252723376
456, 0.00776028741771976
457, 0.0198826232614617
458, 0.0149092900101095
459, 0.0281276140982906
460, 0.0309191315567919
461, 0.0375517471693456
462, 0.0343706260124842
463, 0.0124165081419051
464, 0.0117303552882125
465, 0.00750552021366145
466, 0.0152708914441367
467, 0.0202082231796036
468, 0.00909743869366745
469, 0.0507923255984982
470, 0.00824578727285067
471, 0.0135000627487898
472, 0.0149771796228985
473, 0.0100169396804025
474, 0.0109313944509874
475, 0.0187738375583043
476, 0.00588166788220406
477, 0.0291500937504073
478, 0.0539606300493081
479, 0.0450133500354631
480, 0.00812180941769232
481, 0.041769294689099
482, 0.0371491179491083
483, 0.00678875558078289
484, 0.00889945146627724
485, 0.00991308821054796
486, 0.0417958389346798
487, 0.0469301240518689
488, 0.0470768703768651
489, 0.0410212759549419
490, 0.0134514590414862
491, 0.0248337000874536
492, 0.0169002044325074
493, 0.013138435781002
494, 0.0298272652551532
495, 0.0233560841796654
496, 0.0320986959462365
497, 0.0322785220729808
498, 0.0083810580894351
499, 0.00924833755319317
500, 0.0102812265201161
501, 0.0240538163731496
502, 0.0112733661662787
503, 0.0158894566819072
504, 0.0210739217388133
505, 0.0121112886505822
506, 0.0307496452393631
507, 0.0511982299387455
508, 0.0526986618836721
509, 0.00936457222061498
510, 0.033107107039541
511, 0.0515967312579354
512, 0.0103669977591683
513, 0.0349094737321138
514, 0.049013940927883
515, 0.0468036007756988
516, 0.0401278411348661
517, 0.0174958336477478
518, 0.0116874195324878
519, 0.0442531397566199
520, 0.0178117581332723
521, 0.0227269450202584
522, 0.0362100437283516
523, 0.0116975724231452
524, 0.0105422152361522
525, 0.0126012983576705
526, 0.0342739489860833
527, 0.0140537445743879
528, 0.0445520769183834
529, 0.049663276411593
530, 0.0446825597435236
531, 0.0373796111283203
532, 0.0120525179275622
533, 0.0460233362391591
534, 0.0503358924761415
535, 0.0327620576135814
536, 0.0379317471136649
537, 0.0281088209400574
538, 0.0296722901985049
539, 0.0139462572988123
540, 0.0464428253471851
541, 0.0256818068612899
542, 0.0123125671941255
543, 0.0133559925792118
544, 0.0156785079743713
545, 0.0511631661405166
546, 0.0108164803124964
547, 0.0202714044911166
548, 0.0437933791960989
549, 0.0447118356823921
550, 0.0349784364613394
551, 0.0143145346082747
552, 0.0300839004727701
553, 0.0183468489752462
554, 0.0177780819746355
555, 0.0250670237466693
556, 0.0319194064165155
557, 0.0237133549526334
558, 0.0199415208106594
559, 0.0509487241506577
560, 0.0269385231658816
561, 0.0142328763380647
562, 0.0153027603713175
563, 0.0296303887541095
564, 0.0590157816186547
565, 0.0398595221340656
566, 0.0373488143086433
567, 0.0327566723960141
568, 0.0271927365101874
569, 0.021935367025435
570, 0.0180851447706421
571, 0.0159943726224204
572, 0.0152830306906253
573, 0.0156668059062213
574, 0.0164011350522439
575, 0.0178685222441951
576, 0.0207630437798798
577, 0.0259337867610157
578, 0.0345257388738294
579, 0.0474701601391037
580, 0.0114146096942325
581, 0.0116608960088342
582, 0.0119682971853763
583, 0.0124377235770226
584, 0.0132989912138631
585, 0.0154137443751097
586, 0.0199214251091083
587, 0.0257492506255706
588, 0.0160744820411007
589, 0.0166160096414387
590, 0.0172386203582088
591, 0.0189398960210383
592, 0.0231434538339575
593, 0.0316925489654144
594, 0.0448121319835385
595, 0.059476327461501
596, 0.0717016191532214
597, 0.0784426269431909
598, 0.0784886796027422
599, 0.0724956517418226
600, 0.0623454355324308
601, 0.0503796817113956
602, 0.0388070599486431
603, 0.0292700966820121
604, 0.0224288138560951
605, 0.0182232490430276
606, 0.0159404505199442
607, 0.0145159589592367
608, 0.0132762022161235
609, 0.015159152681008
610, 0.0143921400886029
611, 0.0132560757920146
612, 0.0122968583212545
613, 0.0144292543797443
614, 0.0453932561601202
615, 0.0632542480404178
616, 0.0221239364085098
617, 0.0135110640743126
618, 0.0174115529128661
619, 0.0129591644896815
620, 0.0146889715300252
621, 0.0157295695195595
622, 0.0158136316264669
623, 0.0195228699594736
624, 0.0535732796415687
625, 0.0316350312593083
626, 0.0635928219805161
627, 0.0694371977200111
628, 0.0695189932982127
629, 0.0551165038098892
630, 0.0455416130522887
631, 0.0362284040699402
632, 0.0716854228327672
633, 0.0630270546923081
634, 0.0283777957471708
635, 0.0425713922207554
636, 0.022355600570639
637, 0.0157671600269775
638, 0.0182379321195185
639, 0.0237791386122505
640, 0.0172682239984473
641, 0.0141752986237407
642, 0.039472767462333
643, 0.0361229643846552
644, 0.0169089458261927
645, 0.0321518003940582
646, 0.0390806255551676
647, 0.0302623954291145
648, 0.0237377327866852
649, 0.0159617294557393
650, 0.0157872064349552
651, 0.0243122813602289
652, 0.0299440271531542
653, 0.0353993643075228
654, 0.0394026134163141
655, 0.0409579953799645
656, 0.0195415653288364
657, 0.0171382067104181
658, 0.0488570022086302
659, 0.0197380022145808
660, 0.0387759280080597
661, 0.0520527809858322
662, 0.0285152760999543
663, 0.0127550557122699
664, 0.0564980221291383
665, 0.0175454656903942
666, 0.0288786470890045
667, 0.0195267829112709
668, 0.0162199760476748
669, 0.0145404766468952
670, 0.0244544187250237
671, 0.0161186319642833
672, 0.0181308818670611
673, 0.0551035099973281
674, 0.0587413990870118
675, 0.0497673442587256
676, 0.0604672537495693
677, 0.0431638841206829
678, 0.0604838418463866
679, 0.0358880624795953
680, 0.0591063974425197
681, 0.0290193407175442
682, 0.0563248873998721
683, 0.0515919821336865
684, 0.0230771941132843
685, 0.0440806631619732
686, 0.0157487593990351
687, 0.0186843504197896
688, 0.0203384886096631
689, 0.0341152213513851
690, 0.0256729378985862
691, 0.0394227582340439
692, 0.0269376086071134
693, 0.0183036957557003
694, 0.0215118369087577
695, 0.0171936778351665
696, 0.0182539448142052
697, 0.0215801026982566
698, 0.0267581387112538
699, 0.0326931333790223
700, 0.0379369327177604
701, 0.0412303696696957
702, 0.0418325550854206
703, 0.0345501354895532
704, 0.0519824313620726
705, 0.0436746145909031
706, 0.0352349750076731
707, 0.0122460626065731
708, 0.0332027736252972
709, 0.0564897957568367
710, 0.0229783697674672
711, 0.0220803062741955
712, 0.0167707957327366
713, 0.0270515534405907
714, 0.021935029886663
715, 0.0178718403913081
716, 0.0137951639480889
717, 0.0274711653590202
718, 0.0194243233650923
719, 0.0492631886154413
720, 0.0488894463827213
721, 0.0486374590545893
722, 0.046775845810771
723, 0.0481831521416704
724, 0.0426349909976125
725, 0.0489318240433931
726, 0.0366175435483456
727, 0.050965892461439
728, 0.0528483285258214
729, 0.0239999329981705
730, 0.0522661705811818
731, 0.0301172385613124
732, 0.047259001682202
733, 0.0370325304878255
734, 0.0395445510124167
735, 0.0539747777705391
736, 0.024117116505901
737, 0.024280314023296
738, 0.0304074138402939
739, 0.0210159070168932
740, 0.0210309665029248
741, 0.0294179359140495
742, 0.0353793354394535
743, 0.0402823947370052
744, 0.0428558082009355
745, 0.0425820440674822
746, 0.047258325231572
747, 0.0385911727013687
748, 0.0154867679812014
749, 0.0562936182444294
750, 0.0301220075537761
751, 0.0255538263979057
752, 0.0297669436161717
753, 0.0248051927025829
754, 0.0538819894194603
755, 0.0378846190869808
756, 0.0339431362226605
757, 0.0425490407894055
758, 0.0391613524407148
759, 0.0449760649353266
760, 0.0366855139533679
761, 0.0452205622568727
762, 0.0368171186807255
763, 0.0427618296816945
764, 0.0401893916229407
765, 0.0458784972627958
766, 0.0513204814245303
767, 0.0374730300779144
768, 0.0312459513855477
769, 0.0536598265171051
770, 0.0503317540777581
771, 0.037946947983333
772, 0.0286347934355338
773, 0.0330804639185468
774, 0.038323647963504
775, 0.0289024154966076
776, 0.0268935811085006
777, 0.042441933726271
778, 0.0441207569092512
779, 0.0344566364462177
780, 0.0428576748818159
781, 0.0422144007558624
782, 0.0543524104480942
783, 0.0497509523605307
784, 0.0451028229047855
785, 0.0506432537610332
786, 0.0547248603155216
787, 0.037583630132888
788, 0.032271939329803
789, 0.0380850294604897
790, 0.0484883863478899
791, 0.0389766360943516
792, 0.0152191946593424
793, 0.0128162602361824
794, 0.00757243703119457
795, 0.0151311187073588
796, 0.0273834319474796
797, 0.0220417222008109
798, 0.0178370700062563
799, 0.0155062101160487
800, 0.0147306744474918
801, 0.014743628911674
802, 0.0149503977348407
803, 0.0152608187248309
804, 0.0154005914616088
805, 0.0159562459836404
806, 0.0178996557369828
807, 0.0231275206121306
808, 0.0354771286559602
809, 0.033478206799676
810, 0.0478293777753909
811, 0.0223961310305943
812, 0.0083687719112883
813, 0.00883410529543956
814, 0.0091760770107309
815, 0.00931809508862595
816, 0.00944246964839598
817, 0.00911976994636158
818, 0.0134626456225912
819, 0.0115061226145675
820, 0.0102982741470138
821, 0.00939113111235201
822, 0.00864861602894962
823, 0.00800808445395281
824, 0.00742789264768362
825, 0.00690957034627597
826, 0.00644840917084366
827, 0.00606129683243732
828, 0.00575196851665775
829, 0.00551527839464446
830, 0.00534753109483669
831, 0.00524171282692502
832, 0.00518594270882507
833, 0.0051668892459323
834, 0.00518524747652312
835, 0.00522381148766726
836, 0.0052853433880955
837, 0.005350074187542
838, 0.0393545686577757
839, 0.0372968576848507
840, 0.0329204257577658
841, 0.02696902025491
842, 0.0213495129719377
843, 0.0173019794747233
844, 0.0153515165826927
845, 0.0147807222480575
846, 0.0146232070401311
847, 0.0145158991993715
848, 0.014711024860541
849, 0.0165836641875406
850, 0.0222471592326959
851, 0.0305267237126827
852, 0.0311360419727862
853, 0.0196992397929231
854, 0.0394152939319611
855, 0.0361269569645325
856, 0.014900031266734
857, 0.0249558730671803
858, 0.0163137145961324
859, 0.0146275584896406
860, 0.0146071139412622
861, 0.0146910178009421
862, 0.0153985846166809
863, 0.0180398452406128
864, 0.0238245571963489
865, 0.0185257630267491
866, 0.00545493854830662
867, 0.00536680326331407
868, 0.00541035427401463
869, 0.00570184101040165
870, 0.00789020614077648
871, 0.0151571860381713
872, 0.012606921295325
873, 0.0111728730456283
874, 0.0101125661749393
875, 0.00926407387790581
876, 0.00854035400940726
877, 0.00729994114954025
878, 0.00677621500411381
879, 0.00633442533823351
880, 0.0059743138263002
881, 0.0268429577350616
882, 0.00536396210857977
883, 0.00551621223955105
884, 0.00539920824424674
885, 0.00785273464862257
886, 0.00883094609404604
887, 0.00811851172087093
888, 0.00679926201701164
889, 0.0073144647370403
890, 0.00849038509962459
891, 0.00930905474039415
892, 0.0112479089626244
893, 0.0063284447727104
894, 0.00592519940497975
895, 0.00562605960294604
896, 0.0326938883711894
897, 0.0156263139409324
898, 0.0198104822387298
899, 0.0147884517597655
900, 0.0369053352624178
901, 0.0149724512981872
902, 0.0150675803112487
903, 0.0168336265099545
904, 0.019867781860133
905, 0.0162792036620279
906, 0.014713825735574
907, 0.0144047364592552
908, 0.0152257507822166
909, 0.0151114690427979
910, 0.0145551788154989
911, 0.0213482421822846
912, 0.015361390542239
913, 0.027679738322539
914, 0.00558936689049006
915, 0.0392199621225397
916, 0.0387326367199421
917, 0.0246404257292549
918, 0.0155487687637409
919, 0.0182212823225806
920, 0.023030960932374
921, 0.0237073344178498
922, 0.0191756521041195
923, 0.0160573949106038
924, 0.0146330026133607
925, 0.0148631165114542
926, 0.01461206167005
927, 0.0145347542905559
928, 0.0293913936863343
929, 0.00664428997940073
930, 0.00714254515090336
931, 0.00771602150052786
932, 0.00836006978837152
933, 0.009065411441649
934, 0.0098546565665553
935, 0.0107797208086898
936, 0.0119336667315414
937, 0.0134413071597616
938, 0.0157944790553302
939, 0.00573851761873811
940, 0.00623848149552941
941, 0.00594010056617359
942, 0.0056257457472384
943, 0.00560867875659217
944, 0.00559266501416763
945, 0.00565590558107942
946, 0.0204272706372042
947, 0.0261234341189265
948, 0.00770151747080187
949, 0.00679157309544583
950, 0.00595462430889408
951, 0.00635536632034928
952, 0.0080000376328826
953, 0.00911798203984896
954, 0.00845323138249417
955, 0.00724731013178825
956, 0.00570752718485892
957, 0.0247996097120146
958, 0.0149487087813516
959, 0.0148431090638041
960, 0.0146550564095378
961, 0.0144208102331807
962, 0.0142030147835612
963, 0.0150099226739258
964, 0.0151634044013917
965, 0.0142452544532716
966, 0.0151667823859801
967, 0.0156185256006817
968, 0.0167884657469889
969, 0.0190943122530977
970, 0.030423427776744
971, 0.0354473860934377
972, 0.0219035360163876
973, 0.00599386113961892
974, 0.0294643887318671
975, 0.0216506171661119
976, 0.0214421791024506
977, 0.0165489344702413
978, 0.0197247693625589
979, 0.0150886407742898
980, 0.0230310990785559
981, 0.0146587322621296
982, 0.0170080894604325
983, 0.0149281251554688
984, 0.0144821630480389
985, 0.0144533739270022
986, 0.0279628086302962
987, 0.0346819709986448
988, 0.00588844320736825
989, 0.00600151321850717
990, 0.00588158859560887
991, 0.00699367261646936
992, 0.00655003505138059
993, 0.00755012182829281
994, 0.00817507676159342
995, 0.00885607985158761
996, 0.0095995288187017
997, 0.0104245363424222
998, 0.0113937877273808
999, 0.0126154446819176
1000, 0.0142404071521014
1001, 0.0169369421588878
1002, 0.00586023022575925
1003, 0.00622240814846009
1004, 0.00759693122624109
1005, 0.00907468935474753
1006, 0.00639442715328187
1007, 0.00678726157639176
1008, 0.00719740113709122
1009, 0.0179080995731056
1010, 0.0149402645571778
1011, 0.0151006209974488
1012, 0.0147609344373147
1013, 0.0148704079135011
1014, 0.0145702986822774
1015, 0.0143187669261048
1016, 0.014097236096859
1017, 0.0140351878168682
1018, 0.0223386913227538
1019, 0.00825139026467999
1020, 0.0183902612576882
1021, 0.0155573917242388
1022, 0.0166054797979693
1023, 0.0221658792967598
1024, 0.015875121245959
1025, 0.0197161658046146
1026, 0.0208768539928964
1027, 0.0169038999980936
1028, 0.0153275755389283
1029, 0.0147041109545777
1030, 0.0144362278127422
1031, 0.0144278628285974
1032, 0.0142909706725428
1033, 0.00616028008516878
1034, 0.00628928440467765
1035, 0.00617907834904534
1036, 0.00740009682097783
1037, 0.00653481588233262
1038, 0.00690762314479798
1039, 0.00800772663205862
1040, 0.019810799198846
1041, 0.0204803738743067
1042, 0.00868435886998971
1043, 0.00938723694222669
1044, 0.0119648994101832
1045, 0.0101459645666182
1046, 0.0109848203913619
1047, 0.0131976035578797
1048, 0.0148453146684915
1049, 0.0172722974481682
1050, 0.0105041284114122
1051, 0.00768337779057523
1052, 0.00645152840297669
1053, 0.00683194511414816
1054, 0.0144923358845214
1055, 0.0150113333171854
1056, 0.0148776996259888
1057, 0.0148264397090922
1058, 0.0147365958740314
1059, 0.0145472912117839
1060, 0.0143056141678244
1061, 0.0141101505141705
1062, 0.0166179566488912
1063, 0.00723713764455169
1064, 0.0153966973690937
1065, 0.0091142071566234
1066, 0.016184154432267
1067, 0.0173135828226805
1068, 0.0162468491388219
1069, 0.019248608344545
1070, 0.0142341163009405
1071, 0.0191185502335429
1072, 0.0170734752900898
1073, 0.0155115747669091
1074, 0.0147559870189677
1075, 0.0144095844589174
1076, 0.0142358965240419
1077, 0.0201009068638086
1078, 0.00659044684531788
1079, 0.00642397506162524
1080, 0.0105958797503263
1081, 0.0105074460928639
1082, 0.0068785361169527
1083, 0.00853651909468075
1084, 0.00786473485641181
1085, 0.00925584797126552
1086, 0.00729044387117028
1087, 0.00997344846837223
1088, 0.0107182882105311
1089, 0.0115372760531803
1090, 0.015094581215332
1091, 0.0136495462308327
1092, 0.0124842748822023
1093, 0.0178537568343537
1094, 0.00614945986308157
1095, 0.00819200389863302
1096, 0.00657433376181871
1097, 0.0140385655686259
1098, 0.00701326259877533
1099, 0.0148598780700316
1100, 0.0148087372072041
1101, 0.0148239959186564
1102, 0.0147924650615702
1103, 0.0146463142397503
1104, 0.0178157915361226
1105, 0.014449905537601
1106, 0.0142777988221496
1107, 0.0151174892671406
1108, 0.00753514092260351
1109, 0.0156134197798868
1110, 0.0160759116212527
1111, 0.0200150519609451
1112, 0.0167128871350239
1113, 0.0141941845150931
1114, 0.0169032639823854
1115, 0.0156003260829796
1116, 0.0148490695282817
1117, 0.0144504732452333
1118, 0.0125606279664983
1119, 0.00722462066914886
1120, 0.0091581359350433
1121, 0.0099208172565947
1122, 0.00837761299529423
1123, 0.00770447787363082
1124, 0.0106338677772631
1125, 0.0113587401186426
1126, 0.0121169114330163
1127, 0.0155218277747432
1128, 0.0141068530889849
1129, 0.0129926232621074
1130, 0.017125990986824
1131, 0.0128131277992257
1132, 0.0105978267577787
1133, 0.014180305134505
1134, 0.0146433539533367
1135, 0.0147166675888002
1136, 0.00922350228453676
1137, 0.0148579109615336
1138, 0.0149390924877177
1139, 0.0148767023347318
1140, 0.0147053030474732
1141, 0.0158866865870853
1142, 0.00750140484888107
1143, 0.0149081378864745
1144, 0.00827153640178343
1145, 0.014978749367098
1146, 0.0151213429868221
1147, 0.0126770040951669
1148, 0.0147378668189049
1149, 0.016523423915108
1150, 0.0155966114252806
1151, 0.0149263571171711
1152, 0.0121572275646031
1153, 0.00690170813218823
1154, 0.00811259107043346
1155, 0.0113965491764247
1156, 0.0106999495377143
1157, 0.00985151684532563
1158, 0.00894787077171107
1159, 0.0120760621502995
1160, 0.0127371773123741
1161, 0.0134702154900879
1162, 0.0171949697347979
1163, 0.0158384047847773
1164, 0.0143714180837075
1165, 0.0144794410249839
1166, 0.0108511069944749
1167, 0.014318727189675
1168, 0.014560404078414
1169, 0.0149081180958698
1170, 0.0141902791025738
1171, 0.0152161322267992
1172, 0.0145252764535447
1173, 0.014079633091266
1174, 0.0084817255847156
1175, 0.00952232062506179
1176, 0.0137822854643067
1177, 0.014906488902246
1178, 0.0129722547717392
1179, 0.0154578913934529
1180, 0.0183104902195434
1181, 0.00952136695074538
1182, 0.0106149929730843
1183, 0.0123082597606948
1184, 0.0113742568840583
1185, 0.0128239420397828
1186, 0.0133473700843751
1187, 0.0139674971190592
1188, 0.0155001669190824
1189, 0.0147239197976887
1190, 0.007522345893085
1191, 0.0138757654931396
1192, 0.0135841995943338
1193, 0.0143348207542052
1194, 0.0149332913570106
1195, 0.013256035434703
1196, 0.0134322869125754
1197, 0.0112008273135871
1198, 0.0126078833958932
1199, 0.0160327384558817
1200, 0.0115270975178906
1201, 0.0125948446802795
1202, 0.00984914479777217
1203, 0.0155199198052287
1204, 0.0124713208060712
