1, 0.0129348658956587
2, 0.0458907573483884
3, 0.00466498796595261
4, 0.0200433768332005
5, 0.034710768610239
6, 0.071685329079628
7, 0.00540506956167519
8, 0.00485867363750003
9, 0.0564574976451695
10, 0.0121890923473984
11, 0.0156673211604357
12, 0.119024779647589
13, 0.0130704072071239
14, 0.0133413300694277
15, 0.013558648681889
16, 0.0135942722360293
17, 0.0135881130894025
18, 0.013789835308368
19, 0.0141126936456809
20, 0.0144217638298869
21, 0.014688614057377
22, 0.0147065547450135
23, 0.014408034660543
24, 0.0140620497210572
25, 0.0140349890571088
26, 0.0151901469410708
27, 0.0198581256748488
28, 0.0320046005460123
29, 0.0482884341229995
30, 0.0325705260038376
31, 0.0169574051784972
32, 0.00771633927555134
33, 0.0115798729627083
34, 0.0137719538373252
35, 0.015131138653184
36, 0.0165104894743611
37, 0.0177652075265845
38, 0.0186360105872154
39, 0.0190174814003209
40, 0.0192807549610734
41, 0.0195550156446795
42, 0.0196976298466325
43, 0.0197985009290278
44, 0.0199352090712637
45, 0.0201421218613784
46, 0.0202264826123913
47, 0.0202478605012099
48, 0.0202711466699839
49, 0.0201682296271125
50, 0.0200321717808644
51, 0.0199560758968194
52, 0.019801301881671
53, 0.0195304981122414
54, 0.0192813506970803
55, 0.0193952747310201
56, 0.0205455655232072
57, 0.0234249479447802
58, 0.028119052760303
59, 0.0338819477086266
60, 0.0393615638216337
61, 0.0430204148093859
62, 0.0436733644455671
63, 0.0394876981154084
64, 0.037015205870072
65, 0.0353792154540618
66, 0.0303468750789762
67, 0.0253457678481936
68, 0.0208974719668428
69, 0.0175391469771663
70, 0.015549026740094
71, 0.0146518175800641
72, 0.0141410063952208
73, 0.0136672682128847
74, 0.013268433821698
75, 0.0130391541558007
76, 0.0130043453536928
77, 0.0130623610069354
78, 0.0131040839478374
79, 0.0130219884837667
80, 0.0128656251666447
81, 0.0128040337003767
82, 0.0127916755154729
83, 0.0125165805220604
84, 0.012307725691547
85, 0.0122810620814562
86, 0.012384536365668
87, 0.0124504195215801
88, 0.0122953277702133
89, 0.0126577635916571
90, 0.0159839812355737
91, 0.0405147147830576
92, 0.0494101941585541
93, 0.0239046461259325
94, 0.0139885369377832
95, 0.0112752929950754
96, 0.00989310101916393
97, 0.00900491218393048
98, 0.00830094128226241
99, 0.00769003356496493
100, 0.00714564447601636
101, 0.00664158786336581
102, 0.00614778309439619
103, 0.00570007258405288
104, 0.00539084376456837
105, 0.0052756080403924
106, 0.00527429666059713
107, 0.00532941124401987
108, 0.00540407591809829
109, 0.00546145532280207
110, 0.00547778711188585
111, 0.00554263704301168
112, 0.00589285402869185
113, 0.00620494402634601
114, 0.0063636313425377
115, 0.0064380974896873
116, 0.00666403886862099
117, 0.00698703651626905
118, 0.00708451009510706
119, 0.0066319319497173
120, 0.00518616143381223
121, 0.00997694519658883
122, 0.0201528915204108
123, 0.0349583299830556
124, 0.0486244435111682
125, 0.0338020180352032
126, 0.0229460634291172
127, 0.0170028635766357
128, 0.0147652847226709
129, 0.0142649634120365
130, 0.0140358432351301
131, 0.0136289026898642
132, 0.0132214851522197
133, 0.0128958846131961
134, 0.0125958939703802
135, 0.0123152074936245
136, 0.0121001823184391
137, 0.0119086927734315
138, 0.0119727475879093
139, 0.0121957481217881
140, 0.0122210203359524
141, 0.0120978377138575
142, 0.0121533498167992
143, 0.01247954616944
144, 0.0128173055127263
145, 0.013246380413572
146, 0.0144611233845353
147, 0.0164938797242939
148, 0.0177381069709857
149, 0.0172196654602885
150, 0.0159287477533023
151, 0.0152902230620384
152, 0.0146855735220015
153, 0.0137677614887555
154, 0.0134917924491068
155, 0.0134484791196883
156, 0.013587119212995
157, 0.0139596088168522
158, 0.0147556086691717
159, 0.0157698023443421
160, 0.0167080995937188
161, 0.0175995460400979
162, 0.018337848285834
163, 0.0189122393106421
164, 0.0194107322022319
165, 0.0198092094312112
166, 0.000779648699487249
167, 0.0327561370407542
168, 0.0709429706136386
169, 0.0385981071740389
170, 0.0209321614044408
171, 0.00883492004747192
172, 0.00545984628843144
173, 0.00554275613588591
174, 0.00572399399243295
175, 0.00594635936431587
176, 0.00617698968077699
177, 0.00645140915488203
178, 0.00684221686484913
179, 0.00738819572143257
180, 0.00811402189234892
181, 0.00911561849837502
182, 0.0104932406296333
183, 0.0142788517599305
184, 0.015521728588889
185, 0.0656602194067091
186, 0.073994887371858
187, 0.0369996276373665
188, 0.0261404955138763
189, 0.0180906488870581
190, 0.0140351483908792
191, 0.0133434161543846
192, 0.0130831819648544
193, 0.0128759569488466
194, 0.012682917372634
195, 0.0124529624978701
196, 0.0122834869349996
197, 0.0123060372425243
198, 0.0371604425211748
199, 0.0121069769375026
200, 0.0138775534772625
201, 0.0141441847663373
202, 0.0144737185910344
203, 0.0147056211717427
204, 0.0147768885362893
205, 0.0146455195111533
206, 0.0145509667539348
207, 0.0149306681317588
208, 0.0166786735256513
209, 0.0213991636410356
210, 0.0299492335567872
211, 0.0424262564629316
212, 0.0237720052246004
213, 0.0179376833451291
214, 0.0167429874030252
215, 0.0153130122926086
216, 0.0138057888640712
217, 0.0123930197053899
218, 0.0404946887865663
219, 0.0364656709134579
220, 0.0312068508937955
221, 0.0261841866498192
222, 0.0224133970526357
223, 0.0202612116311987
224, 0.0194462169893086
225, 0.0193995071264605
226, 0.0196282303271194
227, 0.0198522245821853
228, 0.0200004613337417
229, 0.0201012529432774
230, 0.0201957859098911
231, 0.0202515167184174
232, 0.0202455360752841
233, 0.0201774082767467
234, 0.0132881826721132
235, 0.0133007194381207
236, 0.0131540326401591
237, 0.0131472966944178
238, 0.0133686089732995
239, 0.0136813749559224
240, 0.0139262111236652
241, 0.0141526091222962
242, 0.0144949183644106
243, 0.015510542007784
244, 0.0181315572311481
245, 0.0227007114638885
246, 0.0284281033091247
247, 0.034297967950503
248, 0.0386378631616632
249, 0.0196566015171508
250, 0.0369535551096002
251, 0.0259094485081732
252, 0.0134451412595809
253, 0.0135752184626957
254, 0.0140057629905641
255, 0.0140173858962953
256, 0.0160996542933087
257, 0.013947608647868
258, 0.0133800331968814
259, 0.0138859377087404
260, 0.0144175914271424
261, 0.0199630293063819
262, 0.0323586333543062
263, 0.0421955858667692
264, 0.0201341742649674
265, 0.0198490852490067
266, 0.0337114579354723
267, 0.0259481524117291
268, 0.0207046312279999
269, 0.0202280522013704
270, 0.0416884500533342
271, 0.0195039943791926
272, 0.0196292436060806
273, 0.0201758784241974
274, 0.0200539459474385
275, 0.036826377424101
276, 0.0298014531532923
277, 0.0227909334935248
278, 0.0197247698282202
279, 0.0193182067014277
280, 0.0137939676642418
281, 0.014332257444039
282, 0.0151397812490662
283, 0.0319756721146405
284, 0.0145803715568036
285, 0.0148004520063599
286, 0.0148320030421019
287, 0.0148068298585713
288, 0.0163923141080886
289, 0.0135689600526045
290, 0.0137203758737693
291, 0.0247637264740964
292, 0.0187837315412859
293, 0.0194953510848184
294, 0.019287013138334
295, 0.0180620388127863
296, 0.0170671177717547
297, 0.0161253837092469
298, 0.0165801470478376
299, 0.0196117986924946
300, 0.0197395718035599
301, 0.0198739805879692
302, 0.0199824370443821
303, 0.031625412138445
304, 0.0135569423437119
305, 0.0201125521478908
306, 0.0382475911506585
307, 0.0136362576857209
308, 0.0200808081775904
309, 0.0141888482806583
310, 0.0140844213310629
311, 0.0138311412495871
312, 0.0297130200391014
313, 0.0236687699022392
314, 0.0188568667508662
315, 0.0140589299456527
316, 0.0156966076853375
317, 0.014246625204881
318, 0.0139426614623517
319, 0.013663890461127
320, 0.0213551960575084
321, 0.0237089446745813
322, 0.0268166322881977
323, 0.0299083646386862
324, 0.0323124174028635
325, 0.033683145729204
326, 0.020046496608605
327, 0.0195707318683465
328, 0.0196013686557611
329, 0.0198445753194392
330, 0.0200689872726798
331, 0.0201480036290983
332, 0.0201273006387055
333, 0.0384792350232601
334, 0.0187676581554115
335, 0.0141230249622216
336, 0.0136855665283899
337, 0.0158721435194214
338, 0.0150033863416562
339, 0.0149285427760333
340, 0.0149180519705017
341, 0.0147865838371217
342, 0.0181549228727818
343, 0.0345817663085957
344, 0.0283800413211187
345, 0.022335236116002
346, 0.0138765597560753
347, 0.0195981493840615
348, 0.019710146356374
349, 0.0199081933436294
350, 0.0197460489968459
351, 0.0185429284659525
352, 0.0187257756479084
353, 0.020349347187827
354, 0.019224905098478
355, 0.0375953391194344
356, 0.0138624420256487
357, 0.0199260405663933
358, 0.0140826929515849
359, 0.0192512501962483
360, 0.0233299974352121
361, 0.0278825211959581
362, 0.0160859648603946
363, 0.0143836164691796
364, 0.0143212904998412
365, 0.0143961335998029
366, 0.0141194089471052
367, 0.0142858845647424
368, 0.0245948674467703
369, 0.0349805418401957
370, 0.02001707147186
371, 0.0196234023508926
372, 0.0196932788627843
373, 0.0220794320727388
374, 0.0198093688425918
375, 0.0200560327308873
376, 0.0203931567569574
377, 0.0335176893110786
378, 0.0248076167578499
379, 0.0280136919269959
380, 0.030726995319128
381, 0.0320665491744876
382, 0.0318275145255029
383, 0.0188164742042621
384, 0.0335848640650511
385, 0.014576815146332
386, 0.0314060302140812
387, 0.0363851245492697
388, 0.0168778724037111
389, 0.015332383957381
390, 0.0150310030051818
391, 0.0150510894600302
392, 0.0142313267569989
393, 0.0197748973344763
394, 0.0196650653767089
395, 0.0193756050430238
396, 0.021069390544047
397, 0.0237269836167494
398, 0.0201630229130387
399, 0.0252139813577135
400, 0.0190696348436177
401, 0.013401725422591
402, 0.0297188136194433
403, 0.0145036405883729
404, 0.0281862240018589
405, 0.024002377409488
406, 0.0202536014840007
407, 0.0168469777175536
408, 0.0146088228405764
409, 0.0148441221099347
410, 0.0145273036323488
411, 0.0143947030883282
412, 0.0208528872268895
413, 0.0228818293350438
414, 0.019912942002217
415, 0.0197210350694756
416, 0.0197926452383399
417, 0.0196665761371454
418, 0.0316588150647779
419, 0.0322252372279763
420, 0.0259858414841195
421, 0.0293239809883138
422, 0.0310511851372818
423, 0.0310677576810122
424, 0.0370566518977284
425, 0.0196489122075339
426, 0.0149345621466637
427, 0.0181379745093485
428, 0.0158168900913248
429, 0.0372709694008032
430, 0.0151426425048461
431, 0.0196478200765948
432, 0.0146293667411166
433, 0.0193633865565062
434, 0.0192027528149386
435, 0.0335949921670059
436, 0.022277259423087
437, 0.026893123673896
438, 0.0192122297982375
439, 0.0277773385557036
440, 0.019886783324182
441, 0.0147504234531273
442, 0.0251187728717923
443, 0.0215906142257154
444, 0.0180964898318052
445, 0.0238526306735973
446, 0.0214178399182856
447, 0.0147297405637801
448, 0.0155040249228477
449, 0.0201714077653984
450, 0.0146666392683983
451, 0.0196975109477838
452, 0.0195382874459028
453, 0.0272663474703829
454, 0.0366578946510951
455, 0.0325443608065446
456, 0.0298838669966374
457, 0.0326189262171586
458, 0.0306626019688944
459, 0.0142571948468685
460, 0.0231076317528884
461, 0.0150406788258503
462, 0.0196214751340449
463, 0.0164444077139099
464, 0.0193763209196428
465, 0.0192992128431797
466, 0.0367713440209627
467, 0.0196087200505038
468, 0.0243654687268039
469, 0.0347878991936644
470, 0.020616614104559
471, 0.0298645344252388
472, 0.0249797948636115
473, 0.0220771273598075
474, 0.0266510692114631
475, 0.0149032246720578
476, 0.0287036951631308
477, 0.0204354164501031
478, 0.0236029472822944
479, 0.0196707085706294
480, 0.0195992711399283
481, 0.0162762036391844
482, 0.0149558410824587
483, 0.0319591814962526
484, 0.0347115647358199
485, 0.0323985669141014
486, 0.0332815709213416
487, 0.015203757211566
488, 0.0310213113469737
489, 0.021159632752339
490, 0.0201013721525669
491, 0.0263490922128161
492, 0.0218124232875804
493, 0.0360682671889663
494, 0.031433648429811
495, 0.0354105100656549
496, 0.025047664064914
497, 0.0278432911261916
498, 0.0262545792696377
499, 0.0227730514792105
500, 0.030214157110701
501, 0.0288684819824994
502, 0.02624192102147
503, 0.0151954440400004
504, 0.0331808982106547
505, 0.0211043598440786
506, 0.0169686901693543
507, 0.0304562382400036
508, 0.0335626853629947
509, 0.0315988715738058
510, 0.0305222554132342
511, 0.0148814943619072
512, 0.0170358249451965
513, 0.0280469311401248
514, 0.0233207988951887
515, 0.0325852500585218
516, 0.0338171429133841
517, 0.0269062567191819
518, 0.0355129117767016
519, 0.020636585727334
520, 0.0275220922194421
521, 0.0317366377760967
522, 0.0342891070370873
523, 0.0226924114727548
524, 0.0336964378754298
525, 0.0309513264025251
526, 0.0309368185698986
527, 0.0333203926372031
528, 0.0351262353360653
529, 0.0330040315166116
530, 0.0296487859450281
531, 0.028716092556715
532, 0.0264212416484952
533, 0.0122213192128887
534, 0.0205221896591995
535, 0.00730246462626383
536, 0.00658011552877724
537, 0.00608962886811544
538, 0.00634829304181039
539, 0.00685980019625276
540, 0.00718166547206541
541, 0.00741221654849748
542, 0.00748636472659806
543, 0.012557965858529
544, 0.01251662018088
545, 0.0124666715661685
546, 0.012498897810777
547, 0.0126857382711023
548, 0.0128479425329715
549, 0.0129068122090151
550, 0.00681628892198205
551, 0.00734416756313294
552, 0.00787039733647058
553, 0.00847617909312248
554, 0.00919854772898058
555, 0.0101152278172473
556, 0.0114667629823089
557, 0.0138774537481368
558, 0.020325465593487
559, 0.0316938411754866
560, 0.00556309330277145
561, 0.005435229317906
562, 0.00535398807066182
563, 0.00536342555036147
564, 0.00550405289201687
565, 0.0058170766569674
566, 0.00628048282427092
567, 0.0144988725272318
568, 0.0135896628877769
569, 0.0138677781602989
570, 0.014163735245044
571, 0.0146838848013431
572, 0.0145626687444746
573, 0.0142014848534018
574, 0.0138456847829123
575, 0.0156777729280293
576, 0.021650695707649
577, 0.0139981138054281
578, 0.0316554762733479
579, 0.00987092851816366
580, 0.00775422807782888
581, 0.00726233054107676
582, 0.00565908468949298
583, 0.00610886130016297
584, 0.00586990635686864
585, 0.00691968326767286
586, 0.00656571118937184
587, 0.00854216190055013
588, 0.0207922292562823
589, 0.012598457125326
590, 0.0134642944515993
591, 0.0173784920480102
592, 0.0238987483084202
593, 0.0126840494728337
594, 0.0127322499950727
595, 0.0128260279695193
596, 0.012920739594847
597, 0.0127692443784326
598, 0.00553808714418362
599, 0.00795745966024697
600, 0.0150417307546983
601, 0.00917416942926745
602, 0.0109673557647814
603, 0.00555537249116848
604, 0.006779473197336
605, 0.00582164634640018
606, 0.00853723435041805
607, 0.020855550110961
608, 0.00994837423786521
609, 0.012438199793299
610, 0.00736681732814759
611, 0.00624650829316427
612, 0.00559169154924651
613, 0.0134087226664027
614, 0.0146158562662701
615, 0.0137664701323956
616, 0.014412783474351
617, 0.0141522116803875
618, 0.0133753046393394
619, 0.0132738178751121
620, 0.0130958820693195
621, 0.0145914381525169
622, 0.0140635993642112
623, 0.0144036440954854
624, 0.0179173775638143
625, 0.0141846760331343
626, 0.0152174456355472
627, 0.0123389387348046
628, 0.0257388059315937
629, 0.0129824562131294
630, 0.00569410103240183
631, 0.00641576577133189
632, 0.00703207775950432
633, 0.00905956995363037
634, 0.00807768253919979
635, 0.00751358410343528
636, 0.00578659893168757
637, 0.0151954521425068
638, 0.0203469434442619
639, 0.0133714898644636
640, 0.0131376608430097
641, 0.0129355815394471
642, 0.0127971793990582
643, 0.0131463628107061
644, 0.0056151559498782
645, 0.00917132835214337
646, 0.00854379074492802
647, 0.00732664387517919
648, 0.00793902195679645
649, 0.00673896194590877
650, 0.0159275156911463
651, 0.0132907448957364
652, 0.0210398271058997
653, 0.00989260439140101
654, 0.0117844165458033
655, 0.0062268585509931
656, 0.0107277050459137
657, 0.00591647741384804
658, 0.0134887717819462
659, 0.0130832222445558
660, 0.0145790004947533
661, 0.0143840143767496
662, 0.014259281490619
663, 0.0146773086550335
664, 0.0141200452732543
665, 0.0144925742254903
666, 0.0144023324052493
667, 0.0166051414174338
668, 0.0151406949541221
669, 0.0132311407166223
670, 0.0105174204024176
671, 0.00852424057666212
672, 0.00957874627783895
673, 0.00702281924895942
674, 0.00778528190373133
675, 0.00587837013881654
676, 0.0162818662356585
677, 0.0133936030324548
678, 0.0212152553722262
679, 0.0131051562105616
680, 0.0137783309910446
681, 0.00579515638362084
682, 0.0245976258069277
683, 0.0125287393263231
684, 0.0140216175156335
685, 0.0166939120584478
686, 0.00853947953631481
687, 0.00917454723579188
688, 0.00981702570182582
689, 0.0206301052433749
690, 0.0078931664271901
691, 0.0114369010552764
692, 0.00724417110905051
693, 0.0105538981345793
694, 0.013891620018209
695, 0.00663789237538974
696, 0.0128401782363653
697, 0.0171017079458882
698, 0.0137847492005676
699, 0.015534701757133
700, 0.0147534038405865
701, 0.0142805799065779
702, 0.0140608374495059
703, 0.0149194229549418
704, 0.0146504469060649
705, 0.013008631034089
706, 0.0134378300669293
707, 0.0142322802760949
708, 0.0148342673977216
709, 0.0131333298825969
710, 0.00889637228101492
711, 0.0101712961525967
712, 0.0079180415874968
713, 0.0056787024717778
714, 0.00626059501276662
715, 0.0111584882251918
716, 0.0170293878763914
717, 0.0136085773507754
718, 0.0201191706582904
719, 0.0141338730075707
720, 0.00622487189248204
721, 0.0145840468661239
722, 0.0168103398755193
723, 0.00983635747494797
724, 0.00916564635311564
725, 0.0104998563571523
726, 0.019577046590192
727, 0.0131214876503994
728, 0.0112273908065011
729, 0.0120616770194223
730, 0.00843703909777105
731, 0.00768089441893001
732, 0.0146328437452515
733, 0.0144613834896258
734, 0.0143259391964724
735, 0.0138004644929121
736, 0.0152875012718141
737, 0.0133155846968293
738, 0.0142018424036602
739, 0.0148097899121543
740, 0.0143561388831586
741, 0.0138572483057422
742, 0.0137396082282066
743, 0.0140721028825889
744, 0.00702999445742794
745, 0.011813384325554
746, 0.0157197744585574
747, 0.0104997177453091
748, 0.00897930228772263
749, 0.0177404908463359
750, 0.0144316183868796
751, 0.0170096580404788
752, 0.015027982260411
753, 0.0111839587334543
754, 0.0105596598392973
755, 0.0118485304992646
756, 0.0135744829506924
757, 0.0126243050520619
758, 0.0100005712759282
759, 0.00879585898170868
760, 0.0153450594904522
761, 0.0151735170123478
762, 0.0135493106208742
763, 0.0149633313994855
764, 0.0141435886422793
765, 0.0132677581471701
766, 0.0126348929479718
767, 0.0132004842162132
768, 0.0123178983728091
769, 0.0103930650899808
770, 0.00800936366431415
771, 0.0166223413710083
772, 0.0123800054813425
773, 0.0118601139790068
774, 0.015054486769562
775, 0.0130171594986071
776, 0.0138848247006536
777, 0.0113993423059583
778, 0.0157914387527853
779, 0.0175533915559451
780, 0.0157552785240114
781, 0.014666083175689
782, 0.0128323454409838
783, 0.0125391900849839
784, 0.0117907146147142
785, 0.0186837939545512
786, 0.015881915576756
787, 0.0139148974791169
788, 0.0133117457541327
789, 0.0160818843171
790, 0.0150900509518882
791, 0.0140410483969996
792, 0.0536676533520222
793, 0.0145239165285602
794, 0.0145815040450543
795, 0.0168639250720541
796, 0.0234471204069753
797, 0.0360855131099621
798, 0.014842969753469
799, 0.0157671994529665
800, 0.0171136489758889
801, 0.0176833503258725
802, 0.0166429905996968
803, 0.0150663685053587
804, 0.013974629342556
805, 0.0133476877429833
806, 0.0128603007954856
807, 0.0125979008929183
808, 0.0125576678353051
809, 0.0125028711433212
810, 0.0122542599371324
811, 0.0120652539189905
812, 0.0121188384170334
813, 0.0195771086340149
814, 0.0171324048812191
815, 0.0162226386989156
816, 0.0152463540434837
817, 0.0143550858677675
818, 0.0137659134343266
819, 0.0134920501150191
820, 0.0134547975224753
821, 0.013705872076874
822, 0.0195829700678587
823, 0.0162322154889504
824, 0.0149655961431563
825, 0.0138572681074341
826, 0.0126141135115176
827, 0.010531784966588
828, 0.00637796622080108
829, 0.0450227350617448
830, 0.0168302490686377
831, 0.0132448300719261
832, 0.0165463515246908
833, 0.0139972396815817
834, 0.0126979770914962
835, 0.0180788865933816
836, 0.0168801772718628
837, 0.0124330343678594
838, 0.0130177564763774
839, 0.0134784407758464
840, 0.0150502945762128
841, 0.0178685618254046
842, 0.0153071905175845
843, 0.0355737872111301
844, 0.0141540392457197
845, 0.0139176272787154
846, 0.0164202284067869
847, 0.013552946348985
848, 0.0130583670300742
849, 0.0125932718316714
850, 0.0123420018702745
851, 0.0203653210774064
852, 0.0140853547491133
853, 0.0270227439080675
854, 0.0179366297088563
855, 0.018606109234194
856, 0.0191624591437479
857, 0.0165949491783977
858, 0.0147915310226381
859, 0.0141373892935614
860, 0.01364704205965
861, 0.0134904808364809
862, 0.0156187239723901
863, 0.013683043497925
864, 0.0194489595790704
865, 0.0148424133658409
866, 0.0191714597555498
867, 0.0182026255254944
868, 0.0174140358964602
869, 0.0139543238716821
870, 0.0132253591436893
871, 0.0133357472562542
872, 0.0276848134983863
873, 0.0143113331869245
874, 0.0123735007696918
875, 0.0147008326991151
876, 0.0160310497352233
877, 0.0131807949704429
878, 0.0147186746665587
879, 0.0178765884290139
880, 0.0128719236236066
881, 0.0136535990362366
882, 0.0140604007368286
883, 0.0169020723551512
884, 0.0150840510614216
885, 0.0191830429248512
886, 0.0187719697132707
887, 0.0127031590789556
888, 0.0138310813345015
889, 0.0128566450439394
890, 0.0134072328607241
891, 0.0140209023375064
892, 0.0212977767611543
893, 0.0254652147802214
894, 0.0141782987241944
895, 0.0174554612797995
896, 0.0139867290854454
897, 0.0144857392491152
898, 0.0136886068309347
899, 0.0150579834977786
900, 0.0139420059775668
901, 0.0158919522849222
902, 0.018192691107591
903, 0.0158662425819784
904, 0.019225560904791
905, 0.0187156433239579
906, 0.0147270985568563
907, 0.0137983188033104
908, 0.0141303366205345
909, 0.0189826923112075
910, 0.0168899723018209
911, 0.0141090894117951
912, 0.0190718613254527
913, 0.0188316929464539
914, 0.0193530178761908
915, 0.0131749451559569
916, 0.0285579414727787
917, 0.0175928302730123
918, 0.0201536053791642
919, 0.01941023596252
920, 0.0150461028485248
921, 0.0156091679818928
922, 0.0172344873814533
923, 0.0132916196404646
924, 0.0144505328498781
925, 0.0137420321504275
926, 0.0190839998734494
927, 0.0171467890031636
928, 0.0184488321344058
929, 0.0142112758941948
930, 0.0136573536631962
931, 0.0139566684762637
932, 0.0255844440932075
933, 0.0142970510448019
934, 0.0152723021650066
935, 0.0168729058156411
936, 0.0141047744080424
937, 0.0143001700441043
938, 0.0141049449642499
939, 0.0146804082517823
940, 0.0152716862503439
941, 0.0177265036230286
942, 0.0146617120287071
943, 0.0177966984920204
944, 0.0253694349899888
945, 0.0185450745436052
946, 0.0186316136802946
947, 0.014484090420107
948, 0.0160051813970009
949, 0.0154293004112939
950, 0.0196823868900537
951, 0.0264612489069502
952, 0.0178938135504723
953, 0.0196951668088635
954, 0.0225616334937513
955, 0.020955845558395
956, 0.0163897508755326
957, 0.0145951337957134
958, 0.0186039443748693
959, 0.0138471154496074
960, 0.0204171778944631
961, 0.0173836583271623
962, 0.0151376412250102
963, 0.0138487444104006
964, 0.0144744741264731
965, 0.0159677095556011
966, 0.0209416022657284
967, 0.0160756540329506
968, 0.0170321497134864
969, 0.0189713736996055
970, 0.0188606606485943
971, 0.0145334225768844
972, 0.0145137731451541
973, 0.0148806994160016
974, 0.0142307308657716
975, 0.0183220934122801
976, 0.0164512625585
977, 0.0175193581574907
978, 0.0175655513691405
979, 0.0144473336792241
980, 0.0134981656447053
981, 0.016999843796449
982, 0.0198571134048204
983, 0.0218063443899155
984, 0.0173329945343236
985, 0.0169278814767798
986, 0.0196854504756629
987, 0.0148660687729716
988, 0.021684650486956
989, 0.0254685720428824
990, 0.0167160456379255
991, 0.0147565035925557
992, 0.0160994961236914
993, 0.01542564551346
994, 0.0198988940877219
995, 0.0204867642372847
996, 0.0148026971922566
997, 0.0152580085476594
998, 0.0156194956041872
999, 0.0151768751287212
1000, 0.0151875441273053
1001, 0.0233116783201694
1002, 0.0162679182055096
1003, 0.0173397289278607
1004, 0.0143471781630069
1005, 0.0175784176348576
1006, 0.0251838218731185
1007, 0.0199390092554192
1008, 0.0159441977739334
1009, 0.0171994601065914
1010, 0.0224210463153819
1011, 0.0204013424615065
1012, 0.0224586762487888
1013, 0.0231994038137297
1014, 0.0154651235012958
1015, 0.0150560168549418
1016, 0.0180068518966436
1017, 0.0206980141811073
1018, 0.0201283562928438
1019, 0.0144658711118003
1020, 0.0234070459070305
1021, 0.0245278916942577
1022, 0.0161522456134359
1023, 0.0152264466354003
1024, 0.0160627991426736
1025, 0.0152975686692766
1026, 0.0212613143026829
1027, 0.0197787520786126
1028, 0.0229294539118807
1029, 0.0225334007603427
1030, 0.0151448476438721
1031, 0.0152331815722088
1032, 0.019100411174198
1033, 0.0223912439929942
1034, 0.0168651370331645
1035, 0.0155100456128518
1036, 0.0233115509950689
1037, 0.0148914282520612
1038, 0.0147764907839398
1039, 0.0236887973733246
1040, 0.0201413908973336
1041, 0.0155135661363602
1042, 0.0180955306360764
1043, 0.0169628657400608
1044, 0.0150187517516315
1045, 0.0156624515407852
1046, 0.0222376627847552
1047, 0.0126572872201602
1048, 0.0265363895644744
1049, 0.00586579336474339
1050, 0.0134164916817099
1051, 0.0138418901090821
1052, 0.0144153863657266
1053, 0.0156144727176676
1054, 0.019015355889375
1055, 0.0256344721031686
1056, 0.0342840803787112
1057, 0.041857786787053
1058, 0.0434254681070646
1059, 0.0126133977901191
1060, 0.0057436836262544
1061, 0.00620263946863512
1062, 0.00644999870564789
1063, 0.00647982081864029
1064, 0.00662350771017373
1065, 0.00694825376073519
1066, 0.00714802885583291
1067, 0.00689453010757764
1068, 0.0061783204631259
1069, 0.027986452759554
1070, 0.0154904555529356
1071, 0.0109895091348638
1072, 0.00937901150124768
1073, 0.0082805371688058
1074, 0.0074594432177643
1075, 0.00685473399547239
1076, 0.00644042222605397
1077, 0.00616999606912335
1078, 0.00597087670272837
1079, 0.00578655911764751
1080, 0.0126183257283022
1081, 0.0136054973894109
1082, 0.0148009489445637
1083, 0.0189302997508397
1084, 0.0270107425749302
1085, 0.0381985966426631
1086, 0.0550202404459318
1087, 0.00658851986130079
1088, 0.00735207534550379
1089, 0.0067316306134065
1090, 0.00704087941752126
1091, 0.00750368988762299
1092, 0.00759289786219597
1093, 0.00643730295511584
1094, 0.0132058286108077
1095, 0.0305605774434904
1096, 0.0405141574641069
1097, 0.0217290557920933
1098, 0.0125070837326348
1099, 0.0129699731090417
1100, 0.016177100672697
1101, 0.0127560917753726
1102, 0.0334155632493397
1103, 0.0131691521188865
1104, 0.0215834223975738
1105, 0.0362385576590896
1106, 0.0138174125459045
1107, 0.0167311663584163
1108, 0.0291295708157122
1109, 0.014598312942932
1110, 0.0387305095791817
1111, 0.00875250642032673
1112, 0.00707789397953699
1113, 0.00631233199965209
1114, 0.00891636001567046
1115, 0.0449771958403289
1116, 0.0190661190232883
1117, 0.0126218228445699
1118, 0.0312791721274455
1119, 0.0103534283892562
1120, 0.00657761236652732
1121, 0.00784977436220894
1122, 0.00616775107725213
1123, 0.0181808335972684
1124, 0.00606993402886604
1125, 0.0129620200688285
1126, 0.0497045777738094
1127, 0.00662211724556983
1128, 0.00692377635277808
1129, 0.00770714044726143
1130, 0.00729821277006219
1131, 0.00815916208860775
1132, 0.00885180795254807
1133, 0.0134385649580508
1134, 0.0131370450835675
1135, 0.0416410425677896
1136, 0.0246108216233552
1137, 0.03384509201472
1138, 0.0129977095251282
1139, 0.0140817388116072
1140, 0.0242501148022711
1141, 0.012964608380571
1142, 0.0152020086534321
1143, 0.0182151630676041
1144, 0.0321740172803402
1145, 0.036939786747098
1146, 0.0376376584172249
1147, 0.0135056203386436
1148, 0.0297655919566751
1149, 0.00952242004374663
1150, 0.0362861218995282
1151, 0.0211983563688894
1152, 0.013873003811265
1153, 0.0111274742521346
1154, 0.00827104031729201
1155, 0.00735614832956344
1156, 0.00679926201701164
1157, 0.00654661801776716
1158, 0.00562279345467687
1159, 0.0108898701922347
1160, 0.0081995144719258
1161, 0.00704503210727125
1162, 0.00764040291930238
1163, 0.00882687342042724
1164, 0.00970784962798158
1165, 0.00635991250164807
1166, 0.0147725968466451
1167, 0.0136959376589706
1168, 0.0363593961422642
1169, 0.0416525478164355
1170, 0.0133708541591962
1171, 0.017776949563995
1172, 0.0340337616701921
1173, 0.0434011999517679
1174, 0.0132860564626753
1175, 0.0201198694606622
1176, 0.0269461320713162
1177, 0.0141280123498291
1178, 0.037621485379835
1179, 0.0345501758468648
1180, 0.0155472591674576
1181, 0.0249548605643213
1182, 0.0118721151569237
1183, 0.0351998640224338
1184, 0.00709750787355006
1185, 0.00770702123797188
1186, 0.00872834721424927
1187, 0.0101182882208377
1188, 0.0181681667454541
1189, 0.0132403397932649
1190, 0.0256075710058212
1191, 0.0386718075190272
1192, 0.0136567549114781
1193, 0.0137871188510742
1194, 0.00877940817736089
1195, 0.0080233319063804
1196, 0.0293269211736818
1197, 0.00919964110168318
1198, 0.021780773686866
1199, 0.0157448678898315
1200, 0.00957052083685994
1201, 0.0174234743074824
1202, 0.0106678820836047
1203, 0.0197001137615492
1204, 0.0140867655475934
1205, 0.0275345301876465
1206, 0.0162136190726111
1207, 0.0301165647494296
1208, 0.0364220604921381
1209, 0.0363103408987323
1210, 0.012637001927942
1211, 0.0107211493887007
1212, 0.0381609679510196
1213, 0.0277746372545759
1214, 0.00935516552999616
1215, 0.0105016253267725
1216, 0.012298169080168
1217, 0.0217483673865596
1218, 0.0172199894274984
1219, 0.0145008830353618
1220, 0.0220041916084786
1221, 0.0302237326589723
1222, 0.0376752087225517
1223, 0.0114017237376954
1224, 0.0197158893570304
1225, 0.0135745038278401
1226, 0.0237714433377343
1227, 0.035872008651495
1228, 0.01693445785592
1229, 0.0310063613578677
1230, 0.0387171108275652
1231, 0.0318059981800616
1232, 0.0236797619611025
1233, 0.0138475330701719
1234, 0.0310657876543701
1235, 0.0334856969614824
1236, 0.0218447887649139
1237, 0.0350679427695771
1238, 0.0233995758462697
1239, 0.014561465382576
1240, 0.0386554077267647
1241, 0.0384689439088106
1242, 0.0131223700009286
