1, 0.00452047656290233
2, 0.01081595022697
3, 0.0031060881447047
4, 0.00586092588491738
5, 0.00660407659597695
6, 0.00947892758995295
7, 0.00240254448726773
8, 0.002710193846724
9, 0.0113303385442123
10, 0.00494027230888605
11, 0.00571441720239818
12, 0.0104479803703725
13, 0.00472049502423033
14, 0.00497750538246085
15, 0.00517493571775655
16, 0.00537900226966788
17, 0.0055727173651879
18, 0.0057821679705133
19, 0.00609729780505101
20, 0.00676147263341894
21, 0.00834989710710943
22, 0.00973697596540054
23, 0.00661726893546681
24, 0.0043229270959273
25, 0.00315272874043634
26, 0.00409478015111138
27, 0.00483248739813765
28, 0.00529295318604757
29, 0.005563280157124
30, 0.00571801362093538
31, 0.00580056613155951
32, 0.00584358078776859
33, 0.00580656637127201
34, 0.0057111990172416
35, 0.00562131513531009
36, 0.00554883588726322
37, 0.00550516547324757
38, 0.00551811954937875
39, 0.00559667878163358
40, 0.00572598089153568
41, 0.00589350967978438
42, 0.00608150288462639
43, 0.00625566781188051
44, 0.00644931325223297
45, 0.0065240873179088
46, 0.00643821712583303
47, 0.00628034421242774
48, 0.00607009837403893
49, 0.005828897934407
50, 0.00557291608614226
51, 0.00532913293379049
52, 0.00511658261530101
53, 0.00494444440118968
54, 0.00480095646344125
55, 0.00466243519137303
56, 0.0045496232341975
57, 0.00451688057122131
58, 0.00450654902185003
59, 0.00453841779381037
60, 0.00460906932130456
61, 0.00471774837933481
62, 0.00484720966778696
63, 0.00497671061505874
64, 0.00509369489736855
65, 0.00518481022057434
66, 0.00525494501926005
67, 0.00531673540050785
68, 0.0054080894527336
69, 0.00558408217815061
70, 0.0059177887160331
71, 0.00656112182574968
72, 0.00798662627736727
73, 0.00807336065918207
74, 0.00719197668756048
75, 0.0047836706507951
76, 0.00382888371435304
77, 0.00335677507488678
78, 0.0030831500965481
79, 0.00290799187496305
80, 0.00277634504406402
81, 0.00266905676107854
82, 0.00258477579336613
83, 0.00253347610123456
84, 0.00249064007463555
85, 0.00244001594061653
86, 0.00249302427982911
87, 0.00269828280822063
88, 0.00290447518151874
89, 0.0031257674175625
90, 0.00336130506669482
91, 0.0036038164786684
92, 0.00384833473556985
93, 0.00408681303573151
94, 0.00429896587350716
95, 0.00446470663882792
96, 0.0045368680342411
97, 0.00447537575382739
98, 0.00418957140451918
99, 0.00358833925565705
100, 0.00269802464754321
101, 0.0042604614670078
102, 0.00683605810627341
103, 0.00995207050194343
104, 0.00893287030824771
105, 0.00731039190820108
106, 0.00669849039210628
107, 0.00646541651804
108, 0.0063524852739647
109, 0.00626949577902754
110, 0.00617873788966487
111, 0.00608998661239942
112, 0.00598913535941392
113, 0.00587896591362854
114, 0.00576684984844178
115, 0.00565230943417798
116, 0.00553508684970438
117, 0.00541716907173395
118, 0.00530103931669146
119, 0.0051870751582707
120, 0.0050484545645304
121, 0.00505574637403091
122, 0.00516180290530125
123, 0.00525887892581522
124, 0.00534832555179795
125, 0.00543737512392302
126, 0.00551557641786834
127, 0.00558809540234506
128, 0.00564460060559213
129, 0.00568755576387048
130, 0.0057240736981233
131, 0.00576585630187765
132, 0.00580839401421448
133, 0.00596185626151661
134, 0.00611607357859612
135, 0.00626333694284161
136, 0.00640555362527569
137, 0.00653839258787533
138, 0.00665529708688458
139, 0.00673810772908231
140, 0.00677931448444724
141, 0.006768347385029
142, 0.006698649454241
143, 0.00657685698630909
144, 0.00643142188588778
145, 0.00628773487793903
146, 0.00616363808512688
147, 0.0060795556443433
148, 0.00602614980501433
149, 0.00598995007264117
150, 0.00595045221659044
151, 0.00589728471823037
152, 0.00467010447755456
153, 0.00718498361917834
154, 0.0103259103683134
155, 0.0101361689157784
156, 0.00676413478019337
157, 0.00414574204478413
158, 0.0023932857826973
159, 0.00237139108746002
160, 0.00234882079530507
161, 0.00233229044048736
162, 0.0023232304956764
163, 0.00232577366599192
164, 0.00233598588965833
165, 0.00235823836798469
166, 0.00238160338873665
167, 0.00241808147014429
168, 0.00246862628652404
169, 0.00254666859594484
170, 0.00264533411245793
171, 0.00276668913041552
172, 0.00293850956950337
173, 0.00316536492512872
174, 0.00346084509510547
175, 0.00389540284716835
176, 0.00468003858501713
177, 0.00748685147846118
178, 0.00904635743548473
179, 0.00828298088163137
180, 0.00699381165516873
181, 0.00616586340280871
182, 0.00566323691358169
183, 0.00533763668499887
184, 0.00510358919079105
185, 0.0049352259375155
186, 0.00480938043134908
187, 0.00472645011420051
188, 0.0046720114381363
189, 0.0046517460141331
190, 0.0046449510846287
191, 0.00466493827601274
192, 0.00470304543462892
193, 0.00475152411187689
194, 0.00482690411930283
195, 0.00491305269921819
196, 0.00757067663861173
197, 0.00371102554102739
198, 0.00535967061296105
199, 0.00556975727279981
200, 0.00578878439652423
201, 0.00607673443543414
202, 0.00656026722087214
203, 0.0074585888069123
204, 0.00909684237558395
205, 0.00546689923309411
206, 0.00506327650509775
207, 0.0045874920906499
208, 0.00398918045296644
209, 0.00617977130847673
210, 0.00600608321838081
211, 0.005835494492203
212, 0.00568266810538868
213, 0.00556888299373289
214, 0.00551217899192125
215, 0.00552332509929935
216, 0.00557551893871278
217, 0.00565558784486105
218, 0.00574420016103735
219, 0.00485217668271313
220, 0.00499737332575023
221, 0.00556043876955907
222, 0.00578630059802284
223, 0.00599845359101892
224, 0.00618116192830106
225, 0.00631789506102602
226, 0.00640873257846882
227, 0.00534147109525899
228, 0.00515091496830185
229, 0.00583374581765383
230, 0.00599952639701466
231, 0.00613031912750254
232, 0.00621722262197485
233, 0.00554166342287014
234, 0.00631876136176288
235, 0.00583595126712074
236, 0.0055819364109387
237, 0.00611871608998626
238, 0.00598847990234693
239, 0.00568850943818688
240, 0.0055311929124097
241, 0.00558825438686957
242, 0.00538218126166612
243, 0.00557913487621893
244, 0.00576260187663138
245, 0.00569870187124858
246, 0.00507366734867295
247, 0.00497504133575906
248, 0.00724820435668031
249, 0.00585544237401336
250, 0.00617691013030708
251, 0.00514024577569216
252, 0.00663455455408742
253, 0.00560033426154405
254, 0.00786250973275552
255, 0.00516067010660966
256, 0.00512850371056369
257, 0.00625387399590441
258, 0.00566652965998011
259, 0.00750715848989785
260, 0.00544182560406625
261, 0.00603999791201204
262, 0.00618110236246139
263, 0.00614170349823932
264, 0.00605553477847328
265, 0.00526231612699727
266, 0.00556998359970748
267, 0.00618591434322298
268, 0.00564022948189328
269, 0.00561783808128287
270, 0.00574028596747667
271, 0.0058788867512097
272, 0.00601305672898889
273, 0.00612740986980498
274, 0.00555229276263465
275, 0.00554265660078575
276, 0.00527232966851443
277, 0.00557649255885432
278, 0.00558014803876479
279, 0.00544556075086196
280, 0.00536835267363737
281, 0.00495464890263975
282, 0.00592714672287305
283, 0.00626307869485269
284, 0.00720522933018704
285, 0.00670071574859321
286, 0.00549921067431569
287, 0.00665442257498701
288, 0.00554607412777841
289, 0.00574813383476188
290, 0.00620009594907363
291, 0.00566210446413606
292, 0.00555314705707133
293, 0.00536685073748231
294, 0.00598593680964162
295, 0.00582768632254253
296, 0.00609552972794821
297, 0.00614733803085983
298, 0.00592096728117516
299, 0.00542686472181231
300, 0.00758292390188823
301, 0.00564306206069887
302, 0.00706722470931709
303, 0.00543405701561521
304, 0.00669553018330286
305, 0.00629329828855892
306, 0.00646154186688364
307, 0.00708105271526923
308, 0.00587133682953815
309, 0.00605895226666083
310, 0.00594115362036973
311, 0.0056985030338789
312, 0.00614180287811905
313, 0.00624553475063294
314, 0.00624779392299908
315, 0.00615056448926528
316, 0.00618712231516838
317, 0.00718581792898476
318, 0.00594703457318246
319, 0.00688529115480681
320, 0.00570183250653957
321, 0.00661540159489959
322, 0.00552952382713556
323, 0.00631020594543467
324, 0.00607222431184103
325, 0.00633488211315125
326, 0.00643146154470742
327, 0.00637398291534434
328, 0.00699436799623072
329, 0.00626605034007558
330, 0.00664762768428773
331, 0.00662652767884235
332, 0.00658384504328881
333, 0.00628211605362594
334, 0.00649857664636026
335, 0.00615339395590127
336, 0.00599162694998086
337, 0.00596251187380403
338, 0.00549523155981054
339, 0.00545730286588271
340, 0.0056792307489862
341, 0.00642997135097782
342, 0.00734639319125563
343, 0.0054573427963381
344, 0.00271731659692402
345, 0.00329818376728023
346, 0.00536431973644843
347, 0.00523563323076814
348, 0.00428839590555678
349, 0.00493810667345921
350, 0.00482273191058387
351, 0.00472897372674197
352, 0.00467221019789577
353, 0.00465792514539013
354, 0.00466970695803563
355, 0.00253882049582899
356, 0.0025929018156603
357, 0.00264771827884639
358, 0.00305638761104395
359, 0.00282313474842037
360, 0.00295511930016801
361, 0.00313508562976494
362, 0.0033987964464662
363, 0.00383190364421656
364, 0.00461493007605895
365, 0.00595049148735901
366, 0.00282855871288727
367, 0.00355146375174324
368, 0.00530113869657119
369, 0.00380579682920749
370, 0.00406056716262052
371, 0.00515399469683568
372, 0.00505244801752269
373, 0.00448024338887384
374, 0.00459788320586085
375, 0.00460841324335585
376, 0.00447660758315275
377, 0.00416312692686915
378, 0.00373458934094136
379, 0.00353662252503758
380, 0.00763702542254967
381, 0.00912392321818819
382, 0.00297435179042319
383, 0.00279241844934101
384, 0.00332659539223338
385, 0.00407195157216241
386, 0.00478814134839922
387, 0.00361810188042
388, 0.0028689310226279
389, 0.0031234627434363
390, 0.00562389800325036
391, 0.00487929675728083
392, 0.00501511568048348
393, 0.00522071204613894
394, 0.00761201493442059
395, 0.00641532843777289
396, 0.00592649068372945
397, 0.00551007288352897
398, 0.00538770443138977
399, 0.0070934109777833
400, 0.00542948732618243
401, 0.00534916021085034
402, 0.0052927741392826
403, 0.00512178832044204
404, 0.00492805324029177
405, 0.00449689295298109
406, 0.00403978500980884
407, 0.00472547684330493
408, 0.00349863424586753
409, 0.00298470307219153
410, 0.00323768511104087
411, 0.00464773263471822
412, 0.00472198011508832
413, 0.0037685440814433
414, 0.00428938943271836
415, 0.00467997878634681
416, 0.00474015972577035
417, 0.00524640164803714
418, 0.00702393186899523
419, 0.0056434083962813
420, 0.00596946578783294
421, 0.00484767067246139
422, 0.00503023558606704
423, 0.00641228856208424
424, 0.00509007882404452
425, 0.0077285977313295
426, 0.00622643859657858
427, 0.00489144755660423
428, 0.00661460702152302
429, 0.00589974833807598
430, 0.00431631072812403
431, 0.00503951392602175
432, 0.00384267229431619
433, 0.00352329068118706
434, 0.00329891898824523
435, 0.00314184084224204
436, 0.00302362490522986
437, 0.00592239802548041
438, 0.00625759440784653
439, 0.00658112865251799
440, 0.00549284694716334
441, 0.00548478049070885
442, 0.00553365629942467
443, 0.00546848863208046
444, 0.00548450260733565
445, 0.00541371204114209
446, 0.00521344051230699
447, 0.00531844395057609
448, 0.00512675537417332
449, 0.00566566099102298
450, 0.00274407905193844
451, 0.00374194044464578
452, 0.00482833470838765
453, 0.00452864239923656
454, 0.00402838069324692
455, 0.00429767451714724
456, 0.00470656238030642
457, 0.00345502343649666
458, 0.00318842326357429
459, 0.00491895367546628
460, 0.00532609332973758
461, 0.0050388186549147
462, 0.00538015466493865
463, 0.00598069140687585
464, 0.00643851468339562
465, 0.00694215410233786
466, 0.0051494250074029
467, 0.00698403076135686
468, 0.00740182508404056
469, 0.00264790097717196
470, 0.00348534242948517
471, 0.00371839662936206
472, 0.00405323567489783
473, 0.00331387971527874
474, 0.00453041070917
475, 0.00513921262851606
476, 0.00583868133835494
477, 0.00541544061464568
478, 0.00565391879839202
479, 0.00561485796545943
480, 0.00583752101132025
481, 0.00604947493411601
482, 0.00596632342785597
483, 0.00563391154476752
484, 0.00553961684151242
485, 0.00554617335243772
486, 0.00558579072821885
487, 0.00552618608344346
488, 0.0056471237524723
489, 0.00293366950936615
490, 0.00505490372888744
491, 0.00563041458372027
492, 0.00565844894542048
493, 0.00493846434013297
494, 0.00404052007555341
495, 0.00433015893213451
496, 0.00478619410811613
497, 0.00458449199019621
498, 0.00344078592024744
499, 0.00372179405530915
500, 0.00528895963604252
501, 0.00508395931683481
502, 0.00685869064182043
503, 0.00638862571213394
504, 0.00531971537774163
505, 0.00622900435701013
506, 0.00685225042980164
507, 0.00422243360662833
508, 0.00466414370263616
509, 0.00390845601214096
510, 0.0036914354423061
511, 0.00531353362436805
512, 0.00585103135866423
513, 0.00578757212497294
514, 0.00573229882866144
515, 0.00573817989788949
516, 0.00581564602907747
517, 0.00584125615811596
518, 0.00568592653144151
519, 0.00552658340893686
520, 0.00559028098359704
521, 0.00560321488107244
522, 0.0059532447984176
523, 0.00504581222776324
524, 0.00487397203687578
525, 0.00438674360824128
526, 0.00466166013696541
527, 0.00405728898476809
528, 0.00582862016744912
529, 0.00521653979861488
530, 0.00545481941662729
531, 0.00658502305547396
532, 0.00633378943894058
533, 0.00671994816511869
534, 0.00408318117260933
535, 0.00524006368747602
536, 0.00475311376309643
537, 0.00436306085127095
538, 0.00594147143419832
539, 0.00606646241309742
540, 0.00577080346799145
541, 0.00608350938030829
542, 0.00553228257090918
543, 0.00576574890874326
544, 0.00561616922883938
545, 0.0055120597826317
546, 0.00553284174141784
547, 0.00559079735539854
548, 0.0063076508231461
549, 0.00515504778983692
550, 0.00477214712494363
551, 0.00498851225711405
552, 0.00448031161379601
553, 0.00532335132205238
554, 0.00588311860337853
555, 0.00554903445299715
556, 0.00633978960104287
557, 0.00631969432080431
558, 0.00519192304151754
559, 0.0048271029178674
560, 0.00609189392222712
561, 0.00583980608886729
562, 0.00562395760789514
563, 0.00541815855540335
564, 0.00547260139137506
565, 0.00541465709518109
566, 0.00719583136960864
567, 0.00527894590049982
568, 0.00514629988798073
569, 0.00586644932627678
570, 0.00615096217952669
571, 0.00517795580284049
572, 0.00562353217974305
573, 0.00487904627807438
574, 0.00742690698243678
575, 0.00537936775945127
576, 0.00541257951408625
577, 0.00560011578879009
578, 0.00607516500167549
579, 0.00612693303264678
580, 0.00564183861327668
581, 0.00575206770251195
582, 0.00586144218686968
583, 0.0059691679586346
584, 0.00617200252600014
585, 0.00626742971750597
586, 0.0063655983346204
587, 0.00648117201247563
588, 0.00667653620863954
589, 0.00707086059264839
590, 0.00792962456277261
591, 0.00561479836081465
592, 0.00553604071804633
593, 0.00544947486681243
594, 0.00536173690731327
595, 0.00526875362265855
596, 0.00516738587369521
597, 0.00592082851411154
598, 0.00600085780024529
599, 0.00605273359299948
600, 0.00612882897257805
601, 0.00624114375871917
602, 0.00638224801514298
603, 0.00653106086732199
604, 0.00665750234232595
605, 0.00674605505385747
606, 0.00677822149979572
607, 0.00675368409914275
608, 0.00668861592809359
609, 0.00658800344293316
610, 0.00646074740992238
611, 0.00632061692886055
612, 0.00617685056446741
613, 0.00603183223089824
614, 0.00588780742449065
615, 0.00553008021476368
616, 0.00523219634002696
617, 0.00479044617774586
618, 0.00424428862364342
619, 0.0040009826188907
620, 0.00811946539518734
621, 0.00958742868776123
622, 0.00568254897370934
623, 0.00579900844022632
624, 0.00548937055282295
625, 0.00573567638639361
626, 0.00566230334031085
627, 0.0055750619697695
628, 0.00540369877126068
629, 0.00577898909493039
630, 0.00596177706029266
631, 0.00610570233160009
632, 0.00675052513057987
633, 0.00608126450485239
634, 0.00621789818008741
635, 0.00602158046482752
636, 0.00622606393881142
637, 0.00637489673681557
638, 0.00652754427089045
639, 0.00665072724223137
640, 0.00669443715984623
641, 0.00677023443859071
642, 0.00660324228617052
643, 0.00673369702417403
644, 0.00648959598038346
645, 0.00635620074657102
646, 0.00552841105187933
647, 0.00713793572504073
648, 0.00656026729848236
649, 0.0058548062806949
650, 0.00628713910312702
651, 0.00606854884730031
652, 0.00530235050246119
653, 0.00541746701734761
654, 0.00765808555297554
655, 0.00520365326665342
656, 0.00640871255503346
657, 0.00617683065744738
658, 0.00595965108368546
659, 0.00575031918318321
660, 0.00678271198800455
661, 0.00571258971467614
662, 0.0055664392032971
663, 0.00581900387381514
664, 0.00540236744564027
665, 0.00533225232114394
666, 0.00558827423568194
667, 0.00531636072056634
668, 0.0059234254461314
669, 0.00686009060591459
670, 0.0081562811974436
671, 0.00544338342733681
672, 0.00581469243237128
673, 0.00587558823948105
674, 0.00570921200172355
675, 0.00561742096518477
676, 0.00552757693609844
677, 0.0057443988431866
678, 0.00596118081981937
679, 0.0067724200974529
680, 0.00675328677364935
681, 0.00674522047241529
682, 0.00668372823080669
683, 0.00667780761917432
684, 0.00656348591049512
685, 0.00640108304408689
686, 0.00623794520894686
687, 0.00636760533476869
688, 0.00658810258998225
689, 0.00610313925426453
690, 0.00622507052806516
691, 0.00648554290334384
692, 0.0060815823962912
693, 0.00564311033425232
694, 0.00645220403869947
695, 0.00542922923341393
696, 0.0066314551125591
697, 0.00631094110819201
698, 0.0061847580363974
699, 0.00606940310293188
700, 0.00595923373475671
701, 0.00585659434242795
702, 0.00687829781478892
703, 0.00722452140568445
704, 0.00763104483485222
705, 0.00553675589617342
706, 0.00571521220263094
707, 0.00595984961061428
708, 0.00582420942373574
709, 0.0058259778112794
710, 0.00766668860645344
711, 0.00555757230280766
712, 0.00791162368841469
713, 0.00587819136368732
714, 0.00575115384223561
715, 0.00565165378308545
716, 0.00597051321528852
717, 0.00579744686062137
718, 0.00599303361959755
719, 0.00635051851471265
720, 0.00623144838027656
721, 0.00680047390051186
722, 0.00674466416239738
723, 0.00681076563584308
724, 0.00666133686900139
725, 0.00675984340098997
726, 0.00611432521448781
727, 0.00663910425888995
728, 0.00645689289861669
729, 0.00645113092226287
730, 0.00655907520558685
731, 0.00623204442672431
732, 0.00590280233882368
733, 0.00597141310572624
734, 0.00637211514792095
735, 0.00575343860934178
736, 0.00667256217760344
737, 0.00648578124431272
738, 0.00608080730307847
739, 0.00633184215985239
740, 0.00619598350021988
741, 0.00597415468655527
742, 0.00565995873572926
743, 0.00691523286513984
744, 0.00755876446298013
745, 0.00723383963728944
746, 0.00581594428513199
747, 0.00636760525715848
748, 0.0058771383815578
749, 0.00742127340553062
750, 0.00773869090092679
751, 0.00592776244351019
752, 0.0057929933869413
753, 0.00599558460526168
754, 0.00586788756772876
755, 0.00621630864528318
756, 0.00608205911703408
757, 0.00676232696666072
758, 0.00665585331929227
759, 0.00685286646087964
760, 0.0068948877742514
761, 0.00631725892890245
762, 0.00652078884498527
763, 0.00686899941259374
764, 0.00653805478941649
765, 0.00674764420061062
766, 0.00642214342951775
767, 0.00590376956388354
768, 0.00584322330541909
769, 0.00604621701252957
770, 0.00680162633458773
771, 0.00587002525571734
772, 0.00669137741594265
773, 0.00650445732753724
774, 0.00620969260732333
775, 0.00634410108129183
776, 0.00609729792146633
777, 0.00615862567376878
778, 0.00577175714230786
779, 0.0069122324930504
780, 0.00717028117893885
781, 0.00738396096442427
782, 0.00598476058803499
783, 0.00622079890066137
784, 0.00700521628217151
785, 0.00568754770793021
786, 0.00749834533780813
787, 0.00597953916682551
788, 0.00688562914729118
789, 0.00665925062882404
790, 0.00679735459076862
791, 0.00692465024379392
792, 0.0061780820057417
793, 0.00700364630514135
794, 0.00652269658166915
795, 0.00627684713496516
796, 0.00700704373108844
797, 0.00639351352583617
798, 0.00588578102178872
799, 0.0059887181657056
800, 0.00661430507898331
801, 0.00668645021505654
802, 0.00650797415679942
803, 0.0063572737465923
804, 0.00622832887650778
805, 0.00688751662770907
806, 0.00588977445537845
807, 0.00708396243862808
808, 0.00659853351923327
809, 0.00719086461079617
810, 0.00614223986243208
811, 0.00713219381092737
812, 0.00625246895166735
813, 0.00602766565446343
814, 0.00609777104109526
815, 0.00739927445538342
816, 0.00591628681868315
817, 0.00637235376052558
818, 0.00611879533001532
819, 0.00724268103949726
820, 0.00600612291600555
821, 0.00709786157434185
822, 0.00651047751307487
823, 0.00701264656769733
824, 0.00666942319367081
825, 0.00684249521388362
826, 0.00787377489420275
827, 0.00334813250810839
828, 0.0056778402455772
829, 0.00579311558976769
830, 0.00590696034487337
831, 0.00602173902249585
832, 0.00612447775589923
833, 0.00622050072221706
834, 0.00631837162654847
835, 0.00643903160622964
836, 0.00663813098799437
837, 0.00705085330021878
838, 0.00793727378671368
839, 0.00955913642731806
840, 0.00558144798768418
841, 0.00444529543165118
842, 0.00448602515583237
843, 0.00437762417520086
844, 0.00408323673764244
845, 0.00356336496770382
846, 0.0047869891859591
847, 0.00398220698116347
848, 0.00352521807265778
849, 0.00322119460906833
850, 0.00299416045891121
851, 0.00282609513184677
852, 0.0027047599821041
853, 0.00260369041158507
854, 0.00253188662463799
855, 0.00248463999014348
856, 0.00244991035045435
857, 0.00242622745766615
858, 0.00240812743625914
859, 0.00240286239810909
860, 0.00240810752923911
861, 0.00241686939261854
862, 0.00243244618953516
863, 0.00244524128114184
864, 0.004952113609761
865, 0.00501823526186248
866, 0.00518030025220166
867, 0.0054009766317904
868, 0.00570416543632746
869, 0.00613419335180273
870, 0.0067379290315633
871, 0.00742993899621069
872, 0.00765878113452345
873, 0.00256693405875315
874, 0.00256272209420179
875, 0.00256353671041628
876, 0.00257748415848861
877, 0.00260140552806358
878, 0.00263996973323325
879, 0.00430393304365377
880, 0.00380088967115929
881, 0.0034547852507482
882, 0.00320307475825151
883, 0.00301985000260174
884, 0.00288037521143754
885, 0.00276996752169604
886, 0.00269530273120229
887, 0.00257517938734964
888, 0.0050772240307803
889, 0.00587439662776887
890, 0.00490395317319781
891, 0.00615022704005241
892, 0.00552537152543664
893, 0.00579877814743668
894, 0.00656505580991507
895, 0.00692061734541009
896, 0.00532080822934707
897, 0.00487385290519645
898, 0.00481881783343852
899, 0.00477991575219979
900, 0.00482457949935148
901, 0.00706207888045659
902, 0.00645633670501411
903, 0.00572021907040228
904, 0.00595764416114738
905, 0.00618374456341068
906, 0.00543038139585406
907, 0.00555422009589771
908, 0.00759951393896093
909, 0.00583750122071554
910, 0.00607131010231872
911, 0.00630192066698025
912, 0.00518030021339655
913, 0.00530447644026329
914, 0.00668859633151442
915, 0.00431360890312741
916, 0.00445151410531253
917, 0.00390531679537768
918, 0.0041229334504654
919, 0.00366999761899933
920, 0.00343104253988713
921, 0.00319508760003373
922, 0.00297705377064024
923, 0.0027700865175575
924, 0.0025940184481442
925, 0.00450786032403509
926, 0.00450356875080615
927, 0.00474773209342467
928, 0.00467796418815851
929, 0.00807575543876737
930, 0.0026146007668493
931, 0.00648037167931242
932, 0.00730012007988989
933, 0.00597896275576204
934, 0.00767860961301873
935, 0.00272629307582974
936, 0.00461775165361663
937, 0.0040810713544488
938, 0.00370613819298645
939, 0.00343511579558253
940, 0.00323478439046691
941, 0.00539068493526429
942, 0.00307422936505949
943, 0.00295281474245712
944, 0.00286664625552172
945, 0.00276156313096484
946, 0.00280372352184107
947, 0.00273474109902357
948, 0.00272494604966293
949, 0.00272774744856482
950, 0.00272907863836735
951, 0.00505952149008711
952, 0.00475730572361499
953, 0.00498326720359425
954, 0.00475508056115359
955, 0.004781604395248
956, 0.00634656780000244
957, 0.00638103617044787
958, 0.00610834484299024
959, 0.00584908439001689
960, 0.00562298394894848
961, 0.00516961126898726
962, 0.00559351946382473
963, 0.00628465534343074
964, 0.00590082118287683
965, 0.00577585014980286
966, 0.00614617373018215
967, 0.0051995722266535
968, 0.00602199727048477
969, 0.00532994733657688
970, 0.00646319112274796
971, 0.00744374732797344
972, 0.00704898595965157
973, 0.00670435182595005
974, 0.00546377967111766
975, 0.00433234451338649
976, 0.00373953639063984
977, 0.00327632875026514
978, 0.0028312806195269
979, 0.00304786412743852
980, 0.00396086840191856
981, 0.00350940277955184
982, 0.00456434573667745
983, 0.00477347856697937
984, 0.00500264237634838
985, 0.00416330574080348
986, 0.00498000885515163
987, 0.00504963838362268
988, 0.00697118164195369
989, 0.00290935434999743
990, 0.00290046187971408
991, 0.0029078329486462
992, 0.00346090460273748
993, 0.00304806294540564
994, 0.00289623002754524
995, 0.00328252776913966
996, 0.00293137680273503
997, 0.00315026504298051
998, 0.00368110418397312
999, 0.00488241610582918
1000, 0.00435459703051796
1001, 0.00396587536670268
1002, 0.00553270289674401
1003, 0.00297764997230843
1004, 0.00620622774586081
1005, 0.00491847668308765
1006, 0.00491184066049755
1007, 0.00520233421896895
1008, 0.00615692269057035
1009, 0.00530719854092846
1010, 0.00587451570512106
1011, 0.00604699171769122
1012, 0.00544260038683812
1013, 0.00616498908493668
1014, 0.00494430559532096
1015, 0.00493878192113092
1016, 0.00694451861393948
1017, 0.00564575296205779
1018, 0.00721397142236431
1019, 0.0061118813076367
1020, 0.00597798940725625
1021, 0.00585001807970305
1022, 0.00522750697564334
1023, 0.00625759471828739
1024, 0.00537182965005438
1025, 0.00551148337156822
1026, 0.00666215142700821
1027, 0.00643670679225276
1028, 0.004401148064062
1029, 0.00382040008359278
1030, 0.00313997323003908
1031, 0.00336921269384523
1032, 0.00359495539062967
1033, 0.00403477825845281
1034, 0.00495314695096264
1035, 0.00557787187530526
1036, 0.00422881124541163
1037, 0.00508146374486387
1038, 0.00730846469135334
1039, 0.00658657273743302
1040, 0.00309581475864564
1041, 0.00507573372063537
1042, 0.00308394490275532
1043, 0.00335198706792047
1044, 0.00323555934786176
1045, 0.00369026333404084
1046, 0.00392858270788565
1047, 0.00310840263652305
1048, 0.00570685635986073
1049, 0.00350014438542227
1050, 0.00315845074752967
1051, 0.00422700343187898
1052, 0.00460225444597503
1053, 0.00505304429680109
1054, 0.00511171223063554
1055, 0.00506691211679329
1056, 0.00508749574267616
1057, 0.0056974501737083
1058, 0.00597198916754375
1059, 0.00595420703757554
1060, 0.0055523922201246
1061, 0.00542899069841951
1062, 0.00513466300132374
1063, 0.00510957329533994
1064, 0.00571247042777638
1065, 0.00593829283025116
1066, 0.00607659562956542
1067, 0.00543179207791885
1068, 0.00528554203143964
1069, 0.00621720271495481
1070, 0.00676405557896942
1071, 0.00557214107053975
1072, 0.00637938706980397
1073, 0.00691600764791171
1074, 0.00656585038329164
1075, 0.00461938057560474
1076, 0.00323621486313641
1077, 0.00346620935791483
1078, 0.00369622374031072
1079, 0.00414200685918331
1080, 0.00391995961156984
1081, 0.00567050887426982
1082, 0.00436753100560357
1083, 0.00587612475889425
1084, 0.00691382222188016
1085, 0.00632941853255034
1086, 0.0030413156375289
1087, 0.00520219886675477
1088, 0.00324955051764846
1089, 0.00355724575153242
1090, 0.0037199465247492
1091, 0.00343376467935741
1092, 0.00416656422506397
1093, 0.00328612395484621
1094, 0.00334709954525655
1095, 0.00391978103046616
1096, 0.0044758131261915
1097, 0.00486195196087162
1098, 0.00525695186418792
1099, 0.00521089726438125
1100, 0.00526990578509867
1101, 0.00587763505366941
1102, 0.00522784477410217
1103, 0.00575941901964446
1104, 0.00564293171434353
1105, 0.00575892239188155
1106, 0.00533419944501172
1107, 0.00580175822445502
1108, 0.00535260017828218
1109, 0.00603431575776388
1110, 0.00551567568133275
1111, 0.00616339955013245
1112, 0.00656543280153225
1113, 0.00565693876706064
1114, 0.0062952849160259
1115, 0.00662718332993488
1116, 0.0050680049850295
1117, 0.0064372830480958
1118, 0.00334042366982127
1119, 0.00358770358919476
1120, 0.00407566692835341
1121, 0.00382826791610569
1122, 0.00434064931080987
1123, 0.00560667612589896
1124, 0.00465321622323245
1125, 0.00643141058805798
1126, 0.00394133802425737
1127, 0.00377150456188247
1128, 0.00348021367764367
1129, 0.00363834770784403
1130, 0.00353670188148196
1131, 0.00415374920703471
1132, 0.0043978700802351
1133, 0.00469237670768052
1134, 0.00503983185626566
1135, 0.00550220796971449
1136, 0.00587099903107931
1137, 0.00546105803611378
1138, 0.00540610228199512
1139, 0.00536596860426168
1140, 0.00580086427119871
1141, 0.00586895244972159
1142, 0.00553927915946891
1143, 0.00590086088050157
1144, 0.00547123039141297
1145, 0.00610083458013833
1146, 0.00560744688846171
1147, 0.00619892419005434
1148, 0.00575854477938265
1149, 0.0063346039581423
1150, 0.0063213319129621
1151, 0.00628370182433476
1152, 0.00432407933597763
1153, 0.00402047314370672
1154, 0.00374339096015319
1155, 0.00467521029834946
1156, 0.00513897417113185
1157, 0.00624058363027871
1158, 0.00417029935245713
1159, 0.00399591603005926
1160, 0.00438730007347961
1161, 0.00387392796775592
1162, 0.00463396403938532
1163, 0.00489928425910572
1164, 0.00518532691057771
1165, 0.00558191638750335
1166, 0.00564738219448676
1167, 0.00584952141313503
1168, 0.00572218610129009
1169, 0.00599044673920919
1170, 0.0060954704725494
1171, 0.00571027920315308
1172, 0.00586789966716121
1173, 0.00611810017532359
1174, 0.00609449673599253
1175, 0.00601830205414444
1176, 0.00573442468885332
1177, 0.00429900564874212
1178, 0.0039616830375356
1179, 0.00467966077849269
1180, 0.00514932574393849
1181, 0.00576296987544213
1182, 0.00552282831631601
1183, 0.00369072030298412
1184, 0.00486660108435899
1185, 0.00552465595925848
1186, 0.00565052145559873
1187, 0.00425191794056445
1188, 0.00440392976937195
1189, 0.00588049603781352
1190, 0.00554320928640664
1191, 0.00580394392212232
1192, 0.00574539209871242
1193, 0.00595845902959506
1194, 0.00511356299587836
1195, 0.00536080314001689
1196, 0.00579516197709988
1197, 0.00583597148458163
1198, 0.00603709734665851
1199, 0.00595184271999945
1200, 0.00584864725048343
1201, 0.00462905662910392
1202, 0.00465542151747892
1203, 0.00556280720047653
1204, 0.00512272204893331
1205, 0.00571273167484573
1206, 0.00484951422549784
1207, 0.00508449571983268
1208, 0.00531464923794071
1209, 0.00552543128530184
1210, 0.0058618199157839
1211, 0.00576027346930156
1212, 0.00585043531221648
1213, 0.00587538979016244
1214, 0.00599191702591876
1215, 0.00569411227479577
1216, 0.00597405530667553
1217, 0.00547913815050075
1218, 0.00463812774978578
1219, 0.00580340740270913
1220, 0.00528705213218927
1221, 0.00550856286038955
1222, 0.00567303209876021
1223, 0.00591504686911191
1224, 0.00581413608354827
1225, 0.00510003258629392
1226, 0.00589519832283258
1227, 0.00592870833352208
1228, 0.00586876971647143
1229, 0.00506162717938423
1230, 0.00422086794860661
