1, 0.00466823647730052
2, 0.0108496862230822
3, 0.00313499625190161
4, 0.00549292645882815
5, 0.00721883936785161
6, 0.00941944262012839
7, 0.00253701244946569
8, 0.00302264135098085
9, 0.0112802111543715
10, 0.00531250319909304
11, 0.00568318460136652
12, 0.0103786010295153
13, 0.00486850820016116
14, 0.00517424036903928
15, 0.00544768676627427
16, 0.00570492062252015
17, 0.00605130319794019
18, 0.00675197582071026
19, 0.00842152217713495
20, 0.00952601572498679
21, 0.00651351688429713
22, 0.00436790834646672
23, 0.00319532609622305
24, 0.00410564823929841
25, 0.00477612092314909
26, 0.00516865743945042
27, 0.00537075703808417
28, 0.005460233456688
29, 0.0054108709252129
30, 0.00529420437912146
31, 0.00522836127008001
32, 0.00523964626093705
33, 0.0053695448829482
34, 0.00564324964458744
35, 0.00600981820995609
36, 0.0063935531458507
37, 0.00686600932385772
38, 0.00706219820616146
39, 0.00695153209380805
40, 0.00675153879759212
41, 0.00644401848937074
42, 0.00606568755271534
43, 0.00568020429151754
44, 0.00534017958367864
45, 0.00506623671390116
46, 0.00490209535928443
47, 0.00472143379738554
48, 0.00464193103834987
49, 0.00472096679732203
50, 0.00485340831801295
51, 0.00502522848546505
52, 0.00519462511874735
53, 0.00532098719850183
54, 0.00535194156691432
55, 0.00528744934126735
56, 0.00517002826867004
57, 0.00503254037660857
58, 0.00491309259086847
59, 0.00484776574497422
60, 0.00484490448919435
61, 0.0049358617203931
62, 0.0051502394489944
63, 0.00554998801089823
64, 0.00629524506318073
65, 0.00749011958638827
66, 0.00817565255177518
67, 0.00676736346213147
68, 0.00430532350825767
69, 0.00362606882117689
70, 0.00326724897604436
71, 0.00303574449693163
72, 0.00287250724310676
73, 0.00275337734880547
74, 0.00267438136506826
75, 0.0026170019118581
76, 0.00263723350196545
77, 0.00288663360212619
78, 0.00312658203377699
79, 0.00338482903316617
80, 0.00366212982529153
81, 0.00395186804234982
82, 0.00424055312760174
83, 0.00451850964842985
84, 0.00476155756041408
85, 0.00495495472569019
86, 0.00509909885780265
87, 0.00518353881003956
88, 0.0051989167307814
89, 0.00512784781555335
90, 0.00492952341058602
91, 0.0045342652592808
92, 0.00385952075400079
93, 0.00299181600955004
94, 0.00438511456983785
95, 0.0068552508795013
96, 0.0101261554906766
97, 0.00891294276031355
98, 0.00733532659554233
99, 0.00677828129846603
100, 0.0066025669220835
101, 0.00653481615396837
102, 0.00649090724376341
103, 0.00644540891516954
104, 0.00639236093653987
105, 0.00633076962549239
106, 0.00625451506736378
107, 0.00617772441667815
108, 0.00609560939483345
109, 0.00601039442699403
110, 0.00591786815008769
111, 0.0058188847033307
112, 0.00572061647350589
113, 0.00561529494977246
114, 0.00550423162834098
115, 0.00539847879138376
116, 0.00539958570152521
117, 0.00548366775425772
118, 0.00554645123581092
119, 0.00559560550997655
120, 0.0056343882655104
121, 0.00566554193695386
122, 0.00569085412037869
123, 0.00571767621052762
124, 0.00572276216310759
125, 0.00578820816008374
126, 0.00593741858998934
127, 0.0060584160964936
128, 0.00619240718272825
129, 0.00633104766408602
130, 0.00647258867199222
131, 0.00661798442403475
132, 0.00676492997445166
133, 0.00691155709015826
134, 0.00703978685972591
135, 0.00713273013631503
136, 0.00716380394684772
137, 0.00709676858969033
138, 0.00693416727396349
139, 0.00668899334656696
140, 0.00640066573396325
141, 0.00613180920481682
142, 0.00591941775443653
143, 0.00577437978548308
144, 0.00566466765788694
145, 0.00555606799510618
146, 0.00457847219270964
147, 0.00704113805356125
148, 0.010297539178282
149, 0.0100387350345651
150, 0.00686383332746724
151, 0.00446772645227611
152, 0.00252330345877757
153, 0.00248372597464671
154, 0.00244832077684502
155, 0.00241891581875583
156, 0.00239952455740422
157, 0.00239718003043284
158, 0.00239483558107167
159, 0.00240170994463066
160, 0.00241438594336311
161, 0.00244053255300969
162, 0.00247792453349878
163, 0.00252874754369259
164, 0.00260174344293773
165, 0.00269051443319768
166, 0.00281337947429468
167, 0.00297121265127013
168, 0.00317502083877722
169, 0.00346255387800435
170, 0.00388379992606739
171, 0.00465234229341149
172, 0.00743833329761401
173, 0.00899179947252075
174, 0.00823565487128993
175, 0.00695840657378236
176, 0.00615517407034834
177, 0.00566812457206349
178, 0.00536171672865748
179, 0.00515159056521952
180, 0.00500607568149765
181, 0.00490490673109889
182, 0.00483795069158077
183, 0.00479892982790868
184, 0.0047878036275506
185, 0.00479869125410914
186, 0.00482924833583335
187, 0.00487728975713253
188, 0.00493927858769894
189, 0.0050084600225091
190, 0.00508308519298832
191, 0.0051639088584731
192, 0.00527894572587684
193, 0.0054443688907971
194, 0.00516122684348375
195, 0.00745989728186812
196, 0.00370442927426969
197, 0.00572621931011478
198, 0.00606242935949316
199, 0.00658979142705599
200, 0.00752325988529871
201, 0.00903862893270949
202, 0.0054230300981241
203, 0.00493460955719153
204, 0.00451372133102268
205, 0.00392592032828058
206, 0.00624291222387304
207, 0.00587026371310155
208, 0.00554319319780916
209, 0.00531898015954842
210, 0.00522659292134146
211, 0.0052443949583297
212, 0.00532221879499654
213, 0.0060109308299919
214, 0.00633488207434614
215, 0.0065888377915447
216, 0.00673671683762223
217, 0.00681616986791293
218, 0.00730941828805953
219, 0.0061806650677075
220, 0.00668607302941382
221, 0.005808870967788
222, 0.00567724400510391
223, 0.00512971975840628
224, 0.00537059805355966
225, 0.00635502852189044
226, 0.0065172326285392
227, 0.00655241931478183
228, 0.00555229280143976
229, 0.00614871693930278
230, 0.00585124990902841
231, 0.00656375996768475
232, 0.00531890076429894
233, 0.00521884435632577
234, 0.00519502248304586
235, 0.00494686828460544
236, 0.00533101642504334
237, 0.00484999094624072
238, 0.00503424896548192
239, 0.0078494562379395
240, 0.00549090018362871
241, 0.00743885166011751
242, 0.00649135586406503
243, 0.00522014152790819
244, 0.00626015783442805
245, 0.0072465753958871
246, 0.00674532004632056
247, 0.00579098976838092
248, 0.00649267551489174
249, 0.00655551860108972
250, 0.00610180816147476
251, 0.00622659173261906
252, 0.00590874871704727
253, 0.00533107998004804
254, 0.0056170435079063
255, 0.00508125704557945
256, 0.00588268138623486
257, 0.00546115718316287
258, 0.00653765719228735
259, 0.00756853958591819
260, 0.00708667565292368
261, 0.00627858421233084
262, 0.00590791809372604
263, 0.00672555105605473
264, 0.00649688757645587
265, 0.00647719805904975
266, 0.00638496992178261
267, 0.00530593818984926
268, 0.00606489313455919
269, 0.00625460250303149
270, 0.00517506669275463
271, 0.00575210759416223
272, 0.00651917983001719
273, 0.00698491057846695
274, 0.0066595328040421
275, 0.00685036312123494
276, 0.006670992821455
277, 0.0059177289561679
278, 0.0064227253730808
279, 0.00636377030362685
280, 0.00715531748054283
281, 0.00694525367580354
282, 0.00663411733694375
283, 0.00780012377072126
284, 0.00571066280826926
285, 0.00498579035047442
286, 0.00587809217783312
287, 0.00734394932320962
288, 0.00526982631223897
289, 0.00637920841109008
290, 0.0092238204088062
291, 0.00519154562304417
292, 0.00517445880298813
293, 0.0050322023841242
294, 0.00480369804427028
295, 0.00334225150678928
296, 0.00363347978175928
297, 0.00453877507243305
298, 0.00306793114092822
299, 0.00394245056668296
300, 0.00424838120428224
301, 0.00478184296904753
302, 0.00496508739888668
303, 0.00509810517542064
304, 0.00514972287540634
305, 0.00444948754739016
306, 0.00405617640353739
307, 0.00386214349418879
308, 0.005222639379402
309, 0.00499030051287264
310, 0.00608907248048733
311, 0.00556004125004013
312, 0.00494271598290652
313, 0.00509625770306836
314, 0.00533749733585864
315, 0.00528854232591887
316, 0.00514545120919744
317, 0.00500178410826872
318, 0.00487470712202291
319, 0.00502663943916559
320, 0.0049357224876682
321, 0.00522110941043745
322, 0.00540409578631322
323, 0.00538567814510316
324, 0.00692532572429627
325, 0.00273051310796291
326, 0.00310174678452313
327, 0.00333879437918464
328, 0.00372151582268998
329, 0.00441126086904357
330, 0.00765075425927838
331, 0.00555302811941753
332, 0.00697436071156214
333, 0.0063378030511861
334, 0.00279212048432479
335, 0.00510486052371562
336, 0.00482527484806875
337, 0.00515077596840759
338, 0.00509190656399975
339, 0.00493959647913774
340, 0.00516661093570292
341, 0.00428142227853338
342, 0.00330426351865754
343, 0.00361758515161152
344, 0.00394835142651573
345, 0.00500611557314793
346, 0.00458266403681288
347, 0.00499453213221083
348, 0.00503808341454715
349, 0.00517896896538635
350, 0.00671682871567706
351, 0.00527083947478483
352, 0.00551847725485762
353, 0.00525732924385617
354, 0.00553004036191851
355, 0.0056163874687627
356, 0.00504573275490354
357, 0.00597562466282398
358, 0.00505473325029016
359, 0.0053301464067772
360, 0.00514497464367499
361, 0.00501664572705825
362, 0.00514282872124265
363, 0.00540632090996951
364, 0.00541210256051272
365, 0.00557220083040496
366, 0.00294395342158775
367, 0.00534474938176572
368, 0.0040357118123211
369, 0.00282385004296278
370, 0.00360268400982022
371, 0.00470761535689235
372, 0.00546765451629957
373, 0.00514205954303699
374, 0.00702095188067428
375, 0.00300838329297091
376, 0.00616409520929058
377, 0.00585599868403127
378, 0.00549409883872916
379, 0.00685785349924117
380, 0.00516001464954267
381, 0.00514237175229937
382, 0.00504167948383838
383, 0.0051615247502923
384, 0.00512693407169233
385, 0.00396748447868352
386, 0.00433286104816943
387, 0.00489382038358599
388, 0.0046540704012538
389, 0.00512602021141599
390, 0.00360991604005297
391, 0.00513653053591649
392, 0.00552723890480896
393, 0.00523100370385994
394, 0.00537568454941114
395, 0.00521359945802639
396, 0.00508743637086203
397, 0.00552026520017534
398, 0.00570436396325628
399, 0.00510730435295651
400, 0.00506585945064823
401, 0.00517304823733866
402, 0.00532698724418879
403, 0.00559902288174878
404, 0.00580891066541274
405, 0.00583624929034462
406, 0.00572192765373204
407, 0.00579800297661374
408, 0.00629294023383409
409, 0.00591141943420683
410, 0.00333287374814972
411, 0.00508257390798203
412, 0.00427057400035361
413, 0.00314448331482708
414, 0.00480275237932801
415, 0.00582488478782276
416, 0.00732908782083541
417, 0.00632578262593597
418, 0.00399120710790157
419, 0.00547218411229551
420, 0.00574185563406597
421, 0.00514151741905759
422, 0.00511880801059306
423, 0.00516623340081424
424, 0.00513643111723165
425, 0.00499816809315234
426, 0.00512685463763773
427, 0.00516559761793663
428, 0.00476169640508791
429, 0.00440543952087561
430, 0.00538532012918343
431, 0.00520662540414681
432, 0.00329399157781154
433, 0.00592023215722293
434, 0.00552630525392791
435, 0.00564295142733802
436, 0.00607233159244061
437, 0.0052057911719506
438, 0.00512973556760699
439, 0.00508189317770302
440, 0.00510221828396122
441, 0.00538919458631426
442, 0.00523265292091916
443, 0.00537200889084488
444, 0.00563881899385403
445, 0.00590048350083331
446, 0.00607373437378556
447, 0.00386536181516324
448, 0.00574121573008597
449, 0.00500943716615438
450, 0.00358028126148773
451, 0.00631197410014768
452, 0.00699516281019896
453, 0.00681229529436678
454, 0.0062212161331748
455, 0.00673687574453652
456, 0.00450515805277973
457, 0.0051257418623815
458, 0.00490417141312112
459, 0.00513633181496213
460, 0.00513674908628066
461, 0.00511284758492063
462, 0.00518401553078244
463, 0.00521685761244347
464, 0.00521530789167931
465, 0.00582087164123853
466, 0.00523746102893104
467, 0.00545054743997753
468, 0.00546471367124468
469, 0.00558994295230756
470, 0.00543125571372608
471, 0.00522812296791623
472, 0.00533481528206418
473, 0.00523016954927395
474, 0.00512131171611448
475, 0.00509182720755537
476, 0.00513680876853565
477, 0.00639653338917664
478, 0.00609884791386624
479, 0.0054382294183597
480, 0.00574408095174779
481, 0.00457537237421742
482, 0.00632363674230874
483, 0.00531196671848496
484, 0.00663275821134448
485, 0.00712013356387615
486, 0.00508205177417646
487, 0.00528063454354803
488, 0.00532186112832278
489, 0.00520680441210667
490, 0.00528035631092886
491, 0.00513349077664316
492, 0.00510194001253694
493, 0.0051347225283583
494, 0.00524544809013605
495, 0.00404965938068926
496, 0.00580881144075344
497, 0.00546674026797215
498, 0.00624408444855362
499, 0.00632290161835651
500, 0.0059340609004721
501, 0.00583116322134932
502, 0.0059286168931673
503, 0.00602207693737
504, 0.00610556329290072
505, 0.00618211536978682
506, 0.00625316402874887
507, 0.00638510911570241
508, 0.00643471981553982
509, 0.00647946315196653
510, 0.00652492178293566
511, 0.0065896127683421
512, 0.00672888891616215
513, 0.00707948339792589
514, 0.00790449150372297
515, 0.00579339389999708
516, 0.00577728077769279
517, 0.00574918708298355
518, 0.00571976210145901
519, 0.00568078070258101
520, 0.00563442807955046
521, 0.00557969114743173
522, 0.00550067517906427
523, 0.00559258585174878
524, 0.00570553653718283
525, 0.00584505110358198
526, 0.00604138884227723
527, 0.00630231810888896
528, 0.00658522158240279
529, 0.00684670727544775
530, 0.0070357732862855
531, 0.00713181608201315
532, 0.00714067738347997
533, 0.00707074134455373
534, 0.00696202247248342
535, 0.00682381916946421
536, 0.00667907926253974
537, 0.00653437878160427
538, 0.00639452661077182
539, 0.00625523055593173
540, 0.00611897422155986
541, 0.0059895923283572
542, 0.00538915504390995
543, 0.005163869393679
544, 0.00479956557198117
545, 0.0043420999427326
546, 0.00407336229303231
547, 0.00803013801729927
548, 0.00955220288597047
549, 0.00569941712698589
550, 0.00580120199204733
551, 0.00584278604947031
552, 0.00575355801265687
553, 0.00587181355028103
554, 0.00573470307669292
555, 0.00714302194925646
556, 0.00762750848662108
557, 0.00665903219487518
558, 0.00656201574020088
559, 0.00644217047374696
560, 0.00619888433720917
561, 0.0060365409978355
562, 0.00563061326586952
563, 0.00638554613882055
564, 0.00632888206746429
565, 0.00594324001576751
566, 0.00626778726776441
567, 0.00553660471923649
568, 0.00612119953924169
569, 0.00682646168085436
570, 0.00649625167716295
571, 0.00627164158504456
572, 0.00685270755396535
573, 0.00598973156108211
574, 0.0065582604923596
575, 0.00681581227884938
576, 0.00700332853011787
577, 0.00709893430272738
578, 0.00711236529362698
579, 0.00696959214595457
580, 0.006717404932715
581, 0.00657743320334703
582, 0.00630645089161893
583, 0.00616934022400528
584, 0.00644074000107745
585, 0.00577062488688777
586, 0.00706033036112785
587, 0.00604417019834121
588, 0.00549013721756637
589, 0.00540848673942188
590, 0.00548015158468236
591, 0.00542028865311295
592, 0.00574199478918066
593, 0.00590719595285399
594, 0.0056426705393408
595, 0.00733566427204226
596, 0.00807923222115884
597, 0.00581693750185271
598, 0.00587540973598758
599, 0.00592376893231024
600, 0.0059612006880343
601, 0.00575035915244371
602, 0.00673641865917792
603, 0.00646545613805453
604, 0.0066130767421176
605, 0.00652762362733483
606, 0.00640853366348892
607, 0.00629357621073723
608, 0.00635671735896419
609, 0.0062195669937258
610, 0.0061401140022402
611, 0.00605289253871888
612, 0.00692431244533509
613, 0.00721631579411526
614, 0.00759788505577793
615, 0.00584638235159218
616, 0.00558074999467603
617, 0.00693424651399255
618, 0.00683949503581971
619, 0.00672936571451525
620, 0.00701634213328362
621, 0.00660193078995993
622, 0.00707463563109438
623, 0.00708089407999068
624, 0.00702101135781656
625, 0.0068623039793844
626, 0.00647592660970986
627, 0.00634743874737372
628, 0.00660304348760595
629, 0.00622149417176843
630, 0.00607834643285189
631, 0.00594596203882247
632, 0.00629369542002678
633, 0.00588338491506875
634, 0.00657687708735466
635, 0.00606153525101642
636, 0.00586484292788165
637, 0.00743878027424216
638, 0.00784472779681285
639, 0.00600342052833488
640, 0.00593986206998428
641, 0.00604734926794966
642, 0.00586542164507721
643, 0.0065786053504174
644, 0.00666684032573054
645, 0.00680120910207431
646, 0.00639486452564597
647, 0.00651000052069624
648, 0.00645373381363849
649, 0.00632300115345667
650, 0.00624223654934516
651, 0.00615696224849671
652, 0.00575234983116388
653, 0.00596418107549349
654, 0.00698183112156888
655, 0.00750535862365117
656, 0.0059708128683269
657, 0.00723425675338755
658, 0.00635226695643117
659, 0.0067821949099501
660, 0.006696384283714
661, 0.00687323118715237
662, 0.00659614917822182
663, 0.00696112832520157
664, 0.00703915080521256
665, 0.00709545748153081
666, 0.0061480057425797
667, 0.00710060338800152
668, 0.00568432933650911
669, 0.00624519695217411
670, 0.00648683414328843
671, 0.00636468443553895
672, 0.00697785743977875
673, 0.00671303396423658
674, 0.00649279495701194
675, 0.00692363688722253
676, 0.0075801963851388
677, 0.00688664246505747
678, 0.00607838059243347
679, 0.00613282252258311
680, 0.00598497521132231
681, 0.0067309351482739
682, 0.00684899219777435
683, 0.0065098616372173
684, 0.00664512425040205
685, 0.00656964478548616
686, 0.00643783951333414
687, 0.00634998199529946
688, 0.00625324369563411
689, 0.00606481350647906
690, 0.00701042132762571
691, 0.00720278550094614
692, 0.00737844035029411
693, 0.00715810188557953
694, 0.00671865643622975
695, 0.00663443518957744
696, 0.00656221446115524
697, 0.00680675233403842
698, 0.00690066915315886
699, 0.00701683868343631
700, 0.00714478998755415
701, 0.00646803881196926
702, 0.00623459591796356
703, 0.00722650799434632
704, 0.00636808178387582
705, 0.00736902285522471
706, 0.00712070581503212
707, 0.00616197697818279
708, 0.00538037317649772
709, 0.00601359313198676
710, 0.00610687459508578
711, 0.00619580453106513
712, 0.00627750274725258
713, 0.00635920080821961
714, 0.00642820311865459
715, 0.006501894366617
716, 0.00665978734226276
717, 0.00682453458042194
718, 0.00795187688587854
719, 0.00719136147138973
720, 0.00802415768460681
721, 0.0095493015833199
722, 0.00581530265377036
723, 0.00476553100937357
724, 0.00496135248492161
725, 0.00510750303510576
726, 0.00518719448397557
727, 0.00518798909615725
728, 0.00508340273518115
729, 0.00484077217212568
730, 0.00440953260598083
731, 0.00378574997497102
732, 0.00476962428850432
733, 0.00397964402024324
734, 0.00352907256456092
735, 0.00323472486343235
736, 0.00302712180806945
737, 0.00287032181707521
738, 0.00275351663973803
739, 0.00266792440864568
740, 0.00259941868716851
741, 0.00254764209967107
742, 0.00250983288666854
743, 0.00248732214095071
744, 0.00247665294834102
745, 0.00247722912657385
746, 0.00248277237794052
747, 0.00249280586528281
748, 0.00251491909148172
749, 0.00254339020466432
750, 0.00257863645674661
751, 0.00509860199720909
752, 0.00523636827711016
753, 0.00542952706261228
754, 0.00571404013317078
755, 0.00613170982493709
756, 0.00671571621205658
757, 0.00739058017885933
758, 0.00761495185239861
759, 0.00362485703468944
760, 0.00656851264648139
761, 0.00641131513596823
762, 0.00602787845612814
763, 0.00731349123331408
764, 0.00781415049762776
765, 0.00581479196747144
766, 0.0059192389016971
767, 0.00560240040067583
768, 0.00622624271394064
769, 0.00631841136297832
770, 0.00613316016582151
771, 0.00650958332698792
772, 0.00696428760420531
773, 0.0045251854074498
774, 0.00518486998043954
775, 0.00478557815464834
776, 0.00497792245975385
777, 0.00518479042996963
778, 0.00497430659985791
779, 0.00397855109379937
780, 0.00425527559127659
781, 0.00370427032855029
782, 0.00342959221840526
783, 0.00317889506307741
784, 0.00294675482048964
785, 0.00275504635646939
786, 0.00510108544646452
787, 0.005116463600037
788, 0.00487562098229925
789, 0.00268681888701394
790, 0.00265868555288762
791, 0.00264710232537861
792, 0.00264436058932915
793, 0.002654513285961
794, 0.00429852885038902
795, 0.00284812909861406
796, 0.00346968645074715
797, 0.00306924240430817
798, 0.00271588614365707
799, 0.00267720272919784
800, 0.00266816271080946
801, 0.005840326519683
802, 0.00506184583840271
803, 0.00380202219821513
804, 0.00277199400200819
805, 0.0032359963709799
806, 0.00294113221267859
807, 0.00500085026336213
808, 0.00499012154371788
809, 0.0049415238512059
810, 0.00491174128061781
811, 0.00489868813504775
812, 0.00490778785509368
813, 0.00494001394448181
814, 0.00539016812884559
815, 0.00556777014086644
816, 0.00581765287400534
817, 0.00615537294652313
818, 0.00655043257089953
819, 0.00688918582939853
820, 0.00823883363045752
821, 0.00752031923426936
822, 0.00275697070173919
823, 0.00644963271250682
824, 0.00482192120980471
825, 0.00796028110198677
826, 0.00581938140870382
827, 0.00570905328883479
828, 0.00548786014163246
829, 0.0062763902436321
830, 0.00638755306135863
831, 0.00650431840525319
832, 0.00617224094457924
833, 0.00606401866146674
834, 0.00776648668882747
835, 0.00738793747344365
836, 0.00675281036334733
837, 0.00592374894768
838, 0.00661695123805354
839, 0.00429288612212986
840, 0.00375519258280595
841, 0.00323587714228779
842, 0.00348913729734098
843, 0.00299708097008988
844, 0.00401886370188246
845, 0.00501155927001188
846, 0.0048227118095383
847, 0.00515033890648435
848, 0.00523616971137623
849, 0.00529927108436823
850, 0.00560019502881914
851, 0.00540014201154311
852, 0.00455550414820512
853, 0.00314354964454348
854, 0.00328519016814729
855, 0.00346990500111133
856, 0.00372453612120201
857, 0.00409235651992882
858, 0.00461417525851478
859, 0.00537765126985808
860, 0.00289674656232819
861, 0.00303554602821047
862, 0.00295507962194582
863, 0.00285782478749752
864, 0.00283356569707394
865, 0.00282267776007454
866, 0.00282510172110051
867, 0.00283610875097414
868, 0.00284461232755954
869, 0.00524985871743411
870, 0.00504773925058544
871, 0.00509830420681586
872, 0.00505524966865778
873, 0.00510227769458046
874, 0.00519281718879938
875, 0.00511519203428179
876, 0.00506623663629095
877, 0.00506579969078302
878, 0.00633032137661108
879, 0.00637793684533487
880, 0.00612046437648435
881, 0.00587749574333429
882, 0.0056782770746698
883, 0.00516063052540024
884, 0.00741187832318246
885, 0.00617454822973481
886, 0.00570825856023778
887, 0.00763285299763083
888, 0.00705748947802931
889, 0.00583803758490831
890, 0.00610838454061498
891, 0.00623097138789793
892, 0.00649041081002603
893, 0.00635363774684568
894, 0.00681666672850649
895, 0.00594840544120719
896, 0.00664007791783661
897, 0.00549209207141151
898, 0.00559765213013937
899, 0.0062066667846271
900, 0.00434637143431852
901, 0.00407952140085399
902, 0.00488108470259855
903, 0.00305611804859447
904, 0.00381644634762779
905, 0.00330515760773172
906, 0.00356048407653968
907, 0.00525631592608988
908, 0.00508451543282717
909, 0.00459750563216706
910, 0.00566613775057097
911, 0.00542738137301058
912, 0.0028593783499673
913, 0.00618400704115629
914, 0.00314364890800789
915, 0.00552688147096584
916, 0.00488561492723723
917, 0.00436109397560358
918, 0.00398433289956301
919, 0.00371378739752496
920, 0.00350864798141023
921, 0.00300941922857116
922, 0.00322916180205842
923, 0.00301283663914849
924, 0.00335095399835457
925, 0.00308175945732122
926, 0.00300687605825563
927, 0.00303942027191321
928, 0.00301764465014761
929, 0.00551031114688764
930, 0.00514195451978594
931, 0.00525994380004704
932, 0.00526754162274301
933, 0.00520600976111988
934, 0.0052497594927748
935, 0.00521667895372957
936, 0.00521673844195902
937, 0.00591005998042723
938, 0.00606445568458488
939, 0.0061509860213846
940, 0.00617051221585522
941, 0.00520179758314043
942, 0.00530809257179499
943, 0.00538824091199785
944, 0.00773169725046804
945, 0.00713112069449077
946, 0.00535512073630733
947, 0.00586706500810881
948, 0.00560579809825867
949, 0.00617234036326408
950, 0.00735948615086575
951, 0.00630947051104158
952, 0.00548893318045884
953, 0.00645413110032678
954, 0.00683395203668624
955, 0.0057227424501131
956, 0.00598758571625998
957, 0.00663731631357223
958, 0.00707396015059203
959, 0.00655152890831232
960, 0.00562169251497835
961, 0.00591987452935427
962, 0.00625548876511554
963, 0.00640320874905835
964, 0.00679981844344487
965, 0.00742453468653063
966, 0.00550335746568938
967, 0.0060464353300631
968, 0.00702399162886043
969, 0.00661091141713162
970, 0.00574896861022959
971, 0.00441227430322518
972, 0.0038962967810221
973, 0.00363983780456086
974, 0.00415998774891098
975, 0.00338820674611876
976, 0.0050026384415105
977, 0.00318477198015898
978, 0.00524828928367545
979, 0.00465697123824308
980, 0.00724961488352468
981, 0.0053920516744256
982, 0.00633595507436742
983, 0.005501628969796
984, 0.00583036849275231
985, 0.00570896783444498
986, 0.00505282582404713
987, 0.00461270504941543
988, 0.00343457919855913
989, 0.00424792458458493
990, 0.00395820625514413
991, 0.00334105954971164
992, 0.00373770872829482
993, 0.00356535186680655
994, 0.0032207630242088
995, 0.00327507716914018
996, 0.00323094982498636
997, 0.00319498829776421
998, 0.00320984972252821
999, 0.00524314337720474
1000, 0.00575274314420919
1001, 0.00598323453838627
1002, 0.00539251273342719
1003, 0.0053632070388024
1004, 0.00535297490811596
1005, 0.00597508872548739
1006, 0.0055172056114922
1007, 0.00544269996074339
1008, 0.00536394215721105
1009, 0.00529112507744382
1010, 0.0056170035386458
1011, 0.00744152189387629
1012, 0.0069252026733011
1013, 0.00566874052553127
1014, 0.0059904664910088
1015, 0.00551988507088806
1016, 0.00634018692653626
1017, 0.00673075637314469
1018, 0.00691799470223486
1019, 0.00611992797348648
1020, 0.00655575705847393
1021, 0.00579508250424017
1022, 0.00709277527251591
1023, 0.00451082064925383
1024, 0.00373540391835074
1025, 0.00347940191083277
1026, 0.00399498202993224
1027, 0.00425010989420116
1028, 0.00521469201582174
1029, 0.00476129923481494
1030, 0.00719599053263664
1031, 0.00552898742413769
1032, 0.00643044842096667
1033, 0.00591919935929279
1034, 0.00704077441644456
1035, 0.00448848896970352
1036, 0.00486823023917774
1037, 0.00364722878051301
1038, 0.00526231632102281
1039, 0.00378469699838509
1040, 0.00419652551257362
1041, 0.00396653092078244
1042, 0.00354896064770098
1043, 0.00347250767905886
1044, 0.00342951276494811
1045, 0.00343585069224771
1046, 0.00536171672865748
1047, 0.00590644404292107
1048, 0.0055235434944431
1049, 0.00549864862114191
1050, 0.00563118979334831
1051, 0.00577724104126294
1052, 0.00556671731950094
1053, 0.00541238873265684
1054, 0.00571539101656526
1055, 0.00580972537864
1056, 0.00538484352485587
1057, 0.00561144459061325
1058, 0.00571980191549907
1059, 0.00606580707244575
1060, 0.00560367209836841
1061, 0.00663326304250707
1062, 0.00677826146905621
1063, 0.00620029490285863
1064, 0.00648450987258305
1065, 0.00585657466823856
1066, 0.00688666248849283
1067, 0.00465798447839916
1068, 0.00385554697519789
1069, 0.00437780283391476
1070, 0.00411138997878879
1071, 0.00492346364383896
1072, 0.00552159633177022
1073, 0.0069310877006501
1074, 0.00592615296288083
1075, 0.00646555546804198
1076, 0.00336670933756977
1077, 0.00503915664739907
1078, 0.00469583369946728
1079, 0.00551097850049181
1080, 0.00549181407162299
1081, 0.00400658526147405
1082, 0.00442016213977089
1083, 0.00386359364104768
1084, 0.00419465786156555
1085, 0.00375835168718671
1086, 0.00367375276982784
1087, 0.0036186700919643
1088, 0.00589041043228159
1089, 0.00565433618612587
1090, 0.00568477436900139
1091, 0.00579160576065381
1092, 0.00573305428648988
1093, 0.00585315741288165
1094, 0.00589891410587976
1095, 0.00359694230913495
1096, 0.00578934086176256
1097, 0.00614108766118685
1098, 0.00563330419494637
1099, 0.0065142324892804
1100, 0.00660604358805964
1101, 0.00639416882768273
1102, 0.00626808513576786
1103, 0.00592893490102142
1104, 0.00665986662109693
1105, 0.00688586365431547
1106, 0.0045598951401189
1107, 0.0048548587753127
1108, 0.00399005480964358
1109, 0.00426560717945298
1110, 0.0051769424850742
1111, 0.00665766124924024
1112, 0.00588667501385013
1113, 0.00517984347728391
1114, 0.0056314478861168
1115, 0.00489320450772842
1116, 0.00441678450442851
1117, 0.00422477799778183
1118, 0.00464183185249567
1119, 0.0040705807817479
1120, 0.00549588717209796
1121, 0.00395302043762058
1122, 0.00388244278396347
1123, 0.00586730369832367
1124, 0.00580116229442259
1125, 0.00583354756236076
1126, 0.00589062890503556
1127, 0.00588542335511496
1128, 0.0055242389983808
1129, 0.00586283323355019
1130, 0.00618795681900034
1131, 0.00637942661220829
1132, 0.00642230233643204
1133, 0.00600584479980171
1134, 0.00629611930344254
1135, 0.00641940165466319
1136, 0.00480067803679655
1137, 0.00448475366768738
1138, 0.00417918036691844
1139, 0.00551062919354687
1140, 0.00515117333270609
1141, 0.0063033797445574
1142, 0.00371879401306311
1143, 0.00579186964647046
1144, 0.00534933910239488
1145, 0.00509756900525341
1146, 0.00485599130236854
1147, 0.00462836108636111
1148, 0.00443146711525818
1149, 0.00425994473819931
1150, 0.00594153119406352
1151, 0.00592519936617464
1152, 0.00593334541190416
1153, 0.00554561717435718
1154, 0.00588852275783817
1155, 0.00581946095917374
1156, 0.0057390701957047
1157, 0.00594721354233722
1158, 0.00572238762729934
1159, 0.00620023525940875
1160, 0.00444121106660792
1161, 0.00623347489939382
1162, 0.00624495868881543
1163, 0.00607746959819148
1164, 0.00618638707480083
1165, 0.0051220862272506
1166, 0.00476439879275858
1167, 0.00605116392641018
1168, 0.00558769792717482
1169, 0.00550671527162194
1170, 0.00528264162130654
1171, 0.00504936871584505
1172, 0.00481742701958865
1173, 0.00460996315814555
1174, 0.00577888990907619
1175, 0.00596911666382636
1176, 0.00601510311632107
1177, 0.00590705969370902
1178, 0.00412385542877018
1179, 0.00600300337343166
1180, 0.0058203546795994
1181, 0.00474927513860166
1182, 0.0061198086089765
1183, 0.00607311838151266
1184, 0.00610457274264523
1185, 0.00590922254403787
1186, 0.0062807809561491
1187, 0.00507525696108739
1188, 0.00587883093394339
1189, 0.00550770856595288
1190, 0.00589556801132858
1191, 0.00564988539554179
1192, 0.0054488986885796
1193, 0.00523505681970467
1194, 0.00498116105639686
1195, 0.00604528297359745
1196, 0.00591709309568008
1197, 0.00591447064653039
1198, 0.00580663760192692
1199, 0.00612003915011883
1200, 0.00545099889859557
1201, 0.00577511494824042
1202, 0.00600665908617278
1203, 0.00561702344566584
1204, 0.00586655242368579
