1, 0.0155563380103558
2, 0.0663805119693279
3, 0.00488501868676394
4, 0.0349659398198128
5, 0.0114996461197734
6, 0.107810638844967
7, 0.0043231260497123
8, 0.00132831969676772
9, 0.0667198435403407
10, 0.00933391018770635
11, 0.00711476895958185
12, 0.427739486098289
13, 0.0145685399184003
14, 0.0138529163474838
15, 0.0137148724558453
16, 0.0136519100827475
17, 0.0137752120693525
18, 0.0144200748763978
19, 0.0164464943421384
20, 0.0199450887739658
21, 0.0232685650698841
22, 0.0243518001710375
23, 0.0224618155819674
24, 0.0188235472887754
25, 0.0160843552245448
26, 0.0157550003690024
27, 0.019202315248549
28, 0.0336532853543758
29, 0.0540869931379954
30, 0.0676415463288625
31, 0.0554324854165316
32, 0.0365131758153439
33, 0.0176016918073098
34, 0.00782247516326606
35, 0.00319445198207783
36, 0.00467707791055242
37, 0.00875256594736129
38, 0.0127310575141261
39, 0.0180982575596621
40, 0.0248245047405362
41, 0.0302447142700354
42, 0.0333895005751401
43, 0.0349352036913236
44, 0.0330842000742753
45, 0.0287263855958978
46, 0.023636066665252
47, 0.0196260639155904
48, 0.0173772604515155
49, 0.0169992080579201
50, 0.0181959498052796
51, 0.0212430596972505
52, 0.0277669470136364
53, 0.0384263657033443
54, 0.0515021582444509
55, 0.0639973599463701
56, 0.0725948512554169
57, 0.0750117426117261
58, 0.0706813024977843
59, 0.0609850194305182
60, 0.0483193503071864
61, 0.0351727881158392
62, 0.024939740387102
63, 0.016554597299546
64, 0.0136542351295551
65, 0.0161975252752503
66, 0.0214140846704443
67, 0.0279084487507741
68, 0.0340946186333895
69, 0.0382783493647973
70, 0.03919443115592
71, 0.0371053299556176
72, 0.0325358780100942
73, 0.026269163005054
74, 0.0201175650581717
75, 0.01639386281992
76, 0.0145026467119654
77, 0.0139749871256451
78, 0.0138000670510034
79, 0.0134852758298318
80, 0.0131599536786477
81, 0.0130960172973573
82, 0.0142675264117618
83, 0.0170174473896623
84, 0.0216910090918342
85, 0.028375114624699
86, 0.0617682163137943
87, 0.0714499292274316
88, 0.0299793925757209
89, 0.0146246771328151
90, 0.0114791809270779
91, 0.0104932800556223
92, 0.00978628996138771
93, 0.00914351331690947
94, 0.0085194919568797
95, 0.00787894047486285
96, 0.00722475963023802
97, 0.00659962603822351
98, 0.00604128969522814
99, 0.00554835920532544
100, 0.00509897960970799
101, 0.00469601239698629
102, 0.00439568446017802
103, 0.00419823414025207
104, 0.00411733076907694
105, 0.00413258955813944
106, 0.00417920031274358
107, 0.00425561362256606
108, 0.00421328941592947
109, 0.00399104843381792
110, 0.00375922596625363
111, 0.0034329699507604
112, 0.00295897388908391
113, 0.00223974437297632
114, 0.00129264622713284
115, 0.00366334205803772
116, 0.00880082650110126
117, 0.0189733553367356
118, 0.0332888442402085
119, 0.0520389576752981
120, 0.0623001571123799
121, 0.0555635392665863
122, 0.0421069736282031
123, 0.0299961230096718
124, 0.0248708970223864
125, 0.024677519996961
126, 0.024393265756468
127, 0.0216949220436315
128, 0.0173609679720054
129, 0.013406159899508
130, 0.0112165233585984
131, 0.010472260027503
132, 0.0101547061931342
133, 0.00990190240554512
134, 0.00969626661390066
135, 0.00947800884023309
136, 0.0093503015426298
137, 0.00942822421590487
138, 0.00964033789932728
139, 0.00995024231572946
140, 0.0103438318086167
141, 0.0107013802044094
142, 0.0109510039910674
143, 0.0108193575094144
144, 0.0102430599120756
145, 0.00936945434659719
146, 0.00841128973600765
147, 0.00828066613757983
148, 0.0088332110705475
149, 0.0116887513237695
150, 0.0148635335887472
151, 0.0181717506299416
152, 0.0209920847167571
153, 0.0226836636041601
154, 0.0226823532332977
155, 0.0210115946829319
156, 0.0181146500011285
157, 0.0147795309312642
158, 0.0120794001656274
159, 0.010716877412051
160, 0.0103292879648507
161, 0.0104980883188546
162, 0.011317811285456
163, 0.0129433892046412
164, 0.0160532024068137
165, 0.0211639056603114
166, 0.0272103200356166
167, 0.0324202043314775
168, 0.00429459474980831
169, 0.00513120577670634
170, 0.0675065275281668
171, 0.14050271982948
172, 0.0693538313110669
173, 0.0491424488524596
174, 0.0191725532834729
175, 0.0106972473052641
176, 0.00547027681022882
177, 0.00282498258942117
178, 0.00435582897625864
179, 0.00442775191428761
180, 0.00453770261568328
181, 0.00468393252231181
182, 0.00487729030040403
183, 0.00515472989839812
184, 0.00558189667450885
185, 0.00621072583210965
186, 0.00702007759052018
187, 0.0080199654524525
188, 0.00937569343174497
189, 0.0118242921307683
190, 0.0132793611846864
191, 0.00985944457352161
192, 0.00606016426657637
193, 0.00527409790083766
194, 0.00486934270399312
195, 0.00475823972374201
196, 0.00594012090004981
197, 0.217560394201428
198, 0.19678412253658
199, 0.0028004456932346
200, 0.0237761779377858
201, 0.0169063840682308
202, 0.0125414159459372
203, 0.0104063771044215
204, 0.010195535607636
205, 0.0101997475139797
206, 0.0100669879466295
207, 0.00979376072064042
208, 0.00955486460588872
209, 0.043300714964668
210, 0.0256553130845229
211, 0.00511698797345161
212, 0.0137373831433554
213, 0.0136336113015811
214, 0.0136896597687155
215, 0.0141353039847066
216, 0.0157887566989909
217, 0.0189651485222081
218, 0.0223605075540642
219, 0.0240835792695483
220, 0.0232957052066922
221, 0.0210056741101046
222, 0.0201378897763789
223, 0.0239184745587409
224, 0.0346735580824316
225, 0.0504759627704819
226, 0.0644407853484154
227, 0.0113677481255893
228, 0.0560063206191574
229, 0.0158322476005803
230, 0.0115084665206571
231, 0.00849888834636658
232, 0.00627921112269784
233, 0.0418816488236189
234, 0.0539518296718597
235, 0.0645237872377038
236, 0.0712180851648251
237, 0.0722559820860624
238, 0.0672384823362033
239, 0.0574460942298174
240, 0.0454555827503403
241, 0.0340767557111879
242, 0.0254366248846054
243, 0.0203332933597267
244, 0.0180266131646931
245, 0.0175212256920834
246, 0.0187540478073061
247, 0.0217691894310216
248, 0.0260331287669639
249, 0.0305102135365208
250, 0.0336192309235533
251, 0.0161230593609313
252, 0.0198695900229116
253, 0.0389815242961049
254, 0.0381211514274279
255, 0.0340355693673094
256, 0.0283502380674084
257, 0.02269298179696
258, 0.0182891924244662
259, 0.0367303748304645
260, 0.0258733679850896
261, 0.0320604319373767
262, 0.0383468341703216
263, 0.0386112794900934
264, 0.0358067409445842
265, 0.0317731942050159
266, 0.0303397231424848
267, 0.0274317714696129
268, 0.0193169947403173
269, 0.0557219283655286
270, 0.065451235199968
271, 0.0593592446918289
272, 0.042388585396111
273, 0.0213211611844599
274, 0.0223231118172407
275, 0.0261138520824413
276, 0.0212702983990312
277, 0.0194789596522848
278, 0.0468993059669932
279, 0.0623390388985475
280, 0.0644074594601989
281, 0.0515140189478795
282, 0.0335266448867818
283, 0.0243248186695079
284, 0.0217784082827469
285, 0.027952418041726
286, 0.0158414267158757
287, 0.013123553711921
288, 0.0124159070352713
289, 0.0322047770023346
290, 0.0135664568903546
291, 0.014032108321165
292, 0.0182412102197607
293, 0.0245202834097048
294, 0.0268730171956122
295, 0.013990663147221
296, 0.030743604991585
297, 0.0503489204815456
298, 0.040749815137436
299, 0.0136312274262309
300, 0.0153867235252013
301, 0.0217470965969066
302, 0.025949264721324
303, 0.0137122100374351
304, 0.0372094147439514
305, 0.0214105274838706
306, 0.0494282136981686
307, 0.015158009183194
308, 0.0279485546052456
309, 0.0297560067847371
310, 0.0237425413603584
311, 0.0300384021053712
312, 0.0384250752006968
313, 0.0393146540348729
314, 0.0374960169817011
315, 0.0358449056744575
316, 0.0183356641015659
317, 0.0352689083665609
318, 0.0426860541726152
319, 0.048666646083196
320, 0.0527763267358144
321, 0.0549385044723749
322, 0.0554561723644535
323, 0.0544203432897727
324, 0.0519662008931239
325, 0.0480857177947958
326, 0.0236557360428075
327, 0.0220335957904657
328, 0.0241115138245126
329, 0.0257194483031829
330, 0.0355255870769421
331, 0.0225476264022291
332, 0.0284816469065845
333, 0.0378674933065971
334, 0.0206292108632624
335, 0.0187022915730874
336, 0.0252297169839342
337, 0.014044089242816
338, 0.0276921248684327
339, 0.0225159375307461
340, 0.0180498588209351
341, 0.0152444469276816
342, 0.0140361812276145
343, 0.0136229818842063
344, 0.0135045075633874
345, 0.0136307502786318
346, 0.0328166146452228
347, 0.0464113246028622
348, 0.0384482620283961
349, 0.0202429840075118
350, 0.0422242794718061
351, 0.0169901088811457
352, 0.0216728492329518
353, 0.0279308605628709
354, 0.036952640550832
355, 0.0409196689724922
356, 0.0149229796603322
357, 0.0335485603039463
358, 0.0275339136521022
359, 0.0321205115566651
360, 0.0259312436295052
361, 0.0254898912583788
362, 0.0486090279494723
363, 0.0492240892102321
364, 0.0474236294006308
365, 0.0448501985520124
366, 0.0433022674793998
367, 0.0430328926692406
368, 0.0434016672273477
369, 0.02568728197366
370, 0.0387695701792836
371, 0.0211906864618262
372, 0.026697021164
373, 0.0448841536417603
374, 0.0538150565698743
375, 0.0141838819586805
376, 0.0244654975831509
377, 0.0530371380349
378, 0.026932563011845
379, 0.0200832122936845
380, 0.0159330195747316
381, 0.0142806596898784
382, 0.0136716392201682
383, 0.0134650493661563
384, 0.013586404422919
385, 0.0449358904734254
386, 0.0354953474986056
387, 0.0143650555051863
388, 0.0548778876662254
389, 0.0568428143326725
390, 0.0157224169621865
391, 0.0258706654421985
392, 0.0196905766303341
393, 0.0374994009201016
394, 0.0434412326663733
395, 0.031902398293217
396, 0.0371045538534721
397, 0.0325130672814945
398, 0.0298660437886914
399, 0.0270963437589152
400, 0.042902399164935
401, 0.036984289996326
402, 0.0327141537951926
403, 0.0321081533717612
404, 0.0479197790846229
405, 0.0429695931573709
406, 0.0505388664702574
407, 0.0345386921738585
408, 0.0498501950254043
409, 0.0478210135673483
410, 0.0241106588703891
411, 0.0196863451662163
412, 0.0158665012568235
413, 0.0141711457787702
414, 0.0135668739676476
415, 0.0263211575026313
416, 0.0136221275509646
417, 0.0360324050610264
418, 0.0576680817951759
419, 0.0475819800049067
420, 0.0242045369620125
421, 0.0182488991413265
422, 0.042926160308222
423, 0.0370824395989378
424, 0.0305972148974737
425, 0.0244950814172626
426, 0.0483641723791758
427, 0.0322352697451909
428, 0.0323193926985065
429, 0.0259150904603302
430, 0.0404563037057718
431, 0.0228952616453171
432, 0.0239061330045973
433, 0.0476627632354697
434, 0.0513937572638194
435, 0.0514946679274241
436, 0.0606141996880372
437, 0.0146578746581716
438, 0.0206449671338002
439, 0.0165617497016986
440, 0.0145242835860699
441, 0.0290177267576967
442, 0.0404875945920746
443, 0.0143925320090992
444, 0.0370699839356045
445, 0.0479423496872187
446, 0.0580384057636062
447, 0.0567214123904705
448, 0.0138957528397441
449, 0.0282772352918982
450, 0.0230719485941033
451, 0.0174605287611485
452, 0.047698087990284
453, 0.0542329844708244
454, 0.0392039489621917
455, 0.0297645589647194
456, 0.0224219604084889
457, 0.0182873050216585
458, 0.0559000888218482
459, 0.0168062086837987
460, 0.0393389143670599
461, 0.0480584800243378
462, 0.0536095214386781
463, 0.0623893054823081
464, 0.0299509102478623
465, 0.0582396682972709
466, 0.0487232292070985
467, 0.0331871172723671
468, 0.0146224525757134
469, 0.0298974563678106
470, 0.0578188829656158
471, 0.0381663870066404
472, 0.0261429255562169
473, 0.0174189838580787
474, 0.0429143131311451
475, 0.0333504024893045
476, 0.0519418101757765
477, 0.0401519864797592
478, 0.0282905859872699
479, 0.0602096235379577
480, 0.0478574928517143
481, 0.0561268841847777
482, 0.0303239038081041
483, 0.0150271480282148
484, 0.0171879765888055
485, 0.00601693141895036
486, 0.0148435855129113
487, 0.0173507962220659
488, 0.02113837407281
489, 0.0243182027091583
490, 0.0247118727614482
491, 0.0219413475133479
492, 0.0178677473062028
493, 0.014155846942837
494, 0.0149001902900636
495, 0.0197717384435236
496, 0.0347280576825142
497, 0.0147741462569684
498, 0.0135021635020773
499, 0.0134251345104227
500, 0.0136746189867457
501, 0.0138349556364119
502, 0.0139120446983725
503, 0.0041429209910954
504, 0.00415458371086667
505, 0.00422517547849566
506, 0.00441054592374712
507, 0.00472504001421233
508, 0.00513927238838126
509, 0.00563907739706337
510, 0.00620796415023506
511, 0.00681686533304552
512, 0.00745084004787107
513, 0.00809947785455734
514, 0.00874688383191824
515, 0.00937795802019536
516, 0.0100456098249803
517, 0.0108055689682563
518, 0.0118291595329841
519, 0.0148518309773256
520, 0.025637234095484
521, 0.0453282678499818
522, 0.00358567705067495
523, 0.00344642077106982
524, 0.00330829689240394
525, 0.00299712095390229
526, 0.0531153544783592
527, 0.0102005624988427
528, 0.0178293616821369
529, 0.0137227796173344
530, 0.0142762291555603
531, 0.0392585111781955
532, 0.0229783098523815
533, 0.0161991346782694
534, 0.0306875370442867
535, 0.0137188064400107
536, 0.00412855627170453
537, 0.0279193568664293
538, 0.00821902486495674
539, 0.00950002833269536
540, 0.0108256358653307
541, 0.0130297761255254
542, 0.00433836485414455
543, 0.00671061011962593
544, 0.00496226661683371
545, 0.00601619606216749
546, 0.00544538216975828
547, 0.00748078171939899
548, 0.0171853927119325
549, 0.00888260322002073
550, 0.0101333279162645
551, 0.00459303571066509
552, 0.0116878172072272
553, 0.0138743547722697
554, 0.0172173605145266
555, 0.025025134285291
556, 0.0225041553688546
557, 0.0139918945108851
558, 0.0137043221232792
559, 0.0136697317939252
560, 0.017146550429364
561, 0.0181132416640009
562, 0.0137955928221345
563, 0.0145369197707623
564, 0.014696878924345
565, 0.0214375296297173
566, 0.0254368629927437
567, 0.0184253882616758
568, 0.0042425601859577
569, 0.00373286088385309
570, 0.00390446267556399
571, 0.00997596313910825
572, 0.00793653912842274
573, 0.0132080820389092
574, 0.013736080311771
575, 0.0397224833390542
576, 0.0137005120515823
577, 0.0267327867137889
578, 0.0351213080187639
579, 0.0179480943673601
580, 0.0152081281412393
581, 0.0139963457671305
582, 0.0201263463435074
583, 0.00415889519111564
584, 0.0102547620578359
585, 0.00965788122266531
586, 0.0108518020715564
587, 0.00891802863528331
588, 0.00806433098235478
589, 0.0072264487001424
590, 0.0143283825212469
591, 0.0198560582163433
592, 0.011579118280982
593, 0.0048033605562523
594, 0.0305030595821639
595, 0.0125129043590277
596, 0.00648111236902575
597, 0.00528683381465574
598, 0.00583072615942607
599, 0.0383166130632162
600, 0.00480363871126125
601, 0.0154417978289227
602, 0.0137142763317873
603, 0.0139708737842739
604, 0.0145170910594364
605, 0.0166808392386883
606, 0.020846330250303
607, 0.0252116561556856
608, 0.0266106178363164
609, 0.024041299863408
610, 0.0143247668165714
611, 0.0159489538054913
612, 0.0141048457007855
613, 0.00400628733526294
614, 0.00396408730496963
615, 0.0127228014171124
616, 0.00403589944887374
617, 0.014446448335158
618, 0.0357388827417578
619, 0.00562731554964557
620, 0.0292257914940516
621, 0.0198885840363801
622, 0.0162570512232681
623, 0.00436806775784741
624, 0.0225129368094107
625, 0.00560371189688643
626, 0.00628147646784782
627, 0.0157580599188805
628, 0.0109620309279611
629, 0.0115413484163582
630, 0.0103335393747936
631, 0.0224052108824253
632, 0.00956008963597318
633, 0.0317745857561628
634, 0.00872858505075177
635, 0.0133802316462
636, 0.0122592866731187
637, 0.00787490761528412
638, 0.00702329612492273
639, 0.00548795975434283
640, 0.019676768531402
641, 0.00469978747423738
642, 0.0143145344530543
643, 0.013841710674266
644, 0.0161668882550051
645, 0.0201305183582008
646, 0.0252241337050994
647, 0.0278043205228945
648, 0.0162512881991764
649, 0.0148001937195659
650, 0.0140110676487287
651, 0.00404479587450624
652, 0.00434071770203965
653, 0.00663129643847545
654, 0.0307763476545612
655, 0.0221710754558444
656, 0.00494301420015593
657, 0.00410292241722345
658, 0.0248973613294462
659, 0.0238163312897086
660, 0.00674851871250818
661, 0.0325045633528914
662, 0.0115568055771291
663, 0.0110041913576424
664, 0.0121311362988005
665, 0.0171716837212443
666, 0.0128219147057583
667, 0.010359308992823
668, 0.0141548137180507
669, 0.00951588316820562
670, 0.00757432146929204
671, 0.0085169292287901
672, 0.0144633084225158
673, 0.0256434930488467
674, 0.00580398365855217
675, 0.0135503033331285
676, 0.0140164316787074
677, 0.0156649971225609
678, 0.0191779763748248
679, 0.024854749707239
680, 0.020934108334283
681, 0.0135180770885199
682, 0.0137715958990157
683, 0.00500698192045093
684, 0.0172411231324077
685, 0.00834741369665911
686, 0.00596421211957932
687, 0.0320005871665974
688, 0.00700696464627981
689, 0.0348889395594597
690, 0.0314685879275203
691, 0.0255547805378834
692, 0.0121462166619798
693, 0.0125670448566476
694, 0.0272526390229662
695, 0.0131794827369352
696, 0.00810118683148175
697, 0.0118741016679754
698, 0.0188829133597513
699, 0.0151954742281565
700, 0.0113932254857251
701, 0.00908762387310465
702, 0.0100531793820361
703, 0.0132803147813926
704, 0.0159235626924783
705, 0.0292581579027077
706, 0.0129969311611993
707, 0.0137660324883958
708, 0.0151315946908047
709, 0.0176368181128055
710, 0.0128207822951178
711, 0.0127774298501511
712, 0.0271046214426557
713, 0.00854587733435134
714, 0.00710888847243041
715, 0.00725846411660314
716, 0.0311803366722805
717, 0.012913301307708
718, 0.0266105774790049
719, 0.0209789709188044
720, 0.00967894168570638
721, 0.0106288012272368
722, 0.012083313971137
723, 0.00991928745061159
724, 0.028739981725812
725, 0.0106202384590038
726, 0.00872058714074748
727, 0.0300997355952859
728, 0.0103912611491978
729, 0.0144499563612044
730, 0.0276582054793835
731, 0.0129428405314684
732, 0.0114821214228868
733, 0.0123106858227402
734, 0.0134848770685494
735, 0.0113200167349229
736, 0.0234492459955315
737, 0.0881002113843958
738, 0.0103615344657252
739, 0.0103970384225249
740, 0.0109481035421292
741, 0.0127014144478987
742, 0.0161934119338791
743, 0.020181400856624
744, 0.0228645248959462
745, 0.0236360671309133
746, 0.0287909366500874
747, 0.0432593515142798
748, 0.0613604517032703
749, 0.0108865322545171
750, 0.010581634240225
751, 0.0102195558914294
752, 0.00993685098364949
753, 0.00968128613506754
754, 0.00950841248656313
755, 0.00945790748422345
756, 0.0293281530030072
757, 0.0187298293846349
758, 0.0146302407762657
759, 0.012148859212175
760, 0.0109443282708526
761, 0.0104957439471036
762, 0.0106989163905382
763, 0.01177088652427
764, 0.0139039778150618
765, 0.0167874921268473
766, 0.0196395946356157
767, 0.0216515107701222
768, 0.0222711407889922
769, 0.0213270226183037
770, 0.0191162464519342
771, 0.0162301685971518
772, 0.0132093652306745
773, 0.0105068700698515
774, 0.0160976676270366
775, 0.011324447269241
776, 0.00711983580064649
777, 0.00357774964262111
778, 0.00326895773177966
779, 0.0997648388147354
780, 0.00589266966562718
781, 0.0695725996047258
782, 0.0108382522594184
783, 0.00956857351896664
784, 0.0105118172553678
785, 0.0104596637344609
786, 0.009702544969817
787, 0.00948673641930024
788, 0.00997807760722935
789, 0.00997076587130626
790, 0.00934934769757092
791, 0.0241250645679732
792, 0.0110920884180814
793, 0.0144080344277124
794, 0.0143112960892419
795, 0.0165483383461833
796, 0.0140086040676882
797, 0.0174709985343118
798, 0.0124012057979902
799, 0.0166245523529748
800, 0.0186597333910565
801, 0.0201429561711848
802, 0.0206591527288159
803, 0.011220814815412
804, 0.0118992745410651
805, 0.0200707746359209
806, 0.0186085334668557
807, 0.010088763354967
808, 0.0218653917933504
809, 0.0252372277900577
810, 0.00970226673719784
811, 0.00984748352008561
812, 0.0188246204828223
813, 0.0309293533985813
814, 0.0452090588708719
815, 0.00959119973704219
816, 0.0236311803261439
817, 0.0151530134025961
818, 0.0122191531118006
819, 0.01077827035139
820, 0.0102581000731637
821, 0.0217721305477122
822, 0.00987337539637727
823, 0.0267041577026248
824, 0.0156645406192789
825, 0.0117317859549075
826, 0.0148805611922095
827, 0.0228669181066964
828, 0.0622964796299736
829, 0.00953211262822151
830, 0.0117328014623906
831, 0.0113419315312058
832, 0.0215436460760732
833, 0.0116374318798383
834, 0.009484828915447
835, 0.00984875531867146
836, 0.00934873179843028
837, 0.00937720287280778
838, 0.0109781450591981
839, 0.0191371074567239
840, 0.0187126629364987
841, 0.0170247975426416
842, 0.0175357294889788
843, 0.0141169256530702
844, 0.0156045784242451
845, 0.0156690312239031
846, 0.0168027106362085
847, 0.0188375348225236
848, 0.014274460884432
849, 0.0179463058399657
850, 0.0136715401895344
851, 0.0124480548935632
852, 0.0123808803812911
853, 0.00995155330747366
854, 0.00961166775474946
855, 0.0183246371646722
856, 0.0144287374957154
857, 0.0118362531065941
858, 0.0106744390601913
859, 0.0101246457391729
860, 0.0226297824022671
861, 0.0297827584048112
862, 0.0265485101069013
863, 0.0339129033188025
864, 0.00972531402173142
865, 0.0203106440603733
866, 0.0166690583185603
867, 0.0235499983342985
868, 0.0203251473916074
869, 0.00915249351722499
870, 0.0113310241916527
871, 0.00921299238689244
872, 0.0428817933425307
873, 0.0124949071822422
874, 0.00935685782072445
875, 0.0152868061171224
876, 0.0104789955851932
877, 0.0146047498565167
878, 0.0258755565487913
879, 0.013025214895606
880, 0.0145263099887719
881, 0.0136941296514124
882, 0.0174633290152997
883, 0.0189435918194552
884, 0.0132689103484154
885, 0.0194749279568593
886, 0.0188943582276503
887, 0.0158928064629436
888, 0.0175716313533485
889, 0.0174052359070629
890, 0.0156384736765176
891, 0.00945947309955955
892, 0.0152653485226134
893, 0.00975432161552211
894, 0.0313931358978152
895, 0.0147527280884484
896, 0.0118169209454209
897, 0.0106337687466294
898, 0.0100550669400642
899, 0.0094354845849531
900, 0.00955635433395704
901, 0.0198198002763093
902, 0.0259717744775116
903, 0.0198360319870214
904, 0.0342230455329021
905, 0.0215741604832666
906, 0.0169361386448145
907, 0.0210335693943004
908, 0.0346976577614745
909, 0.0197678239395221
910, 0.00909345650247165
911, 0.0106667894870043
912, 0.0190585491557916
913, 0.0090732586880525
914, 0.0118465207517147
915, 0.0698762455334266
916, 0.0227947039529681
917, 0.0182548991094033
918, 0.0118326566492518
919, 0.012669525652503
920, 0.0114516038447618
921, 0.0191312871562938
922, 0.0144441154164573
923, 0.0168957151472569
924, 0.0204214293820163
925, 0.00981940988761683
926, 0.0205186253103117
927, 0.0186137591178219
928, 0.0299869356676936
929, 0.0196472249614696
930, 0.0226271993791064
931, 0.0204335289696852
932, 0.00960417767055333
933, 0.0128852152265608
934, 0.00928378226235509
935, 0.0109865885072698
936, 0.0101432024190823
937, 0.00934600977537533
938, 0.017098727558429
939, 0.0303475505982836
940, 0.0235563164266447
941, 0.0348841200272242
942, 0.0208273207768798
943, 0.0321293923382958
944, 0.0205363238762532
945, 0.0100184096178661
946, 0.0354392590622107
947, 0.00906286370009184
948, 0.0228046022045116
949, 0.0200704572877536
950, 0.0106176356784999
951, 0.0115167719001571
952, 0.0228707039107879
953, 0.0164474475507935
954, 0.0193261336535215
955, 0.0135358798628052
956, 0.021452231798321
957, 0.00936714932322502
958, 0.0224613592339059
959, 0.0227247523143888
960, 0.00958728961025675
961, 0.0124893212535729
962, 0.0107400036261727
963, 0.0158622888072083
964, 0.0211515858148535
965, 0.0274675531933705
966, 0.0326694694037239
967, 0.0287838274613023
968, 0.0251476213646432
969, 0.0228519481606781
970, 0.0223494332283735
971, 0.0277147735469043
972, 0.0100284634778897
973, 0.0109574020995448
974, 0.0348458737134933
975, 0.0160609115846455
976, 0.0129590055439621
977, 0.0269118994474411
978, 0.0195553729621073
979, 0.00915581119867663
980, 0.0251246942207217
981, 0.022668504777054
982, 0.00986329846394559
983, 0.00924392704231044
984, 0.0125907878391445
985, 0.0157872266912212
986, 0.00965229242241808
987, 0.0199365053946773
988, 0.0245584496296942
989, 0.028826659390082
990, 0.00931503237890346
991, 0.0278220740812165
992, 0.0267231335331287
993, 0.0314755888345341
994, 0.00982244964689016
995, 0.0332839942226807
996, 0.0104297893121839
997, 0.0107265526118378
998, 0.0296705769374967
999, 0.0316692035024365
1000, 0.0328219995523492
1001, 0.00943079153075814
1002, 0.00965331145562232
1003, 0.0130788709502667
1004, 0.00746717168173442
1005, 0.0101408377910654
1006, 0.0105044066440314
1007, 0.0115359445723395
1008, 0.0143086339036624
1009, 0.0187816649364928
1010, 0.0232906982613107
1011, 0.025886084108303
1012, 0.026171610224992
1013, 0.0271131050152083
1014, 0.0330929028180738
1015, 0.0438851785535614
1016, 0.0526373485724131
1017, 0.0554843048254649
1018, 0.0591643918305635
1019, 0.00399814111491044
1020, 0.0349192969733849
1021, 0.00310748877624671
1022, 0.00240331941555875
1023, 0.00155226426431909
1024, 0.154440798447467
1025, 0.147764278420558
1026, 0.132073386688717
1027, 0.11285090741391
1028, 0.0882130855461583
1029, 0.0533803423556189
1030, 0.0239242553555717
1031, 0.0127251374069601
1032, 0.00947378296405077
1033, 0.0081249891469876
1034, 0.00706386709741006
1035, 0.00617623464980473
1036, 0.00550915902325263
1037, 0.00505983926511059
1038, 0.0047546038016056
1039, 0.00453144401156654
1040, 0.00438002846203744
1041, 0.00430127074165891
1042, 0.0104786971739183
1043, 0.0126445119579633
1044, 0.0174679191162189
1045, 0.0254277825976412
1046, 0.034829145607849
1047, 0.13262215970705
1048, 0.00156291362751896
1049, 0.00458544581973304
1050, 0.119368974429866
1051, 0.0303857390924046
1052, 0.0106836383541425
1053, 0.00751014709627877
1054, 0.00560436750917385
1055, 0.00500524148810655
1056, 0.00431442349993934
1057, 0.153798828677585
1058, 0.167094645090401
1059, 0.172189418179914
1060, 0.138106131615738
1061, 0.0943788091341655
1062, 0.0603551380336285
1063, 0.00884775506953398
1064, 0.00643801821085314
1065, 0.0157542463857681
1066, 0.0101156651508063
1067, 0.009932698837171
1068, 0.0100957175406317
1069, 0.0139052097996076
1070, 0.019348684232682
1071, 0.0278756263044973
1072, 0.0365753633280595
1073, 0.00971734710037708
1074, 0.0293220342136919
1075, 0.0511492590109507
1076, 0.0098593447667857
1077, 0.053081382997334
1078, 0.0105547526230415
1079, 0.0119862377954026
1080, 0.0153485361952335
1081, 0.0203530224971473
1082, 0.0250355256721377
1083, 0.0273247019698222
1084, 0.0275326621097823
1085, 0.0362621620297432
1086, 0.0465397716810306
1087, 0.00360192925048371
1088, 0.00315980186375479
1089, 0.00390607202037548
1090, 0.00410235016606748
1091, 0.00284034077776596
1092, 0.156898655795625
1093, 0.00985258119180799
1094, 0.00412612378464213
1095, 0.0195687053104242
1096, 0.0360702150501311
1097, 0.0557929982120792
1098, 0.0564530789852142
1099, 0.043365883640945
1100, 0.0362037271261215
1101, 0.0329046095721424
1102, 0.0339120885667702
1103, 0.0121052489460756
1104, 0.00678159940677385
1105, 0.00954139442183077
1106, 0.0080328998543943
1107, 0.0057264775581037
1108, 0.00494311342481524
1109, 0.00441624802382042
1110, 0.0101184863597155
1111, 0.0100008067674935
1112, 0.0363304332963058
1113, 0.0295912874862552
1114, 0.0214315893438955
1115, 0.0109387254342437
1116, 0.0100717363723864
1117, 0.0312890064281722
1118, 0.0287927637497584
1119, 0.0286947741794089
1120, 0.0267884583833317
1121, 0.0220895442180336
1122, 0.016633613112693
1123, 0.0127440320017437
1124, 0.0390268042683601
1125, 0.0536818600570162
1126, 0.0488983482743303
1127, 0.00356779563783978
1128, 0.00428666758428638
1129, 0.00389289925806224
1130, 0.010240079757447
1131, 0.00633382884552702
1132, 0.0146689921617508
1133, 0.00863514561206102
1134, 0.00714661832898855
1135, 0.00487866105201344
1136, 0.00583543492636333
1137, 0.0408493156234423
1138, 0.0558555033057928
1139, 0.0531420024732749
1140, 0.0412194998934865
1141, 0.0349075462048252
1142, 0.0326956960683068
1143, 0.0343534216905634
1144, 0.023470723691086
1145, 0.0103136721688012
1146, 0.0136753350961953
1147, 0.0374614540487528
1148, 0.0490180955578884
1149, 0.0117365937524786
1150, 0.0102416296334316
1151, 0.0354602638632059
1152, 0.0307619638430576
1153, 0.0156033467501402
1154, 0.00302155870789041
1155, 0.0537223313003778
1156, 0.0107092710344919
1157, 0.0329237642387549
1158, 0.0298528131097555
1159, 0.0298623098060489
1160, 0.0285698622465134
1161, 0.0240267952904105
1162, 0.0181602870579809
1163, 0.00407056097174063
1164, 0.00507269392255694
1165, 0.0508945078278581
1166, 0.0413627298548818
1167, 0.0100014942698181
1168, 0.00415286079182157
1169, 0.00413146098144352
1170, 0.0135767485813371
1171, 0.00920373383754244
1172, 0.00748839124571532
1173, 0.0110619684370855
1174, 0.0344771894493273
1175, 0.0556239783763885
1176, 0.050747603798906
1177, 0.0395104177296162
1178, 0.0337971315408746
1179, 0.0324937362844745
1180, 0.00589935109019279
1181, 0.0446299988155564
1182, 0.0274528708929817
1183, 0.0155286818432311
1184, 0.00685517105739564
1185, 0.046389508061111
1186, 0.0176774300634861
1187, 0.0238131533066432
1188, 0.0127951924223453
1189, 0.0139508511871099
1190, 0.0341975552340349
1191, 0.0306258650186161
1192, 0.0308863772079349
1193, 0.0303279412910342
1194, 0.026121302973479
1195, 0.0531647900740306
1196, 0.0433574002236128
1197, 0.0525716639434298
1198, 0.0057434706083898
1199, 0.0304351906913022
1200, 0.00864450272638351
1201, 0.00972501607611775
1202, 0.0117045664228499
1203, 0.00779789825901389
1204, 0.0380207765847445
1205, 0.048666048484544
1206, 0.0328417681157589
1207, 0.0321445126707355
1208, 0.00478322613053024
1209, 0.0552096264436841
1210, 0.00807998306117952
1211, 0.0477739861235023
1212, 0.0175254978239536
1213, 0.0313798847297827
1214, 0.0281299405864307
1215, 0.0199966981474842
1216, 0.0283519291939835
1217, 0.0428273941700657
1218, 0.0353220164154967
1219, 0.031387314821283
1220, 0.0316658861314257
1221, 0.0318301174168785
1222, 0.0450632655993104
1223, 0.0519092381000519
1224, 0.0537607576698065
1225, 0.033436423788468
1226, 0.0101525007436673
1227, 0.0104946427579437
1228, 0.0124121929208438
1229, 0.0197470230050385
1230, 0.0365918340782324
1231, 0.0321220612774293
1232, 0.0319951424996058
1233, 0.0467532562712828
1234, 0.0254607646881292
1235, 0.054592481503884
1236, 0.0501237812762459
1237, 0.0351340637231866
1238, 0.0389125212095678
1239, 0.0288271000608802
1240, 0.0330560461928447
1241, 0.0141160280443728
1242, 0.0131581254148235
1243, 0.0223899323803683
1244, 0.0321690628305078
