1, 0.00613683601841331
2, 0.0135921562323347
3, 0.00246816912840586
4, 0.0081743011251092
5, 0.00810551829636097
6, 0.0139851588755846
7, 0.00302386336261407
8, 4.98891204188112e-05
9, 0.0150066047208384
10, 0.00592959043569863
11, 0.00621044728904963
12, 0.015191319398582
13, 0.00636800262145698
14, 0.00672394161423047
15, 0.00704052171204239
16, 0.00731955103886624
17, 0.00755463202949613
18, 0.00772468392581989
19, 0.00781204423401505
20, 0.00781663367524743
21, 0.00774653892343243
22, 0.00762281943267832
23, 0.00747563577412317
24, 0.00734069066432615
25, 0.00722120337498685
26, 0.00715792318806052
27, 0.00718406948726624
28, 0.00738434113251666
29, 0.00793979712761939
30, 0.00912547274492681
31, 0.0112785916620245
32, 0.0124356768404444
33, 0.00903014473927518
34, 0.00575578298109273
35, 0.00332291959784925
36, 0.00236906655482017
37, 0.00371086663411309
38, 0.005127192591317
39, 0.00608531765950223
40, 0.00672598800156265
41, 0.00716114168365796
42, 0.00746536394581199
43, 0.00767336452069382
44, 0.00782895239535719
45, 0.00793959821263949
46, 0.00802809131952623
47, 0.00808942473183076
48, 0.00812415437151988
49, 0.00815310228305558
50, 0.00816696990902225
51, 0.00825420126784593
52, 0.0083479896808664
53, 0.00840453446532289
54, 0.00843747596566876
55, 0.00844605872407556
56, 0.00843783343831698
57, 0.00841017657270034
58, 0.00837886473163962
59, 0.00833694264292717
60, 0.00829708700378736
61, 0.00826271514718731
62, 0.00824030364553134
63, 0.00822893964747588
64, 0.00822766746083895
65, 0.00823831713447968
66, 0.00824312508727113
67, 0.00824288697913289
68, 0.00823748282467326
69, 0.00821638215954105
70, 0.00819285834829012
71, 0.00816492410376668
72, 0.00812813790980726
73, 0.00810392868394653
74, 0.00805696006864309
75, 0.00796799004698793
76, 0.0078527540123711
77, 0.00772229939078291
78, 0.00757920842928191
79, 0.00741617009043694
80, 0.0072560323557506
81, 0.00709112617187202
82, 0.00693134583222369
83, 0.00678126133667926
84, 0.00664341573913892
85, 0.00651872297748923
86, 0.00641461345367134
87, 0.00633315392769873
88, 0.00626246266377469
89, 0.00620385127452513
90, 0.00625163444783539
91, 0.00632524635875598
92, 0.00636796296263735
93, 0.00655317430694898
94, 0.00683343534668287
95, 0.0072614763242503
96, 0.00794589643677076
97, 0.00909241180246075
98, 0.0113418914067248
99, 0.0117460206383839
100, 0.0105689380628367
101, 0.00694847215587894
102, 0.00557164459799727
103, 0.00493129187573989
104, 0.00456368993036449
105, 0.00432431783216695
106, 0.00415329200526079
107, 0.00402756578599413
108, 0.0039292578973497
109, 0.00382332065297912
110, 0.00371170113794506
111, 0.00357580247024695
112, 0.00341753227015336
113, 0.00324889090067397
114, 0.00307659377964834
115, 0.00291693268809468
116, 0.00280590898667773
117, 0.00275417211620758
118, 0.00276617263443768
119, 0.00282490300014615
120, 0.00290525021652381
121, 0.0029796963208355
122, 0.00296521237275253
123, 0.00276649046766882
124, 0.00242978382933264
125, 0.00188179849646986
126, 0.000993808367638849
127, 5.18660114418405e-05
128, 0.00124708840545888
129, 0.00420375765922169
130, 0.0083479107512782
131, 0.0124324586552878
132, 0.0122981292661279
133, 0.0100281656098862
134, 0.00883017162171503
135, 0.00815495010465384
136, 0.00768437158937256
137, 0.00726789375767112
138, 0.00684636963220934
139, 0.00629505202440279
140, 0.00595454475842416
141, 0.00588186706105868
142, 0.00591139122843742
143, 0.00603914369518558
144, 0.00624358770437539
145, 0.00649980835927029
146, 0.0067577773394684
147, 0.0069729102930675
148, 0.00710467629445096
149, 0.00714747227417926
150, 0.0070996693490694
151, 0.00698622207467755
152, 0.00683864097421368
153, 0.00667858255716662
154, 0.00653437889801959
155, 0.0064150900579989
156, 0.00633136547791461
157, 0.00628233064586918
158, 0.00636825076071545
159, 0.00656644627451897
160, 0.00673143200886746
161, 0.00689999402190248
162, 0.00707360240630805
163, 0.00725154206156731
164, 0.00742534928334256
165, 0.00759367280018826
166, 0.00775877743338545
167, 0.00790588185191154
168, 0.00806373497471213
169, 0.00371468148659915
170, 0.00674820078226427
171, 0.0109789793690046
172, 0.0150147709064186
173, 0.0123074872729679
174, 0.00770414023039242
175, 0.00392806599847972
176, 0.0010291339616136
177, 0.00299808435374871
178, 0.00296092091593891
179, 0.00288466678466648
180, 0.00285128814478715
181, 0.00291856192052364
182, 0.00314474171803643
183, 0.00358474316696326
184, 0.00425386506443222
185, 0.00517666464050611
186, 0.00657479108000795
187, 0.0108652435010299
188, 0.0134361611368755
189, 0.012812696552525
190, 0.0110337752848864
191, 0.00969890924170613
192, 0.00869520691533883
193, 0.00788676893959443
194, 0.00722368674663206
195, 0.00669924526785811
196, 0.00639504299033433
197, 0.00653404129358629
198, 0.00483366918342654
199, 0.00246045629028231
200, 0.00776863241723428
201, 0.00787139078602195
202, 0.00790017979064335
203, 0.00786849018186331
204, 0.00779120278699944
205, 0.00769321278979381
206, 0.00760096431865046
207, 0.00754169778277477
208, 0.00755496963392943
209, 0.00769533853357037
210, 0.00804074756645908
211, 0.00987547799013555
212, 0.0087721961705635
213, 0.0100526825990528
214, 0.011776489050438
215, 0.00743753689208201
216, 0.00825230404734612
217, 0.00823263466979066
218, 0.0081994350378712
219, 0.00815802944513659
220, 0.00807941060823699
221, 0.00798072541753451
222, 0.00784564173469941
223, 0.00765667514254649
224, 0.00738781807012856
225, 0.00700410335169484
226, 0.00645625711573909
227, 0.0056807806637759
228, 0.00461294325456644
229, 0.00340404163580388
230, 0.00819806374299029
231, 0.00822657501945893
232, 0.00824113888666034
233, 0.00824682088568807
234, 0.00824950301709274
235, 0.00824129721149802
236, 0.00823821771579484
237, 0.00824312524249156
238, 0.00825776811689138
239, 0.00828343800579508
240, 0.0083165579320242
241, 0.00835893714490036
242, 0.00839279235030214
243, 0.0084229720911632
244, 0.00844309859288236
245, 0.00844264170154929
246, 0.00841832300648093
247, 0.00837054018241664
248, 0.0064503363876914
249, 0.00727697372591744
250, 0.00742902494190882
251, 0.00758000335190445
252, 0.00772140555394193
253, 0.00784168764948845
254, 0.00795320809508363
255, 0.0080453969227771
256, 0.00810740531111757
257, 0.00758715598688771
258, 0.00510462204692885
259, 0.00819746777415276
260, 0.00726103910710663
261, 0.00782277341932058
262, 0.00682054099161178
263, 0.00626264116726816
264, 0.00563283846713603
265, 0.00799117625380556
266, 0.00810967005478839
267, 0.00825617842686673
268, 0.00829128595069051
269, 0.00760132217934976
270, 0.00784433035490414
271, 0.00809556377741198
272, 0.00884956292187174
273, 0.00800756745350858
274, 0.00798239450280865
275, 0.00792716086531679
276, 0.00795710226520896
277, 0.0073833279311657
278, 0.00839350783887009
279, 0.00712243828456849
280, 0.00795318814925849
281, 0.0080150975069652
282, 0.00794681045226753
283, 0.00816796363020937
284, 0.00830847195660075
285, 0.00825272197835147
286, 0.00826549693010747
287, 0.00834109533267717
288, 0.00837638143760463
289, 0.00840244822514554
290, 0.00842706502104799
291, 0.00843620447752376
292, 0.00842168081241349
293, 0.00820364702182511
294, 0.00823501924363275
295, 0.00826706651908656
296, 0.00827000724772612
297, 0.00826444375949601
298, 0.00826954989073177
299, 0.00828598098208507
300, 0.00838478561490774
301, 0.00813985010609031
302, 0.00712154440892239
303, 0.00639450650972625
304, 0.00635271179489791
305, 0.00651564340417584
306, 0.00683558084225903
307, 0.00697616852509479
308, 0.00750398779443155
309, 0.00763352836171786
310, 0.00776010906944672
311, 0.00787296060783168
312, 0.00797154637984931
313, 0.00805596689072748
314, 0.00832414800035102
315, 0.0068314087499554
316, 0.00811851190935288
317, 0.00831642309203744
318, 0.00664777531554656
319, 0.00810611364431679
320, 0.00821300479583442
321, 0.00828311988152564
322, 0.00832734660555919
323, 0.00796047993935645
324, 0.00641652060827861
325, 0.00676592315236727
326, 0.0071552210720256
327, 0.00749306035383294
328, 0.00775849955001225
329, 0.00746288022492081
330, 0.00722034896413485
331, 0.00822943596479793
332, 0.00819283886812627
333, 0.00814438021431367
334, 0.00806091368819276
335, 0.00793602216678361
336, 0.008263708713154
337, 0.00848808038669328
338, 0.00833420121731857
339, 0.0087528246610115
340, 0.00911748580013712
341, 0.00767566896198938
342, 0.00936546502634883
343, 0.00736498987923066
344, 0.00816653327395519
345, 0.00666227048107733
346, 0.00671414662307749
347, 0.00830791525853177
348, 0.00830735910373429
349, 0.00831143208779395
350, 0.00831127337490519
351, 0.00830100127495825
352, 0.00828107345538835
353, 0.00825011908697585
354, 0.0082143161756297
355, 0.00831842600988845
356, 0.00838130859968563
357, 0.00835720829976102
358, 0.00840373989194632
359, 0.00833149914008876
360, 0.00841963454149663
361, 0.00841397217785319
362, 0.00838140231956329
363, 0.0067109875769044
364, 0.00660250723982851
365, 0.00709068883831302
366, 0.00807527848519385
367, 0.00800413048515717
368, 0.00791589566506445
369, 0.00781645513294885
370, 0.00770710055561115
371, 0.00722539560714116
372, 0.00811743913218379
373, 0.00696303567383438
374, 0.00627132353838533
375, 0.00834829984232783
376, 0.00815468314769013
377, 0.00704236941722532
378, 0.00707292700341592
379, 0.00808123871684074
380, 0.00791549787390977
381, 0.00834278428616623
382, 0.00829078924531738
383, 0.00820432246352235
384, 0.00702299802408864
385, 0.00745860879154255
386, 0.00720322248525918
387, 0.00770096108317375
388, 0.00904111245957514
389, 0.00851688953116536
390, 0.00863878110734125
391, 0.00756432729152342
392, 0.00930319400504231
393, 0.00732833286747336
394, 0.00805845010715226
395, 0.0082002691924572
396, 0.00831866442846755
397, 0.00842285334753493
398, 0.00881205180970331
399, 0.00776928795191149
400, 0.00988042502043148
401, 0.00758830861498912
402, 0.00696456548757851
403, 0.00835182440156738
404, 0.00836255316001674
405, 0.00822566092635194
406, 0.00828009975763659
407, 0.00832573704731961
408, 0.00835089067307611
409, 0.00836811626019577
410, 0.00837000366300344
411, 0.00835987079578141
412, 0.00837552694914242
413, 0.00838567976218959
414, 0.00835039389009277
415, 0.00835800318357845
416, 0.00838903749051193
417, 0.00677228113636374
418, 0.00693982114483203
419, 0.0078989480001231
420, 0.00811050490786632
421, 0.00805437712309261
422, 0.00798400351777673
423, 0.00733757162621866
424, 0.00746232403131823
425, 0.00945288960688881
426, 0.0068597609254842
427, 0.00685503603890538
428, 0.00905161390879325
429, 0.00762218376621604
430, 0.00805586692877114
431, 0.00789507346538206
432, 0.00818075852779051
433, 0.00827086111530662
434, 0.00772317390268048
435, 0.00943156254167358
436, 0.00884898674363891
437, 0.0075799241506805
438, 0.00751916699421902
439, 0.00924452324397862
440, 0.00903948318834106
441, 0.00868398106346528
442, 0.00768067544170966
443, 0.00854077104789515
444, 0.00821161402078966
445, 0.00745471434978147
446, 0.00838003680109978
447, 0.00788029159108798
448, 0.00949422673632701
449, 0.00721887879384061
450, 0.00779483878674607
451, 0.00695415473698328
452, 0.00817730575799942
453, 0.00843592632251481
454, 0.00836249371059239
455, 0.00825981454302867
456, 0.00832871727955838
457, 0.00838520284742117
458, 0.0084224163244168
459, 0.00844037688026826
460, 0.00835287726173798
461, 0.0084258527494967
462, 0.00834616157226264
463, 0.00834900295982758
464, 0.00816791557839939
465, 0.00757330799630533
466, 0.00838301765422026
467, 0.0081196241080761
468, 0.00807007285766304
469, 0.0084095213872691
470, 0.00768524559680372
471, 0.00711170975894978
472, 0.00741650773367534
473, 0.00701771319533388
474, 0.00834277844322579
475, 0.00806528461786608
476, 0.00722022991006573
477, 0.00806005927734077
478, 0.00816798357603451
479, 0.00795590997828791
480, 0.00825284064436952
481, 0.00949096858190993
482, 0.00916985825945934
483, 0.00897570606321096
484, 0.00935667931723098
485, 0.00789195442727456
486, 0.00782285254293432
487, 0.00791404788227131
488, 0.00878401760322352
489, 0.00760948766643802
490, 0.00839130223418275
491, 0.0085898054142793
492, 0.00802632312600811
493, 0.00950976391322911
494, 0.00746397320957233
495, 0.00712397233583033
496, 0.00798960674243669
497, 0.00852179651459058
498, 0.00852873075443009
499, 0.00845933123491704
500, 0.00838462635874748
501, 0.00851041241548955
502, 0.0082938684305797
503, 0.0083060081427296
504, 0.00836112264854213
505, 0.00832677058254679
506, 0.00840646199261149
507, 0.00779807718936354
508, 0.00820366673481961
509, 0.00849527260288596
510, 0.00789610692299902
511, 0.00845621169234315
512, 0.00726801296696067
513, 0.00937886405736208
514, 0.00735966512002051
515, 0.00718538117750237
516, 0.00797478524812808
517, 0.0083848494105041
518, 0.006532829022035
519, 0.00821187626570463
520, 0.00831005722284317
521, 0.00736194120586983
522, 0.00841283906872074
523, 0.00818922254256904
524, 0.0081518702985098
525, 0.00799979618750513
526, 0.00826159705008779
527, 0.00950036663562059
528, 0.00922314488949875
529, 0.0093929588329047
530, 0.00815266533754766
531, 0.00902762217447162
532, 0.00837161302721749
533, 0.00798080504561464
534, 0.00822959483290712
535, 0.00776265208454182
536, 0.00881217078616222
537, 0.0085951304063201
538, 0.00852018773245315
539, 0.00818924241078397
540, 0.00950767759544154
541, 0.0076990737967814
542, 0.0092640451288649
543, 0.00816820228161911
544, 0.00845923166101178
545, 0.0086327410923938
546, 0.00854979113986095
547, 0.00860901828855276
548, 0.00832576544157096
549, 0.0086114623118192
550, 0.00802211098683377
551, 0.00833835367423793
552, 0.00841653509996831
553, 0.00809691497124732
554, 0.00751050453012188
555, 0.00742610427550972
556, 0.00855785763512055
557, 0.00849437868843476
558, 0.00760022962155441
559, 0.00897431541234255
560, 0.00867319223470986
561, 0.00830133918983241
562, 0.00868149714854856
563, 0.00946086823629836
564, 0.00937428247804443
565, 0.00836471879544357
566, 0.00881707854568958
567, 0.00921633016938964
568, 0.00847526538806657
569, 0.00815419495726625
570, 0.00901629690391322
571, 0.00793302218274524
572, 0.00879768693509201
573, 0.0083786064448456
574, 0.00756769310683012
575, 0.0094962731624643
576, 0.00931807529802124
577, 0.00793330010492355
578, 0.00855167846505841
579, 0.00872137312156459
580, 0.00865163576478759
581, 0.00874761903348068
582, 0.00821974012069404
583, 0.00768806396185287
584, 0.00871247239410877
585, 0.00775156554300338
586, 0.00840270652302674
587, 0.00784502574242651
588, 0.00863407218518356
589, 0.00853783055208623
590, 0.00717541686026379
591, 0.00828211456537247
592, 0.00841883973528942
593, 0.00884928468925258
594, 0.009382567446058
595, 0.00849823312213024
596, 0.0093100486168017
597, 0.00916461320593953
598, 0.00865942410503825
599, 0.00894439369440079
600, 0.00833936672036847
601, 0.00894679711200297
602, 0.00809778925031424
603, 0.0089789047682037
604, 0.00857116918389996
605, 0.00943750298271577
606, 0.00923960662579962
607, 0.00816257934396466
608, 0.00864813872613013
609, 0.00876667280681431
610, 0.00884584725523988
611, 0.00886684826885661
612, 0.00789079833775759
613, 0.00808423905012508
614, 0.00802326348743268
615, 0.00826943083666265
616, 0.00882764851363997
617, 0.00872246587338547
618, 0.00858080554753542
619, 0.00849322617674867
620, 0.00927182217128575
621, 0.00897328252904117
622, 0.00921432347968221
623, 0.00909044523723423
624, 0.00852577039040625
625, 0.00828983526056012
626, 0.00858418294228613
627, 0.00913489004597068
628, 0.00935552665032446
629, 0.00875993709390362
630, 0.00838329250525151
631, 0.00874559247555832
632, 0.00888405398776134
633, 0.00835991045460105
634, 0.00897054032733043
635, 0.00830783586328228
636, 0.00899605134812494
637, 0.00895363270925979
638, 0.0087938326011811
639, 0.00913584395311773
640, 0.00909636581006149
641, 0.00870764434027175
642, 0.00846423567937953
643, 0.00864643029247721
644, 0.00923834438435733
645, 0.00891759161216517
646, 0.0088369861866037
647, 0.0089938259528329
648, 0.00822761189192533
649, 0.00908665048579375
650, 0.00913040805608034
651, 0.00930872084572911
652, 0.0084914936684072
653, 0.00273348942088584
654, 0.00244591687805951
655, 0.00206307619616079
656, 0.00143865787928614
657, 0.0004270078294212
658, 0.00664319730519007
659, 0.00698173181929936
660, 0.00770755748574932
661, 0.00778458647740384
662, 0.00686433045969655
663, 0.00764064129907638
664, 0.00747710598322252
665, 0.00728549684087435
666, 0.00711043792155882
667, 0.00696635370453199
668, 0.00684203828374545
669, 0.0069471609701092
670, 0.00729054356149087
671, 0.00802703845935563
672, 0.00940058822743595
673, 0.00728337101948758
674, 0.00752924021799117
675, 0.00775194296147674
676, 0.00292375143617392
677, 0.00287717635122438
678, 0.00284159232008581
679, 0.00285514252027497
680, 0.00293014499281223
681, 0.00305467904157316
682, 0.00322647955423842
683, 0.00340908833701784
684, 0.00358017355514069
685, 0.00373367530604204
686, 0.00386484516396498
687, 0.00396374917666738
688, 0.00405718933325261
689, 0.00414820562582463
690, 0.00426224925710509
691, 0.00442075822502375
692, 0.00464447420866539
693, 0.00499812851194292
694, 0.00558090306973706
695, 0.00668112557226171
696, 0.00863685319200158
697, 0.00797200319357216
698, 0.00736669839049379
699, 0.00696911530879637
700, 0.00669763621408492
701, 0.0100095088904103
702, 0.00886535784229636
703, 0.00290989940003783
704, 0.00910411472432315
705, 0.0058800676737779
706, 0.00290809125484278
707, 0.00276182159238184
708, 0.00280284937859202
709, 0.00289078623366853
710, 0.0114934069570154
711, 0.00728917269346615
712, 0.00770733897419025
713, 0.00733516737818718
714, 0.00666642313202222
715, 0.00662402432256689
716, 0.00689906002177546
717, 0.00732572989848753
718, 0.00772279625137647
719, 0.00673528632614762
720, 0.00796977834155162
721, 0.00690635177306831
722, 0.00658877818689992
723, 0.00710555034068723
724, 0.00753893590687464
725, 0.00778236127613733
726, 0.00754430024729421
727, 0.00320017403767755
728, 0.00424246047623456
729, 0.00592569599393755
730, 0.00533052386405567
731, 0.00303528770261134
732, 0.00360882355986784
733, 0.00382312204844008
734, 0.00413984120435392
735, 0.00431503906535606
736, 0.00437678955495358
737, 0.00471339716265599
738, 0.00287807040980884
739, 0.00293246967097123
740, 0.00339420698583126
741, 0.00455099406341712
742, 0.00399984976199145
743, 0.00444845420618852
744, 0.00495320663321763
745, 0.00689530481273929
746, 0.00756512209773064
747, 0.00806607926885287
748, 0.00869848454991976
749, 0.00719237455632538
750, 0.0108915819786489
751, 0.00930488257048031
752, 0.00693864621488111
753, 0.00890803460164794
754, 0.00308974646031857
755, 0.00767978160486867
756, 0.00639450662614157
757, 0.00661840142371754
758, 0.00636315454418461
759, 0.00650525201732914
760, 0.0071727445271487
761, 0.00642323594850798
762, 0.00668583410636832
763, 0.00691020593512803
764, 0.0074443631262208
765, 0.00781162707911183
766, 0.00759347427325944
767, 0.00777952008259793
768, 0.00692703427436451
769, 0.007254542162021
770, 0.00527695907900731
771, 0.00502228818368167
772, 0.00485791836399585
773, 0.00476245155247549
774, 0.00470509197718153
775, 0.00466301117558032
776, 0.00462528139663239
777, 0.00455431213291983
778, 0.00321560309800719
779, 0.0044348247271652
780, 0.00425605062628165
781, 0.00401834730291739
782, 0.0037532655793863
783, 0.00567305192817003
784, 0.00348605795685823
785, 0.0072392433648929
786, 0.00627551565412432
787, 0.00294892848469317
788, 0.00834026457741857
789, 0.00847825108628188
790, 0.00848289454976718
791, 0.00805441670430203
792, 0.00769332600092249
793, 0.00651917601935565
794, 0.00338016031309962
795, 0.0065525978570804
796, 0.00675302844805022
797, 0.00765832373872399
798, 0.00787268187074612
799, 0.00670077496518691
800, 0.00700316931276272
801, 0.0064558795808504
802, 0.00627360842190683
803, 0.00616099557373673
804, 0.00613447119637082
805, 0.00618898984976113
806, 0.00733729316076885
807, 0.00633432576432824
808, 0.00788090742814044
809, 0.00735128065571189
810, 0.00743945594877005
811, 0.00600469197767476
812, 0.0065842280164361
813, 0.00415762350894511
814, 0.00444654712919146
815, 0.00471011882958313
816, 0.00488279348549743
817, 0.00496902146066229
818, 0.00500381070499619
819, 0.00500665178212027
820, 0.00501861256392052
821, 0.00507265403090666
822, 0.00516988903594514
823, 0.00533827223504583
824, 0.00560685084201396
825, 0.00738883123267442
826, 0.00383307619874055
827, 0.00804295679554343
828, 0.00814174049134765
829, 0.0040837336370411
830, 0.00627909204922616
831, 0.00617651249437283
832, 0.00764022395014763
833, 0.00796860557359954
834, 0.00720789155457169
835, 0.00604069360997528
836, 0.00680236141973486
837, 0.00588456886665275
838, 0.00593004713300616
839, 0.0060186197127526
840, 0.00591460968522976
841, 0.00620168536746254
842, 0.00646460141676168
843, 0.00684845540672541
844, 0.00519297617332389
845, 0.00533908694827308
846, 0.00755675761805226
847, 0.00630891412341346
848, 0.00591532466933131
849, 0.0053814061684534
850, 0.0049331197127079
851, 0.0053360271655644
852, 0.00532790106566002
853, 0.00536712084431201
854, 0.00537083635572344
855, 0.00547238268579046
856, 0.00564100414824982
857, 0.00675215459583948
858, 0.00463088442726682
859, 0.00818140646442771
860, 0.00426680787599513
861, 0.00508945072069764
862, 0.00580851345633467
863, 0.00761310375916461
864, 0.00578479076890896
865, 0.00705317760972927
866, 0.00657326080060254
867, 0.00571459617155294
868, 0.00620200325890134
869, 0.00564271293114871
870, 0.00593249084583173
871, 0.00561402330640703
872, 0.00564932908552388
873, 0.00575280267124375
874, 0.00622590479906648
875, 0.00571014576901992
876, 0.00622236881671207
877, 0.00515345848786334
878, 0.00584286579396576
879, 0.0054209241643548
880, 0.00508561241440475
881, 0.00352845259476453
882, 0.00740339905023575
883, 0.0087045249917234
884, 0.00786821194924414
885, 0.00746868189889938
886, 0.00794345295677582
887, 0.00777334130058686
888, 0.00802380001793305
889, 0.00799453382690748
890, 0.00763938971795142
891, 0.00723817086933802
892, 0.00691535203562429
893, 0.00645415131778767
894, 0.00581125538640966
895, 0.00494571619977554
896, 0.00905492079133789
897, 0.0105487721351286
898, 0.00772702849159638
899, 0.00824519153684378
900, 0.00639718887396157
901, 0.00644654151983559
902, 0.00652208051178604
903, 0.00662962723678599
904, 0.00675871114556988
905, 0.00717824817790339
906, 0.00703279297643652
907, 0.00685062143020332
908, 0.00662030896637589
909, 0.00640006988154103
910, 0.00623617697662363
911, 0.00616061831048379
912, 0.00617561857992162
913, 0.00702800481424977
914, 0.00713328648513804
915, 0.00714484986383468
916, 0.00689635817737629
917, 0.00796127477660775
918, 0.00732745858840644
919, 0.00715293611089389
920, 0.0069785926801463
921, 0.00680873915553093
922, 0.00664081300298373
923, 0.00866976999012487
924, 0.0115006588554631
925, 0.00561757513787597
926, 0.00804786042620738
927, 0.00387871339141081
928, 0.00272939266869798
929, 0.00776831475862612
930, 0.00724381336476654
931, 0.00634016717473666
932, 0.00670753050750742
933, 0.00788140401709825
934, 0.00700869302575787
935, 0.0078357868672659
936, 0.00742580613587052
937, 0.0075731094305714
938, 0.00597087654750794
939, 0.00768413297676792
940, 0.00730427242039392
941, 0.0132962490121524
942, 0.00861917102398972
943, 0.00688467543416967
944, 0.00799137528520077
945, 0.00653183595277369
946, 0.0094669876464953
947, 0.00657802971545607
948, 0.00671017294128736
949, 0.00706327097335209
950, 0.00723298503241191
951, 0.00662732248504957
952, 0.00719004997517914
953, 0.0071023515968894
954, 0.00690482199812929
955, 0.00671442493330687
956, 0.00727065532313039
957, 0.00728313252329826
958, 0.0069320216231669
959, 0.00657675799448043
960, 0.00681144134917607
961, 0.00750321281763415
962, 0.00767403984597574
963, 0.00721446805012723
964, 0.00704417761880904
965, 0.00687756265203158
966, 0.00783620390575379
967, 0.00672775627269099
968, 0.00656335830821523
969, 0.00658588879741728
970, 0.00790132928107466
971, 0.00721224277125051
972, 0.00736198954594632
973, 0.00748407992068678
974, 0.00704048205322276
975, 0.00758365929747621
976, 0.00685554870869964
977, 0.00766710587777197
978, 0.0077271075375999
979, 0.00667999308401098
980, 0.00659847387578338
981, 0.00579057261347771
982, 0.00706563513570776
983, 0.00847353700858851
984, 0.00915090382720033
985, 0.00727731121393542
986, 0.00711941839351008
987, 0.00740826285133759
988, 0.00721575948409736
989, 0.00702953466679901
990, 0.00738994416315109
991, 0.00697293016128242
992, 0.00748604667993883
993, 0.00749309977982193
994, 0.00685775408055633
995, 0.00667901973550518
996, 0.00677236029878259
997, 0.00671539828181267
998, 0.00749733194243163
999, 0.00739000369018565
1000, 0.00709402693125109
1001, 0.00693667063023895
1002, 0.00677939946763217
1003, 0.00756702960158388
1004, 0.00773286943634351
1005, 0.00650246273726225
1006, 0.00692506732108692
1007, 0.0068703107147788
1008, 0.00693841895554215
1009, 0.00748328484284381
1010, 0.00738287111744285
1011, 0.00756345328409225
1012, 0.00715653233540555
1013, 0.00727574166376144
1014, 0.00703340908512473
1015, 0.00777993309311569
1016, 0.00672501476947218
1017, 0.00736057891377381
1018, 0.00892589629317323
1019, 0.00681613005387286
1020, 0.00758711636687319
1021, 0.00701407704036683
1022, 0.00689321876658748
1023, 0.00678108260035515
1024, 0.00773787657575061
1025, 0.00718253940188636
1026, 0.00738477827205012
1027, 0.00773155821176867
1028, 0.00754960478904347
1029, 0.0077956928871572
1030, 0.0067694797180593
1031, 0.00688235899433494
1032, 0.00666151195764542
1033, 0.00789632555097342
1034, 0.00973580436160167
1035, 0.00726280741704007
1036, 0.00685577518306673
1037, 0.00696975136330972
1038, 0.00742783288781842
1039, 0.00761565273361547
1040, 0.00714119403467824
1041, 0.00698369881138206
1042, 0.0072837284533307
1043, 0.00695918155057977
1044, 0.00738358606273929
1045, 0.0071858181618154
1046, 0.00701006412661324
1047, 0.0070935501717031
1048, 0.0078539383597672
1049, 0.00721846152252207
1050, 0.00683758780360222
1051, 0.00685644270076106
1052, 0.0069222265155986
1053, 0.00778468593489379
1054, 0.00733002185976754
1055, 0.00704956178863843
1056, 0.00750410677089045
1057, 0.00724381320954611
1058, 0.00686122826300561
1059, 0.00817300718543785
1060, 0.00801851503395786
1061, 0.00816265897204479
1062, 0.00711631902959198
1063, 0.00833147896143297
1064, 0.00936414914516111
1065, 0.00728494913450309
1066, 0.00746081015095115
1067, 0.00725960867324223
1068, 0.00719469902105629
1069, 0.00704958185087889
1070, 0.00709498052795728
1071, 0.00697134093691905
1072, 0.00697384425438941
1073, 0.00702379286910097
1074, 0.00748451671097428
1075, 0.00688984128646553
1076, 0.00689433154184371
1077, 0.00781450816430151
1078, 0.00694577038908998
1079, 0.00760861377542218
1080, 0.0070734831582134
1081, 0.0072926296852529
1082, 0.00796878485319515
1083, 0.00830072304233909
1084, 0.00854450642752151
1085, 0.00690233837813139
1086, 0.0089538452614631
1087, 0.00924073106476239
1088, 0.00837986646220088
1089, 0.00730274256784469
1090, 0.00700756598130933
1091, 0.0070760859331737
1092, 0.00696279748808593
1093, 0.00695328049672147
1094, 0.00693152484018356
1095, 0.00762504455633461
1096, 0.00801481950717668
1097, 0.00765852277011921
1098, 0.00809351750649512
1099, 0.00854126767565807
1100, 0.0090111109893769
1101, 0.00711753484793007
1102, 0.00868685385212302
1103, 0.00699613619750987
1104, 0.00811708120939632
1105, 0.00863067464282115
1106, 0.00856596371158957
1107, 0.00854139467701316
1108, 0.00994079252704978
1109, 0.010558110040923
1110, 0.00732930660403023
1111, 0.00685721759994825
1112, 0.00948298163712025
1113, 0.00225153596875316
1114, -5.3643889259547e-07
1115, 0.00779124260103951
1116, 0.00827010627835989
1117, 0.00885828483539323
1118, 0.00968023319728673
1119, 0.0109520972085496
1120, 0.0124179545479516
1121, 0.00572291532132242
1122, 0.00284506931590537
1123, 0.0025226081488654
1124, 0.00204404234924975
1125, 0.00134482014982495
1126, 0.000585069380273732
1127, 0.00678165908902884
1128, 0.00531387441636374
1129, 0.00432262907270342
1130, 0.00360645924229175
1131, 0.00313603945930178
1132, 0.00288347463356331
1133, 0.00279225969764714
1134, 0.00282039308998113
1135, 0.00866898063880702
1136, 0.00954854651354253
1137, 0.010555527638644
1138, 0.0114771547572066
1139, 0.0114720487811913
1140, 0.00193729044985957
1141, 0.00229438192521532
1142, 0.00167536762698243
1143, 0.00969034588585297
1144, 0.00849787549426158
1145, 0.00905547702374558
1146, 0.00799952121451497
1147, 0.00792000819152842
1148, 0.00728851680954297
1149, 0.00956310991508265
1150, 0.0068281423766166
1151, 0.0102424639432381
1152, 0.0106455905673405
1153, 0.00284411573860173
1154, 0.00850598998367786
1155, 0.00388147518970072
1156, 0.00738243421074003
1157, 0.00593312709437062
1158, 0.00477828686901679
1159, 0.0032483148194539
1160, 0.00265111589881902
1161, 0.00262689648661762
1162, 0.0074775063299707
1163, 0.00970021508900183
1164, 0.00289566570427269
1165, 0.00240741225813205
1166, 0.00873297615908086
1167, 0.00925111941372355
1168, 0.00970890303142369
1169, 0.00825524488463998
1170, 0.0102952974848449
1171, 0.00881898573910197
1172, 0.00996887877893945
1173, 0.00997070642188191
1174, 0.00809536536689848
1175, 0.00945589728653431
1176, 0.00815895798483065
1177, 0.00421301603394871
1178, 0.00636700917190562
1179, 0.00524296467968573
1180, 0.003398935640386
1181, 0.00279324450197497
1182, 0.00259792855164657
1183, 0.00896396142031465
1184, 0.0032058761571534
1185, 0.0094072837382555
1186, 0.00964429151887695
1187, 0.0105142612786343
1188, 0.00246779969893396
1189, 0.00998023764363357
1190, 0.00955770591584345
1191, 0.00796756902709603
1192, 0.00695906226368
1193, 0.00583793839905411
1194, 0.00456833920907229
1195, 0.00850902421266905
1196, 0.00963348297712704
1197, 0.00956819225102663
1198, 0.00958577970353266
1199, 0.00418615412975972
1200, 0.0096331681124866
1201, 0.00865262925314406
1202, 0.00779651055511619
1203, 0.00628610572312027
1204, 0.00358140536118299
1205, 0.00487852178048342
1206, 0.00911426697192448
1207, 0.00903389630839229
1208, 0.00933106918819249
1209, 0.0078110234811902
1210, 0.00345641434735929
1211, 0.00575593636105103
1212, 0.00691121952453007
1213, 0.00466993520967662
1214, 0.00594983203336596
1215, 0.00759975251276046
1216, 0.00850290230785807
1217, 0.00918715167790651
