1, 0.0105748197529465
2, 0.0437763119116426
3, 0.00508743623504415
4, 0.0140893484931439
5, 0.0374221876263618
6, 0.0514191463589668
7, 0.00531101319938898
8, 0.000619620226643747
9, 0.0551489992067218
10, 0.00934070511721075
11, 0.0106720943003893
12, 0.116856716573238
13, 0.0109756805468351
14, 0.0115932248687992
15, 0.0121540849407514
16, 0.0126708172416935
17, 0.013152462663129
18, 0.0135816362065574
19, 0.0139300058751057
20, 0.0141345887289693
21, 0.0141630403231829
22, 0.014031671686098
23, 0.0137799606503298
24, 0.0134670363428692
25, 0.0131574297944705
26, 0.0129254880982141
27, 0.0129074276580165
28, 0.0133888345832626
29, 0.0154893226766338
30, 0.0218112509076794
31, 0.0333111944297949
32, 0.0463942363858223
33, 0.0314998667066296
34, 0.0162745341658592
35, 0.00716233354372283
36, 0.00483880533526341
37, 0.00687917217146605
38, 0.00905915256589651
39, 0.0105524077856292
40, 0.011561058073615
41, 0.0122742673847824
42, 0.0127891721980025
43, 0.0131699667156984
44, 0.0134475255229821
45, 0.0136538570125898
46, 0.0138059878566613
47, 0.013920230170091
48, 0.0139985707743714
49, 0.0140507842879742
50, 0.0140808052383363
51, 0.0142065910622478
52, 0.0143408405904969
53, 0.0144085118857523
54, 0.0144482085791727
55, 0.0144568712761005
56, 0.014420035139968
57, 0.0143610665885111
58, 0.0142854483177265
59, 0.0142135249140362
60, 0.0141530462230245
61, 0.0140999977787336
62, 0.0140655863409241
63, 0.014101865546157
64, 0.0143537945114076
65, 0.0156796399193505
66, 0.0192552441731095
67, 0.025128170227011
68, 0.0321534126996994
69, 0.0386687995245059
70, 0.0432165165742238
71, 0.0446549368401368
72, 0.041473635006696
73, 0.0392295978963375
74, 0.0369408186525106
75, 0.0312475397561987
76, 0.0257683238014579
77, 0.0209460292632381
78, 0.0169851016253233
79, 0.0146846803836524
80, 0.0135790530281762
81, 0.0128957458461324
82, 0.0123895833579202
83, 0.01200429815799
84, 0.0116908966253201
85, 0.0114252989490827
86, 0.0112015830042462
87, 0.0110213778292139
88, 0.0108892143083115
89, 0.01079154231896
90, 0.01083055336494
91, 0.0108312091324478
92, 0.0108009595423937
93, 0.0109494544255237
94, 0.0111720582159857
95, 0.0114779892998437
96, 0.011894426929454
97, 0.0125290574505925
98, 0.0156239691811303
99, 0.0305917903315276
100, 0.0337209350739916
101, 0.0165592053284248
102, 0.0118088338834544
103, 0.00989500805735588
104, 0.00888359701881806
105, 0.00826291429499785
106, 0.00783411817004283
107, 0.00752393521058063
108, 0.00727355604370435
109, 0.00703060758921007
110, 0.00677935398804645
111, 0.00648307901186248
112, 0.00614667039675017
113, 0.0058022349451979
114, 0.00546598543102543
115, 0.0051802407639722
116, 0.00497631332837045
117, 0.0048489182566603
118, 0.00484184517214696
119, 0.00494011344077686
120, 0.00508189286726217
121, 0.00522008631378412
122, 0.00522385137931754
123, 0.00493091437965631
124, 0.00440847966820002
125, 0.00353002635529265
126, 0.00211062082477535
127, 0.000586430340869507
128, 0.00320438642908509
129, 0.00935201075238486
130, 0.0193792229207853
131, 0.0332162848984202
132, 0.0420360829060276
133, 0.0270198825746775
134, 0.0176240038126707
135, 0.013775987084955
136, 0.0124947853231182
137, 0.0117266199085861
138, 0.0109682499120633
139, 0.010014059022069
140, 0.009529790841043
141, 0.00960703861589233
142, 0.0098794319977363
143, 0.0103414471571644
144, 0.0109799718484282
145, 0.0117269377224147
146, 0.0124568960939844
147, 0.0129754962399602
148, 0.0131875302953025
149, 0.0131103225673238
150, 0.0128239818538229
151, 0.0124353991510967
152, 0.0120141531030337
153, 0.0116127752698958
154, 0.0112745387790104
155, 0.0110216561394433
156, 0.0108714122325182
157, 0.0107932508302232
158, 0.0109523553401232
159, 0.0113147511146963
160, 0.0116196093149483
161, 0.0119520054819683
162, 0.0122876985309025
163, 0.0126268888513247
164, 0.0129409657480816
165, 0.0132296906473736
166, 0.0134916330377261
167, 0.01371097828572
168, 0.0139408437535167
169, 0.00818670028820634
170, 0.0153718033495049
171, 0.0287443855777383
172, 0.0462848829726378
173, 0.0502182338386774
174, 0.0244660824537277
175, 0.00978978630155325
176, 0.00251583299783912
177, 0.00529116491088644
178, 0.00526984633567433
179, 0.0051943074601392
180, 0.00520821521058679
181, 0.00547409166271488
182, 0.00608281410920123
183, 0.00715681064563493
184, 0.00891765129442016
185, 0.0128928449315329
186, 0.015186551027
187, 0.0644391307141632
188, 0.0738163515925407
189, 0.040280586729447
190, 0.0297848433256149
191, 0.0194251174107194
192, 0.0131009835749865
193, 0.0116519948157171
194, 0.0109881181269884
195, 0.0102864520934721
196, 0.00996840151492506
197, 0.0113299109507352
198, 0.0107603089418262
199, 0.00471408437006176
200, 0.0137158262853821
201, 0.0140406124604245
202, 0.0142529832664877
203, 0.0143212901117901
204, 0.01425375820448
205, 0.0140811630214254
206, 0.0138588373083621
207, 0.0136879308459659
208, 0.0137077396890769
209, 0.0142574734830608
210, 0.0162727069109678
211, 0.0371984904631972
212, 0.0219130356175204
213, 0.0316023483561973
214, 0.0427378689249357
215, 0.0227241388389042
216, 0.0142028557602316
217, 0.0141794113442302
218, 0.0141335551161319
219, 0.0140603605347375
220, 0.0139495360975464
221, 0.0137992924234519
222, 0.0135920668641726
223, 0.0132973417639732
224, 0.0128766318472723
225, 0.0122919899101059
226, 0.0114809094617764
227, 0.0103206848725677
228, 0.00861966761294752
229, 0.00648544356226921
230, 0.040102729263405
231, 0.0351484678685665
232, 0.0288285858308276
233, 0.0226679885139068
234, 0.0179866184480488
235, 0.0153203234852602
236, 0.014317912204812
237, 0.0141109651109825
238, 0.0141037529489646
239, 0.0141406879605105
240, 0.0141940934893986
241, 0.0142607712186873
242, 0.0143345424439758
243, 0.0143969086154054
244, 0.0144418904092163
245, 0.014457725143681
246, 0.0144336052083721
247, 0.0143711000370483
248, 0.0112433056347072
249, 0.0131831790010134
250, 0.01370847512347
251, 0.0146335791020344
252, 0.017196261168768
253, 0.0222149334537486
254, 0.0285817628415922
255, 0.0352304639915625
256, 0.0402933036287626
257, 0.0133847019945582
258, 0.00989933967745552
259, 0.0141781989950687
260, 0.0129311901206772
261, 0.0137027326660852
262, 0.0123254283486555
263, 0.0115642566233873
264, 0.010695021909972
265, 0.0139218787662685
266, 0.0140733344014734
267, 0.0142452142511805
268, 0.0142793684111287
269, 0.0133166935605307
270, 0.0138883020263165
271, 0.0156749711216738
272, 0.0249545422072212
273, 0.0144270083401352
274, 0.0145340591358642
275, 0.0143979613979657
276, 0.0146067962050438
277, 0.0128650492212425
278, 0.0189091792951028
279, 0.0123765292422225
280, 0.014206193620339
281, 0.0145366018017133
282, 0.0144533144775778
283, 0.0427149239306649
284, 0.014203709938253
285, 0.0269147210444013
286, 0.0157882396597415
287, 0.0142580292498072
288, 0.0143244885839522
289, 0.0143889809648196
290, 0.0144363867584616
291, 0.0144595133606344
292, 0.0144528574310243
293, 0.0356592011327545
294, 0.0316603442964455
295, 0.0223059495911002
296, 0.0184727941329281
297, 0.0145015937741846
298, 0.014195643675824
299, 0.0141788152201722
300, 0.0144073391954104
301, 0.0429875712841749
302, 0.0127577614039183
303, 0.0111372092893968
304, 0.0110460300929844
305, 0.0113896551386764
306, 0.0120813868318995
307, 0.0123894638381898
308, 0.0133663441520184
309, 0.0137156273704022
310, 0.0146309561096132
311, 0.0182506476218502
312, 0.0249330848455429
313, 0.0322960478564103
314, 0.0143074167759291
315, 0.0118532796235134
316, 0.0389230333800827
317, 0.0142936020158231
318, 0.0115723287952798
319, 0.0141738476231694
320, 0.0142748185123006
321, 0.0143325554672629
322, 0.0143596953712404
323, 0.0140178228418032
324, 0.0122479019531359
325, 0.0125818672434737
326, 0.0130503004572044
327, 0.0134729962640752
328, 0.0137926565948874
329, 0.0130894406853865
330, 0.0126198753714561
331, 0.0148707651533186
332, 0.0148060348195334
333, 0.0146562679825972
334, 0.014416995147864
335, 0.014101904972146
336, 0.0149895377301921
337, 0.0174670442938805
338, 0.0155648017923037
339, 0.0217962895209591
340, 0.0287468490811686
341, 0.0135124347483118
342, 0.0304921193048358
343, 0.0131070838930706
344, 0.0381828822816412
345, 0.0116298817253361
346, 0.0117550714251896
347, 0.0143152900661031
348, 0.0148335120951136
349, 0.0165664774831384
350, 0.0196550317729513
351, 0.0233779194143911
352, 0.0269197473923365
353, 0.0297987326048315
354, 0.0317808057491978
355, 0.0142620032808433
356, 0.014393371840318
357, 0.0143356744665653
358, 0.014444870253404
359, 0.0142849114878724
360, 0.0144667256002625
361, 0.0144650371900449
362, 0.0144267108823572
363, 0.0118115567602217
364, 0.0115802710254987
365, 0.012560508834819
366, 0.0286537266025941
367, 0.0217935279943049
368, 0.0167468419919411
369, 0.014339032350108
370, 0.0136697515845299
371, 0.012826743380477
372, 0.0347044054418802
373, 0.012136719810466
374, 0.0124563397063563
375, 0.0143677501007915
376, 0.032356183975935
377, 0.014173450646922
378, 0.0124037290612857
379, 0.0142555853817612
380, 0.0141074881733706
381, 0.0144134388926129
382, 0.0144013989871989
383, 0.0143498605272422
384, 0.0134374921520551
385, 0.013652783818543
386, 0.0134209218279769
387, 0.0139019313889245
388, 0.0246852482669055
389, 0.0154918257612735
390, 0.0166854489749918
391, 0.0133342766202986
392, 0.0313220876269042
393, 0.0128895464974145
394, 0.0143458072561771
395, 0.0146646721599003
396, 0.0149233565510561
397, 0.015119614933307
398, 0.0195607774270078
399, 0.0137381576156865
400, 0.0372164311508338
401, 0.0134149618291607
402, 0.012311023970445
403, 0.0143802987101177
404, 0.0144213861785829
405, 0.0297068217769265
406, 0.0296198581345379
407, 0.0279730612722536
408, 0.0248616583024462
409, 0.021051112562418
410, 0.0175573453307152
411, 0.0153060379282882
412, 0.0144616588950157
413, 0.0144844873187443
414, 0.014366073301062
415, 0.0144811500019083
416, 0.0144763813974957
417, 0.0118972087123742
418, 0.0121823573218925
419, 0.0148359759089847
420, 0.0261338000806669
421, 0.0212959482644995
422, 0.0172641907508175
423, 0.0129909933699916
424, 0.0132041797817995
425, 0.0354660467377731
426, 0.0120872877693425
427, 0.0119790100492537
428, 0.0337389091561948
429, 0.0157792401344826
430, 0.0143433234188706
431, 0.014226002075399
432, 0.0144193392867843
433, 0.0144499369586507
434, 0.01411293206426
435, 0.0332952002063394
436, 0.0180022944696248
437, 0.0140996204378704
438, 0.0144846864665548
439, 0.0273185620705287
440, 0.02178321685642
441, 0.0160409240052104
442, 0.0135981068791201
443, 0.0152677720567832
444, 0.0146210020563255
445, 0.0131664104604473
446, 0.0149307672400028
447, 0.0139906232555707
448, 0.0367192088936766
449, 0.0127767151376853
450, 0.0139287339989096
451, 0.0122400744197269
452, 0.02925029322505
453, 0.0187306438262264
454, 0.0144768779476484
455, 0.0291833132505417
456, 0.0300933765247464
457, 0.029143041310211
458, 0.0263771669318279
459, 0.0225595873780549
460, 0.0144993095503499
461, 0.0159509212244302
462, 0.0145068592391908
463, 0.0144975011547407
464, 0.0263388540063586
465, 0.0133855366924157
466, 0.0144946800234417
467, 0.0222085953379671
468, 0.0185259420735141
469, 0.0147424370516092
470, 0.0135796295168499
471, 0.0125712972755233
472, 0.0168006448851277
473, 0.0123829464428127
474, 0.0144649428714599
475, 0.0174649986438453
476, 0.0127200508334984
477, 0.0144621358097841
478, 0.0144934677518904
479, 0.0144447512769451
480, 0.0144928326675047
481, 0.0346338022500277
482, 0.0239462497023245
483, 0.0194937821167211
484, 0.0295146758047243
485, 0.0146269823890179
486, 0.0138859570336839
487, 0.015500289776052
488, 0.0166922440597167
489, 0.0134850166117152
490, 0.0149022963208457
491, 0.015381537610665
492, 0.0142709241869549
493, 0.0370809293041627
494, 0.0132064251229167
495, 0.0125554106198251
496, 0.0156645011156797
497, 0.0200939220376313
498, 0.0241531777816514
499, 0.0300979471455018
500, 0.03026813811933
501, 0.0278293342950443
502, 0.0285728826808433
503, 0.0145143896806985
504, 0.0145739145421733
505, 0.0145499537854145
506, 0.0146611753540734
507, 0.0138248031338056
508, 0.0238962424919009
509, 0.0168007839626322
510, 0.0142917664876829
511, 0.0151199922741701
512, 0.0128503466645877
513, 0.0369259178638458
514, 0.0130249685607851
515, 0.0126902682241052
516, 0.018900000412638
517, 0.0144551064819098
518, 0.0144657316462447
519, 0.0263075403869152
520, 0.0144860774278641
521, 0.0130144553924245
522, 0.0192757880625625
523, 0.0145910209976137
524, 0.0147010313036541
525, 0.0229813922196627
526, 0.0145555252342352
527, 0.0354815203075608
528, 0.0259457682259381
529, 0.0312971339250604
530, 0.0151353900631269
531, 0.0210384769986073
532, 0.0210968293249607
533, 0.0141843582969159
534, 0.0165720008468876
535, 0.01376641021731
536, 0.0175072383135557
537, 0.0156158038104574
538, 0.0254601080281039
539, 0.0145687689073384
540, 0.0369574086119731
541, 0.0136415387969464
542, 0.0346640744911773
543, 0.0200087665580213
544, 0.0304219575288395
545, 0.0258186518525084
546, 0.0309057884539167
547, 0.0292242619519432
548, 0.0265483397192189
549, 0.0216327946012219
550, 0.0148469637303303
551, 0.0146399366979798
552, 0.0148941106939067
553, 0.0165999961706499
554, 0.0132976000507673
555, 0.0131359922233969
556, 0.017833474635457
557, 0.0156363473894695
558, 0.0134620692891379
559, 0.0316839508712292
560, 0.0212882794439793
561, 0.0148945677404602
562, 0.0234083974113067
563, 0.0356400270635883
564, 0.032557970068107
565, 0.0157730008165042
566, 0.0270017231814563
567, 0.0276784561574459
568, 0.0179022382944822
569, 0.0145044950768352
570, 0.0226575966613988
571, 0.0140850969279806
572, 0.0186135003653665
573, 0.0148960975930095
574, 0.0134078765287995
575, 0.0367360593130191
576, 0.0343373464420438
577, 0.0141513373237103
578, 0.0303490818478167
579, 0.0305369559985896
580, 0.0315602676322063
581, 0.0275278347544372
582, 0.0178105069013933
583, 0.0136223549156317
584, 0.0233594221062958
585, 0.0137401647710552
586, 0.01516476958724
587, 0.0139304425101727
588, 0.0191045040264726
589, 0.0163651532493532
590, 0.0175238579977304
591, 0.0146369005553424
592, 0.0265531389353176
593, 0.0231901447599133
594, 0.0353219155222178
595, 0.0164911773366233
596, 0.0333124857085446
597, 0.0292427201444904
598, 0.0195384460190932
599, 0.0275824589654803
600, 0.0149266749309997
601, 0.0258669106600185
602, 0.0144143731643756
603, 0.024463102221489
604, 0.0160595402897646
605, 0.0354812803367774
606, 0.0320060475330268
607, 0.0156192214538654
608, 0.0298867675786217
609, 0.0319416377072533
610, 0.0317221338239809
611, 0.0293080465247234
612, 0.0140015156939626
613, 0.0145310785931846
614, 0.0142983055806586
615, 0.0212024690893789
616, 0.0252998514721791
617, 0.0205238295408587
618, 0.0171561982482672
619, 0.0256788176484406
620, 0.0342522117619713
621, 0.0257244746511181
622, 0.0336120994761586
623, 0.0306336550662915
624, 0.0166738862171769
625, 0.0150045583335062
626, 0.0247716549783945
627, 0.0289683050609061
628, 0.0342834250380596
629, 0.0200173499373098
630, 0.0197812356054783
631, 0.0291155430798729
632, 0.0319635520378749
633, 0.0219075478613377
634, 0.0327415326610208
635, 0.0164188774457822
636, 0.0310796562892695
637, 0.0272641230064134
638, 0.0218167340915118
639, 0.0326975448988378
640, 0.0334370996182164
641, 0.0215034728559355
642, 0.0174578462195184
643, 0.0231917146593332
644, 0.0321874061288933
645, 0.0262491956042747
646, 0.0278076979642113
647, 0.031564281322062
648, 0.0149470116011798
649, 0.0294496859423816
650, 0.0289063973352313
651, 0.0327813688665628
652, 0.0198262492194772
653, 0.00484454724937677
654, 0.00442741411582877
655, 0.0039032706602787
656, 0.00309085912401012
657, 0.00149385970435105
658, 0.0113650980250289
659, 0.0119407997311403
660, 0.0134904012860109
661, 0.01386887098973
662, 0.0124669095190863
663, 0.0140594470625122
664, 0.0138512876971314
665, 0.01351863417464
666, 0.0131354553935428
667, 0.0127680718433112
668, 0.0123172224654506
669, 0.0124966522368292
670, 0.0134397172369063
671, 0.0158228307651977
672, 0.0213935219993194
673, 0.0124967320201298
674, 0.0130135437163214
675, 0.0140793151222169
676, 0.00511770341545343
677, 0.0050373882210503
678, 0.00498380356778701
679, 0.00502657987332592
680, 0.00518926081713289
681, 0.0054341764577354
682, 0.00574378296732903
683, 0.00610135111492127
684, 0.00646058815376212
685, 0.00678869181623061
686, 0.00707012511945019
687, 0.00729882837428401
688, 0.00750855717342347
689, 0.00773364406389495
690, 0.0080154351113985
691, 0.00842217759539684
692, 0.00903042335994542
693, 0.0100144163394968
694, 0.0117634353227913
695, 0.0156411552646508
696, 0.0232234828484555
697, 0.0121271436413129
698, 0.0117281102575362
699, 0.0114499152793239
700, 0.011240762580807
701, 0.0161723519364993
702, 0.0129002157288293
703, 0.00583961738448124
704, 0.0200290915866693
705, 0.0111088775697031
706, 0.00510768192665031
707, 0.00501289082846294
708, 0.00497053171663235
709, 0.0054353885158586
710, 0.0300474623218179
711, 0.0123681250649194
712, 0.01407840102911
713, 0.013998034177348
714, 0.0121382096161445
715, 0.0121263085554043
716, 0.0128338361779849
717, 0.0137029711622745
718, 0.0134443863450239
719, 0.0124290605696539
720, 0.0155147542245686
721, 0.0127822977956384
722, 0.0119853635939459
723, 0.0132814271685978
724, 0.0140005576734742
725, 0.0138711556792259
726, 0.012916547479108
727, 0.00567313147863994
728, 0.00781736872158945
729, 0.012533944643413
730, 0.0107448913622648
731, 0.00536563092221816
732, 0.00644542897741
733, 0.00687313207890838
734, 0.00758594394816707
735, 0.00798752019181848
736, 0.00813462449392925
737, 0.00899752136319876
738, 0.00505289119402213
739, 0.00516003471178313
740, 0.00603689866450926
741, 0.00858110298092167
742, 0.00726535050974538
743, 0.00831353765291472
744, 0.00966221280395985
745, 0.0157609408100446
746, 0.0122473461087793
747, 0.0127579992792259
748, 0.0139563308718304
749, 0.0119159442062179
750, 0.0212067874148488
751, 0.0174832371218751
752, 0.0117235032708517
753, 0.0206822871363589
754, 0.0055112650928398
755, 0.0141480589906375
756, 0.0117991983424872
757, 0.0123792706678311
758, 0.0116927246563137
759, 0.0120986119533579
760, 0.0135580324567854
761, 0.0118524648714811
762, 0.0125301103883733
763, 0.0130401674347619
764, 0.0139715099552025
765, 0.0139492974461367
766, 0.012854558803762
767, 0.0134631424055745
768, 0.0132120869432886
769, 0.0139279389598717
770, 0.0103215793302904
771, 0.00962442322634161
772, 0.00918412340494494
773, 0.00892412809965511
774, 0.00877603034799298
775, 0.00867945103285213
776, 0.00857146728473405
777, 0.00839336864495029
778, 0.00571325953517641
779, 0.00809464999474585
780, 0.00767040384622912
781, 0.00717346001571665
782, 0.00667230427886049
783, 0.0114353318543484
784, 0.00619596367081006
785, 0.0160787129619469
786, 0.0131672239707162
787, 0.00520346271805465
788, 0.0188492564484477
789, 0.0169347212649882
790, 0.0146604605639974
791, 0.0133475687665244
792, 0.01279151685802
793, 0.0110853454098105
794, 0.00611800091185917
795, 0.0124529421639939
796, 0.0128081066844364
797, 0.0143006272458782
798, 0.0141219522338361
799, 0.0127660452077786
800, 0.0133972386829555
801, 0.0121960459897916
802, 0.0117452954873443
803, 0.0114542860537767
804, 0.0113588789633165
805, 0.0115056055753181
806, 0.0139710926450789
807, 0.0119082350283861
808, 0.0135498670861125
809, 0.0123110553249717
810, 0.0136438634557029
811, 0.0120422265026718
812, 0.0136259814413885
813, 0.00739501086839785
814, 0.00794712865414719
815, 0.00850971706677228
816, 0.00894808939968546
817, 0.00920874058889846
818, 0.00931094237603247
819, 0.00934686410861711
820, 0.00939713045954704
821, 0.00952667129846911
822, 0.00979014385181169
823, 0.0102457617564748
824, 0.0109639981916795
825, 0.0157848025361697
826, 0.00683679334664096
827, 0.0137347963638604
828, 0.0148465660666781
829, 0.00740365342547496
830, 0.0117634156097968
831, 0.0116594851327439
832, 0.0145447877390931
833, 0.0143955971579999
834, 0.013974430738017
835, 0.0113462821270029
836, 0.0131959736657639
837, 0.0109669582452625
838, 0.0110733921950062
839, 0.0113472358789295
840, 0.0110617299408962
841, 0.0118106820931037
842, 0.0124416370720913
843, 0.0138530356343836
844, 0.00940636964514852
845, 0.00984178173045317
846, 0.0153564640010397
847, 0.0125434417277575
848, 0.011543215950951
849, 0.010026357214277
850, 0.00879365392029285
851, 0.00997771951369941
852, 0.00997799790153901
853, 0.0100324565234284
854, 0.0100910280210276
855, 0.0103641964960843
856, 0.0108341788873076
857, 0.0124140406648318
858, 0.00821499212179333
859, 0.0160113601014018
860, 0.00759870835047747
861, 0.00896668611094356
862, 0.0107772368937731
863, 0.0148802428351094
864, 0.0108449080338081
865, 0.0139501714147627
866, 0.0129206397105008
867, 0.0107141945045441
868, 0.0120391859672964
869, 0.0105609707534313
870, 0.0113590378314257
871, 0.0105039890234669
872, 0.0106063302761565
873, 0.0108850215716908
874, 0.011380833418419
875, 0.0103677529841661
876, 0.0108530546006347
877, 0.0090438942424953
878, 0.010349593590945
879, 0.0096392451475064
880, 0.00899262623861432
881, 0.00631775995716453
882, 0.0129460121504962
883, 0.0174452694288145
884, 0.0134912354405969
885, 0.0126583006543418
886, 0.0136468436103314
887, 0.0132842286645124
888, 0.0138505917663376
889, 0.0137661920549969
890, 0.0130128686626752
891, 0.0121984703776737
892, 0.011599741410464
893, 0.0108055094412218
894, 0.00976518937386572
895, 0.00853538676165044
896, 0.0174095067971696
897, 0.0261858943849802
898, 0.012813213126113
899, 0.0140332406541953
900, 0.0109966018547614
901, 0.0110786774506172
902, 0.0112257024738938
903, 0.0114581409531335
904, 0.0117616675949345
905, 0.013067446804295
906, 0.0129599793193241
907, 0.0124916458347191
908, 0.0118332525404791
909, 0.0111632363405079
910, 0.0106008269358426
911, 0.0102320329751819
912, 0.0100318805780262
913, 0.012471996092548
914, 0.012813868932426
915, 0.0131404027342796
916, 0.0121101557742804
917, 0.0137895372696221
918, 0.0127611982170492
919, 0.0124351803679019
920, 0.0121023480314761
921, 0.0117710653382043
922, 0.0114489416591823
923, 0.0168844835965761
924, 0.0291282391796509
925, 0.0104789311299101
926, 0.0139137131627649
927, 0.00736733428978672
928, 0.00600912696681917
929, 0.0133131569406639
930, 0.0120920759315292
931, 0.0103414872816453
932, 0.010995092180868
933, 0.0136044644750655
934, 0.0115897477759669
935, 0.0134748644971599
936, 0.0125044211745262
937, 0.012837750526766
938, 0.00979664122375349
939, 0.0131070837378502
940, 0.0120002454301963
941, 0.0400704815983772
942, 0.0152255323094626
943, 0.0112350402244677
944, 0.013742211041972
945, 0.010591246560216
946, 0.0182065589663883
947, 0.0111403883590053
948, 0.0115868470941981
949, 0.0123894239465396
950, 0.0132082128742089
951, 0.0114212849487861
952, 0.0127194947563112
953, 0.012869459654515
954, 0.0122761547875901
955, 0.0116475443355739
956, 0.0130203590573122
957, 0.013224266624699
958, 0.012080234553044
959, 0.0113221427891403
960, 0.0118120930468043
961, 0.0130632547661662
962, 0.0133412904882183
963, 0.0125253227694581
964, 0.0122130535698185
965, 0.0118943676352501
966, 0.0136009282432497
967, 0.0116022848524153
968, 0.0112958828519498
969, 0.0109060849063098
970, 0.013684786124421
971, 0.0119722509601464
972, 0.01234287271897
973, 0.0126606248474369
974, 0.0115527527717253
975, 0.0129258454156419
976, 0.0111174800743659
977, 0.0131385548350712
978, 0.013315024242426
979, 0.0107380766421556
980, 0.0105653625602523
981, 0.00985213330325981
982, 0.0118072450471421
983, 0.0153632782554875
984, 0.0173075228619079
985, 0.012660307266439
986, 0.0122948115846763
987, 0.01308065908961
988, 0.0127854573074728
989, 0.0121563896536827
990, 0.0133879804052413
991, 0.0119994503135482
992, 0.0134590689558536
993, 0.0136265377514064
994, 0.0117798868256311
995, 0.0115059831490119
996, 0.0116356237170597
997, 0.0115480440823982
998, 0.0126955930609256
999, 0.0128305976589521
1000, 0.0122674130058537
1001, 0.0119895161284755
1002, 0.0116967324699674
1003, 0.0131297731616845
1004, 0.0134092197598269
1005, 0.0111937066540122
1006, 0.011200191375489
1007, 0.0110048668769499
1008, 0.0110567829882105
1009, 0.0127633633092046
1010, 0.0124983808491379
1011, 0.0129858874715865
1012, 0.0118617836075524
1013, 0.0121943178431441
1014, 0.0115149839160343
1015, 0.0134615203365684
1016, 0.0108360274073978
1017, 0.0127036253522549
1018, 0.0169896511361003
1019, 0.0116146033784995
1020, 0.0132086897889773
1021, 0.011897844572862
1022, 0.0117035928027083
1023, 0.0116117226425558
1024, 0.0137779739840577
1025, 0.0122050073308249
1026, 0.0126476709265262
1027, 0.0140485192338626
1028, 0.0133682712136457
1029, 0.014169794972986
1030, 0.0116491141573836
1031, 0.0116395736113191
1032, 0.0114780208095908
1033, 0.0138834141350041
1034, 0.0183353253329794
1035, 0.0125514494720846
1036, 0.0118151211179793
1037, 0.0120001852046698
1038, 0.0128441279133161
1039, 0.0131623428314924
1040, 0.011375389372309
1041, 0.0112004297164579
1042, 0.0123589064460248
1043, 0.0112698692828417
1044, 0.0126282796263695
1045, 0.0120682541746646
1046, 0.0114864730276167
1047, 0.0117656412379195
1048, 0.0139799621887505
1049, 0.0114866517639409
1050, 0.0116243582839767
1051, 0.0115602635778487
1052, 0.0116076296350608
1053, 0.0133233690479149
1054, 0.0119042420604577
1055, 0.0117792511979739
1056, 0.0126330874239405
1057, 0.0121095799840987
1058, 0.011756303321038
1059, 0.0150390208166625
1060, 0.0140929647410909
1061, 0.014831843941162
1062, 0.0122421009776493
1063, 0.0152562483369062
1064, 0.0173828635985653
1065, 0.0125199411330479
1066, 0.0128510743379593
1067, 0.0116206628736109
1068, 0.0122531675733626
1069, 0.0113679585047066
1070, 0.011961144550393
1071, 0.0113425474458685
1072, 0.0114686112695684
1073, 0.0116890887729824
1074, 0.0118799828924239
1075, 0.0116173842300971
1076, 0.0115067783432702
1077, 0.0123540986484538
1078, 0.0115053280411909
1079, 0.0125585619049768
1080, 0.0116516772347192
1081, 0.0119924768029402
1082, 0.013318401761353
1083, 0.0142865600840499
1084, 0.0155384170357138
1085, 0.0117441674694419
1086, 0.0161629431614918
1087, 0.0154998844622501
1088, 0.0133162527345121
1089, 0.0118307295876245
1090, 0.0118804512146328
1091, 0.0115188977991541
1092, 0.0114220204607894
1093, 0.0116440078709275
1094, 0.0114763599509994
1095, 0.012141806151097
1096, 0.0126908842939883
1097, 0.0123856885669132
1098, 0.0131721518312891
1099, 0.014317574367548
1100, 0.0149115551418314
1101, 0.0121648335829377
1102, 0.01645448487252
1103, 0.0119637670771529
1104, 0.0129183556418866
1105, 0.0139872257908185
1106, 0.0134348702461769
1107, 0.013479950837791
1108, 0.0186749013140798
1109, 0.0234134631852309
1110, 0.0116820552696784
1111, 0.0107743559249987
1112, 0.0372692615104218
1113, 0.00486739059761021
1114, 0.000371193951286841
1115, 0.0125973050793012
1116, 0.014301581075415
1117, 0.0191304526136567
1118, 0.0286084075147907
1119, 0.0411372845992446
1120, 0.0518185781935851
1121, 0.0150883224061025
1122, 0.00508101882102589
1123, 0.00460368487983942
1124, 0.00384477865494167
1125, 0.00269003773185735
1126, 0.0013854307908332
1127, 0.0267713527039935
1128, 0.0139036605445047
1129, 0.00919125671498477
1130, 0.00723119720350951
1131, 0.00607262175374975
1132, 0.00541611628917356
1133, 0.00512995438960691
1134, 0.00510509925273557
1135, 0.0140388630485783
1136, 0.0199102993744115
1137, 0.0300525881660481
1138, 0.0411673858761787
1139, 0.0553029272705317
1140, 0.00383949363216137
1141, 0.00434617302380502
1142, 0.00344119529472664
1143, 0.0328888571821153
1144, 0.0157221385743469
1145, 0.0223308443867912
1146, 0.0130166835151613
1147, 0.0120244644737492
1148, 0.0111313085847845
1149, 0.023577098424236
1150, 0.0105345504358411
1151, 0.0337716204424699
1152, 0.0431224579612414
1153, 0.00546513117539386
1154, 0.0439730014652014
1155, 0.00791289560341587
1156, 0.0301787910672526
1157, 0.0172874167716752
1158, 0.0106255831196904
1159, 0.00638830793711046
1160, 0.00498201562246929
1161, 0.00482719398236701
1162, 0.011677148020161
1163, 0.0498174011175122
1164, 0.00517871491611004
1165, 0.00476265062267582
1166, 0.0174344612751156
1167, 0.0257252305746078
1168, 0.0368683207780123
1169, 0.013490488845855
1170, 0.0411427106708288
1171, 0.0160869987836729
1172, 0.0442820669462283
1173, 0.0379380659821133
1174, 0.012665671762079
1175, 0.0442315179854631
1176, 0.0357560663084899
1177, 0.00862457533366978
1178, 0.0191286444508781
1179, 0.0119272496085614
1180, 0.00679656017261247
1181, 0.00550283820900534
1182, 0.00531246369549384
1183, 0.0190385792936598
1184, 0.00651520622583727
1185, 0.028572585588942
1186, 0.0393416760489345
1187, 0.0461126255492369
1188, 0.0047057400457561
1189, 0.0446266707565103
1190, 0.027721389507254
1191, 0.0338717767968774
1192, 0.0232362993216763
1193, 0.0144726262272646
1194, 0.00958715084319313
1195, 0.0324454205110669
1196, 0.0408899278069536
1197, 0.0313664022833109
1198, 0.0444667019570867
1199, 0.00854683081464221
1200, 0.0416152724730117
1201, 0.0395551809730629
1202, 0.0300718262525541
1203, 0.0159196083744367
1204, 0.0072775618173182
1205, 0.0103448822296091
1206, 0.0425069244312389
1207, 0.0393265325576067
1208, 0.044240881378452
1209, 0.0288244290277362
1210, 0.00708397357569387
1211, 0.0138361138025565
1212, 0.0197147761161129
1213, 0.00990832038223743
1214, 0.0138168123550713
1215, 0.0240061727042
1216, 0.0349274536905189
1217, 0.0439708568155766
