1, 0.00819879886694252
2, 0.105547606945038
3, 0.00704062136355788
4, 0.0101764216087759
5, 0.0609883200377226
6, 0.118058573454618
7, 0.00414741085842252
8, 0.00423956010490656
9, 0.105545700838168
10, 0.00822204514406621
11, 0.0666140392422676
12, 0.106645956635475
13, 0.00904087844537571
14, 0.0101421885968496
15, 0.0110047476676603
16, 0.0118746780014286
17, 0.0126311605951438
18, 0.0131302503868937
19, 0.0136576322062562
20, 0.015901150725161
21, 0.0257943316052357
22, 0.0496632341916362
23, 0.0835191352913777
24, 0.0811028322204947
25, 0.0596045752366384
26, 0.0382355122516553
27, 0.0201718439348042
28, 0.00933468466003736
29, 0.00562816980527714
30, 0.00515568372793496
31, 0.0050507397002851
32, 0.00633343177226682
33, 0.00760495810148617
34, 0.00854742689989507
35, 0.00921754236333072
36, 0.00967002062437435
37, 0.00991384320271512
38, 0.0100393706622223
39, 0.0101339037840565
40, 0.0101200953358784
41, 0.0100190656570097
42, 0.00992012210190296
43, 0.00982344305763642
44, 0.00976248768468698
45, 0.00976932188495994
46, 0.00987815981109937
47, 0.0102464772450427
48, 0.0109272024904688
49, 0.0118108214810491
50, 0.0128483396644394
51, 0.0140644335187972
52, 0.0167030130202572
53, 0.0230077154313525
54, 0.0324337935696046
55, 0.0481204185634851
56, 0.0540612637996674
57, 0.0509221243361632
58, 0.0490258224308491
59, 0.0439726586143176
60, 0.0355985627199213
61, 0.0254630291213592
62, 0.0168849249991278
63, 0.0128040335451563
64, 0.0117422764499982
65, 0.0109243015758693
66, 0.0101830181665719
67, 0.00954075856134295
68, 0.00907035870477557
69, 0.00874670501798391
70, 0.00854424728701512
71, 0.00857408965627352
72, 0.00878075882792473
73, 0.00906070197621981
74, 0.00945703374842803
75, 0.00997360702604055
76, 0.0106050190515816
77, 0.0113517466622094
78, 0.012373846800377
79, 0.0162358313488464
80, 0.0248975011830529
81, 0.0350978445882599
82, 0.0423190668225288
83, 0.0457969605922699
84, 0.0470752405623595
85, 0.0753735415637493
86, 0.0640778332017362
87, 0.0143838346314927
88, 0.0128391201918324
89, 0.0096453440686067
90, 0.008023263188079
91, 0.0068411441364636
92, 0.00592235817263524
93, 0.0052524017325292
94, 0.00479587004519999
95, 0.00448366091586649
96, 0.00426423619501293
97, 0.00412388704717159
98, 0.00405804362768928
99, 0.00405629530238609
100, 0.00407489226199687
101, 0.00413522188318893
102, 0.00421832059510052
103, 0.0043648686648036
104, 0.00447233591694385
105, 0.0044692960800603
106, 0.0043563850534459
107, 0.00410280692934369
108, 0.0037512388274384
109, 0.00319904143301149
110, 0.00240286233990143
111, 0.00262775076165174
112, 0.00345158646814525
113, 0.00725162161203722
114, 0.0168378783079485
115, 0.0354714461912711
116, 0.063584537555774
117, 0.0923125930130482
118, 0.0840535331517458
119, 0.0504640024155378
120, 0.0260659509027998
121, 0.0156987936546405
122, 0.0133343959071984
123, 0.012789470066006
124, 0.0122592868283391
125, 0.0115382294946661
126, 0.0107274076435715
127, 0.00990379050684472
128, 0.00893895496847108
129, 0.00846282811835408
130, 0.00864180084317923
131, 0.00898424970606963
132, 0.00947992193202178
133, 0.0100168008357286
134, 0.0106247283207873
135, 0.0113040618598461
136, 0.0124823270986478
137, 0.0170396201622983
138, 0.0262526717657844
139, 0.0374241747582952
140, 0.0468441726018985
141, 0.0526672676205635
142, 0.0551745189974705
143, 0.0589981973171234
144, 0.0526827066205442
145, 0.0355676086619496
146, 0.0249480847269297
147, 0.0173929957672954
148, 0.0139785638699929
149, 0.0125638272923728
150, 0.0115038175135851
151, 0.0107101222189764
152, 0.0101616002308826
153, 0.00995957960064212
154, 0.00992870486030976
155, 0.0098882932215929
156, 0.00990847932795683
157, 0.00999498522529999
158, 0.0100749350773791
159, 0.0101422090083361
160, 0.00578588375356048
161, 0.00977715089296301
162, 0.0216658947368463
163, 0.0413064230233431
164, 0.0665326248854399
165, 0.0926677572230498
166, 0.0818737279623747
167, 0.0569533991316954
168, 0.0328534105792642
169, 0.0159459533169866
170, 0.0070943843262891
171, 0.00340235292969737
172, 0.00420278386445716
173, 0.00420963857322931
174, 0.00420371768996119
175, 0.0041950154894342
176, 0.00419549224898219
177, 0.00424452700341741
178, 0.00437033254032334
179, 0.00463537460503479
180, 0.00510108571810027
181, 0.00578045984730124
182, 0.00667977488289277
183, 0.00788931222632527
184, 0.00955256012578805
185, 0.0126891559921205
186, 0.0139399400601784
187, 0.0580340718152002
188, 0.0683955873052279
189, 0.0438892524689436
190, 0.0444020517170429
191, 0.041852838670214
192, 0.0346805301184456
193, 0.0247827411318819
194, 0.0161571530625224
195, 0.01199945093443
196, 0.0109434944267074
197, 0.0101636666804552
198, 0.00957024345795313
199, 0.00913806911557913
200, 0.00893541316812237
201, 0.00878270591298739
202, 0.00859689867744843
203, 0.0422997723466584
204, 0.0129068910997982
205, 0.00744344899430871
206, 0.0124336107013126
207, 0.0131677214521915
208, 0.0138888983832051
209, 0.0160142213571817
210, 0.0234247092157602
211, 0.0392644290501873
212, 0.0604735128581524
213, 0.0249021693598479
214, 0.0599202625453472
215, 0.0100682993264248
216, 0.00899146186808745
217, 0.00828904064837843
218, 0.00736759222733478
219, 0.00639156605272243
220, 0.00526283285580575
221, 0.0209108038494984
222, 0.0158135324406127
223, 0.0135861658491194
224, 0.0124239348030339
225, 0.0114431999002894
226, 0.0106392919551581
227, 0.010122936607028
228, 0.00989061741468807
229, 0.00980649547030528
230, 0.00980955525301397
231, 0.00987770323020717
232, 0.00997646812659999
233, 0.00918297120369971
234, 0.00945657677948475
235, 0.0170603622682393
236, 0.0250690428850551
237, 0.0347077913271884
238, 0.04235306289047
239, 0.0461949597423275
240, 0.0466882279142737
241, 0.0466330731287599
242, 0.0131022958084941
243, 0.00984001361454527
244, 0.010379793200021
245, 0.0110494911205024
246, 0.0118574127554893
247, 0.0277374048406879
248, 0.0365670993924141
249, 0.0425645597279072
250, 0.044372806015114
251, 0.0425416898603241
252, 0.00949653168208897
253, 0.00995870609767735
254, 0.00980852195061743
255, 0.00813375017605722
256, 0.00901180676495036
257, 0.00849503422311197
258, 0.0295884655788541
259, 0.00987231902157267
260, 0.0133442305959761
261, 0.0106345034049203
262, 0.0100061112704376
263, 0.0121689066290855
264, 0.0213514207862318
265, 0.0159237212501466
266, 0.0112822474135707
267, 0.038606221228838
268, 0.00991686363704503
269, 0.0102460997489591
270, 0.0098859880430003
271, 0.0115510444932928
272, 0.0178356205578893
273, 0.0260395663790405
274, 0.0384038570336998
275, 0.0145316945854574
276, 0.0106030914466828
277, 0.013252400017033
278, 0.0102215170461152
279, 0.0383763036557606
280, 0.0109301031722377
281, 0.0363301349803805
282, 0.0140855539745341
283, 0.0123736682968835
284, 0.0115283553798993
285, 0.0401008805880944
286, 0.0432186216736833
287, 0.043144015284876
288, 0.0388350967938701
289, 0.0104508018897225
290, 0.0190935370046645
291, 0.00968293488646547
292, 0.00952927426745494
293, 0.00945854357754191
294, 0.00941527052782476
295, 0.00997703595619116
296, 0.0219095586799085
297, 0.0113865749444813
298, 0.0120950165049483
299, 0.0162849454209208
300, 0.0132620158450057
301, 0.0108328478721281
302, 0.0101278044749051
303, 0.00996295797328154
304, 0.0104128138627857
305, 0.00988124016051491
306, 0.028619294675688
307, 0.0122453594425072
308, 0.0410019236927231
309, 0.0294311703182757
310, 0.0198814310909559
311, 0.0152268040304383
312, 0.0112810750336697
313, 0.0503833803037802
314, 0.00985920576689144
315, 0.00791696823822955
316, 0.0309572290363056
317, 0.0114839293528348
318, 0.00979301087292177
319, 0.0217733421207716
320, 0.0121688270786156
321, 0.015662851355349
322, 0.0436687950665752
323, 0.0419963082919518
324, 0.037574120486776
325, 0.013162655212606
326, 0.00969362406370541
327, 0.011016561370343
328, 0.0308529992277424
329, 0.0103636003720264
330, 0.00959162088111043
331, 0.00987935261800885
332, 0.0105507591894517
333, 0.0237341768418749
334, 0.0172751777184506
335, 0.012296639305229
336, 0.0102187216592332
337, 0.013607087234656
338, 0.00995785176443557
339, 0.0110183180465053
340, 0.0116156560058395
341, 0.0134302009052287
342, 0.0218824587451915
343, 0.0434363776197036
344, 0.032466894791772
345, 0.0121291389555803
346, 0.0487604830414057
347, 0.00980570437386632
348, 0.010055376868695
349, 0.00986082721501589
350, 0.0128835662423323
351, 0.0343209568721553
352, 0.0143960344139487
353, 0.0177992415459206
354, 0.0252090934664011
355, 0.0408305007343491
356, 0.0339470483096583
357, 0.00993371141764025
358, 0.0410538399592042
359, 0.0296378917992115
360, 0.0106719355098903
361, 0.0111964960427334
362, 0.0254726653608183
363, 0.0146314128457258
364, 0.0189638168861469
365, 0.0102028864701944
366, 0.0126904869296898
367, 0.0118515315310409
368, 0.010066888295114
369, 0.010885669477284
370, 0.0496309104685982
371, 0.0159419806829343
372, 0.0347368585256239
373, 0.044968633291622
374, 0.0494512418905894
375, 0.0286397382927438
376, 0.0108129198973378
377, 0.0176912915360715
378, 0.0431764607007305
379, 0.0104456760454923
380, 0.0380087757172684
381, 0.0206719078123569
382, 0.0290822635094325
383, 0.0439769305909673
384, 0.0102971465592938
385, 0.0109775483142585
386, 0.0113501371039699
387, 0.0285122239341338
388, 0.0218775702329973
389, 0.0121605418777714
390, 0.0162041612590353
391, 0.0133000639422486
392, 0.0117596605947862
393, 0.023207232200851
394, 0.0473445542156696
395, 0.0493178457642595
396, 0.0457086297018187
397, 0.0163943117617496
398, 0.0136143473908305
399, 0.0339855482801795
400, 0.0439858116830389
401, 0.0448216088116169
402, 0.0328345761323969
403, 0.0413373789439599
404, 0.0112911880326768
405, 0.0345077575849635
406, 0.0126049881135779
407, 0.0241709598340094
408, 0.0142255053700258
409, 0.0177873809201022
410, 0.0402826126664877
411, 0.0347825355517367
412, 0.0128164651936718
413, 0.0122591673862189
414, 0.0483687603846192
415, 0.0462919557467103
416, 0.0107033272273839
417, 0.0239304827526212
418, 0.0357552314443248
419, 0.0437713153660297
420, 0.0457171493520339
421, 0.0438506491482258
422, 0.0389059254278739
423, 0.0156232617795467
424, 0.0357964900322258
425, 0.0197093528695405
426, 0.0264173600201805
427, 0.0126557844690979
428, 0.0139371178423365
429, 0.0468324508517981
430, 0.0444022696465254
431, 0.0460904583867107
432, 0.0247251795604825
433, 0.0250721150595281
434, 0.0377206277723114
435, 0.028889518044889
436, 0.040974405904611
437, 0.0354982481027643
438, 0.0149626953837772
439, 0.0172561839378128
440, 0.0171093373404195
441, 0.0440649598836899
442, 0.0390082675342759
443, 0.0345523655414581
444, 0.0173759016208351
445, 0.0256675930383305
446, 0.0256041140916447
447, 0.035221921124806
448, 0.0251142232057949
449, 0.0169064432072143
450, 0.0129261039352665
451, 0.0115970793024947
452, 0.0108341194378833
453, 0.0102340596883247
454, 0.00973961898125708
455, 0.00940305142042538
456, 0.00917144771665335
457, 0.0560821583494544
458, 0.0480250998710593
459, 0.00450672783578436
460, 0.00439393590204418
461, 0.00339853835369771
462, 0.00286120230642458
463, 0.00413258942232157
464, 0.00380136652772004
465, 0.0041123436531052
466, 0.00416306724461416
467, 0.00428934957987318
468, 0.00449693280582627
469, 0.00481806288007647
470, 0.00527296556780736
471, 0.0059509485339125
472, 0.0069073053697745
473, 0.00813001526209215
474, 0.0097839052323252
475, 0.0136408035177737
476, 0.0256770902002851
477, 0.0159616296490033
478, 0.0227871970273554
479, 0.0389428016108771
480, 0.0210122509549061
481, 0.00532126531470567
482, 0.0703797822019884
483, 0.00995159343195458
484, 0.0422272593049066
485, 0.0426435951764385
486, 0.0285721470912298
487, 0.010763011019056
488, 0.0113886217586696
489, 0.0122204048093408
490, 0.0142314260980735
491, 0.0194950138684362
492, 0.0103005982624988
493, 0.0462462594732642
494, 0.0382303862522046
495, 0.00423683788782607
496, 0.00440706898613522
497, 0.00451002603707214
498, 0.00466108395873259
499, 0.00451729792015006
500, 0.00462935457471758
501, 0.0044945091358386
502, 0.00411200585464637
503, 0.00412767007946968
504, 0.00559413518446187
505, 0.00467103789560497
506, 0.00751970308677604
507, 0.0109941183278958
508, 0.0287498288477461
509, 0.0159537218666325
510, 0.00639150625405212
511, 0.00444922922179103
512, 0.00504161995680382
513, 0.00898263995380451
514, 0.0138593937736005
515, 0.0676476893325647
516, 0.0130330149549991
517, 0.0122789963303755
518, 0.0114310601105293
519, 0.0105242548355212
520, 0.00976109681650996
521, 0.0261391635673742
522, 0.0398054587033888
523, 0.0101091878355614
524, 0.0494202455239637
525, 0.00488392618717626
526, 0.00426857888565532
527, 0.0108421103097498
528, 0.0473519659911593
529, 0.0323493143854042
530, 0.0415146021793286
531, 0.0226117013953626
532, 0.0159676502613972
533, 0.0129424953678002
534, 0.0119385538467517
535, 0.0113229171062509
536, 0.0479836746429404
537, 0.0445665208001932
538, 0.00447021017316729
539, 0.00523195772742232
540, 0.00555563089437783
541, 0.00502566581902405
542, 0.00460954588682701
543, 0.0042409705153356
544, 0.00532688790311416
545, 0.0123882913030684
546, 0.00979075976647437
547, 0.0190560654737055
548, 0.00595601500632862
549, 0.0081503006319205
550, 0.00491811928804964
551, 0.0323091009631753
552, 0.00689178802228222
553, 0.00430874111286054
554, 0.0179244507259379
555, 0.0111097909199695
556, 0.0130369684193283
557, 0.0120543064549565
558, 0.0436215680092573
559, 0.0144204914880296
560, 0.0556745231151581
561, 0.0426557135768235
562, 0.00632163028543194
563, 0.00805952040744679
564, 0.0251078854780644
565, 0.0137759137765637
566, 0.0553046952312191
567, 0.0431884840130806
568, 0.0119904299000544
569, 0.00739457384527971
570, 0.0479955289512873
571, 0.0140408899169415
572, 0.0182071960686396
573, 0.0126319349122544
574, 0.0262578766172131
575, 0.0362725529509286
576, 0.0447222876052062
577, 0.0465509987746676
578, 0.00464671078537192
579, 0.0459660038884197
580, 0.00637302924102793
581, 0.00573376915417612
582, 0.00485571303094427
583, 0.00448171375319362
584, 0.00883994651182244
585, 0.0106039859044055
586, 0.0137343232830366
587, 0.0216425101583203
588, 0.0355007909238338
589, 0.00742757456221928
590, 0.00572762991456936
591, 0.00641391787212342
592, 0.00465758723051598
593, 0.0132858977497866
594, 0.0201975340023637
595, 0.0153794315022727
596, 0.0300626209937036
597, 0.0549488555019101
598, 0.00439705923199654
599, 0.04696203236069
600, 0.00828176899813116
601, 0.0154369699303061
602, 0.0210215888607005
603, 0.0301791089586914
604, 0.0401515839621425
605, 0.0474673019101222
606, 0.048179794413348
607, 0.00699309651584675
608, 0.00528357507816205
609, 0.0116390405843655
610, 0.00484637508634478
611, 0.0156635073168824
612, 0.0244450210593641
613, 0.00960332333731155
614, 0.0373896835371852
615, 0.00808127860849102
616, 0.0083592670969665
617, 0.00701063987798989
618, 0.00520457913322995
619, 0.033640429067115
620, 0.0232629021629691
621, 0.0466426496083538
622, 0.0170200584190232
623, 0.0554670008520285
624, 0.0132940315641463
625, 0.00889541868430873
626, 0.0240771408813695
627, 0.0344623581816753
628, 0.0440050040682157
629, 0.0498921762531002
630, 0.0487394936914955
631, 0.0101057308326874
632, 0.018081549477453
633, 0.00606531013424198
634, 0.0281000776837269
635, 0.00534339835091184
636, 0.0127997024295231
637, 0.0401057076329986
638, 0.0104409475655605
639, 0.00882572079232583
640, 0.00622267488922392
641, 0.0369415942889949
642, 0.0486666839569807
643, 0.0552373627821604
644, 0.010299255605787
645, 0.0135181967634708
646, 0.0396107155829668
647, 0.0481497518097361
648, 0.0518069360405207
649, 0.0469043351709843
650, 0.0503275256603956
651, 0.0106534777053942
652, 0.0318076664892336
653, 0.0207983287982643
654, 0.0428325012326241
655, 0.00739389817075183
656, 0.0144899511554589
657, 0.00496471016667783
658, 0.00763337756507099
659, 0.0114105960043768
660, 0.0502055377388994
661, 0.0268501326441765
662, 0.0544219907994072
663, 0.0505991879229744
664, 0.0528770564123988
665, 0.0109012144617736
666, 0.0136195442949732
667, 0.0095671600928264
668, 0.0463007262774876
669, 0.0338047558441758
670, 0.0263393658346363
671, 0.0153547153652956
672, 0.0530079292754332
673, 0.0520787741988897
674, 0.0490855664635698
675, 0.051413257420063
676, 0.0199018996208906
677, 0.0208254097184787
678, 0.0447543946405252
679, 0.0415611176618508
680, 0.0344826396820801
681, 0.024730734154582
682, 0.0122517567748825
683, 0.0132632873331507
684, 0.0458031777913372
685, 0.0345464418642223
686, 0.02117915218696
687, 0.0175938831331829
688, 0.035128671862185
689, 0.0412288745865226
690, 0.0928998433053494
691, 0.0297792406442265
692, 0.0508124921470881
693, 0.0503736420844992
694, 0.0493457208697995
695, 0.0448580477386713
696, 0.0363536745620271
697, 0.0259259791734318
698, 0.0173176159927001
699, 0.0129068514797837
700, 0.0115580180039008
701, 0.0108506304677576
702, 0.0102404771217455
703, 0.00977921672165394
704, 0.0094358342854927
705, 0.00913133394593994
706, 0.00827100030922641
707, 0.0054619920750459
708, 0.00948784911694626
709, 0.00898981265102824
710, 0.00735014832268159
711, 0.00642472633626312
712, 0.0100400464919706
713, 0.0099144596606493
714, 0.00993849996787806
715, 0.00999057424875597
716, 0.0101185455763092
717, 0.0104902405291796
718, 0.0111791710369289
719, 0.0121459783986211
720, 0.0134484994535645
721, 0.0162313804030418
722, 0.0223216651938856
723, 0.0322382108618816
724, 0.0223087704895685
725, 0.0379782395126919
726, 0.0135616090459128
727, 0.015643182133014
728, 0.0134327244013548
729, 0.0265813523437828
730, 0.0697054658085108
731, 0.00763992650900036
732, 0.0454827632222857
733, 0.0289185894653201
734, 0.0107906279154122
735, 0.0113228578896572
736, 0.0121918347043296
737, 0.0197119351942092
738, 0.0104636766482145
739, 0.0384980905801058
740, 0.0450563710182905
741, 0.0471351832772295
742, 0.0455622964849075
743, 0.0141978489700705
744, 0.0100002504574756
745, 0.00980800560986002
746, 0.00939065396475295
747, 0.00806315910692016
748, 0.0101007637567818
749, 0.00896656676195562
750, 0.00847242442735781
751, 0.0100981968455017
752, 0.00996001739986241
753, 0.0119783303234726
754, 0.0133124017932763
755, 0.0164533879142255
756, 0.0226741071480016
757, 0.0102443712918709
758, 0.0111084997964402
759, 0.00998509100948771
760, 0.0100539741106331
761, 0.0308100042554239
762, 0.010579091263935
763, 0.012764019270738
764, 0.0382795405263702
765, 0.0664280389125149
766, 0.0255242829831938
767, 0.0175831348169595
768, 0.0121136927045882
769, 0.0113797013182193
770, 0.0105224071691434
771, 0.0097301977686584
772, 0.0102715168946556
773, 0.0416143696222986
774, 0.00796282454393804
775, 0.0100424990190991
776, 0.0110701340250671
777, 0.0459066713228822
778, 0.0411331728100777
779, 0.0323500695327918
780, 0.0228088737931103
781, 0.0458911728734771
782, 0.0160966742939005
783, 0.0129757151783754
784, 0.0426617143675685
785, 0.0119291168327133
786, 0.0114388087919603
787, 0.00990712836695214
788, 0.00943672827755412
789, 0.00939548194097976
790, 0.00952279746221999
791, 0.00969044553736846
792, 0.00999490621810158
793, 0.0103741507045925
794, 0.0170657662674785
795, 0.0134614135604352
796, 0.0107913832956304
797, 0.0233600575787326
798, 0.0101425665585945
799, 0.0330416035971471
800, 0.0120468559519698
801, 0.0113286796646814
802, 0.00996321618246535
803, 0.0141981071016441
804, 0.0112664323921005
805, 0.0121011359927555
806, 0.0293699557272096
807, 0.0419980368266503
808, 0.0129368524843206
809, 0.053216865286231
810, 0.0422533120959997
811, 0.00980884023010731
812, 0.0109322436952165
813, 0.018516203854233
814, 0.0540281636640429
815, 0.0303323525004089
816, 0.038977225869894
817, 0.0121034917953823
818, 0.0109940790571272
819, 0.0140699767507613
820, 0.039992339288195
821, 0.0448033288121223
822, 0.0183319676822672
823, 0.0360668748617172
824, 0.0264157494530082
825, 0.0126614791806787
826, 0.0437310021370649
827, 0.0467403220633666
828, 0.00986159007464136
829, 0.0100680410396308
830, 0.0104010723686467
831, 0.00969654500174026
832, 0.00996915662350754
833, 0.0124014240379135
834, 0.0142479367398967
835, 0.0186642636545002
836, 0.02558442329367
837, 0.0115875423265
838, 0.0105610110331327
839, 0.0110082050474981
840, 0.0100320791825652
841, 0.0200092426190774
842, 0.0450135149682562
843, 0.0133537871297449
844, 0.0153148199897259
845, 0.0524356861909231
846, 0.0099622031673789
847, 0.0118878309149295
848, 0.01560537237674
849, 0.0211375191186865
850, 0.0437738578766584
851, 0.0462490981444716
852, 0.0301848901435733
853, 0.0472083380445838
854, 0.0397916495179137
855, 0.0111158709817876
856, 0.00993653301460048
857, 0.0100229595166941
858, 0.0155692325594525
859, 0.0209305322108169
860, 0.0279277215401332
861, 0.0128767509789517
862, 0.0118826650238285
863, 0.0113090295344591
864, 0.0115164545364678
865, 0.0102409939281642
866, 0.017184090135353
867, 0.0330981272272766
868, 0.0232450805294017
869, 0.05318416065226
870, 0.0364361386746168
871, 0.0316662846133113
872, 0.0134513641707599
873, 0.0124113978818059
874, 0.0241948009158174
875, 0.0342697954426209
876, 0.0419141734018922
877, 0.0472345631569624
878, 0.0483551506573955
879, 0.0433027418330312
880, 0.0129234474817557
881, 0.0102596638857254
882, 0.0241918608856698
883, 0.0315241074810425
884, 0.0174318387483557
885, 0.0105490106313179
886, 0.0137137991841882
887, 0.0123018648009747
888, 0.0107527194389453
889, 0.0472381391252081
890, 0.0364887382214268
891, 0.0531515963375568
892, 0.013084152340889
893, 0.0369325704872608
894, 0.0182246000816425
895, 0.0391009779913085
896, 0.0469089035565654
897, 0.0373477672359773
898, 0.0465018637478352
899, 0.0498479893431067
900, 0.0133439524409672
901, 0.026761120185256
902, 0.0108426112681627
903, 0.0196897226075331
904, 0.00990715157240629
905, 0.0149275690782815
906, 0.011547369028752
907, 0.0487563302740455
908, 0.0268841318786144
909, 0.0525552521770199
910, 0.0503665696208676
911, 0.0115132949625452
912, 0.0510466390599807
913, 0.0453754346817732
914, 0.0135780836455524
915, 0.0180315407148252
916, 0.0316682266337531
917, 0.0215174796370169
918, 0.0127566908486187
919, 0.037903912179172
920, 0.0514883296564221
921, 0.0514617453639706
922, 0.0487268064171076
923, 0.0497140988707542
924, 0.0261352341622114
925, 0.0268628839403391
926, 0.0436287354677916
927, 0.0381580317126853
928, 0.0163521602128943
929, 0.0174572895436237
930, 0.0471788529927532
931, 0.0377927689502637
932, 0.0262563669433196
933, 0.0256879207279001
934, 0.0368163459934294
935, 0.0313073463737965
936, 0.0433710172772408
937, 0.092181009799242
938, 0.0367898069322109
939, 0.0389550660869905
940, 0.00974514218978584
941, 0.00533280829161716
942, 0.0119033479131758
943, 0.0127135739506533
944, 0.013523402546222
945, 0.0159596039447933
946, 0.0241443362707893
947, 0.0411740414177378
948, 0.0629026796668768
949, 0.0197692545286069
950, 0.0607430037731926
951, 0.00429354188963771
952, 0.00424067260852704
953, 0.00399609474698082
954, 0.00375280841641749
955, 0.00345881845957289
956, 0.00286169888568111
957, 0.0134697383424888
958, 0.00971035364394387
959, 0.00791094886759917
960, 0.00669334483488152
961, 0.00577382366949071
962, 0.00510402617510408
963, 0.00466485907478879
964, 0.00440798296282689
965, 0.00428170051115255
966, 0.00423862625999997
967, 0.00423981831409037
968, 0.00424484497246643
969, 0.00903650264566143
970, 0.00923252268694341
971, 0.0167100064766904
972, 0.0249399983634551
973, 0.0345747326500714
974, 0.0417969298238556
975, 0.0447736472512285
976, 0.0449784686788917
977, 0.0510302875190973
978, 0.0124836591227601
979, 0.00950682318458954
980, 0.00993828165034453
981, 0.0105006319160263
982, 0.0111961981747299
983, 0.0283055352047086
984, 0.0372772881140312
985, 0.0431656719495853
986, 0.0451242616400123
987, 0.0447004530578852
988, 0.00439924075423429
989, 0.00440343302519371
990, 0.00445683878691246
991, 0.00432477458768214
992, 0.00436695490498096
993, 0.00457372341770679
994, 0.0240392733830959
995, 0.00723250862210989
996, 0.00543483214763304
997, 0.010829093400389
998, 0.0158042140149822
999, 0.0389484719373286
1000, 0.00491366896312684
1001, 0.00432372190213452
1002, 0.00868332603325447
1003, 0.00618295002883921
1004, 0.00458280338595311
1005, 0.00440216149824361
1006, 0.00430653577980896
1007, 0.0406146527578433
1008, 0.0110146226361394
1009, 0.0178658006091913
1010, 0.0270908327462773
1011, 0.0140914747025818
1012, 0.010126890692239
1013, 0.0126881626589845
1014, 0.00973665887223823
1015, 0.0449316248829876
1016, 0.010553540661931
1017, 0.0394194193184376
1018, 0.0137930143003662
1019, 0.0119995499650637
1020, 0.0112086357548833
1021, 0.0429459698498249
1022, 0.0449832569186886
1023, 0.0446031189834078
1024, 0.0402224740634362
1025, 0.0100072242785245
1026, 0.0192073616975298
1027, 0.00444428207507978
1028, 0.00553212652448565
1029, 0.00496421343026062
1030, 0.00442483105386297
1031, 0.00432493088633886
1032, 0.0167513716345032
1033, 0.00671883567702025
1034, 0.00783509171257416
1035, 0.011716268879051
1036, 0.00937700481154025
1037, 0.00583771996510526
1038, 0.00478261798465004
1039, 0.00450877437833697
1040, 0.0052079171097527
1041, 0.00438145881829162
1042, 0.0264325775206089
1043, 0.0116405112203211
1044, 0.0433293068781495
1045, 0.0306443618610501
1046, 0.0200191178203871
1047, 0.0147847164577494
1048, 0.010639689474677
1049, 0.0533234781275193
1050, 0.00440389011055231
1051, 0.00508393917698413
1052, 0.0306779883269753
1053, 0.0110397356717537
1054, 0.00444718856098396
1055, 0.0223419306178888
1056, 0.0118342462616662
1057, 0.01567338174209
1058, 0.0456286969905098
1059, 0.0441102876017491
1060, 0.0399887242044012
1061, 0.0129298792841534
1062, 0.00457386261162659
1063, 0.0104204434901476
1064, 0.0319401680802306
1065, 0.00616310156571368
1066, 0.00473239102090398
1067, 0.00435562208294868
1068, 0.00551527847225467
1069, 0.0194814840021233
1070, 0.0128405122086406
1071, 0.0085458573885262
1072, 0.00496735276343922
1073, 0.0100318810436875
1074, 0.00460487697273493
1075, 0.00625439601329466
1076, 0.00726580767271419
1077, 0.0128181802574545
1078, 0.0221801640776296
1079, 0.0456577825049559
1080, 0.0338066876865923
1081, 0.0115660279324012
1082, 0.0515352192645272
1083, 0.00947153698652983
1084, 0.00424463837407529
1085, 0.004665661836043
1086, 0.0124408626773705
1087, 0.0358578039643665
1088, 0.0141879944130778
1089, 0.0180411570860694
1090, 0.02615797938779
1091, 0.0426763193681836
1092, 0.0340264597907662
1093, 0.00498737984647353
1094, 0.0428782990202308
1095, 0.0282179413363338
1096, 0.0213394005162021
1097, 0.00668198002191881
1098, 0.00580422196071595
1099, 0.0142564207781106
1100, 0.011101824309056
1101, 0.00515999215921121
1102, 0.00925078173168004
1103, 0.00782456148105363
1104, 0.00544146805380781
1105, 0.00717299096286297
1106, 0.0506500902896126
1107, 0.0155240924408038
1108, 0.0362420151941478
1109, 0.0470733533923825
1110, 0.0517504724363486
1111, 0.023393238040929
1112, 0.00807895367809882
1113, 0.0131623424988772
1114, 0.0452640935157736
1115, 0.00579915552710493
1116, 0.0399193440874418
1117, 0.0211137568888565
1118, 0.0303906053304672
1119, 0.046016045846045
1120, 0.00691734134618725
1121, 0.0250215576961637
1122, 0.00678221512741099
1123, 0.00706039015979816
1124, 0.0171244576728592
1125, 0.0084368207026273
1126, 0.0123558466633161
1127, 0.00997807776244978
1128, 0.00811700165892641
1129, 0.0236865924671292
1130, 0.0474813282489777
1131, 0.0511353916178147
1132, 0.047684371471405
1133, 0.0161665365365999
1134, 0.0130038764327765
1135, 0.0333558859303594
1136, 0.045775241839389
1137, 0.0469906205932299
1138, 0.0344086543967327
1139, 0.0434582109252612
1140, 0.00712327282720556
1141, 0.0324323065578938
1142, 0.00920750573277473
1143, 0.0107762834522873
1144, 0.0188041370517264
1145, 0.0133447873716553
1146, 0.0376023847609758
1147, 0.0363936681921283
1148, 0.00959316448175481
1149, 0.00881646224297583
1150, 0.049675017905732
1151, 0.0456524789333344
1152, 0.00603425614535809
1153, 0.0246178429573774
1154, 0.0314228941819498
1155, 0.0449981965745489
1156, 0.047583470121026
1157, 0.0459338324144483
1158, 0.039511509394894
1159, 0.0331886283432444
1160, 0.0116514225490391
1161, 0.0146258103195578
1162, 0.0207489579916
1163, 0.00956750074401498
1164, 0.0106642262544483
1165, 0.0476403076201677
1166, 0.0430769600595037
1167, 0.0472766932632242
1168, 0.018659237306565
1169, 0.0194421108915574
1170, 0.0351334096242984
1171, 0.0229975266382098
1172, 0.0385675694172581
1173, 0.0306275946398576
1174, 0.0113298316330959
1175, 0.0127780853460232
1176, 0.0125431836737941
1177, 0.0448779672384262
1178, 0.02917092256248
1179, 0.0361872175708413
1180, 0.0128423235379159
1181, 0.0195013522170484
1182, 0.0194380318280309
