1, 0.00799095723778009
2, 0.0184894825797528
3, 0.00495633587706834
4, 0.00824117823503911
5, 0.00930166430771351
6, 0.0128573197871447
7, 0.00382602261379361
8, 0.00508365139830858
9, 0.0173800324555486
10, 0.00889742560684681
11, 0.010351063683629
12, 0.0139498743228614
13, 0.00867414614185691
14, 0.00978022969017426
15, 0.0113351566251367
16, 0.0143806758957605
17, 0.0161569936511417
18, 0.0107423481531441
19, 0.00704511138610542
20, 0.004650653184702
21, 0.00563484523445368
22, 0.00657552600993464
23, 0.00724172716339429
24, 0.00764894621291508
25, 0.00789684200814615
26, 0.00805644372788568
27, 0.00816951342858374
28, 0.00822882012774547
29, 0.00832489272579551
30, 0.00846064230427146
31, 0.00859876628965139
32, 0.00875600318734845
33, 0.00891447206959128
34, 0.00914380128961056
35, 0.00929717393592
36, 0.00952510225276152
37, 0.00998751539736986
38, 0.0106010454085966
39, 0.0112175562729438
40, 0.0116778238055607
41, 0.0118506372285386
42, 0.0114749297499657
43, 0.0105735083731512
44, 0.00942274074380597
45, 0.0087304727640003
46, 0.00860199506860226
47, 0.00912563207869728
48, 0.0101421292250355
49, 0.0109613755096992
50, 0.0113534551734726
51, 0.0112461269212266
52, 0.0107568519500395
53, 0.010050218552351
54, 0.00930396839976311
55, 0.00863893982023001
56, 0.00807849721362193
57, 0.00765093322843313
58, 0.00731158388468126
59, 0.00704864800597231
60, 0.00685048243030906
61, 0.00668899350178738
62, 0.0065561942756176
63, 0.00646309205330908
64, 0.0064164810658743
65, 0.00640320878786345
66, 0.00643952819518745
67, 0.00654324027709663
68, 0.00673627962047855
69, 0.00707300612702966
70, 0.00766909238882363
71, 0.00871122054134806
72, 0.0102870880315701
73, 0.0111545738764107
74, 0.00916788110043854
75, 0.00578598259016871
76, 0.00490812553713719
77, 0.00444344764885803
78, 0.00415857679521044
79, 0.00400745903607458
80, 0.00405907684138843
81, 0.00462524166020254
82, 0.00521723514733215
83, 0.00585242213370899
84, 0.00652055054282149
85, 0.00714973736709605
86, 0.00767292718713482
87, 0.0080808613759776
88, 0.00836980482563376
89, 0.00857494445517659
90, 0.00873309521314999
91, 0.00884692037167648
92, 0.00892253879768153
93, 0.00895921560004354
94, 0.00896324884767334
95, 0.00892643304541707
96, 0.00885178808433314
97, 0.0087370293525358
98, 0.0085801100358367
99, 0.00836626836098731
100, 0.00807553684959809
101, 0.00763648888096213
102, 0.00696045284469922
103, 0.00597540673334152
104, 0.00488964817486703
105, 0.00733403504515688
106, 0.0110540809109807
107, 0.016453905031085
108, 0.0135374090944727
109, 0.0109351098847886
110, 0.00988042548609277
111, 0.00952488378000756
112, 0.00940491911023855
113, 0.00935204979032278
114, 0.00930929370224476
115, 0.0092721995121489
116, 0.00923101301304996
117, 0.00918591193233927
118, 0.00913582392968237
119, 0.00907860354830821
120, 0.0090163165392975
121, 0.00894510901222626
122, 0.00898313673678786
123, 0.00906423944979906
124, 0.00916294458632668
125, 0.0092858091617624
126, 0.00942762847989798
127, 0.00959158083423972
128, 0.009757441158096
129, 0.00993017495299379
130, 0.0100983794157704
131, 0.0102314967662096
132, 0.0103084467118606
133, 0.0103245594849189
134, 0.0102954722630481
135, 0.0102638816460967
136, 0.0102007806611558
137, 0.0100901145488024
138, 0.0099080417615672
139, 0.00965575532366832
140, 0.00933710873747865
141, 0.00900606500605742
142, 0.00869516686846813
143, 0.00844331722085675
144, 0.00826362939551473
145, 0.00815832739075025
146, 0.00812391533205906
147, 0.00812506830940644
148, 0.00817278190515935
149, 0.00711588220049938
150, 0.0105598792433739
151, 0.0154771045781672
152, 0.0153934590828915
153, 0.0105171223791937
154, 0.0071444526159515
155, 0.00381330695624153
156, 0.00376768965118875
157, 0.00372544990386814
158, 0.00371905226105203
159, 0.00373677478637546
160, 0.00377297475157926
161, 0.00381906897140046
162, 0.00388717721216381
163, 0.00398174999281764
164, 0.00410755552972357
165, 0.00427814402307073
166, 0.00450913204501073
167, 0.00485078594647348
168, 0.00538055210684737
169, 0.00636585708707571
170, 0.0100149536738172
171, 0.0121430981283387
172, 0.0112375038055082
173, 0.00955244045083722
174, 0.00851380995785197
175, 0.00795992370694876
176, 0.00767501342731218
177, 0.00754745948749284
178, 0.00751900828133027
179, 0.00756323477253318
180, 0.00765935719634096
181, 0.00778718913594882
182, 0.007944505661726
183, 0.00810659055908521
184, 0.0082633113488555
185, 0.00839865316326419
186, 0.00850621983408928
187, 0.00859046106537183
188, 0.0086419596336782
189, 0.00867879561459025
190, 0.00869548475990693
191, 0.00870812094459931
192, 0.00871749843160311
193, 0.00873017435272535
194, 0.00875306269153953
195, 0.00876816269010305
196, 0.00879228285824259
197, 0.00882232359920939
198, 0.00888261385262012
199, 0.0127078515167038
200, 0.00961077391790847
201, 0.00933015502856246
202, 0.00596894905902445
203, 0.00703448177470515
204, 0.010824861160169
205, 0.0126073386054486
206, 0.0154107436537743
207, 0.00828999436149994
208, 0.00817529538956781
209, 0.00800438869434098
210, 0.00778641431437184
211, 0.00748690089676529
212, 0.00643599157532056
213, 0.00585009755256275
214, 0.00884020483742158
215, 0.00864984762544433
216, 0.00849547151786586
217, 0.010553500847891
218, 0.0113431437251469
219, 0.0116110266341517
220, 0.0114056487412502
221, 0.0109847409185022
222, 0.0104264835827053
223, 0.00987647155610224
224, 0.00946078891865909
225, 0.00921871435518066
226, 0.0122343329712749
227, 0.00744634990890821
228, 0.00736055887925128
229, 0.00773034628946334
230, 0.00795364519581199
231, 0.00816134766985973
232, 0.00749947755442311
233, 0.0116157357115299
234, 0.00995997820670406
235, 0.0110121194738895
236, 0.00918098461503784
237, 0.00958850551396608
238, 0.0115371170298507
239, 0.0104685049348821
240, 0.0094521661909918
241, 0.00839278856292367
242, 0.00869600148871541
243, 0.00900709787383676
244, 0.00849584909155965
245, 0.0083404456797455
246, 0.0109821070384766
247, 0.00901091278397611
248, 0.0120869704211752
249, 0.00800117000471801
250, 0.00851603480987251
251, 0.0080162500962615
252, 0.00788641138933599
253, 0.0081838583573699
254, 0.00805189347981165
255, 0.0131517673842609
256, 0.0097506744787097
257, 0.00951883969828487
258, 0.0107492232540001
259, 0.0116705121472478
260, 0.00894931564107537
261, 0.00879637547768652
262, 0.0084989085527403
263, 0.0121723607714687
264, 0.010533334997793
265, 0.00839372638923427
266, 0.009234489640221
267, 0.00853165126560877
268, 0.00832537972989182
269, 0.00831880737096071
270, 0.00881872298195958
271, 0.0103419870138168
272, 0.0117246174253523
273, 0.00895595690235496
274, 0.00900283008813858
275, 0.00948967722555002
276, 0.0106919627481451
277, 0.0125221039634198
278, 0.0155323373619467
279, 0.00770735857076943
280, 0.00722475951382269
281, 0.0069284054528301
282, 0.00675668443242709
283, 0.00666852912399918
284, 0.00696834064243982
285, 0.00666906548819194
286, 0.00664576003327966
287, 0.00672811393936475
288, 0.00683226312200228
289, 0.00713278993498534
290, 0.00942115144183238
291, 0.00922447613750895
292, 0.00843177363276482
293, 0.0112462265727421
294, 0.00759001712625225
295, 0.0087763878206412
296, 0.0100252046249807
297, 0.0111114004782091
298, 0.0109571833939602
299, 0.0102299270996203
300, 0.00733465092101445
301, 0.00789855055821439
302, 0.00828814661751191
303, 0.00936130806803703
304, 0.0106505572330207
305, 0.00965687413034695
306, 0.0129222099203616
307, 0.00765979433587442
308, 0.0050808002318566
309, 0.00577646587044001
310, 0.0065045168545718
311, 0.00715871787785242
312, 0.00825311872176826
313, 0.00864009217669567
314, 0.00801555470873912
315, 0.00841518390613298
316, 0.00870575639419258
317, 0.00875528800922135
318, 0.00877835508435965
319, 0.00872979716708263
320, 0.00850882295829554
321, 0.00810162358296414
322, 0.00778500382633259
323, 0.00675177729378144
324, 0.00619616243056953
325, 0.00863214465789497
326, 0.00853504884677629
327, 0.00833334680646658
328, 0.0087835604014496
329, 0.00733645908379306
330, 0.00628751654100294
331, 0.00428454927168787
332, 0.00457237241789699
333, 0.00506508443504572
334, 0.00596185626151661
335, 0.0121200704015791
336, 0.00709837791509926
337, 0.0073357238046204
338, 0.00709136451284091
339, 0.00699460634496063
340, 0.00785923120565712
341, 0.0074927422683686
342, 0.00829972963159283
343, 0.0072431182100748
344, 0.00864539691247046
345, 0.0113759462255985
346, 0.00917180518930157
347, 0.00700841471552849
348, 0.00720246776472777
349, 0.00766346999444067
350, 0.00786040346914282
351, 0.00808708004963895
352, 0.0109745286560307
353, 0.00748849058678995
354, 0.0113730451557785
355, 0.00836571220618983
356, 0.00974383104282121
357, 0.00702641524064044
358, 0.00871179664197067
359, 0.0103735942393541
360, 0.00441106234211475
361, 0.00575616047717631
362, 0.00824815151281655
363, 0.00843499267163376
364, 0.00846604653634131
365, 0.00751195525905738
366, 0.0081365320365876
367, 0.00833177690704664
368, 0.0085946733597666
369, 0.00829172305141886
370, 0.00790157041046768
371, 0.006568095064722
372, 0.00770996165617059
373, 0.00725672770446787
374, 0.00798267281303803
375, 0.00852455850690603
376, 0.00853411519589523
377, 0.0085838253920277
378, 0.00765510535954187
379, 0.0081073259934783
380, 0.00839970633387566
381, 0.00767775535738717
382, 0.00857184454798698
383, 0.00721314051188529
384, 0.00639275810681283
385, 0.00500260163763804
386, 0.00552785474186142
387, 0.0107669507020286
388, 0.00803387298115662
389, 0.0084607417229563
390, 0.0108861150996139
391, 0.013174488581717
392, 0.00732050463557243
393, 0.00769945137047519
394, 0.00737184394771854
395, 0.00738485786132514
396, 0.00767098025729259
397, 0.00793685643778493
398, 0.00754952578184505
399, 0.00732479628641158
400, 0.00744875404052436
401, 0.00751992194758107
402, 0.00817380504061778
403, 0.00854532094672322
404, 0.00832547914857666
405, 0.00780131563078612
406, 0.00804352900013328
407, 0.0079242402765279
408, 0.0089007633117338
409, 0.00943666859529912
410, 0.0101243872971584
411, 0.0109752834929774
412, 0.011707447314014
413, 0.00816027455342313
414, 0.00815280429863681
415, 0.00840403807039062
416, 0.0081238365576913
417, 0.00840834947302938
418, 0.00805797326999406
419, 0.0083546454552561
420, 0.00811253146578868
421, 0.00825907926385601
422, 0.00799128120498998
423, 0.00827052335565289
424, 0.00820529577322304
425, 0.00815320139129957
426, 0.00838530195566515
427, 0.00833511492237449
428, 0.00799101715286573
429, 0.00791736568013827
430, 0.0079627848463133
431, 0.00835653320730974
432, 0.00796020186195771
433, 0.00782380645008137
434, 0.00746172771323472
435, 0.00672815348176907
436, 0.00935878958553076
437, 0.00584418848156929
438, 0.00690698733420244
439, 0.0122646797847535
440, 0.0079724801859508
441, 0.00774677714798599
442, 0.00832583693166574
443, 0.00858692514399687
444, 0.00769333164983739
445, 0.00761463361171385
446, 0.00786276813596487
447, 0.00811829324811697
448, 0.00822109139213959
449, 0.00805558908420304
450, 0.00763561467950543
451, 0.00816154611917833
452, 0.00818797084502876
453, 0.00776924837070207
454, 0.00796334088469545
455, 0.00763883317510287
456, 0.00772756458415339
457, 0.00785362860187888
458, 0.00795243338992198
459, 0.00903656263835728
460, 0.0119829597727706
461, 0.0109748066558192
462, 0.00966511640165533
463, 0.00783057347871363
464, 0.0093987004365772
465, 0.0085970657877624
466, 0.0118985674344003
467, 0.00787727972492576
468, 0.00787194729006539
469, 0.00789070261331896
470, 0.00792912750815352
471, 0.00798952703674634
472, 0.00806689417610566
473, 0.00814306867929796
474, 0.00820835578876237
475, 0.0082504767148445
476, 0.00825613884565731
477, 0.00822508451528847
478, 0.00815932087910672
479, 0.00809443136677146
480, 0.00810591496216754
481, 0.00827332492917776
482, 0.00781214400194585
483, 0.00657115508026133
484, 0.00808394087168078
485, 0.00798162010808786
486, 0.00754706212319434
487, 0.00713469724481304
488, 0.00597979749242465
489, 0.00902700563892722
490, 0.00907558357963959
491, 0.00911953230388463
492, 0.00915680499747396
493, 0.00919379961366455
494, 0.0092322841907541
495, 0.00926971575245261
496, 0.0093871570037057
497, 0.00950761806840698
498, 0.0104294040550788
499, 0.0118571741040796
500, 0.00931652557725708
501, 0.00977931590750813
502, 0.0145428011504312
503, 0.00905723437400801
504, 0.0120598274682249
505, 0.00812485385686159
506, 0.00821334271070858
507, 0.00836610957048833
508, 0.00858972617425025
509, 0.00888200756162405
510, 0.00920701158853869
511, 0.00952688977122307
512, 0.00980212430780133
513, 0.0100058928752939
514, 0.010140957388406
515, 0.0102191581390798
516, 0.0102614577238758
517, 0.0102861740936836
518, 0.00966417983484765
519, 0.00935073848813772
520, 0.0091237841018786
521, 0.00983433130507668
522, 0.00949863763526082
523, 0.00922568802100917
524, 0.00597467172580461
525, 0.00814650595809023
526, 0.00779462008116146
527, 0.00794085022062063
528, 0.00749540468677878
529, 0.0075637117261067
530, 0.007625700517868
531, 0.00803838313246767
532, 0.0105346458343168
533, 0.00933226128108799
534, 0.0114590347123643
535, 0.00961818476207554
536, 0.00926731200888753
537, 0.00922153540886939
538, 0.0091872033663094
539, 0.00915829511359334
540, 0.00912817489976684
541, 0.00994451988177995
542, 0.00943650964957972
543, 0.00813617440871894
544, 0.0101355528458953
545, 0.010053258932506
546, 0.00992139351243774
547, 0.00833855235638718
548, 0.00946857663802803
549, 0.00972612846332292
550, 0.0081142996593068
551, 0.00855648703873158
552, 0.00915795696588854
553, 0.00884080080625912
554, 0.0101832960887502
555, 0.01000680665796
556, 0.00941358141911527
557, 0.00973653964077433
558, 0.0102556962519884
559, 0.00956678561245402
560, 0.00928924620772401
561, 0.00918481910290817
562, 0.0101574078047027
563, 0.00910071110618966
564, 0.0124298837035894
565, 0.0102045550011098
566, 0.0117678666221244
567, 0.00809083792514035
568, 0.00800085215208431
569, 0.00804599296922485
570, 0.0085148630120481
571, 0.00799795143151035
572, 0.00811859134895106
573, 0.00951079674996436
574, 0.00973224771829943
575, 0.00937410381933053
576, 0.00929248503719767
577, 0.0100928562848518
578, 0.0106573717202991
579, 0.00924515894924601
580, 0.00918394466862082
581, 0.00920889937939743
582, 0.0113837937048326
583, 0.0081082401641955
584, 0.00818644130292038
585, 0.00948681573693951
586, 0.00971442592951159
587, 0.00919042170668642
588, 0.00887187500484288
589, 0.00857476556363205
590, 0.00987035175785422
591, 0.0100785312242806
592, 0.0100351390428841
593, 0.0099728120646129
594, 0.00810790224932134
595, 0.00991010821113984
596, 0.00964184734039009
597, 0.00947930578452845
598, 0.00934372485304872
599, 0.00924156533022012
600, 0.0100731663405895
601, 0.00904817748814821
602, 0.0099752688780427
603, 0.00817062604861955
604, 0.00828822601276139
605, 0.00855410277533034
606, 0.00908434592808286
607, 0.00933889703204234
608, 0.0106462656985968
609, 0.0101623551454395
610, 0.0111881910512845
611, 0.00942188679861526
612, 0.00928531245638927
613, 0.00957081893769403
614, 0.00981281364026169
615, 0.00925851007923484
616, 0.00807175766676664
617, 0.00916330963373184
618, 0.00832774412507812
619, 0.00987082875023285
620, 0.00992028034913043
621, 0.00976660017234584
622, 0.00958695192821324
623, 0.00995652043881516
624, 0.00930090939315657
625, 0.00993989051009218
626, 0.00897872595426937
627, 0.0101142186671495
628, 0.00814281364104577
629, 0.00981120377158125
630, 0.00941580696962774
631, 0.00931193996220827
632, 0.00955939417084058
633, 0.00997650776324528
634, 0.0110187078826129
635, 0.00848891485172013
636, 0.00885119203788539
637, 0.00939377296405534
638, 0.00948544514055053
639, 0.0109179238788784
640, 0.00940110456819336
641, 0.0105592629406601
642, 0.0101755083693812
643, 0.00962837723394235
644, 0.00936758677874293
645, 0.00985874879794816
646, 0.00925372261554003
647, 0.0114654324327906
648, 0.00990569832113882
649, 0.0086356757341751
650, 0.00989572370114426
651, 0.00986512641732891
652, 0.00990937316479782
653, 0.00988129960993926
654, 0.00976604425037901
655, 0.00972263142466545
656, 0.00949182307037214
657, 0.00982441387272307
658, 0.00950684274236361
659, 0.00948007246479392
660, 0.00902545630621413
661, 0.00956696411594748
662, 0.0095547652648141
663, 0.00968710744443039
664, 0.0106375833662848
665, 0.0104144436772913
666, 0.00988199453180035
667, 0.010137758217752
668, 0.0110618895074973
669, 0.0102372360415757
670, 0.00829363008961082
671, 0.00965883458654086
672, 0.00980077334679663
673, 0.00988761785750588
674, 0.00986156612634659
675, 0.00998461432754993
676, 0.00975759187713265
677, 0.0100472983904183
678, 0.0100140788126737
679, 0.00963427485632045
680, 0.00973783406828131
681, 0.00974128791131079
682, 0.00988815391125778
683, 0.010309857238705
684, 0.0102293707896024
685, 0.0100669478221486
686, 0.0106741407265266
687, 0.00915005393326282
688, 0.0108818317763507
689, 0.0100818170234561
690, 0.0102649944213529
691, 0.0108705953295742
692, 0.00910878359961013
693, 0.00895792370041212
694, 0.00930041229973237
695, 0.00935447379015386
696, 0.00941256852820516
697, 0.00949065038003027
698, 0.00962237718825539
699, 0.00990718773876627
700, 0.0120824085149382
701, 0.010558170111229
702, 0.011976899811998
703, 0.014550807652995
704, 0.0089351946565633
705, 0.00817283118764559
706, 0.00849227258004248
707, 0.00873857907329996
708, 0.00892106878260771
709, 0.00904266241316994
710, 0.00913065865946313
711, 0.00910892228906353
712, 0.00904895986119906
713, 0.00895410931358735
714, 0.0088162242124478
715, 0.00863637689811488
716, 0.00838792487047613
717, 0.00805844995193183
718, 0.00758397691727926
719, 0.00695741308542589
720, 0.00629129132721573
721, 0.00424804371626427
722, 0.00412859602753694
723, 0.00404570575725908
724, 0.0039872137325195
725, 0.00394324529527997
726, 0.00391445621304835
727, 0.00390946936871236
728, 0.00393380793199564
729, 0.00395943783223629
730, 0.00885818557192882
731, 0.00884819193743169
732, 0.00885087383600573
733, 0.00884547014720738
734, 0.00883629087669154
735, 0.00880901166237891
736, 0.00875979786117872
737, 0.00868278866012891
738, 0.00857152657893797
739, 0.00844278077905377
740, 0.0082923387332509
741, 0.00813400869568189
742, 0.00797818244124452
743, 0.00785142330763241
744, 0.00775694990685831
745, 0.00771472998894751
746, 0.00773739958337198
747, 0.00785436372583111
748, 0.00810726631122331
749, 0.00855585110063354
750, 0.00927055052792033
751, 0.010120473181208
752, 0.0103234670435389
753, 0.00918249444415172
754, 0.0092433310734729
755, 0.0107747928705066
756, 0.00951479033877452
757, 0.00911301521894833
758, 0.00942502566613257
759, 0.0116676510466884
760, 0.00983768918861946
761, 0.00964057655073702
762, 0.0101758058493336
763, 0.00887117953971028
764, 0.00885170861147344
765, 0.0088838592171669
766, 0.00867976884668072
767, 0.00912996319433053
768, 0.0086871402648588
769, 0.00833571096882224
770, 0.00885500657993058
771, 0.00906823280577858
772, 0.00905285441937546
773, 0.00900441547855735
774, 0.00881534962294002
775, 0.0085306578160574
776, 0.00837288416611652
777, 0.00906805352618297
778, 0.00905440406252941
779, 0.00796822850437214
780, 0.00892845937050879
781, 0.00822119034516315
782, 0.00809671636670828
783, 0.00800617698890468
784, 0.00800293808182081
785, 0.00811298820190132
786, 0.00951701612211764
787, 0.00615054475686823
788, 0.00774318135033051
789, 0.00659775834841033
790, 0.00720902415923774
791, 0.00903004578625163
792, 0.00909773702733219
793, 0.00887920653137068
794, 0.00844764849171042
795, 0.00794784375466406
796, 0.00793886343793323
797, 0.00596273034655799
798, 0.00536120034909497
799, 0.00479503550256292
800, 0.00433499878272414
801, 0.00915163910637299
802, 0.00923013826832175
803, 0.00927633217846354
804, 0.00921561499126256
805, 0.00863891987440487
806, 0.00828957681854566
807, 0.00868511355171601
808, 0.00818264600820839
809, 0.00927269668318331
810, 0.00890471731933455
811, 0.00441475798531125
812, 0.00430963510492196
813, 0.00434877548832446
814, 0.00441026784634839
815, 0.00499238675304999
816, 0.00464973944084098
817, 0.0046194801107049
818, 0.00449713168200105
819, 0.00428748200647533
820, 0.00556854515646895
821, 0.00658500322606415
822, 0.00793621707707643
823, 0.00429135630838573
824, 0.00887792647284056
825, 0.00903511179300646
826, 0.012559297028929
827, 0.00897853861429862
828, 0.00438923568331769
829, 0.0120193636976182
830, 0.00925886801754435
831, 0.00917226239107549
832, 0.00962460196266572
833, 0.00979270716197789
834, 0.0100427890817324
835, 0.0117027578720202
836, 0.0104182777771105
837, 0.0109909789947172
838, 0.00934241370608409
839, 0.00868427939713001
840, 0.00897399770716826
841, 0.0089855807988594
842, 0.00902660866267979
843, 0.00823801926647623
844, 0.00892424754177531
845, 0.0087658380313466
846, 0.00832218048162758
847, 0.009066623247539
848, 0.00918028907229503
849, 0.00860373311055203
850, 0.0084505690416942
851, 0.00925811318059762
852, 0.00929429312236607
853, 0.00929367720770339
854, 0.00831083611895641
855, 0.00819339525575439
856, 0.00927200082999965
857, 0.00821823029158016
858, 0.00848142453469336
859, 0.00872457198177775
860, 0.00896235485561192
861, 0.00900280685164034
862, 0.00900769388924042
863, 0.00842740305233747
864, 0.00731470342725515
865, 0.00784929740863542
866, 0.00672320645147314
867, 0.00610963596651952
868, 0.00551911280490458
869, 0.00938723639895519
870, 0.00494923279620707
871, 0.00940718431957066
872, 0.00867547723464668
873, 0.00936345445613066
874, 0.0092581328159819
875, 0.00906729884445667
876, 0.00895738749143978
877, 0.00867333138982455
878, 0.00879526324570179
879, 0.00879607737685243
880, 0.00932606232042114
881, 0.00895226180242995
882, 0.00909664419790109
883, 0.00922944342407087
884, 0.00843779385710756
885, 0.00479900930076838
886, 0.0054488986885796
887, 0.00711465033236891
888, 0.00610377499833703
889, 0.00488261486558865
890, 0.00478929386008531
891, 0.00472990768806388
892, 0.00469948945101351
893, 0.00501545371177296
894, 0.00467823030582319
895, 0.00505813071504235
896, 0.00908498132290939
897, 0.0107310431388517
898, 0.00771410277645503
899, 0.00970355863682926
900, 0.00915752033082147
901, 0.0105824691709131
902, 0.00938268650012712
903, 0.00927144436476131
904, 0.0110718427846829
905, 0.0101992907002568
906, 0.00992399601576229
907, 0.00949607432509462
908, 0.0115955296593408
909, 0.00868040486238897
910, 0.0087195651140064
911, 0.00839684585419794
912, 0.00856346062694987
913, 0.00839992511707048
914, 0.00913914199918509
915, 0.00854208242769043
916, 0.00883174097786347
917, 0.00900060109173258
918, 0.0091130070255271
919, 0.00867734507968028
920, 0.00916824901166062
921, 0.00844739028252661
922, 0.00932109487863878
923, 0.00854140667555233
924, 0.00943696654091279
925, 0.00950704212300479
926, 0.00952740673286219
927, 0.00845837756060064
928, 0.00950535324712594
929, 0.00917883838216464
930, 0.00922686024568975
931, 0.00799187160252283
932, 0.00861279340460896
933, 0.00908738537691534
934, 0.00910860455284516
935, 0.00921299215406179
936, 0.00919254776090384
937, 0.00896414299495518
938, 0.00689361628610641
939, 0.00939578027464449
940, 0.00948278279975057
941, 0.009300889292111
942, 0.0095032270376881
943, 0.00923003900485734
944, 0.00513846623445196
945, 0.00572067596173535
946, 0.00630192062817514
947, 0.00959038850851357
948, 0.00746850312377016
949, 0.00940090627409518
950, 0.00947149757606288
951, 0.00466387360356748
952, 0.00520747993141413
953, 0.00648750981781632
954, 0.0051401067757979
955, 0.00519228090221683
956, 0.00510301281853269
957, 0.00528158848950018
958, 0.00542062633515646
959, 0.00588496646378189
960, 0.00548340985551476
961, 0.00906043229624629
962, 0.0103020686656237
963, 0.0092688217603912
964, 0.00955456650505463
965, 0.0110857107210904
966, 0.0106699684013923
967, 0.00940605175370971
968, 0.0103081086805711
969, 0.0114505312715968
970, 0.00971653211551408
971, 0.0118206762708724
972, 0.00805458180340273
973, 0.00852660508826375
974, 0.00855247342648605
975, 0.00861374715653559
976, 0.00856749379696945
977, 0.00857971282675862
978, 0.00931237312033772
979, 0.00860536269222697
980, 0.00875338089341919
981, 0.00864637045500179
982, 0.00889529955262939
983, 0.00905970887591442
984, 0.00923647653932373
985, 0.00941461464390159
986, 0.00957111641764641
987, 0.0093830442832162
988, 0.00968488204913835
989, 0.00974889751523733
990, 0.00975289094882707
991, 0.00945669583355387
992, 0.00817428180016577
993, 0.00880710439135631
994, 0.00942617810020844
995, 0.00963566855837901
996, 0.0100253635707001
997, 0.00937680566372971
998, 0.00913949962705374
999, 0.00652887551890065
1000, 0.00937076595922311
1001, 0.00950845276626448
1002, 0.00957141459609071
1003, 0.00941052202445765
1004, 0.0059559951381137
1005, 0.00547163584269583
1006, 0.00957373917723695
1007, 0.00766168173868209
1008, 0.00710543128661811
1009, 0.0094745378009975
1010, 0.00953467880996565
1011, 0.00562063957719753
1012, 0.00693424690204362
1013, 0.00633396836929023
1014, 0.00561033066229096
1015, 0.00583060695013652
1016, 0.00559534733959784
1017, 0.00568244963263472
1018, 0.00591266275538753
1019, 0.011242312223961
1020, 0.00758919869549572
1021, 0.00924163032323122
1022, 0.00836610933765769
1023, 0.00883106530333559
1024, 0.00620365259237587
1025, 0.00869425331863264
1026, 0.00862693941841523
1027, 0.00727254311398913
1028, 0.00996377202682197
1029, 0.0099767460487783
1030, 0.00805821577087045
1031, 0.00789185504739483
1032, 0.011283538925151
1033, 0.00951723420682053
1034, 0.00970520715539654
1035, 0.0096047135690848
1036, 0.00900548859499395
1037, 0.0106341459322721
1038, 0.00735292967874557
1039, 0.00941607089979308
1040, 0.00978289210858444
1041, 0.0110338147884856
1042, 0.0114525071611362
1043, 0.0100188866878549
1044, 0.00632872327696532
1045, 0.00865980152351161
1046, 0.00874885070758561
1047, 0.00947688209513823
1048, 0.00926878217918178
1049, 0.00958613740901152
1050, 0.00958933595878383
1051, 0.00959360770260294
1052, 0.00970347893113891
1053, 0.0106933733137945
1054, 0.00962674780748785
1055, 0.00838848087005317
1056, 0.0103694020460049
1057, 0.00992286352751156
1058, 0.00929033942520618
1059, 0.00894791043053071
1060, 0.00909660399580995
1061, 0.00962897304755946
1062, 0.00980701219911377
1063, 0.00945445049243669
1064, 0.0096429402474314
1065, 0.00962615176104009
1066, 0.00960223066310088
1067, 0.00674526044167578
1068, 0.00602996465750039
1069, 0.00855954643338919
1070, 0.0067892485531047
1071, 0.00623794505372643
1072, 0.00608438354295989
1073, 0.0108753265036891
1074, 0.0100678420470407
1075, 0.0110576967708766
1076, 0.0109215596845994
1077, 0.00980983340802292
1078, 0.0103615742021551
1079, 0.00768288677292211
1080, 0.00822806498035789
1081, 0.00874350615777075
1082, 0.00848754410011073
1083, 0.00882136984728277
1084, 0.00864660887358089
1085, 0.00890567052798967
1086, 0.00979491795546242
1087, 0.00900860782712698
1088, 0.00913415499962866
1089, 0.00929018009143571
1090, 0.00946947086292009
1091, 0.00965724551739792
1092, 0.00985376226405303
1093, 0.00988646495776872
1094, 0.0100281254854053
1095, 0.0101483281080921
1096, 0.0099616264924407
1097, 0.00862054185320934
1098, 0.0106234566441604
1099, 0.00815538720538219
1100, 0.0101727654691786
1101, 0.00917484556945662
1102, 0.00939977378584445
1103, 0.00954518917327126
1104, 0.00990766403265297
1105, 0.00963099968309204
1106, 0.00763962829175095
1107, 0.00977252066756288
1108, 0.00967280240729451
1109, 0.00710294787616779
1110, 0.00971196265891194
1111, 0.00968591566197574
1112, 0.00643092521931976
1113, 0.00597951533272862
1114, 0.00709080866848429
1115, 0.00663157420543333
1116, 0.00671949128930767
1117, 0.00651931899067547
1118, 0.00962176481261849
1119, 0.0110093580248455
1120, 0.0103538653347641
1121, 0.0108659288380295
1122, 0.0112519286572933
1123, 0.010661683510989
1124, 0.00812425363498429
1125, 0.008826237404719
1126, 0.00867364943648378
1127, 0.00845112566215297
1128, 0.00894570536911488
1129, 0.00905571551993489
1130, 0.00917806390983363
1131, 0.0093163864997526
1132, 0.010037256963551
1133, 0.00947322626598179
1134, 0.00964276174393793
1135, 0.00983216582487027
1136, 0.0101569710144152
1137, 0.0100355565858384
1138, 0.0102229534337918
1139, 0.0102011182655891
1140, 0.00885506649501622
1141, 0.00844383402727544
1142, 0.0105599898844957
1143, 0.00796437414828688
1144, 0.00928809447214007
1145, 0.00945979589596391
1146, 0.0102786836214364
1147, 0.0095784484098355
1148, 0.0100291981361806
1149, 0.00966113937708239
1150, 0.00744293269235641
1151, 0.0098773258117338
1152, 0.00971655244939029
1153, 0.00977820336508254
1154, 0.011333086527884
1155, 0.00681541518618663
1156, 0.00750185918462064
1157, 0.00705071445554495
1158, 0.00775406518951058
1159, 0.0106397546561701
1160, 0.0105661967924486
1161, 0.00872165143179397
1162, 0.00805767516915997
1163, 0.00843272785035272
1164, 0.00892406896067162
1165, 0.0107897138999154
1166, 0.0090797757729888
1167, 0.0092103099450469
1168, 0.00933683081530035
1169, 0.0094685573130846
1170, 0.0096138136771818
1171, 0.00978253463593622
1172, 0.0102882208302617
1173, 0.00996895856224
1174, 0.0104287201538682
1175, 0.0101782103690008
1176, 0.0103578785589586
1177, 0.00904460918779174
1178, 0.00829140492714942
1179, 0.00871265097521245
1180, 0.0093437252410998
1181, 0.00779577255404244
1182, 0.00948139194709559
1183, 0.0103209828957915
1184, 0.00959239543105165
1185, 0.0100801402392487
1186, 0.00968283546778063
1187, 0.00990692906392117
1188, 0.00977937527932227
1189, 0.00723258239616241
1190, 0.00740256063484897
1191, 0.008494219975546
1192, 0.00879999180324376
1193, 0.00799475550385458
1194, 0.0100709217755745
1195, 0.00903856894001365
1196, 0.00921785971149802
1197, 0.00935417561170956
1198, 0.00947769630389909
1199, 0.00959668704308569
1200, 0.0097244792462637
1201, 0.00987293478101492
1202, 0.0105142373591661
1203, 0.0100514705603321
1204, 0.0103807866107672
1205, 0.00916357974832257
1206, 0.00859389842177431
1207, 0.00891461122470597
1208, 0.00816621538251638
1209, 0.0102721870255967
1210, 0.00760786677710712
1211, 0.00770523711107671
1212, 0.0106441395667692
1213, 0.00695541044697165
1214, 0.0105114401473353
