1, 0.0082460658159107
2, 0.0213045713802179
3, 0.00403809605631977
4, 0.00956332893110812
5, 0.0123049039393663
6, 0.0185767440125346
7, 0.00272572110407054
8, -0.000683307778672315
9, 0.0295344653228919
10, 0.0073642743518576
11, 0.0065993086900562
12, 0.0211377190425992
13, 0.00863307861921688
14, 0.00921944932391246
15, 0.00973590401311716
16, 0.0101782302372158
17, 0.0105007310242703
18, 0.010695240382726
19, 0.0107379969364653
20, 0.0106450537374864
21, 0.0104733527017136
22, 0.0102711534903695
23, 0.0100834785650174
24, 0.00992169153566162
25, 0.00981068781887492
26, 0.00978392525576055
27, 0.00987172305273513
28, 0.010148447783043
29, 0.0107473352303108
30, 0.0119945627326767
31, 0.0145077730994672
32, 0.0185724729672074
33, 0.0182191466446966
34, 0.0152826736060282
35, 0.0121019701473415
36, 0.00857051345519722
37, 0.00563748786225915
38, 0.00392897981995096
39, 0.00299119992996566
40, 0.00274988064969269
41, 0.00293171459149259
42, 0.00441789706625665
43, 0.0058083146965752
44, 0.00686168802591662
45, 0.00761693840225538
46, 0.00816389025809864
47, 0.00857597744713227
48, 0.00887694139964879
49, 0.00909966416656971
50, 0.00927746474432448
51, 0.00939854164607823
52, 0.00948029919527471
53, 0.00956303892391069
54, 0.00969640615706643
55, 0.00989926016579072
56, 0.0100588020868599
57, 0.0101874293759465
58, 0.0102876050708195
59, 0.0103528914041817
60, 0.0104147608702381
61, 0.0104699549265206
62, 0.0105283275867502
63, 0.0106133239654203
64, 0.0107175128844877
65, 0.010855159877489
66, 0.0110003169005116
67, 0.0111620447908839
68, 0.0113380374386907
69, 0.0115098579165836
70, 0.0116681680083275
71, 0.0118033906134466
72, 0.0119193019345403
73, 0.0120202718923489
74, 0.0120903671098252
75, 0.0121433756624659
76, 0.0121918148361146
77, 0.0122279352508485
78, 0.0122635983861983
79, 0.0122689426255723
80, 0.0121894300294419
81, 0.0120453064640363
82, 0.0118593003911277
83, 0.0116135699984928
84, 0.0113403022599717
85, 0.0110474841979643
86, 0.0107446134400864
87, 0.0104332785122097
88, 0.0101198375535508
89, 0.00982419773936272
90, 0.00953467795625329
91, 0.00925910612568259
92, 0.00902335019782186
93, 0.00880368705838919
94, 0.00862161458159486
95, 0.00848734487468998
96, 0.00839364683876435
97, 0.0084469928406179
98, 0.00856763275805861
99, 0.00865443671743075
100, 0.00901230347032348
101, 0.00958117020005981
102, 0.0104816773285468
103, 0.011992615647614
104, 0.0150942030983667
105, 0.0156737291254103
106, 0.0140883945859969
107, 0.00936850082750122
108, 0.00755477060253421
109, 0.00667675444856286
110, 0.00621962663717568
111, 0.00596706181143721
112, 0.00581113598309457
113, 0.00571688101626933
114, 0.0056573956583937
115, 0.00563645463747283
116, 0.00562433487114807
117, 0.00558348589887222
118, 0.00550357601605356
119, 0.00538146612234414
120, 0.00521783127139012
121, 0.00501803665732344
122, 0.00482150027528405
123, 0.0046363683262219
124, 0.00444932864047587
125, 0.00427516386844218
126, 0.00413076168236633
127, 0.00399148549574117
128, 0.00379677687305957
129, 0.00346585184646149
130, 0.00301218098805596
131, 0.00199820148918661
132, 0.000248243549625234
133, -0.000800420942444665
134, -0.000747248639527243
135, 0.000323295796988532
136, 0.00298865715740249
137, 0.00694052541318039
138, 0.0113136397364239
139, 0.0147797701259454
140, 0.0183896260956923
141, 0.0245843178903063
142, 0.0177210008259863
143, 0.0132795398434003
144, 0.0112058144683639
145, 0.0098538218686978
146, 0.00831830671190151
147, 0.00723711773753166
148, 0.00694624714863797
149, 0.00712740560993552
150, 0.00762645543242494
151, 0.00830082261624436
152, 0.00893998270233472
153, 0.00939937556783358
154, 0.00964530495305856
155, 0.00968973028163115
156, 0.00957139472787579
157, 0.00932177094121774
158, 0.00897284488504132
159, 0.00856308250998457
160, 0.00813122761125366
161, 0.00771482948524257
162, 0.00735064479522407
163, 0.00704952197459837
164, 0.00683093202921251
165, 0.0067472470109351
166, 0.00678078457713127
167, 0.00705941619041065
168, 0.00731567658173541
169, 0.00756764551624656
170, 0.00782330970590313
171, 0.00808406031380097
172, 0.00834342030187448
173, 0.00860178641354044
174, 0.00886488116035859
175, 0.00910135265439749
176, 0.00937113293912262
177, 0.00304669197066687
178, 0.00410807206450651
179, 0.0064653172933807
180, 0.0107505341681341
181, 0.016248507425189
182, 0.022200310913225
183, 0.0277304320285718
184, 0.0215770932845771
185, 0.0125784895693262
186, 0.00750216019029419
187, 0.00369664087581138
188, 0.00144255184568465
189, 0.000245213576514895
190, -0.00073069347308774
191, 0.00226485783544679
192, 0.00176664236156891
193, 0.00166352626789982
194, 0.00185521474728982
195, 0.00230801140423864
196, 0.00305954677363237
197, 0.00411892007105052
198, 0.00547349577148755
199, 0.00729139785592755
200, 0.010038059980919
201, 0.0158757007059952
202, 0.0200254071969539
203, 0.0247047003358603
204, 0.0216227415949106
205, 0.0175165766850114
206, 0.0138154057785869
207, 0.0120495976880193
208, 0.0102520007640123
209, 0.00892043270869181
210, 0.0101561760917927
211, 0.00568447603533665
212, 0.00395667613095914
213, 0.00890292855910957
214, 0.0107882439624518
215, 0.0108739157828192
216, 0.0108438353054225
217, 0.0107383345408986
218, 0.0106005883620431
219, 0.0104676301901539
220, 0.0103567061014473
221, 0.0103023666112373
222, 0.010346334738036
223, 0.0105399706711372
224, 0.0109767735314866
225, 0.0118336697729925
226, 0.0126342395475755
227, 0.0133510851301253
228, 0.01555264259999
229, 0.00807011263844158
230, 0.0148297971269737
231, 0.00805302569642663
232, 0.00739516950367639
233, 0.00648415212829908
234, 0.00530123792123049
235, 0.00396706724617009
236, 0.00279653123773945
237, 0.0121989276570578
238, 0.0121575021961083
239, 0.0121148050141831
240, 0.0120552006798486
241, 0.0119746749599775
242, 0.0118714595058312
243, 0.0117519123014063
244, 0.0116063978057355
245, 0.0114446499695381
246, 0.0112728698489567
247, 0.0110988038747261
248, 0.0109499314179023
249, 0.0107969662640244
250, 0.0106731871298204
251, 0.0105707861948758
252, 0.0104953861640145
253, 0.0104349270307769
254, 0.0103753621224314
255, 0.0103128371605029
256, 0.010234914564838
257, 0.0101158041507006
258, 0.00997257380125423
259, 0.00980208472659191
260, 0.00878689818394681
261, 0.0106996315686653
262, 0.0109845022670925
263, 0.0112642468884587
264, 0.0115278582864751
265, 0.0117712046485394
266, 0.0119675423484296
267, 0.0121175469830632
268, 0.0122245772896955
269, 0.0085445255972445
270, 0.00918259370761613
271, 0.0072166535925741
272, 0.00891482969745994
273, 0.00792211414470027
274, 0.00635220719656597
275, 0.00544820310703168
276, 0.00938230954731504
277, 0.00952625453161697
278, 0.00967428870499134
279, 0.0104008931666613
280, 0.00869943861228724
281, 0.0112503989754866
282, 0.0117118777707219
283, 0.0120498559748133
284, 0.00862028766423464
285, 0.00893066481997569
286, 0.00912491659012934
287, 0.00933698968340953
288, 0.00957811018452048
289, 0.00984192018707593
290, 0.0101141350654264
291, 0.0109985290716092
292, 0.0114892943917463
293, 0.0119059308587263
294, 0.0102670011886706
295, 0.0105795483880987
296, 0.0128653271434208
297, 0.00986506720073521
298, 0.0113856416040411
299, 0.0119827212765813
300, 0.0110351069209476
301, 0.0110611734756579
302, 0.0110243177817514
303, 0.0109467920071135
304, 0.0108821606263518
305, 0.0108557362885525
306, 0.0108902275872727
307, 0.0109209242121627
308, 0.0110438879734526
309, 0.011938375653699
310, 0.0100103233320018
311, 0.0102465772846093
312, 0.0103210629119227
313, 0.0103904822220405
314, 0.0106476761866361
315, 0.0121360247333845
316, 0.012108745596682
317, 0.0120734200657656
318, 0.0120154843510439
319, 0.0118405843774478
320, 0.0117178581810246
321, 0.0109259507153183
322, 0.0122263220138848
323, 0.0115757605526596
324, 0.011415483818079
325, 0.0112443787511438
326, 0.0110826709618171
327, 0.0107720118636886
328, 0.0105436265002936
329, 0.0104613918034981
330, 0.0101435206985722
331, 0.0116265433995674
332, 0.00828987457013378
333, 0.0063322790665552
334, 0.0105728326986233
335, 0.0128675915766507
336, 0.00983374605753592
337, 0.00909766295392598
338, 0.0121616150385567
339, 0.0138009610430648
340, 0.0088874710102876
341, 0.00962722479986648
342, 0.00962281421137353
343, 0.00921223708428442
344, 0.00944749685004354
345, 0.00679677837373068
346, 0.00730852414077769
347, 0.00788341097844144
348, 0.00846221158280969
349, 0.0093494673880438
350, 0.0104629814159125
351, 0.0102082109854867
352, 0.00953185736822585
353, 0.00972912895182768
354, 0.00996579873996476
355, 0.0119939468956242
356, 0.0118518293990443
357, 0.0116743070539087
358, 0.0114804132996748
359, 0.0112573129590601
360, 0.00919570696229736
361, 0.00910369725897908
362, 0.0107340432393054
363, 0.0107021354294072
364, 0.00939113072430094
365, 0.0100173765483002
366, 0.0113435407013943
367, 0.0113203346263617
368, 0.0113290169586738
369, 0.0113123280461878
370, 0.0112305702641606
371, 0.0110846979854008
372, 0.0114115894927333
373, 0.0127881590742618
374, 0.0122659030991296
375, 0.0118376633618027
376, 0.0115551377336184
377, 0.0103957871906459
378, 0.0112703264070054
379, 0.0114300469091783
380, 0.0115819990945359
381, 0.0117194278476139
382, 0.0118322197037439
383, 0.0119192026710759
384, 0.0119849463614325
385, 0.012029967814063
386, 0.0120542868971825
387, 0.0120589075876134
388, 0.0105105856588731
389, 0.0106297948708137
390, 0.0107690312433988
391, 0.0104090590806057
392, 0.0111026984329025
393, 0.0109265267383307
394, 0.0103216985395799
395, 0.0101395865591864
396, 0.0102350135954718
397, 0.00999396347573825
398, 0.00462834110173086
399, 0.0131168390313784
400, 0.00647890657031288
401, 0.00921436306089163
402, 0.0084106537202994
403, 0.0081136238683636
404, 0.00785219781876852
405, 0.00885423148671786
406, 0.00967584208895763
407, 0.00947616660657028
408, 0.00973940058611333
409, 0.0107897143655767
410, 0.00974871877891322
411, 0.0105508390503625
412, 0.00949166420226296
413, 0.0103300431898485
414, 0.0101097642909735
415, 0.0099114595601956
416, 0.0114957118251671
417, 0.0116727177519351
418, 0.0119520649313927
419, 0.0118192257359624
420, 0.00960602549215158
421, 0.0110286494406561
422, 0.0120893500745296
423, 0.00989656578749418
424, 0.0096073168485115
425, 0.010858895489946
426, 0.0125791848792384
427, 0.0122621081924687
428, 0.0128861488774419
429, 0.0117488129374882
430, 0.011673531960696
431, 0.0115870458539575
432, 0.0114620747820785
433, 0.0109517196348558
434, 0.0102265498135239
435, 0.0107804156529407
436, 0.0106137217177699
437, 0.0112821479172756
438, 0.0105694158313175
439, 0.0101072802984466
440, 0.0114865519572049
441, 0.0116312523993353
442, 0.0117569787738224
443, 0.011857671275114
444, 0.0119284014993658
445, 0.0119713167659938
446, 0.0119977810730537
447, 0.0120024304681768
448, 0.0120060944929719
449, 0.0102203108835965
450, 0.0111421366066982
451, 0.0104617297183722
452, 0.0103326460812241
453, 0.0100092185661197
454, 0.011325639517357
455, 0.0118612467000882
456, 0.0120176495984197
457, 0.00941093163564801
458, 0.0119270107575825
459, 0.00980772503784725
460, 0.00848259675937394
461, 0.00868839165195823
462, 0.00949277612380683
463, 0.00970135241126021
464, 0.00886134461810192
465, 0.00920746886792282
466, 0.00982147618196905
467, 0.011094075627625
468, 0.0108774721932908
469, 0.00987583585083485
470, 0.0101240694833299
471, 0.0106728494477769
472, 0.0102878231555223
473, 0.0104816377473374
474, 0.00998517079278827
475, 0.0116971953151127
476, 0.0118138811085373
477, 0.0112929763272405
478, 0.012989304959774
479, 0.0110448819274704
480, 0.0128494130137066
481, 0.0109884360960374
482, 0.0130332532183578
483, 0.0107816277692715
484, 0.0120521408195297
485, 0.0118973672700425
486, 0.0104258079857876
487, 0.0117270770327499
488, 0.0118283056654036
489, 0.0119071232620627
490, 0.0119673433558395
491, 0.0119890790277471
492, 0.0119875490975877
493, 0.0119686347121994
494, 0.0117187716532499
495, 0.010573985055089
496, 0.00991848656641585
497, 0.0111991985080143
498, 0.0100811535958201
499, 0.0115747270950427
500, 0.0115190166203926
501, 0.0103835680056363
502, 0.0107563555551072
503, 0.0102151848841459
504, 0.0126062853572269
505, 0.0122104705466578
506, 0.0114054502919316
507, 0.0123911522484074
508, 0.0125627537102749
509, 0.00879309714461366
510, 0.00878079883599033
511, 0.00972910846273104
512, 0.00952772431386014
513, 0.00901170750148594
514, 0.00927188169832031
515, 0.0113732040238877
516, 0.0111888470904281
517, 0.0102726069412061
518, 0.0109966813276211
519, 0.0103485207849493
520, 0.00986602040939033
521, 0.0108235500132044
522, 0.0104878367080043
523, 0.0118463655623297
524, 0.0106493851635605
525, 0.0115354083633671
526, 0.0130250873044133
527, 0.0101174373179674
528, 0.0112649023843308
529, 0.0110137284112473
530, 0.0107595343142748
531, 0.0131552842600892
532, 0.0122330604741971
533, 0.0112617038345585
534, 0.0119448322802782
535, 0.0119933906632165
536, 0.0106476561632007
537, 0.0120133978004257
538, 0.0120029476626466
539, 0.0119451105905076
540, 0.0105091153333584
541, 0.0120306830698003
542, 0.0120312992172937
543, 0.0118360340905686
544, 0.0130463468376547
545, 0.00991044212132692
546, 0.0117776019809147
547, 0.0124524652492255
548, 0.0100439407397062
549, 0.0102558950893581
550, 0.0114949368871748
551, 0.0109660643308113
552, 0.0116899035250147
553, 0.0128590092839052
554, 0.012657267274335
555, 0.0117866671644151
556, 0.0119024296291173
557, 0.00781597825698555
558, 0.00953499654618402
559, 0.0093762093068411
560, 0.00937364622950554
561, 0.00948961746568481
562, 0.00965903357913097
563, 0.0116170865173141
564, 0.0114808501675725
565, 0.0105583685450256
566, 0.0113131029841801
567, 0.0107022741964708
568, 0.0111531636988123
569, 0.0109974765218794
570, 0.0108530742581934
571, 0.0117464687209576
572, 0.0130953813592593
573, 0.0110376694550117
574, 0.0114988108786444
575, 0.0107255994807929
576, 0.0113385539346685
577, 0.0119212377550347
578, 0.0120393262089541
579, 0.0123158514810105
580, 0.012135547818616
581, 0.0121019108531376
582, 0.0121353687718511
583, 0.0108657695818692
584, 0.012083095498383
585, 0.0104090191889554
586, 0.0120490218202273
587, 0.0116048478521407
588, 0.0125736615154892
589, 0.0100385988397258
590, 0.0132264918647707
591, 0.0119784896572431
592, 0.0118284844017277
593, 0.0111966151744127
594, 0.0131694505301615
595, 0.0128179613966495
596, 0.0130157497090598
597, 0.0126580619253218
598, 0.0101760640585174
599, 0.0091017100494355
600, 0.00985266920179129
601, 0.00996633479371667
602, 0.00988445795762042
603, 0.00991451911007365
604, 0.0117276128536711
605, 0.0116163710287462
606, 0.011103189217725
607, 0.00980458804406226
608, 0.0114750683618089
609, 0.0113337856406967
610, 0.0112029335771998
611, 0.0131351180219402
612, 0.0110430936329067
613, 0.0114175300889959
614, 0.0117640321453412
615, 0.0106662726805856
616, 0.0121038580934207
617, 0.0122030994389206
618, 0.0122643730137497
619, 0.0117312887838731
620, 0.0123256066969285
621, 0.012284698508059
622, 0.0102876839227974
623, 0.0122479423104475
624, 0.0126096826667587
625, 0.0119751711996893
626, 0.0127716884016991
627, 0.012141766337057
628, 0.0114589949759344
629, 0.013243280739213
630, 0.0128703340888023
631, 0.0132120477501303
632, 0.0130773609659324
633, 0.0119742178358138
634, 0.00804982691382368
635, 0.00949742528609931
636, 0.0107020948392649
637, 0.0102399005554616
638, 0.0104534439742565
639, 0.0104782202591499
640, 0.0118158479065945
641, 0.0102980550533781
642, 0.0118862242837037
643, 0.011767369772618
644, 0.011654279815654
645, 0.0115307393328597
646, 0.0128373529296368
647, 0.0131361908279359
648, 0.0114743135248621
649, 0.0109961647540331
650, 0.0120500744475673
651, 0.0118639289867133
652, 0.0122013709818323
653, 0.0123307921458036
654, 0.0124117355638494
655, 0.0121384484227747
656, 0.0124571345125635
657, 0.012579701297606
658, 0.0123222693800926
659, 0.0124269946633528
660, 0.0117293107988579
661, 0.0128421407037725
662, 0.0130435849229495
663, 0.0132052726112306
664, 0.0131799005127201
665, 0.0120289547679325
666, 0.0121955894088993
667, 0.0113975544460118
668, 0.010597111346821
669, 0.0121208853864421
670, 0.0108117477502674
671, 0.011114638686801
672, 0.0108382126005987
673, 0.0110240003559738
674, 0.0119891906157136
675, 0.011947216388459
676, 0.0118547104454289
677, 0.0114772341081074
678, 0.0128525918504844
679, 0.0130909708483766
680, 0.0122908970806748
681, 0.0119842311833054
682, 0.012332719983533
683, 0.0123209377440313
684, 0.0122984077315778
685, 0.0124859834710757
686, 0.0125086531043053
687, 0.0126111138767252
688, 0.0125852053364118
689, 0.0126271868745486
690, 0.0120410228148103
691, 0.0127655094644676
692, 0.0129552310487876
693, 0.0118914621882141
694, 0.0130798044459273
695, 0.0131148325745016
696, 0.0105864064767957
697, 0.0098779215477407
698, 0.0111682832551499
699, 0.0113458853059759
700, 0.0114422858847926
701, 0.012418053811416
702, 0.0120573861058801
703, 0.0128074910802146
704, 0.0130259025997172
705, 0.0125050170657535
706, 0.0124931020130004
707, 0.0124798840843141
708, 0.0126967653632164
709, 0.0128074509557337
710, 0.0121916386165789
711, 0.0127924509967367
712, 0.0126500556555887
713, 0.0127315547317266
714, 0.0128253897252892
715, 0.0129598799006393
716, 0.0129739068603764
717, 0.0114883601975938
718, 0.0117467494814524
719, 0.0123920861321191
720, 0.0117835426547875
721, 0.012219141703099
722, 0.0116923831403255
723, 0.0128034975690146
724, 0.0128984677915772
725, 0.0125213409774005
726, 0.0118331456556916
727, 0.0126257367276897
728, 0.0124128365889192
729, 0.0109520451165736
730, 0.0122335128253326
731, 0.0119613907299936
732, 0.0127806687727571
733, 0.00107439392983603
734, 0.0080693579899768
735, 0.0111849532307436
736, 0.00505077944641622
737, 0.00267525574599858
738, 0.00938584570152064
739, 0.00910630007274449
740, 0.00965110639420648
741, 0.010127486816297
742, 0.0104700349426518
743, 0.0106428082411488
744, 0.010631284598882
745, 0.0104598419275135
746, 0.0102110328152776
747, 0.00994759968792399
748, 0.00971104856580496
749, 0.00951771096636852
750, 0.00932926102541387
751, 0.00956648751161993
752, 0.0100075223017484
753, 0.0108650545589626
754, 0.0124721551934878
755, 0.0093715403539439
756, 0.00311843620147556
757, 0.00367744837421924
758, 0.00406183884479105
759, 0.00430897972546518
760, 0.00450291325493405
761, 0.00470821144214521
762, 0.00491674853644023
763, 0.00511457635244976
764, 0.0053148876177147
765, 0.00551696711530288
766, 0.00567974763301512
767, 0.00577847267656277
768, 0.00582510326057673
769, 0.00583954733641197
770, 0.005837739406464
771, 0.00583833560813218
772, 0.00587791293704261
773, 0.00595949194394052
774, 0.0061051060911268
775, 0.0063556245683382
776, 0.00677742661597828
777, 0.00754809495992959
778, 0.00899624975863844
779, 0.011552454981332
780, 0.0117566008120775
781, 0.0105770050237576
782, 0.000401755363175956
783, 0.0145637508747833
784, 0.002708058222197
785, 0.0156237511740377
786, 0.00912286969833076
787, 0.0111424546533575
788, 0.0089522614919891
789, 0.0101379171634714
790, 0.00948522651257614
791, 0.00892144604586065
792, 0.00898081203922629
793, 0.00933836035740872
794, 0.00961216461534301
795, 0.00993798354951044
796, 0.0102741337226083
797, 0.0105475601740181
798, 0.0106428482880195
799, 0.0105006319160263
800, 0.0101623949594796
801, 0.00912030677621563
802, 0.00628223122718434
803, 0.00579913577530533
804, 0.0093036707645903
805, 0.00727895996533334
806, 0.00327467990573496
807, 0.00398610402563853
808, 0.00463132160560538
809, 0.00497675046790391
810, 0.00555882959937056
811, 0.00601548076762507
812, 0.00640505660946171
813, 0.00632908043917269
814, 0.0062561643232281
815, 0.00627126420537631
816, 0.00634964427445084
817, 0.00650574872270226
818, 0.00680003672217329
819, 0.00635786971542984
820, 0.00528464815579355
821, 0.00621779868379235
822, 0.00638338023175796
823, 0.00806448981165886
824, 0.0132901887409389
825, 0.00924825815794369
826, 0.00977772645031413
827, 0.0145531673915684
828, 0.0116007747904708
829, 0.00846682186238468
830, 0.00675134015424798
831, 0.00524718523956835
832, 0.00962656057838883
833, 0.0119079880948578
834, 0.00207553360572395
835, 0.00378416065359488
836, 0.012436014910539
837, 0.00856363944088419
838, 0.00871853181160986
839, 0.00902700579414765
840, 0.00852557186347743
841, 0.00871489592827857
842, 0.00857716946241756
843, 0.00894131410556535
844, 0.00924698651457826
845, 0.00963541019397477
846, 0.010072948023056
847, 0.0104863066226244
848, 0.00952873782565196
849, 0.0101814686786383
850, 0.0106953598248462
851, 0.010609707950304
852, 0.00675741924593846
853, 0.00671380882461866
854, 0.0068538198635603
855, 0.00672652448217074
856, 0.00696297591396918
857, 0.00681054712428401
858, 0.00704660130819927
859, 0.00698973839947333
860, 0.00706712525182714
861, 0.0073133916206037
862, 0.00473268129862845
863, 0.00696379078241686
864, 0.00582627571808795
865, 0.00532092743863662
866, 0.00674126681406051
867, 0.00616860517766327
868, 0.00646591314580292
869, 0.00785128376446664
870, 0.00988680295025309
871, 0.00871300817622493
872, 0.0103249805979431
873, 0.011232640221715
874, 0.0124043246420721
875, 0.0107924363886317
876, 0.0101141352982571
877, 0.0105029706444059
878, 0.0114879828567306
879, 0.0108388170067753
880, 0.00868998149720331
881, 0.0108071585030605
882, 0.0104389407982429
883, 0.00838226200236628
884, 0.00983657602531215
885, 0.00918303065312405
886, 0.00677597677956025
887, 0.0108151849514494
888, 0.00928441823149721
889, 0.00883772092250486
890, 0.00707964249886572
891, 0.00850482936948538
892, 0.00827251040997604
893, 0.00810208070712785
894, 0.00816472518878678
895, 0.00814060525347789
896, 0.00831254447499911
897, 0.00856961954074601
898, 0.00785656878724694
899, 0.00751394126564264
900, 0.00730500731151551
901, 0.00720314301239948
902, 0.00718359261130293
903, 0.00724719061205785
904, 0.007372102389733
905, 0.00752697512507439
906, 0.0104838285062994
907, 0.0062992189778015
908, 0.00769011323185017
909, 0.00780582594840477
910, 0.00935745433283349
911, 0.00773495594815661
912, 0.00893102260306478
913, 0.00743423072466006
914, 0.0113023140778144
915, 0.00891389967873693
916, 0.011031080968678
917, 0.0074469664444526
918, 0.00967290597036481
919, 0.00953897003394862
920, 0.0104163704284777
921, 0.00969962488549451
922, 0.00886686782663067
923, 0.00837493051464359
924, 0.00802542874589562
925, 0.0078006002974386
926, 0.00768145045731217
927, 0.00772007434473683
928, 0.00765399258428564
929, 0.00786139684108396
930, 0.00806603953242302
931, 0.0083198364979277
932, 0.00855106286083659
933, 0.00789604349993169
934, 0.00856820347585848
935, 0.00874593039043248
936, 0.00778349388080339
937, 0.0188504729419947
938, 0.00643319040924932
939, 0.011893691883112
940, 0.0089182077984636
941, 0.00443957352157061
942, 0.0153960419508318
943, 0.00878902454860508
944, 0.0077779902300487
945, 0.00546783321381857
946, 0.0043248941268151
947, 0.00899303099140525
948, 0.0091502684323738
949, 0.00854051283871134
950, 0.00820972646276156
951, 0.00721389198830972
952, 0.0064553035190329
953, 0.00311352865537629
954, 0.00968665070831776
955, 0.00787172862328589
956, 0.00825594008589784
957, 0.00934628800799449
958, 0.00958317681215703
959, 0.00970600227204462
960, 0.00950026644083361
961, 0.00913365837186575
962, 0.00861193887734165
963, 0.0080848946624125
964, 0.00777306314557791
965, 0.00778798405857136
966, 0.00864980750096341
967, 0.00902261515147984
968, 0.00918750921264291
969, 0.00819585883679489
970, 0.00793679702716569
971, 0.00768409324033807
972, 0.00744164114197095
973, 0.00719682488124818
974, 0.00696216143357257
975, 0.0112532601536562
976, 0.0135964577396711
977, 0.019880000812312
978, 0.00982090054700772
979, 0.00529388699214906
980, 0.0202397496572563
981, 0.00696355240264287
982, 0.00925078173168004
983, 0.00819943472743034
984, 0.00886716584985455
985, 0.00932878395542502
986, 0.00868290825746953
987, 0.00640473883443822
988, 0.00583690536829333
989, 0.00745008524972945
990, 0.00846700052109857
991, 0.00785676758581152
992, 0.0075256044510752
993, 0.00828886164041857
994, 0.00901043578051031
995, 0.00961518450640142
996, 0.00939951480055849
997, 0.00724733003880829
998, 0.00992773139538864
999, 0.00991718152848383
1000, 0.00981762198110422
1001, 0.00975247356109321
1002, 0.00903103904177745
1003, 0.00703001154276232
1004, 0.0068918002769351
1005, 0.00934108238046368
1006, 0.00795368466060609
1007, 0.00864952965639532
1008, 0.00845788108805815
1009, 0.00734847908218702
1010, 0.00755630064910899
1011, 0.00871735974214971
1012, 0.00898037509371837
1013, 0.00802654167637229
1014, 0.00778559995039056
1015, 0.0145128595953186
1016, 0.0104824523441494
1017, 0.0122208818017195
1018, 0.00882394500076771
1019, 0.00723350203285615
1020, 0.0111033937760762
1021, 0.00952937111391553
1022, 0.0122876193684836
1023, 0.00896753759921661
1024, 0.00712634978948959
1025, 0.0137957561140259
1026, 0.00906878024605768
1027, 0.00786626459254573
1028, 0.00813456516092022
1029, 0.00757310923654586
1030, 0.00704008484414468
1031, 0.00728452353117367
1032, 0.00691926626799007
1033, 0.00835931471859415
1034, 0.00855696348783871
1035, 0.00899869374309977
1036, 0.00742137579557796
1037, 0.0072476479690522
1038, 0.00864253612235188
1039, 0.00828600077268978
1040, 0.0103221553533028
1041, 0.0100555432339509
1042, 0.00901673400464157
1043, 0.00973743378805617
1044, 0.00939117038312058
1045, 0.0105066119382779
1046, 0.0079788778287669
1047, 0.0105308511604865
1048, 0.0103107115719467
1049, 0.00765409204177558
1050, 0.00994410682469606
1051, 0.00828508699002365
1052, 0.00785140363344302
1053, 0.0076479131821543
1054, 0.00746522475189219
1055, 0.0085385856218636
1056, 0.00879059390475353
1057, 0.0114263656016971
1058, 0.013094606421267
1059, 0.00732069141231477
1060, 0.026825481839478
1061, 0.00701642191658417
1062, 0.00743200237463628
1063, 0.00804780089917282
1064, 0.00824374131237467
1065, 0.0078383101693665
1066, 0.00743079321303715
1067, 0.00763346879587819
1068, 0.00747734444060673
1069, 0.00755709557173153
1070, 0.00872971738378207
1071, 0.0111901978962123
1072, 0.00796747347339988
1073, 0.00754221431755771
1074, 0.0103943762369454
1075, 0.0108140925100694
1076, 0.00995034134636323
1077, 0.00826708615447084
1078, 0.00950223432543377
1079, 0.00863739017707606
1080, 0.00905509983810286
1081, 0.00772738608065993
1082, 0.00808070250786841
1083, 0.00769921271906545
1084, 0.0075567775250723
1085, 0.0083219224276642
1086, 0.00858320641730513
1087, 0.0123246217146516
1088, 0.00866164942272007
1089, 0.00796844717115164
1090, 0.0078005010727793
1091, 0.00795096318082263
1092, 0.00765711208805442
1093, 0.00758948060683906
1094, 0.00765216490253806
1095, 0.00790194825579723
1096, 0.0114514254188786
1097, 0.00794049228231112
1098, 0.0113158446426193
1099, 0.00843236952399214
1100, 0.010767283073316
1101, 0.0102204300928861
1102, 0.00761069989918421
1103, 0.00885465303435922
1104, 0.00966847113644083
1105, 0.00775398965924978
1106, 0.0091315726749599
1107, 0.00824449591649075
1108, 0.0086412844248116
1109, 0.00788088763753573
1110, 0.00761463083992047
1111, 0.00831396700814366
1112, 0.00810263678431511
1113, 0.00997998542152345
1114, 0.0125869026939784
1115, 0.00811474810221366
1116, 0.0118946256892135
1117, 0.00776114202259729
1118, 0.00766293351383259
1119, 0.0076476747635752
1120, 0.0083796001272276
1121, 0.00777499020720522
1122, 0.00807778203549484
1123, 0.011088830496495
1124, 0.0104785383834193
1125, 0.00764499259336541
1126, 0.00790435227099806
1127, 0.00984498035783569
1128, 0.00775029405485839
1129, 0.00921881354103486
1130, 0.00864700654832025
1131, 0.00820670672692358
1132, 0.00753603125922382
1133, 0.00773767750555028
1134, 0.00788885479172071
1135, 0.0107748529873788
1136, 0.0118609693987916
1137, 0.0107378185881923
1138, 0.0112076545134187
1139, 0.00911891646683216
1140, 0.00767105961373697
1141, 0.00769470278949787
1142, 0.0117577735024194
1143, 0.00785017145487169
1144, 0.010660809231922
1145, 0.00857798413683971
1146, 0.00765981424289445
1147, 0.00998699859095117
1148, 0.00816003629006445
1149, 0.00788931967690587
1150, 0.00773284983976434
1151, 0.00927941175177693
1152, 0.00864907276506225
1153, 0.00772956569146897
1154, 0.0100538946377734
1155, 0.0092677886908253
1156, 0.0112833604216576
1157, 0.00765254632569849
1158, 0.0116688034807642
1159, 0.010151725805675
1160, 0.0103777071150641
1161, 0.00613244479366889
1162, 0.000997205722039022
1163, -0.00031526888293835
1164, 0.0137535559479147
1165, 0.0170532098660866
1166, 0.0199462807116409
1167, 0.0030503078790692
1168, 0.0160751964431256
1169, 0.000297665703692473
1170, -0.000686168778754239
1171, 0.0134624669638773
1172, 0.00979223020840436
1173, 0.00722656783182174
1174, 0.00538261816836894
1175, 0.00397114013321698
1176, 0.0028319760846595
1177, 0.00201082256777833
1178, 0.00145606226093757
1179, 0.00117917881289031
1180, 0.0168180501398941
1181, 0.0205136577909191
1182, 0.0220622668663661
1183, -0.000278699435875751
1184, 0.00131334892163674
1185, 0.0078061637080585
1186, 0.010405582220604
1187, 0.00582561987296989
1188, 0.00276911299442872
1189, 0.00418831976518656
1190, 0.00167435428981359
1191, 0.000659448853444441
1192, 0.0172077649428199
1193, 0.0144658712670207
1194, 0.0136918848535667
1195, 0.0119070234553268
1196, 0.0194961071635286
1197, 0.0103529946878552
1198, 0.0192125279766818
1199, 0.00265162381193867
1200, 0.0145365428179502
1201, 0.00960690800898841
1202, 0.00562234818547343
1203, 0.0122978369306241
1204, 0.000167151367350016
1205, 0.0185577509303888
1206, 0.0027867957833223
1207, 0.00450791996748497
1208, 0.00629357624954234
1209, 0.00845472208069017
1210, 0.0112708631592492
1211, 0.00146598838909995
1212, 0.0158039363367217
1213, 0.0176603490752833
1214, 0.0170657271519303
1215, 0.016335099004209
1216, 0.0141342311787109
1217, 0.000574708074661127
1218, 0.0178028784381847
1219, 0.0144017488695681
1220, 0.0118876720468203
1221, 0.00898856126392881
1222, 0.00677160553944608
1223, 0.00493943792146941
1224, 0.01487937271595
1225, 0.0210623314604163
1226, 0.0187046762245397
1227, 0.0173982619307935
1228, 0.0129716865485534
1229, 0.00909814997576177
1230, 0.00765673463077595
1231, 0.0139995246039083
1232, 0.0103237885981798
1233, 0.0160031346604228
1234, 0.0178906751486162
1235, 0.0170510801486671
