1, 0.0100272912532091
2, 0.0472746873274446
3, 0.00592935184249654
4, 0.0113550440873951
5, 0.0230646170675755
6, 0.0188945569097996
7, 0.00533104047644883
8, 0.00748530152486637
9, 0.0489593530073762
10, 0.0127329844981432
11, 0.0140496515668929
12, 0.0534014832228422
13, 0.0107897939160466
14, 0.0119363289947311
15, 0.0128646717251589
16, 0.0136389757972211
17, 0.015443805217122
18, 0.0219034004646043
19, 0.0343188109497229
20, 0.0432071772714456
21, 0.0269603381554286
22, 0.0144607654462258
23, 0.00773946576130887
24, 0.00541534138998638
25, 0.0068672908237204
26, 0.00856220881299426
27, 0.009817204826201
28, 0.0106032508580635
29, 0.0110154966047655
30, 0.0112316628607611
31, 0.0113274672379096
32, 0.0111127216368914
33, 0.0107865749547879
34, 0.0105743027913074
35, 0.0104885911568999
36, 0.0106689150755604
37, 0.0111915287561715
38, 0.0120522598735988
39, 0.0131998877041042
40, 0.0145341584769388
41, 0.0186369749717414
42, 0.0211910847574472
43, 0.0230946596711874
44, 0.0267834719270468
45, 0.0276584286863605
46, 0.0242654923349619
47, 0.0182915556554993
48, 0.0137708208834132
49, 0.0122635387815535
50, 0.0114688100293279
51, 0.0108193576646348
52, 0.0106378515483811
53, 0.0104794520884752
54, 0.0104206417066356
55, 0.0108439942511419
56, 0.0115378320527573
57, 0.0126872081309557
58, 0.0148781955552598
59, 0.0184776022409399
60, 0.0202735687295596
61, 0.0184660780554016
62, 0.0158391826165219
63, 0.0142314859355489
64, 0.0132596916519105
65, 0.0124733871780336
66, 0.011885684914887
67, 0.0115046128630638
68, 0.0113484881197413
69, 0.0114779888341824
70, 0.0120155435676376
71, 0.0132270674221218
72, 0.0163188798663517
73, 0.0163572456222028
74, 0.0144055709242821
75, 0.00964558264240623
76, 0.00783077976666391
77, 0.00697565202911695
78, 0.00649396687125166
79, 0.00616955850273371
80, 0.00593117981528242
81, 0.00574425957165658
82, 0.00559310211489598
83, 0.00548374751815572
84, 0.00550675493044158
85, 0.00592639138145993
86, 0.00635067722760141
87, 0.00678191691016157
88, 0.00725654877411823
89, 0.0077810895939668
90, 0.00834290310740471
91, 0.00889984883057574
92, 0.00942937664998074
93, 0.00991124077700078
94, 0.0103083667345345
95, 0.0105872370768338
96, 0.0107034264753262
97, 0.010573091218248
98, 0.0100833790687223
99, 0.00912706227973104
100, 0.00770914721457909
101, 0.00657586373078326
102, 0.00936051388271153
103, 0.0153291264238457
104, 0.0264776609838009
105, 0.0403211203714212
106, 0.0372471281637748
107, 0.0235605483564238
108, 0.0158001616752396
109, 0.0143742389045656
110, 0.0143122103375693
111, 0.0142439034922669
112, 0.0140903223461161
113, 0.013879778329283
114, 0.0136476182378829
115, 0.0134160543481509
116, 0.0131999280614158
117, 0.0130191075926026
118, 0.0128840828159203
119, 0.0127954507091393
120, 0.0127524761483073
121, 0.012739482044708
122, 0.0132172129427393
123, 0.0139952527048687
124, 0.0150735407757262
125, 0.0170070364450415
126, 0.0196230448782444
127, 0.02100193935136
128, 0.0207930436978738
129, 0.0193322142586112
130, 0.017318332567811
131, 0.0156031882700821
132, 0.0147364561756452
133, 0.0156762924743816
134, 0.0184230441227555
135, 0.0218752662961682
136, 0.0262801302596927
137, 0.0301791097347935
138, 0.0323413660128911
139, 0.0318117200707396
140, 0.0284604675446947
141, 0.0233627992371718
142, 0.0183281137918433
143, 0.0150742960783343
144, 0.0137705439701676
145, 0.0132102995800475
146, 0.0127212229805688
147, 0.0123331574723125
148, 0.0120668830350041
149, 0.0119023743706445
150, 0.0117790722288191
151, 0.0115491766482592
152, 0.0084911206116279
153, 0.0156710582474868
154, 0.0294006348898013
155, 0.0433096972604593
156, 0.0410656587531169
157, 0.0259330707291762
158, 0.0148035312692324
159, 0.00890835304744542
160, 0.00530323485145345
161, 0.00517459788049261
162, 0.00510855601169169
163, 0.00506925676018
164, 0.00505479285493493
165, 0.00507525711630781
166, 0.00513045101736983
167, 0.00521822894612948
168, 0.00534705437409381
169, 0.00552864993611972
170, 0.00577990314923227
171, 0.00612294790335
172, 0.00657932072257002
173, 0.00717965878235797
174, 0.00798042785997192
175, 0.00905561648930112
176, 0.0105542756306628
177, 0.0138008624004821
178, 0.0322090464178473
179, 0.033529725857079
180, 0.0181583594530821
181, 0.0153185554469625
182, 0.0144313997589052
183, 0.0144709375066062
184, 0.0142546918553611
185, 0.0138009019816915
186, 0.013236724305898
187, 0.0126829172174136
188, 0.0121965425399443
189, 0.0118002517459293
190, 0.0114790219813585
191, 0.0112463256033758
192, 0.0110930221465727
193, 0.0110135097056627
194, 0.0110114831477404
195, 0.0110887706590196
196, 0.0112561010755599
197, 0.0115059235443672
198, 0.0118475376317898
199, 0.0123204807750881
200, 0.0116292259190232
201, 0.00958681236287313
202, 0.00569274513982236
203, 0.0154457519141336
204, 0.0198813718743622
205, 0.0315659439989499
206, 0.0299843767923968
207, 0.0418842386454344
208, 0.0191537003432001
209, 0.0110601203826567
210, 0.0109378713338325
211, 0.0106783726563056
212, 0.0101571498283496
213, 0.00930581637658179
214, 0.00812524685170501
215, 0.00671756356799354
216, 0.0127432965673506
217, 0.0116527102266749
218, 0.0109333811172595
219, 0.0105752563880136
220, 0.0105195658591886
221, 0.0106759089200447
222, 0.0118252261697004
223, 0.014371834617729
224, 0.0182040159900983
225, 0.023661657081296
226, 0.0269240589501957
227, 0.0261144495258729
228, 0.022468213768055
229, 0.0192492444378634
230, 0.0100707428840299
231, 0.00996443356520363
232, 0.010670365843301
233, 0.0104371131553004
234, 0.00964407273568213
235, 0.0137015805424502
236, 0.0222296365536749
237, 0.0127277994373192
238, 0.0248457035049796
239, 0.0245442039643725
240, 0.0112319489009678
241, 0.0202289454949399
242, 0.0265387541924914
243, 0.0206331652589142
244, 0.014267129280294
245, 0.0124306502596786
246, 0.0106024163154264
247, 0.0114332656376064
248, 0.0160597829148173
249, 0.0108596106680731
250, 0.0105796079151332
251, 0.0107689942233264
252, 0.0169852147810161
253, 0.0127210643452903
254, 0.0140381273037444
255, 0.0260868320862452
256, 0.0126012076756784
257, 0.0106328147618721
258, 0.0105577327000598
259, 0.0105573552039762
260, 0.0168308648280799
261, 0.0274142799898982
262, 0.0136029147543013
263, 0.0188190973519037
264, 0.0230864727248748
265, 0.0264962955067555
266, 0.0265434236886601
267, 0.0160491693920145
268, 0.0162375713698566
269, 0.0139267667351911
270, 0.0121901849439989
271, 0.0114095826478054
272, 0.0109130957474311
273, 0.0106395331344434
274, 0.0108867900446057
275, 0.0140863687265664
276, 0.0305911755810181
277, 0.0199224507436156
278, 0.0112016620114446
279, 0.0167874127759465
280, 0.0241733834457894
281, 0.0141728287562728
282, 0.0108282588577519
283, 0.0112431466889878
284, 0.0181924936672052
285, 0.0106042166240513
286, 0.011944316017131
287, 0.0242331271680693
288, 0.0297547803659524
289, 0.0266253395626942
290, 0.0184925147332251
291, 0.0170994035433978
292, 0.0219087246805429
293, 0.02283807999144
294, 0.0109881659038365
295, 0.0115343946963549
296, 0.01235453497308
297, 0.0294576458632946
298, 0.0144796403124928
299, 0.0287435697391629
300, 0.0123522896319628
301, 0.0126496816985309
302, 0.0261590870629464
303, 0.0116386261236455
304, 0.0133831044659019
305, 0.0213063997216523
306, 0.0154595743598683
307, 0.02796757609273
308, 0.0125917217228562
309, 0.0126809139735997
310, 0.0222137809420625
311, 0.0153876398690045
312, 0.0296826178207994
313, 0.0255790757015347
314, 0.0266036628745496
315, 0.0272632291307673
316, 0.0156855018964658
317, 0.0212548215252658
318, 0.0205814879387617
319, 0.028899721801281
320, 0.0154531629135211
321, 0.0130343700759113
322, 0.0283765512119446
323, 0.00676061833898226
324, 0.0115805488700668
325, 0.010902696987614
326, 0.0114801347566148
327, 0.0147125350000958
328, 0.0183547570680579
329, 0.0269632390700281
330, 0.0121900659675399
331, 0.0117141622273872
332, 0.00628976124183585
333, 0.00580020846488575
334, 0.00725150228633235
335, 0.0117072086626043
336, 0.00887108004341523
337, 0.0131921397987753
338, 0.015677594114095
339, 0.0198952190888425
340, 0.018254859217753
341, 0.0153008524018029
342, 0.0131821653340012
343, 0.012046915711835
344, 0.0114049137725184
345, 0.00633446499705315
346, 0.0066586744117861
347, 0.00712984936156621
348, 0.00790441172042241
349, 0.00935983820818365
350, 0.0119916816862921
351, 0.00777661928441375
352, 0.00832386959033708
353, 0.0120337827441593
354, 0.0125382367987186
355, 0.00937726263267299
356, 0.00982747669331729
357, 0.01404019483986
358, 0.0102023701183498
359, 0.0104798295845588
360, 0.0183049067854881
361, 0.0106303510256112
362, 0.0106085163230697
363, 0.01035622957473
364, 0.00981193928358456
365, 0.00898546151195963
366, 0.00862040028109082
367, 0.0077102436684072
368, 0.0179110800049135
369, 0.0134077691473067
370, 0.012489122338593
371, 0.0193063453771174
372, 0.024353746479998
373, 0.0378094982976715
374, 0.00728118528301517
375, 0.00941833023292323
376, 0.00621811067685485
377, 0.00673612048073361
378, 0.00784593948628753
379, 0.00893942654753725
380, 0.00840217007013659
381, 0.00982852970870833
382, 0.0101566930146267
383, 0.0103953302217027
384, 0.0105413411123057
385, 0.0105827669613063
386, 0.0105150762634973
387, 0.0102373183084031
388, 0.0103586535745611
389, 0.0130858840420842
390, 0.0198757081913451
391, 0.016811611984546
392, 0.0129736886204531
393, 0.0147787952640404
394, 0.0123468458186835
395, 0.0127897287408511
396, 0.0144177894107997
397, 0.0155389090999961
398, 0.011924845011284
399, 0.0119664492085576
400, 0.0122981292661279
401, 0.0117522299600144
402, 0.0117787939962
403, 0.0195404921347896
404, 0.0143265946147343
405, 0.0173371662385762
406, 0.0134817983489484
407, 0.00608968831753979
408, 0.00716755900066346
409, 0.00850715364019076
410, 0.00587912493695815
411, 0.00570376012474298
412, 0.00980995246209204
413, 0.00769239780493081
414, 0.0126359482694949
415, 0.0136337706353515
416, 0.0213555611670017
417, 0.0248837509813408
418, 0.0156206713678936
419, 0.00855853307681779
420, 0.0101958928474536
421, 0.0103649715116868
422, 0.00957413661914567
423, 0.00795022794045508
424, 0.009933115914464
425, 0.0104703521355987
426, 0.00911231975381573
427, 0.0105316258656482
428, 0.0105890848984321
429, 0.0107387722625087
430, 0.0110492332217594
431, 0.00730464956723154
432, 0.00674715130589902
433, 0.0100049034692347
434, 0.0123120058727052
435, 0.0134732547836999
436, 0.0117463690694422
437, 0.0123567013069987
438, 0.0116734330852826
439, 0.0117337529857953
440, 0.0119498995287965
441, 0.0129495091581096
442, 0.0140031202851484
443, 0.0166931183387836
444, 0.0119426671881229
445, 0.020209772977978
446, 0.0122728769977887
447, 0.0209927993516127
448, 0.018474522124355
449, 0.015606346540153
450, 0.0129469855067631
451, 0.00678748001034061
452, 0.0104606961055348
453, 0.0091422611537079
454, 0.00826380766617755
455, 0.0119678037241101
456, 0.0136936929387351
457, 0.0171337397769094
458, 0.01124930633232
459, 0.0120026193908416
460, 0.0207556869302477
461, 0.0151102575473487
462, 0.0123943278699049
463, 0.0168419423779207
464, 0.0254445799759456
465, 0.0210636692742507
466, 0.00725591292471758
467, 0.0080317867686972
468, 0.0109087245849272
469, 0.0114527368762841
470, 0.0106057938343535
471, 0.0104963995205859
472, 0.0104551929204414
473, 0.0103544812494268
474, 0.0104283909313381
475, 0.0101641634634386
476, 0.00984412602459391
477, 0.00938075928327938
478, 0.00876353355124593
479, 0.0137663390487432
480, 0.0126539290261765
481, 0.0118105829072495
482, 0.0120919766680648
483, 0.0119318194532146
484, 0.0125353758533796
485, 0.0114269477004806
486, 0.01157584025835
487, 0.0114425441715866
488, 0.0115871649856369
489, 0.0135516549926251
490, 0.0204981203811864
491, 0.0162961318468054
492, 0.022356195996205
493, 0.020202540482084
494, 0.00767177452022831
495, 0.00647854894244422
496, 0.00966870932218929
497, 0.0108171119354665
498, 0.0219804799184203
499, 0.0246134022516864
500, 0.00904381421527692
501, 0.0251444863155484
502, 0.0118655158605959
503, 0.0109733959349493
504, 0.00973365859438976
505, 0.010637265474846
506, 0.0106318414521714
507, 0.0104967970401049
508, 0.0105236986031135
509, 0.0105450172753384
510, 0.0106153703915576
511, 0.010217409968997
512, 0.0121264242567122
513, 0.0122474653956791
514, 0.0117724555699776
515, 0.0115483817644417
516, 0.0111569781632473
517, 0.0113242884011318
518, 0.01123351091519
519, 0.0116321471674989
520, 0.011111877237757
521, 0.0123568601751079
522, 0.00873295613564551
523, 0.0132997458955894
524, 0.0159229271424313
525, 0.020752374548465
526, 0.0236569088883698
527, 0.0112198436898845
528, 0.010972763877362
529, 0.00811028610914946
530, 0.0211441760572294
531, 0.0100690382532775
532, 0.0116877579906334
533, 0.0107882379421166
534, 0.0109573427277307
535, 0.010977528601264
536, 0.0108470935374498
537, 0.0109047711205979
538, 0.010677657633399
539, 0.0107446530212959
540, 0.0106409608852118
541, 0.0127404357772321
542, 0.0118478953372687
543, 0.0121191758662462
544, 0.0108366626470039
545, 0.0110106493035952
546, 0.011547528517743
547, 0.00993134725528459
548, 0.0123157527297735
549, 0.0129731405260307
550, 0.0157249600160867
551, 0.0210557423221568
552, 0.0136759110415975
553, 0.0109728194462756
554, 0.0164754902012646
555, 0.0108703194030871
556, 0.0131750367581844
557, 0.0154843186028302
558, 0.0110192915890366
559, 0.01123605389148
560, 0.011317084543407
561, 0.0115087527781725
562, 0.0292855313047767
563, 0.00735358560147385
564, 0.0105387987568974
565, 0.00965223888245722
566, 0.00841997233995547
567, 0.016280455281958
568, 0.0177721808043619
569, 0.0195417444532116
570, 0.0208529070951045
571, 0.0209900777166088
572, 0.0170644950121641
573, 0.014995557644094
574, 0.0133662047640731
575, 0.0195890311151743
576, 0.0140081865247339
577, 0.0109922711271793
578, 0.0202175762637385
579, 0.0311581143843276
580, 0.04201386757195
581, 0.0143584238054852
582, 0.0204201575058202
583, 0.0131189056361715
584, 0.0135021829046309
585, 0.0137368264452865
586, 0.0132912027960022
587, 0.0139749269001186
588, 0.0141790932199607
589, 0.0146803484919171
590, 0.0160697724980613
591, 0.0299067169738313
592, 0.0116808434948325
593, 0.0118075435360273
594, 0.0119701049601038
595, 0.0122081465863933
596, 0.0125631516178449
597, 0.0130319819630434
598, 0.0135933187945435
599, 0.0147038329547892
600, 0.0172356200249245
601, 0.0213245192232231
602, 0.0259498801703254
603, 0.0296556012084087
604, 0.0313029141786198
605, 0.0304945758543909
606, 0.0277448350874086
607, 0.0240143779665232
608, 0.0202356814406812
609, 0.00714647929028918
610, 0.00932097607292235
611, 0.0113258977265408
612, 0.0106872141671677
613, 0.0115008968859911
614, 0.0110392791684717
615, 0.0101245661110928
616, 0.0213232675256828
617, 0.0191157697699964
618, 0.0165273975580931
619, 0.0138470948829005
620, 0.0146355252557745
621, 0.0209254653503497
622, 0.02062112527589
623, 0.0129959212305645
624, 0.015202822862193
625, 0.0267196426700268
626, 0.0219236837389568
627, 0.0129649071022868
628, 0.013230326352641
629, 0.0129421974221865
630, 0.0145099983395388
631, 0.0139042762263368
632, 0.013409497604395
633, 0.0130145818926394
634, 0.014187259056295
635, 0.0136398300528526
636, 0.0173025755211711
637, 0.0129816356735925
638, 0.027976518496871
639, 0.0211235329819222
640, 0.0116155850035804
641, 0.0121132757825156
642, 0.0177137489275386
643, 0.0242849638064702
644, 0.0280665604708095
645, 0.0269752787426114
646, 0.0249503096565604
647, 0.0136042856611311
648, 0.0118422134934614
649, 0.0124938513617963
650, 0.0149935708226015
651, 0.0266808122396469
652, 0.0225007572832207
653, 0.0133281286938914
654, 0.0116057591512799
655, 0.0113913840614259
656, 0.0111655529721507
657, 0.00992967902372281
658, 0.0161149331834167
659, 0.0187027483868102
660, 0.0144171938300133
661, 0.0209084982052445
662, 0.0137554433507224
663, 0.0219464345524708
664, 0.0194562029625688
665, 0.0131092296602825
666, 0.0131175939459354
667, 0.0138829573988914
668, 0.0142142802166442
669, 0.0147062366983543
670, 0.0158304001670331
671, 0.0136037691651533
672, 0.0231054065128167
673, 0.0185060133226216
674, 0.0133863314210127
675, 0.0130674863855044
676, 0.0247219055891037
677, 0.0241458864572148
678, 0.0220964595985909
679, 0.0187612208537757
680, 0.0155506160420676
681, 0.0244161334509651
682, 0.0137659333025416
683, 0.013014298863709
684, 0.0124587244354188
685, 0.0238778637722135
686, 0.0239652642048895
687, 0.0237433952279389
688, 0.0229044342413545
689, 0.0119782514714946
690, 0.0115980129533758
691, 0.0140059620607644
692, 0.0113572141155601
693, 0.0129514165843527
694, 0.0113385939970613
695, 0.0175852093845606
696, 0.0142648242569218
697, 0.0211034058593214
698, 0.0184065133022765
699, 0.0136927592102438
700, 0.015801392418022
701, 0.0133983635343611
702, 0.0218106789514422
703, 0.0132497772574425
704, 0.014960152329877
705, 0.0142896796266238
706, 0.0241516868894299
707, 0.0131984374796351
708, 0.0133048830819981
709, 0.0165800082031637
710, 0.0197871758913
711, 0.01363384964255
712, 0.0139215015806258
713, 0.0197629566925267
714, 0.0239650855461756
715, 0.014124078132833
716, 0.0246842751900355
717, 0.0233376661005119
718, 0.0215720925480127
719, 0.0200441516935825
720, 0.020556493041416
721, 0.0131197399459779
722, 0.0163865515496582
723, 0.0202865240474542
724, 0.0124063719219218
725, 0.0220437886503836
726, 0.011746269883588
727, 0.0122641178646258
728, 0.0183293843375785
729, 0.0136716588555525
730, 0.014184954110533
731, 0.0155699676057945
732, 0.0156126854320367
733, 0.0275344895198941
734, 0.0134398365238061
735, 0.0154053596003602
736, 0.0174994695310791
737, 0.0144389104874184
738, 0.0140009748283774
739, 0.0249373953168591
740, 0.0133977471850812
741, 0.0209737656017145
742, 0.0169994263754537
743, 0.0235178514073292
744, 0.0251589664258063
745, 0.0246009275627633
746, 0.0215624609651665
747, 0.0207023651649555
748, 0.014649116123716
749, 0.0175224178625892
750, 0.016703548685958
751, 0.0132848844708254
752, 0.017990631206582
753, 0.0211502159945667
754, 0.0155336883850396
755, 0.0137165016494691
756, 0.0142296578269452
757, 0.0166388442074614
758, 0.0133813883177936
759, 0.0273814845519761
760, 0.0274226108255486
761, 0.0137254816945642
762, 0.0185796848187844
763, 0.0160653221731385
764, 0.0146584938435505
765, 0.0220351054643591
766, 0.0253347594601413
767, 0.0260677620768547
768, 0.0196592242767413
769, 0.0228914859083792
770, 0.0148914284072816
771, 0.0253914440982044
772, 0.0258212336339056
773, 0.0231549784851571
774, 0.0186416947593292
775, 0.0151505107836177
776, 0.0168434209190309
777, 0.0149933464958199
778, 0.0135806589387357
779, 0.0276321222384771
780, 0.0139479320496321
781, 0.0230912868199604
782, 0.0271319202147424
783, 0.026816810015589
784, 0.0140717529691756
785, 0.0135652564466
786, 0.0221190251410007
787, 0.0243999153109533
788, 0.0189439330250025
789, 0.0281116049736738
790, 0.0106045877827065
791, 0.00711882244795561
792, 0.0135995174447695
793, 0.0138505327049643
794, 0.0140920708266397
795, 0.0143114951594422
796, 0.0145057067275047
797, 0.0147595630648235
798, 0.0159084824845195
799, 0.0203772027355929
800, 0.0296062614236559
801, 0.0300457183537739
802, 0.041243751719594
803, 0.0186500067689589
804, 0.00556252508734663
805, 0.00597459182608873
806, 0.00639206271929045
807, 0.00682737526949495
808, 0.00731802103109658
809, 0.00786662214280417
810, 0.00844109198078513
811, 0.00900908466428518
812, 0.00955406948924065
813, 0.0100449141270171
814, 0.0104406298293422
815, 0.0106966909952462
816, 0.0107520043384284
817, 0.0105146190617234
818, 0.00991249247454107
819, 0.00894590366321305
820, 0.00783382003040363
821, 0.0153412650494526
822, 0.0111725946577887
823, 0.0092681268385301
824, 0.00807454340004673
825, 0.00724079347370813
826, 0.00662986561655998
827, 0.00618062540888786
828, 0.00585258119584372
829, 0.00561384488052378
830, 0.00544562058833738
831, 0.00532565622900923
832, 0.00524401761746655
833, 0.00519750620393703
834, 0.00519396962287525
835, 0.00522861967328936
836, 0.00528544265155991
837, 0.012208603322506
838, 0.0133154618864258
839, 0.0138207901424418
840, 0.0142404066088299
841, 0.014475090118746
842, 0.0146029220583538
843, 0.0155529011196146
844, 0.0188845028169453
845, 0.0243523963727057
846, 0.00918736223441859
847, 0.00973717526843151
848, 0.0108224169816822
849, 0.0102210262945543
850, 0.0105949061301847
851, 0.01086169675303
852, 0.0104772270812343
853, 0.0109620624487954
854, 0.00860613770782948
855, 0.00802564760670066
856, 0.00746554248811056
857, 0.00694694238093992
858, 0.0064796021906659
859, 0.00605231636048605
860, 0.0107080954282234
861, 0.0128236833649377
862, 0.012394093365098
863, 0.0141062368638813
864, 0.0144529367486636
865, 0.0146484399835269
866, 0.014915945706889
867, 0.01613939111121
868, 0.0194209247517089
869, 0.011864207064112
870, 0.0115984103952845
871, 0.0114184441044927
872, 0.0113284410908818
873, 0.011323454324156
874, 0.0113897543245306
875, 0.0115272821082423
876, 0.0117362960396955
877, 0.0120306240860373
878, 0.0153869225177914
879, 0.0224747695028782
880, 0.0147593050884704
881, 0.013120137155056
882, 0.0141424962008993
883, 0.0133517805176477
884, 0.0138521220069379
885, 0.0144362280455728
886, 0.0175300471019
887, 0.00700370614261677
888, 0.00865036423783749
889, 0.00616212810079257
890, 0.0163638424128294
891, 0.0123742052043478
892, 0.0217339330352843
893, 0.0100595377540837
894, 0.00651568302419037
895, 0.00590884817453722
896, 0.0057320009994631
897, 0.00560460585014274
898, 0.00552374217659235
899, 0.00549012519574414
900, 0.00550347671378404
901, 0.00768610008526593
902, 0.00553731232260664
903, 0.00563492200204304
904, 0.0218658483188067
905, 0.0243094805628061
906, 0.0146654864462713
907, 0.0114527168528487
908, 0.011235398085167
909, 0.0110656042428066
910, 0.0108109133628507
911, 0.00997567355322341
912, 0.0104451393708587
913, 0.00942629738710821
914, 0.00883774125638107
915, 0.00824231080090006
916, 0.00767157614851991
917, 0.00713817406600962
918, 0.00663467376337697
919, 0.00617790338583291
920, 0.0132129416645815
921, 0.0118578095765164
922, 0.0117734496792157
923, 0.0119762442385157
924, 0.0124633138378461
925, 0.0128118225838989
926, 0.0117750387483587
927, 0.0118424916484704
928, 0.0121833506661157
929, 0.0187886191221575
930, 0.0164853363142659
931, 0.0152643546462059
932, 0.0149569935941448
933, 0.0148279692512006
934, 0.0202229768037796
935, 0.0136544331908226
936, 0.0266884611919522
937, 0.0135660392697901
938, 0.0127405351959169
939, 0.0125895763436953
940, 0.0129158324562013
941, 0.0142054983880371
942, 0.0145790011932453
943, 0.0159574779681861
944, 0.015019896828259
945, 0.0186718537782629
946, 0.0239628784668942
947, 0.0132950370510419
948, 0.0092145223946621
949, 0.0106879097099106
950, 0.0128313132251302
951, 0.017088433594576
952, 0.00818117638118565
953, 0.00624799848689387
954, 0.00605720398016274
955, 0.00652537867426872
956, 0.00691425940021873
957, 0.00592800097850462
958, 0.00744511850643903
959, 0.00584630272351205
960, 0.00581781166450431
961, 0.00587887526489794
962, 0.00532493689097464
963, 0.0195793179795146
964, 0.027992277033627
965, 0.0120232126985987
966, 0.0122877211043877
967, 0.027278830180876
968, 0.0173080982640386
969, 0.0231573415609698
970, 0.0122447634736697
971, 0.00634755787905306
972, 0.00738012910975764
973, 0.00685372071651121
974, 0.00793469099638363
975, 0.0085314327540497
976, 0.00914077119280895
977, 0.0120593728497624
978, 0.0107729251030833
979, 0.0115789790482571
980, 0.011186124679322
981, 0.00974001626794537
982, 0.0102908824725697
983, 0.0140793945174664
984, 0.0136323599144816
985, 0.0122678304711978
986, 0.0132324921432883
987, 0.0128958646673709
988, 0.0124082590918988
989, 0.0126170343719423
990, 0.0121971191838384
991, 0.0121916950059434
992, 0.0153272380897154
993, 0.0154830246853332
994, 0.0163700413734963
995, 0.00582051398232579
996, 0.0145277606012921
997, 0.0130293991727134
998, 0.0138618575098614
999, 0.0165379864629358
1000, 0.0125549459674706
1001, 0.0135389394902935
1002, 0.0195935197795431
1003, 0.0152738521186014
1004, 0.0127802117882917
1005, 0.0147145419226338
1006, 0.024256391916424
1007, 0.00793101553184291
1008, 0.00692480918951333
1009, 0.00735201581846923
1010, 0.01129857939668
1011, 0.0134580359638979
1012, 0.0158743406645954
1013, 0.00662458059377968
1014, 0.00642520313461622
1015, 0.00628938401738803
1016, 0.00614168732427061
1017, 0.00871847267262638
1018, 0.00979749586743613
1019, 0.00619695708155632
1020, 0.012329366337508
1021, 0.0125945322215557
1022, 0.013896348234266
1023, 0.0125620987576743
1024, 0.00659150856414012
1025, 0.00713571032974869
1026, 0.00768995428613077
1027, 0.00828610003615419
1028, 0.00890998208584885
1029, 0.00954081770032644
1030, 0.0124566773883998
1031, 0.0101644409199556
1032, 0.0112799621808032
1033, 0.0118193447124213
1034, 0.0107436591448883
1035, 0.0128899832100918
1036, 0.0150921174014608
1037, 0.0145721465038757
1038, 0.0140670166971783
1039, 0.0125955564435571
1040, 0.012666883567969
1041, 0.0128189949318767
1042, 0.0130388563654075
1043, 0.0136491284550478
1044, 0.0133183024202784
1045, 0.0155439005854229
1046, 0.0160302350608011
1047, 0.0153295820734153
1048, 0.0177618688903749
1049, 0.0267117065377533
1050, 0.0132270082831383
1051, 0.014265678745384
1052, 0.0170974360468487
1053, 0.0138707983617981
1054, 0.0203350614756346
1055, 0.0129323427099735
1056, 0.0242304846954842
1057, 0.0155182112163554
1058, 0.00780866710313906
1059, 0.00843403915253778
1060, 0.00735201597368966
1061, 0.0136778185454508
1062, 0.00703446206171066
1063, 0.00681722284449885
1064, 0.0118567572596172
1065, 0.00927092833444476
1066, 0.00666038334990541
1067, 0.0103922309353948
1068, 0.0160489280575088
1069, 0.0124918726272881
1070, 0.0121864297737678
1071, 0.0148283460487922
1072, 0.0129949900853847
1073, 0.00748618583505352
1074, 0.00810120638925582
1075, 0.00874000935194393
1076, 0.00939518360731502
1077, 0.01007316649581
1078, 0.0107448315247893
1079, 0.0120315769066413
1080, 0.0113874891928087
1081, 0.0127338190407803
1082, 0.00697813173756003
1083, 0.0159142246314635
1084, 0.0134049078915268
1085, 0.0157708555149535
1086, 0.0151616559208681
1087, 0.0130451744577537
1088, 0.0132040408595155
1089, 0.0145244031058004
1090, 0.013441704136009
1091, 0.0137310250041385
1092, 0.0140542614584168
1093, 0.0153768489447733
1094, 0.0156655146274716
1095, 0.025717998854816
1096, 0.013500951230526
1097, 0.0148399895212303
1098, 0.0131389919357995
1099, 0.0208626027839879
1100, 0.0143225815457602
1101, 0.0176215199753642
1102, 0.0240213914463917
1103, 0.00893026761089762
1104, 0.00827815298301478
1105, 0.00778174555550019
1106, 0.0140312140186628
1107, 0.0074387804682677
1108, 0.00980123085901141
1109, 0.00725639012775251
1110, 0.0124180138421555
1111, 0.0109365802103033
1112, 0.0154029396362603
1113, 0.0253000302240253
1114, 0.019895658695272
1115, 0.0133474136702716
1116, 0.00793278364775082
1117, 0.00862217096922298
1118, 0.0093109425312529
1119, 0.0100309865083545
1120, 0.0107729850181689
1121, 0.011502824180449
1122, 0.0122447034033636
1123, 0.0130104639101774
1124, 0.0158829321153462
1125, 0.016442281814913
1126, 0.0137937089117865
1127, 0.0165461727107565
1128, 0.0128432537429035
1129, 0.0135545953332136
1130, 0.0158785212940226
1131, 0.013824365955467
1132, 0.0141359792711834
1133, 0.0150531757778178
1134, 0.014468871600305
1135, 0.0154546132932107
1136, 0.0247458067412178
1137, 0.0138665263075382
1138, 0.0134497113370647
1139, 0.0157594907407959
1140, 0.0233943505833546
1141, 0.0211169755396744
1142, 0.00940553549056252
1143, 0.00871112104505301
1144, 0.00817340759870907
1145, 0.010278803218777
1146, 0.0149482719134539
1147, 0.014371976921601
1148, 0.0113578063125412
1149, 0.0126879836122195
1150, 0.0240750156032542
1151, 0.0138578610494733
1152, 0.0092941935484608
1153, 0.010058365141352
1154, 0.010856610412399
1155, 0.0116356436628848
1156, 0.0124260410666466
1157, 0.0132481479085982
1158, 0.0158518781730284
1159, 0.0168272289447486
1160, 0.0141723776080956
1161, 0.0173316230066121
1162, 0.0162870914985736
1163, 0.0145431782584637
1164, 0.0167435831390321
1165, 0.0142806784715503
1166, 0.0149127472347269
1167, 0.0157468545561035
1168, 0.0143858422525227
1169, 0.0232376498170197
1170, 0.021665884048811
1171, 0.0180252225448688
1172, 0.00981110505138834
1173, 0.00905708619393408
1174, 0.0107293546510239
1175, 0.0225455400844415
1176, 0.0117287859320641
1177, 0.0128813611809164
1178, 0.0159487757676591
1179, 0.00856578509722437
1180, 0.0194585118442774
1181, 0.00782556687481701
1182, 0.0141477813012898
1183, 0.0214736031368375
1184, 0.0100973663696398
1185, 0.0109765944071114
1186, 0.014461615215987
1187, 0.0118027550633997
1188, 0.0126154845735679
1189, 0.0134390218493839
1190, 0.0152154793807616
1191, 0.0155202349248741
1192, 0.0150134417095355
1193, 0.0170635610508422
1194, 0.0154430295030276
1195, 0.0180969660480817
1196, 0.0177836838799218
1197, 0.0166083204094321
1198, 0.0171281532384455
1199, 0.0146490756887943
1200, 0.0217314593804379
1201, 0.0150149296969175
1202, 0.0210319596032302
1203, 0.0100202579051256
1204, 0.0156600299912194
1205, 0.0111726201804621
1206, 0.0120806121267378
1207, 0.0130940701346844
1208, 0.0182006590378781
1209, 0.0141969749238342
1210, 0.0183473005890846
1211, 0.01107400849772
1212, 0.011992973042652
1213, 0.0128618898646285
1214, 0.0137705828528851
1215, 0.015622594114393
1216, 0.0160060908645391
1217, 0.0171285096245507
1218, 0.0175327488686889
1219, 0.0188036188483238
1220, 0.0188896888867021
1221, 0.0150199957036724
1222, 0.0093390959315002
1223, 0.0149616510607302
1224, 0.0217128037475049
1225, 0.0193627084206258
1226, 0.0143148127632836
1227, 0.012380768917501
1228, 0.0132627113877485
1229, 0.0207066371416052
1230, 0.0121801913871119
1231, 0.0130982218155017
1232, 0.01403713459149
1233, 0.0181064040710529
1234, 0.0147427855325597
1235, 0.0169563518526653
1236, 0.019979208042579
1237, 0.0192943251070877
1238, 0.0156394270403932
1239, 0.013277791130046
1240, 0.0204022160420815
1241, 0.0174933944828808
1242, 0.0143544102708499
1243, 0.0166787334407369
1244, 0.019406727515161
1245, 0.0168244863328125
1246, 0.0160498850358029
1247, 0.019149306230247
