1, 0.00708824524190277
2, 0.0405425702532132
3, 0.00752794928848743
4, 0.007512689800933
5, 0.0158066777512431
6, 0.0151318339630961
7, 0.00437367055565119
8, 0.00815308257006109
9, 0.0400477722287178
10, 0.00886529847048223
11, 0.0184675492346287
12, 0.0196908758953214
13, 0.00813180382829159
14, 0.00970572411703567
15, 0.0110892275503526
16, 0.0125455479137599
17, 0.0149628354702145
18, 0.0215970122565826
19, 0.0329654871796568
20, 0.0314597245305777
21, 0.0209169431279103
22, 0.0135315279476345
23, 0.00913560499126712
24, 0.00685497218122085
25, 0.00573420623550192
26, 0.00518324084502334
27, 0.00413491411988313
28, 0.00493252370506525
29, 0.00589074803671489
30, 0.00659457966685295
31, 0.00704125703002016
32, 0.00730927917174995
33, 0.00745189333489786
34, 0.00750541822829594
35, 0.00744214799487963
36, 0.00739479196878771
37, 0.0074470058704416
38, 0.00765260208087663
39, 0.00805286706114809
40, 0.00867450423538685
41, 0.00952108856290579
42, 0.0105589645293852
43, 0.0117445414264997
44, 0.012944462398688
45, 0.0145443109795451
46, 0.0152791768002013
47, 0.0153861078433692
48, 0.0159458350390196
49, 0.0169529942795634
50, 0.018487178410093
51, 0.0197284650057554
52, 0.0190634364262223
53, 0.0161347026005387
54, 0.0133017329499125
55, 0.0114933671429753
56, 0.00991316791623831
57, 0.00865086067157487
58, 0.00809815694810823
59, 0.00769645097898319
60, 0.00778830183359484
61, 0.00865380163304508
62, 0.00984490135063728
63, 0.0111476204668482
64, 0.0123017258010805
65, 0.0130530221698185
66, 0.0133301836128036
67, 0.0132271869418522
68, 0.0128621282055974
69, 0.0123587870039046
70, 0.0117824495149155
71, 0.0111973310510317
72, 0.0106735249670843
73, 0.0102881208683054
74, 0.0101163804841538
75, 0.0102644378008942
76, 0.0109782239111761
77, 0.0129866621767481
78, 0.0129771850770339
79, 0.0115411304868758
80, 0.00778122882669171
81, 0.00634551149172087
82, 0.00567301199771464
83, 0.00531228460992376
84, 0.00506933615542948
85, 0.00490073456118504
86, 0.00476793525740504
87, 0.00464658004542192
88, 0.00454739791651567
89, 0.00447011081269011
90, 0.00447738259875526
91, 0.00473346402092526
92, 0.00500295648816973
93, 0.00528152872963498
94, 0.00559244634738813
95, 0.00593092145087818
96, 0.00627323104223857
97, 0.00659332793050756
98, 0.00686409184709191
99, 0.00704459454088161
100, 0.00704254819235454
101, 0.00677889698029806
102, 0.00618122126131008
103, 0.00526299176272005
104, 0.00443116913083941
105, 0.00556326017249376
106, 0.00619855616241693
107, 0.00750911367746691
108, 0.0101421700480084
109, 0.0152945558850964
110, 0.0232956456020474
111, 0.0341577591995398
112, 0.0328806098550558
113, 0.0219026842775444
114, 0.0157727034917722
115, 0.0139425028270731
116, 0.0131668671965599
117, 0.0126824603260805
118, 0.0122656053087364
119, 0.0118393721058965
120, 0.0113836546273281
121, 0.0109081291593611
122, 0.0104054429102689
123, 0.00986210660388072
124, 0.00925686117261648
125, 0.00933107861783355
126, 0.00962587352842093
127, 0.0100832398359974
128, 0.010619880631566
129, 0.0112501407663027
130, 0.011938772474726
131, 0.0126905067202946
132, 0.0134911166193585
133, 0.0143059118029972
134, 0.0152041143737733
135, 0.0163938235491514
136, 0.0175493980447451
137, 0.0181563524529338
138, 0.0182321900501847
139, 0.0175735581045349
140, 0.0164629248902202
141, 0.0152460364624858
142, 0.0142415789887309
143, 0.0133872850177189
144, 0.0125871918474634
145, 0.0117990596530338
146, 0.0110300007897119
147, 0.0102899091628691
148, 0.00961196593319376
149, 0.00903340335935354
150, 0.00856483137855927
151, 0.00821844860911369
152, 0.00797450651104251
153, 0.00779835522795717
154, 0.00762117048725486
155, 0.00568544975249097
156, 0.00675734023874005
157, 0.00958184665068984
158, 0.0148104856101175
159, 0.0223067244514823
160, 0.0333192028726141
161, 0.0313970795832574
162, 0.0216528217618664
163, 0.0149929149386783
164, 0.0101705407723784
165, 0.00743814449136456
166, 0.00615537300473079
167, 0.00435787538299337
168, 0.00428319070488214
169, 0.00425565320377549
170, 0.00424381159245968
171, 0.00424893774713079
172, 0.00428219729413589
173, 0.00435900765781601
174, 0.00446224305778742
175, 0.00459992970960836
176, 0.00480604272646209
177, 0.00506762764416635
178, 0.00541397036674122
179, 0.00587320444174111
180, 0.00648232417491575
181, 0.00736332087156673
182, 0.00891053847347697
183, 0.0142486426047981
184, 0.0174553822726011
185, 0.0166807196413477
186, 0.0148262608175476
187, 0.0138102398874859
188, 0.0133546612535914
189, 0.0131479521902899
190, 0.0129988218347232
191, 0.0128073319792747
192, 0.0125120903054873
193, 0.0120904068462551
194, 0.0115733168398341
195, 0.010999482901146
196, 0.0104253306053579
197, 0.00989679619669914
198, 0.00944980156297485
199, 0.00910715432837605
200, 0.00887481511260072
201, 0.0087461086610953
202, 0.00871539240082105
203, 0.00894266506657004
204, 0.0087844740288953
205, 0.00656823414222648
206, 0.00946786192556222
207, 0.0114312786608934
208, 0.0146165719100585
209, 0.016172139772347
210, 0.0193646783009171
211, 0.0257395751153429
212, 0.0233855100038151
213, 0.00740337527046601
214, 0.00730232549055169
215, 0.00711431245629986
216, 0.00679969919535021
217, 0.00629558290044467
218, 0.0055897047665591
219, 0.00492296709368626
220, 0.00463277167485406
221, 0.0100735044106841
222, 0.00910429322781662
223, 0.00835053296759725
224, 0.00783270737156272
225, 0.00751908775418997
226, 0.00739578545714418
227, 0.0102379339902351
228, 0.0117027782058964
229, 0.0133729800581932
230, 0.0157923134199033
231, 0.0183431742091974
232, 0.0190651648057004
233, 0.0178766081420084
234, 0.0163816038208703
235, 0.0153360789020856
236, 0.0147543575149029
237, 0.0145005811161051
238, 0.0189857116589944
239, 0.0124617839076867
240, 0.0070140971414124
241, 0.00675406190566719
242, 0.00643668665240208
243, 0.0061975132751589
244, 0.00720254715997726
245, 0.0112098675065984
246, 0.00740148775124301
247, 0.00878179228554169
248, 0.0124689366202801
249, 0.00809931910286347
250, 0.0135324506089091
251, 0.0096969025519987
252, 0.0076494231276835
253, 0.0138179681574305
254, 0.00913839503191411
255, 0.0125421506042282
256, 0.0166454343125224
257, 0.0181130409861604
258, 0.0143584639299661
259, 0.0184473631282647
260, 0.0164979330729693
261, 0.0151604836961875
262, 0.0143488072014103
263, 0.0109466532400499
264, 0.0110718203442437
265, 0.0133569434817348
266, 0.0151004027575254
267, 0.0228507361995677
268, 0.00719678514481833
269, 0.00713463764016827
270, 0.00709955017858495
271, 0.00721271968601892
272, 0.00732675763512296
273, 0.0128617510975649
274, 0.0119652769062668
275, 0.00939889919633667
276, 0.0074687358324549
277, 0.00791283595996598
278, 0.00853163166902959
279, 0.0108004828604559
280, 0.0174730056896806
281, 0.0134252929128706
282, 0.0140782621068259
283, 0.0153448610411336
284, 0.0129869007505476
285, 0.0189448025388022
286, 0.0180203749332577
287, 0.0159309792465397
288, 0.00657638588121959
289, 0.0157033237628639
290, 0.0193411543344458
291, 0.0219853358964125
292, 0.00749218588074048
293, 0.00738918916322291
294, 0.00765735042902331
295, 0.00803021725732833
296, 0.00728647857904434
297, 0.0117164022023124
298, 0.00836928848487636
299, 0.00779497749172151
300, 0.0104080259334296
301, 0.00922709912993014
302, 0.0133682037703693
303, 0.0127535127103329
304, 0.0133059845150759
305, 0.0126113717754682
306, 0.0145493968545149
307, 0.0121298058268925
308, 0.0170444479833047
309, 0.019538763910532
310, 0.0194971118122339
311, 0.0116851689027888
312, 0.0138104188566407
313, 0.00900801143143326
314, 0.0195331615395844
315, 0.00891026000802716
316, 0.0214511792485913
317, 0.00823995155016226
318, 0.00869478898433348
319, 0.0207649512837331
320, 0.00864178078093876
321, 0.0102160195820034
322, 0.0110963124781847
323, 0.00919000493983428
324, 0.0120447302858035
325, 0.0112579573344971
326, 0.0128604595859845
327, 0.0140638176817447
328, 0.0167375241095821
329, 0.0200455736901079
330, 0.00916974693536758
331, 0.0199869109007219
332, 0.00746922609396279
333, 0.00948633882217109
334, 0.0101031083613634
335, 0.011040522903204
336, 0.0116906985640526
337, 0.0126578235067427
338, 0.0137706424575299
339, 0.0163962274479369
340, 0.0105484912970236
341, 0.0194309266284108
342, 0.0103093402327171
343, 0.0160474126626338
344, 0.0170256649143994
345, 0.0106417676433921
346, 0.0114193779105941
347, 0.0125461643716941
348, 0.0136653208949914
349, 0.011889555118978
350, 0.0111198048883428
351, 0.0123792112184068
352, 0.0132691087201238
353, 0.00999760782967011
354, 0.00900850848605235
355, 0.0137034278983871
356, 0.0168321758974344
357, 0.0104218542110175
358, 0.00524852774105966
359, 0.00555567035917193
360, 0.00705214450135827
361, 0.00495525298174471
362, 0.00664562114980072
363, 0.00606445587861041
364, 0.0065622340189293
365, 0.0058906285945947
366, 0.00623244155819217
367, 0.00684470058574031
368, 0.00712957112894704
369, 0.00700605047556261
370, 0.00545201815354327
371, 0.0051241727390637
372, 0.00460953796282411
373, 0.00500726785200338
374, 0.00519301583214353
375, 0.0054498720758905
376, 0.0058211893386518
377, 0.00644405776013931
378, 0.00761377927847207
379, 0.00966467654022078
380, 0.0121714102569968
381, 0.0239313026624066
382, 0.0072443299771597
383, 0.0160659981581072
384, 0.00963809267462542
385, 0.0130721159900228
386, 0.01318812626414
387, 0.0129784372014304
388, 0.0123251304030418
389, 0.0112920027847091
390, 0.0101430835978438
391, 0.00909271001971016
392, 0.0117657801602036
393, 0.0122829102134953
394, 0.0127397006532798
395, 0.0102834123341988
396, 0.0107732436154038
397, 0.0104303574965646
398, 0.0112422129604965
399, 0.011905771214515
400, 0.0161791272306194
401, 0.0252414586332937
402, 0.00465705098273853
403, 0.00522838133232047
404, 0.00657995650544763
405, 0.00723936288462331
406, 0.00695749251948049
407, 0.00554905432121207
408, 0.00683790585026145
409, 0.00711085515407224
410, 0.00713529309723526
411, 0.00588727090507746
412, 0.00623834237921983
413, 0.00688388074437777
414, 0.00724395248107612
415, 0.00485611035643766
416, 0.00583062662432591
417, 0.00696267808477084
418, 0.00472223832427214
419, 0.00804692603802929
420, 0.00627863523550332
421, 0.00551535778989394
422, 0.0104089594290902
423, 0.00839266898110509
424, 0.0129008713023116
425, 0.0132841691374779
426, 0.0120742540651311
427, 0.0115420840059718
428, 0.011017642604808
429, 0.0128884936372439
430, 0.0132046563861271
431, 0.012018464350452
432, 0.012479109223932
433, 0.0104273975205918
434, 0.0110826909852525
435, 0.0108899095406135
436, 0.0117135470112165
437, 0.0123584770597517
438, 0.0106957574219753
439, 0.010330380871892
440, 0.0100954445744199
441, 0.0102736287351165
442, 0.00491760548071137
443, 0.0189745258539915
444, 0.011818093014881
445, 0.0136506581523766
446, 0.00739411644948026
447, 0.00723219049784044
448, 0.00747953006066382
449, 0.0075320415586854
450, 0.00698012226105978
451, 0.00629182741977274
452, 0.00665766113282492
453, 0.00591820571571589
454, 0.00764181344614675
455, 0.0055573988162602
456, 0.00793310169441005
457, 0.00703787962750842
458, 0.00527157467634728
459, 0.00745135658265402
460, 0.00857665250077844
461, 0.00670792752255996
462, 0.00619504950009286
463, 0.00507603166624904
464, 0.0104437686192493
465, 0.0110358415792386
466, 0.0105031944500903
467, 0.0128773076770206
468, 0.0102831540474047
469, 0.0108459213127693
470, 0.0102116287841151
471, 0.0123181564267725
472, 0.0134534661968549
473, 0.0112916651802758
474, 0.0117879135068506
475, 0.0138628509982179
476, 0.0137855433082829
477, 0.0132320462060826
478, 0.0107337849525114
479, 0.0170864888932556
480, 0.00991509818205876
481, 0.0124419437987464
482, 0.0142798620675291
483, 0.0135628406424075
484, 0.0158554543741047
485, 0.0118931790813804
486, 0.00812401521640519
487, 0.00596169731579721
488, 0.00860756806408366
489, 0.00638445315416902
490, 0.00742952160847684
491, 0.00715412820378939
492, 0.00761159412407627
493, 0.00773523406436046
494, 0.00679475169939299
495, 0.00787862293267002
496, 0.00523083279840648
497, 0.00861925072968006
498, 0.00582321574135373
499, 0.00883831704656283
500, 0.00783211093706389
501, 0.00707626455308249
502, 0.0055363867431879
503, 0.00980620514601469
504, 0.0102727032887439
505, 0.010224701759095
506, 0.0105749987997115
507, 0.0100196020988127
508, 0.00995131488889456
509, 0.0110541010896365
510, 0.0116311335004866
511, 0.0122782411829879
512, 0.0129920665640384
513, 0.0101582508401147
514, 0.0104340331163257
515, 0.0148061302490532
516, 0.0145958890983214
517, 0.0138057500589639
518, 0.0154009093530476
519, 0.017884515846769
520, 0.00908192177303135
521, 0.0064906687863792
522, 0.00852376393352946
523, 0.00771327957045287
524, 0.00698026118334383
525, 0.00804001244250685
526, 0.00821524998173118
527, 0.00740520291340848
528, 0.0079099153711771
529, 0.00945902080275118
530, 0.00654562981799245
531, 0.00911034996222172
532, 0.00800001745422681
533, 0.00998832960613072
534, 0.00990353198722005
535, 0.00959913098874191
536, 0.010291598426799
537, 0.00968696813409527
538, 0.0108487030180792
539, 0.0115463357263555
540, 0.0123157722409815
541, 0.00989446798339486
542, 0.0100028132243703
543, 0.0131290577507267
544, 0.0156061679257878
545, 0.0141705696005374
546, 0.0169752474563817
547, 0.00943414548722406
548, 0.0102904341183603
549, 0.00716845291511466
550, 0.00888315991808971
551, 0.00856669899076223
552, 0.00771862412026773
553, 0.00807823900443812
554, 0.00839919014833868
555, 0.0082714770299693
556, 0.00999997245768706
557, 0.00602762796916068
558, 0.00885489135980606
559, 0.00958607772675653
560, 0.00956984555038313
561, 0.00931584982511898
562, 0.00920806483676036
563, 0.0100179929286242
564, 0.0115024272042016
565, 0.0106781939199815
566, 0.0123799270174156
567, 0.0132455850640933
568, 0.0144328104797751
569, 0.00974269886501133
570, 0.00813039851241878
571, 0.00923381435374419
572, 0.00894141375708083
573, 0.00879637540007631
574, 0.008527658181265
575, 0.00869514684503277
576, 0.0112993910775653
577, 0.0102832337530951
578, 0.00735905272886157
579, 0.00914983140925566
580, 0.00954048009589314
581, 0.0105025590552638
582, 0.0114611608441919
583, 0.0124653205275536
584, 0.013408442227436
585, 0.0116921685636044
586, 0.0159094365313649
587, 0.00902515828299026
588, 0.0126466773605595
589, 0.0146361618147542
590, 0.0165154566057026
591, 0.0113798997675379
592, 0.0124043250456452
593, 0.0137174871750176
594, 0.0347405973821878
595, 0.00704584670408318
596, 0.00538599607534707
597, 0.00751940552921345
598, 0.00734114790490518
599, 0.00659356646550198
600, 0.00598756588685016
601, 0.00495704129571095
602, 0.0130017424623171
603, 0.00980180649397274
604, 0.0120890557300299
605, 0.0125135603981713
606, 0.0148979649723818
607, 0.01780436707971
608, 0.0102994854096323
609, 0.0136925799306482
610, 0.00882586006385585
611, 0.00936434837058187
612, 0.0100077210615079
613, 0.0107254407679041
614, 0.0114830756404748
615, 0.0122594853552679
616, 0.0130438825581223
617, 0.0138538503864159
618, 0.0147485359727095
619, 0.015780272660777
620, 0.0168901309370995
621, 0.0177605577434103
622, 0.0077164186630398
623, 0.00786207255441695
624, 0.00809484859928489
625, 0.00840256774487595
626, 0.00905361007122944
627, 0.0239103396556207
628, 0.0117007521912456
629, 0.015599134300525
630, 0.00681913042596231
631, 0.014605743267263
632, 0.0139105544270327
633, 0.0131790662805239
634, 0.0117613895175358
635, 0.0111378653285404
636, 0.0105850315497567
637, 0.0101102211046964
638, 0.0124481342888127
639, 0.00759838168354084
640, 0.00748062296770513
641, 0.00708276176980386
642, 0.00694086294000347
643, 0.00729457680912067
644, 0.00761524983681738
645, 0.0116696377129604
646, 0.0173247689381242
647, 0.0258803811545173
648, 0.0112337687363227
649, 0.0138603272692611
650, 0.010779263296475
651, 0.0130746985475222
652, 0.0125060699259241
653, 0.0150488641423484
654, 0.0105697333347052
655, 0.008295021019876
656, 0.0160234801781674
657, 0.0144029878235112
658, 0.0135997158940881
659, 0.00923703300456206
660, 0.00771641880939049
661, 0.0120691282985111
662, 0.0113127455115318
663, 0.0128307361931851
664, 0.0152425196332236
665, 0.00986939893725018
666, 0.00871342606842518
667, 0.00797021536466976
668, 0.0154645275324583
669, 0.0136716192743431
670, 0.0142881496188541
671, 0.0117326201094935
672, 0.0111882703689237
673, 0.0166820716112852
674, 0.0176399730145931
675, 0.010698300631096
676, 0.0123484357415388
677, 0.013013822104161
678, 0.0102928212311651
679, 0.0167523822081941
680, 0.0111839988579353
681, 0.00787002011202276
682, 0.00820058751075218
683, 0.00796671875286847
684, 0.00783326375919084
685, 0.0116166095249355
686, 0.013204855301107
687, 0.0140404920869817
688, 0.01520467021813
689, 0.017183028627187
690, 0.0107570107405384
691, 0.0200739535503089
692, 0.0120440144867947
693, 0.00704290605305384
694, 0.0105481166392565
695, 0.0098499080631882
696, 0.0112778565380722
697, 0.0127326471265405
698, 0.01346514839679
699, 0.0120064044216027
700, 0.0148927196860313
701, 0.0142007097601891
702, 0.0154321221634746
703, 0.00920560133333007
704, 0.00815711852296122
705, 0.00866029830649495
706, 0.00781903411261737
707, 0.0148727915560206
708, 0.0129346872369448
709, 0.0135476612485945
710, 0.0141211177688092
711, 0.0123161299464603
712, 0.0117633959744126
713, 0.0113181408627757
714, 0.0156754481140524
715, 0.0097340359352529
716, 0.0121427121173058
717, 0.0139490735850164
718, 0.0174349780815343
719, 0.00975271833262273
720, 0.0112187683892747
721, 0.0116512395907193
722, 0.012084088443468
723, 0.00863039641020199
724, 0.0169643387198448
725, 0.00909616712791224
726, 0.0141822717462977
727, 0.0152620895920942
728, 0.0191305917687714
729, 0.0125778339958439
730, 0.0108422298915684
731, 0.00875510911767681
732, 0.0113699857611209
733, 0.0120645586866885
734, 0.0150445923985293
735, 0.0141101302579045
736, 0.0134280348817507
737, 0.0106412989553064
738, 0.00864148316904902
739, 0.0146943752188236
740, 0.0127452434195826
741, 0.00992938092288872
742, 0.00922211197515329
743, 0.0157996681518853
744, 0.0146353864887108
745, 0.0140585526047895
746, 0.0135141437252363
747, 0.0118640922009945
748, 0.0129261835633467
749, 0.0123462102686365
750, 0.0151619766838849
751, 0.0117569783857713
752, 0.0126951357039313
753, 0.0152579768716047
754, 0.0166958401290079
755, 0.00977999134920537
756, 0.0121692436126371
757, 0.0133486613631248
758, 0.0184668934283157
759, 0.00831256457604468
760, 0.00976354077768823
761, 0.0128561279270798
762, 0.0134889110922813
763, 0.0141103890103598
764, 0.01223528617993
765, 0.0115723236619184
766, 0.0145906432686994
767, 0.0147739673432495
768, 0.00921356831012028
769, 0.0108239272764573
770, 0.0100642261095345
771, 0.0145144487420718
772, 0.0140909972445418
773, 0.0135618074952314
774, 0.0123875332064927
775, 0.0130000930900375
776, 0.0134761187780116
777, 0.0163603255835672
778, 0.012727549020201
779, 0.0103671093471348
780, 0.0142935338274886
781, 0.0177448024041951
782, 0.0105593821499497
783, 0.0142310682373742
784, 0.0136293394025415
785, 0.0130413991088668
786, 0.0145952727179974
787, 0.0124814138592531
788, 0.0148545770905912
789, 0.0146750953048468
790, 0.0144836925901473
791, 0.0118500214690963
792, 0.0102054612711072
793, 0.0110220332474758
794, 0.0142097297745446
795, 0.0137382767473658
796, 0.0131931324334194
797, 0.0145599693059921
798, 0.011188356072775
799, 0.0143765236251056
800, 0.0151620334945619
801, 0.0169543460942805
802, 0.016503257676959
803, 0.0114789036368685
804, 0.0144926928915083
805, 0.0147507016081363
806, 0.013842465976874
807, 0.0132685129841169
808, 0.0127870861906558
809, 0.0121623897769799
810, 0.0144771760484825
811, 0.0140265447553247
812, 0.011607673484832
813, 0.012669327436015
814, 0.0149575838420008
815, 0.0146583579480648
816, 0.0159283904358745
817, 0.0161389342198769
818, 0.0170293092572441
819, 0.0158390433061868
820, 0.0148725138666729
821, 0.0150288029440812
822, 0.0140951298332463
823, 0.0135491312636683
824, 0.0131374419822047
825, 0.0125035075470805
826, 0.0117851760238409
827, 0.0127679333090782
828, 0.0151376950088888
829, 0.0143883852288127
830, 0.0144774343352765
831, 0.0155326633714139
832, 0.0135910024068185
833, 0.0136108662933111
834, 0.0136939112562686
835, 0.0142602470703423
836, 0.0138813078713914
837, 0.0346136881038547
838, 0.0153874388585488
839, 0.0145379526074976
840, 0.00965941130804519
841, 0.00730802735779434
842, 0.00947676249779761
843, 0.0126568701428672
844, 0.0132079548202455
845, 0.0139495558105409
846, 0.0154280098310361
847, 0.0165905641791012
848, 0.0193392668540279
849, 0.0253690923564136
850, 0.0124183518346399
851, 0.0230816847955187
852, 0.00451280754835655
853, 0.0070784897931541
854, 0.00703704458040496
855, 0.0067522736499086
856, 0.00620416904954861
857, 0.00561972548409055
858, 0.00517602835316211
859, 0.00548472115769982
860, 0.00512633829688032
861, 0.00485247470593701
862, 0.00465126929339021
863, 0.0045133838041996
864, 0.00441283061324308
865, 0.00435394134062032
866, 0.00433327839709818
867, 0.00433915931110581
868, 0.00435787513076017
869, 0.0111300169955939
870, 0.0116600019391626
871, 0.0121417862828821
872, 0.012528084218502
873, 0.0128046895066897
874, 0.0129900600295514
875, 0.0131476543998967
876, 0.013351780284817
877, 0.0137237929739058
878, 0.0143905903678387
879, 0.0151277410332114
880, 0.014993730156372
881, 0.0188070374230544
882, 0.0116578558615098
883, 0.0121590124132733
884, 0.0106097479971747
885, 0.0134133524261415
886, 0.0142886862934877
887, 0.015744788882633
888, 0.00693468365352601
889, 0.00477677665185183
890, 0.00727836415171623
891, 0.00720743458562841
892, 0.00717769171266506
893, 0.00504740164615214
894, 0.00635775042853008
895, 0.00667768825466434
896, 0.00600769211693356
897, 0.0056642700607578
898, 0.00723741560553511
899, 0.0059682340749229
900, 0.00458570402891686
901, 0.00483898418800284
902, 0.00452496697350095
903, 0.00580982499135037
904, 0.00761461393752446
905, 0.00662726288040479
906, 0.00922262839352091
907, 0.0112933421507478
908, 0.00506627660555144
909, 0.00538474426139146
910, 0.00468484646019836
911, 0.00453517927477757
912, 0.00453356983295331
913, 0.0106026150751859
914, 0.0124192658501367
915, 0.0141448405726502
916, 0.0135656024795026
917, 0.0097068566052864
918, 0.0101126052904874
919, 0.0119966289494187
920, 0.0129189118742943
921, 0.0127305613520245
922, 0.0130301738002648
923, 0.0131360913316409
924, 0.0132983550429344
925, 0.0139316743394981
926, 0.0128136389622731
927, 0.0120955929160118
928, 0.0111414017155766
929, 0.0100428278092295
930, 0.0145903852147361
931, 0.0161934127099812
932, 0.0189414066262543
933, 0.0127094013150781
934, 0.0220957036751012
935, 0.00681287162782003
936, 0.00534107384737581
937, 0.00614025304093957
938, 0.00577944618028899
939, 0.0064942252356559
940, 0.00831993545095126
941, 0.00793288283360501
942, 0.00765246280934662
943, 0.00707113867004712
944, 0.00457566204879965
945, 0.00717574505445858
946, 0.00999220406326155
947, 0.00835166537823776
948, 0.00506134936586022
949, 0.00566917774267495
950, 0.0053106756725659
951, 0.00489495294944694
952, 0.00615066410197566
953, 0.00479086329384397
954, 0.00475793315230736
955, 0.00473779533058405
956, 0.00639085110742599
957, 0.0115246595038722
958, 0.00940666759076218
959, 0.00910520685526232
960, 0.00921098499869307
961, 0.0105705279080818
962, 0.0131543503763775
963, 0.013101361769562
964, 0.013104043668136
965, 0.0130154516082257
966, 0.0130999311028669
967, 0.0127816619351506
968, 0.0132701027517517
969, 0.0133910401879499
970, 0.0132205515013387
971, 0.0110348085872829
972, 0.00763172882476023
973, 0.00484343443531543
974, 0.01151335456719
975, 0.0127524957836916
976, 0.0189771484583616
977, 0.0164557322859764
978, 0.010358931341519
979, 0.0135775631448875
980, 0.0109328848775476
981, 0.0211701832401256
982, 0.00512639782391489
983, 0.0070457273395732
984, 0.00669316563289613
985, 0.00632844469510019
986, 0.00595402830125143
987, 0.00848317282119145
988, 0.00917798420414329
989, 0.00543862689907352
990, 0.00736930112664898
991, 0.00470938766375184
992, 0.00495007131248713
993, 0.00765709256908546
994, 0.00881924433633685
995, 0.00649368891026825
996, 0.00558245290691654
997, 0.0109142430259713
998, 0.00597314160161962
999, 0.00680311664473265
1000, 0.00530600648683806
1001, 0.00501744049446036
1002, 0.00512917929639419
1003, 0.0101930918948104
1004, 0.0125307586044073
1005, 0.0124111598512779
1006, 0.0133388270623982
1007, 0.00907175689935684
1008, 0.00974617541457216
1009, 0.0129666952416301
1010, 0.0130651022773236
1011, 0.0133754833756636
1012, 0.0132056102932741
1013, 0.01230587833561
1014, 0.0127310978714377
1015, 0.0128802088244508
1016, 0.0114891945850104
1017, 0.0119706415571272
1018, 0.00993257931744059
1019, 0.00437173927202821
1020, 0.00968863455844777
1021, 0.0101599907890583
1022, 0.0127566565227296
1023, 0.0145329658407718
1024, 0.010182720143348
1025, 0.0136771030568828
1026, 0.0101962347514927
1027, 0.0113875488750637
1028, 0.0186681187090774
1029, 0.0199716521116594
1030, 0.010740361486872
1031, 0.0120441342393557
1032, 0.00524262684242179
1033, 0.0147652252732466
1034, 0.0049382655415684
1035, 0.00746929781356206
1036, 0.0206414700175325
1037, 0.0070234351636221
1038, 0.0065940231240044
1039, 0.00619798995709668
1040, 0.00974383127565185
1041, 0.00558549266618987
1042, 0.00794212139832477
1043, 0.010146909127278
1044, 0.00718997065753986
1045, 0.00629470850496242
1046, 0.00587976087505619
1047, 0.00810462418788423
1048, 0.0068417004076764
1049, 0.0105979704298079
1050, 0.00933480495586991
1051, 0.00528144926231887
1052, 0.00557293583794187
1053, 0.00537594256456941
1054, 0.0110391399357468
1055, 0.0132199155632406
1056, 0.0124384389103701
1057, 0.0133147862895081
1058, 0.0130214917007834
1059, 0.0127533301711082
1060, 0.0136105840404828
1061, 0.0124732478676985
1062, 0.0112612443044782
1063, 0.0121339186249922
1064, 0.0105148911742227
1065, 0.0106886647796879
1066, 0.0128726585923384
1067, 0.0148419766531636
1068, 0.0119891386323919
1069, 0.0193493605280916
1070, 0.0127784439828247
1071, 0.0165061186999083
1072, 0.00865066209807992
1073, 0.00541345371554295
1074, 0.00817028828896582
1075, 0.0197935734565059
1076, 0.0075638109119609
1077, 0.00700577224294345
1078, 0.00650654356771459
1079, 0.00579903624020517
1080, 0.00888035849978526
1081, 0.0108375564838449
1082, 0.00756015523802489
1083, 0.00662545479523639
1084, 0.0071962089665855
1085, 0.00848959052624802
1086, 0.00618849302797268
1087, 0.00963676193108161
1088, 0.00560882189311087
1089, 0.00583986546068142
1090, 0.01196726396059
1091, 0.0138014977953086
1092, 0.0129683637836327
1093, 0.0125531180916975
1094, 0.0134200877510011
1095, 0.0121335806325078
1096, 0.0111343882977962
1097, 0.0133832320570946
1098, 0.0114251055222537
1099, 0.0115099573352685
1100, 0.0137336082601299
1101, 0.0163832936280717
1102, 0.0128215777222067
1103, 0.0168230084702373
1104, 0.0112859626145413
1105, 0.0137332905239115
1106, 0.00917653429011504
1107, 0.01864610457172
1108, 0.0181079539470375
1109, 0.0187217822919289
1110, 0.00835816205168764
1111, 0.00567706515236447
1112, 0.00763458145471911
1113, 0.00697024799107264
1114, 0.00506913743447512
1115, 0.0101259368627022
1116, 0.0061059007809187
1117, 0.0112343053333461
1118, 0.0121147253084928
1119, 0.00793634001941731
1120, 0.00755030040939649
1121, 0.00695510817846904
1122, 0.00887326562466721
1123, 0.00649982807226479
1124, 0.00611812830902636
1125, 0.0129600987614443
1126, 0.0138938452582806
1127, 0.0123766683973372
1128, 0.0129072494649639
1129, 0.0118205970308433
1130, 0.0113216660916805
1131, 0.0119598107412457
1132, 0.0143091109736512
1133, 0.012455962675934
1134, 0.0142771827522665
1135, 0.00998952193185687
1136, 0.010983135458082
1137, 0.016187687870115
1138, 0.0137195814556132
1139, 0.017360631066064
1140, 0.0148280884604901
1141, 0.00940356807162364
1142, 0.0103947141518195
1143, 0.00849040465739866
1144, 0.00765278077839563
1145, 0.0175575242998699
1146, 0.0176372559120258
1147, 0.00645978571847081
1148, 0.0114771944160263
1149, 0.0124575515898565
1150, 0.00831496870766083
1151, 0.00788408638133357
1152, 0.0072949342817689
1153, 0.00923659574861328
1154, 0.00688386093159871
1155, 0.0139629868014405
1156, 0.0134972562858214
1157, 0.0115240640006959
1158, 0.0121823575658103
1159, 0.0106498705489295
1160, 0.0147816964114706
1161, 0.0136051034953977
1162, 0.0141541986571004
1163, 0.0143241429701447
1164, 0.0147176214959472
1165, 0.0164052471518517
1166, 0.010592403045545
1167, 0.0160871575741718
1168, 0.015895349594454
1169, 0.00959623038458327
1170, 0.00860277377068996
1171, 0.0116318087869634
1172, 0.0165084031565736
1173, 0.0126236109063029
1174, 0.0136145770084113
1175, 0.00866478813501696
1176, 0.00818880519364029
1177, 0.0102280199838181
1178, 0.00767667414620519
1179, 0.00952327391132712
1180, 0.0149568548270812
1181, 0.0128215177295109
1182, 0.0112474184328069
1183, 0.0135156935236106
1184, 0.0143494035582989
1185, 0.0128966119140387
1186, 0.0115766307339072
1187, 0.015571080846712
1188, 0.0107484280597419
1189, 0.016437076497823
1190, 0.00976065973130365
1191, 0.0117330967914313
1192, 0.0154722555695722
1193, 0.0131378028142665
1194, 0.0152022663969547
1195, 0.0137726602011493
1196, 0.0126751486677676
1197, 0.00890811416320503
1198, 0.0120107748856147
1199, 0.0154027968112912
1200, 0.00997478774349604
1201, 0.0127156991511583
1202, 0.0145314244553447
1203, 0.013461015963306
1204, 0.0106039065867662
1205, 0.0146008956556519
1206, 0.0117859068171432
1207, 0.0108683726284653
1208, 0.0147507688030601
1209, 0.0144748512345056
1210, 0.0127037782998135
1211, 0.0134770180098712
1212, 0.0145362637005746
1213, 0.0090368284843862
1214, 0.0117299337871373
1215, 0.011015973209093
1216, 0.0143352773040533
1217, 0.0118633133824915
1218, 0.0126754667144269
1219, 0.0126763405278325
1220, 0.00989073693441848
1221, 0.0137748569250107
1222, 0.0136141600087285
1223, 0.0150046371189611
1224, 0.0135551517984519
