1, 0.00912058516405523
2, 0.0669646696187556
3, 0.00635650882031769
4, 0.00970971817150712
5, 0.0148232015781105
6, 0.0176124610006809
7, 0.00481295678764582
8, 0.00678870250703767
9, 0.0676811775192618
10, 0.0102114097680897
11, 0.0413888785988092
12, 0.0203197039663792
13, 0.0101703593640455
14, 0.0116256096710761
15, 0.0127755825718244
16, 0.0138950974214822
17, 0.0183017677627504
18, 0.0325866794834534
19, 0.052402764869233
20, 0.0580980870872736
21, 0.0399851879725854
22, 0.0238131725539764
23, 0.0118635911494493
24, 0.00740285854165753
25, 0.00512051690990726
26, 0.00576233984126399
27, 0.00720236830723782
28, 0.00837161267797152
29, 0.00913475081324577
30, 0.00955259962938726
31, 0.00973214884288609
32, 0.00978183909319341
33, 0.00977649454337855
34, 0.00974907625156144
35, 0.00972928472661546
36, 0.00973848657061656
37, 0.00980735011398792
38, 0.00992222828790545
39, 0.0101019955861072
40, 0.0103378309868276
41, 0.010671379044652
42, 0.0111033534631133
43, 0.0116665776198109
44, 0.0123703501497706
45, 0.0132403002741436
46, 0.0142209162004292
47, 0.0145753057440743
48, 0.0152877996054788
49, 0.0168489253458877
50, 0.0207401153941949
51, 0.0268663614988327
52, 0.0327945215006669
53, 0.0356501030425231
54, 0.0334208877757192
55, 0.0260992891465624
56, 0.0174903104392191
57, 0.0124063117740055
58, 0.0110790754357974
59, 0.0101969658086697
60, 0.00993511243723333
61, 0.00953563209623098
62, 0.00990788297106822
63, 0.0105408049809436
64, 0.0112092123987774
65, 0.013168973227342
66, 0.0190132890517513
67, 0.0259141971667608
68, 0.0302565541739265
69, 0.0305945528671145
70, 0.0269082033385833
71, 0.0209796071673433
72, 0.0162820847084125
73, 0.0140348705463111
74, 0.012950939591974
75, 0.012202781625092
76, 0.011729639954865
77, 0.0115640982985497
78, 0.0118155106902122
79, 0.0127137526869774
80, 0.0151646958353619
81, 0.0151605631690472
82, 0.0134583339095116
83, 0.00907472909117738
84, 0.00736757235911985
85, 0.00655547878704965
86, 0.0060870258603245
87, 0.00578053869927923
88, 0.00554609407360355
89, 0.0053491205132256
90, 0.00518481029818455
91, 0.00504195760004222
92, 0.00490196623528997
93, 0.00496774153517825
94, 0.00528148903201024
95, 0.00564404417915891
96, 0.00604285901257147
97, 0.00651498740383734
98, 0.00704052167323728
99, 0.0076061103415365
100, 0.00818520939598481
101, 0.00875995719494919
102, 0.00927068968303502
103, 0.00965935147056977
104, 0.00984847693083187
105, 0.00971047246518234
106, 0.00915599032305181
107, 0.00815942033659667
108, 0.00688582782944043
109, 0.00602018945695211
110, 0.00865161574135224
111, 0.0134009540391465
112, 0.0262649497017264
113, 0.0421659251054128
114, 0.0595237147063017
115, 0.0541841490194201
116, 0.0344692336705824
117, 0.0197643081968029
118, 0.0150454074610025
119, 0.014224988874048
120, 0.0140784209749351
121, 0.0138261146688213
122, 0.013383868150413
123, 0.0128424589832624
124, 0.0122140471357852
125, 0.0114966458640993
126, 0.0107066851730148
127, 0.0106703955680132
128, 0.0108271452287833
129, 0.0111802831913034
130, 0.0116172252843777
131, 0.0121196134326359
132, 0.0126575652199487
133, 0.0132135972380638
134, 0.0140541819855571
135, 0.0175290927290916
136, 0.0236527565866709
137, 0.0299153778081139
138, 0.0345383137464523
139, 0.0371304408957561
140, 0.0373758445493877
141, 0.0356844340761503
142, 0.0266685131937265
143, 0.0193559362863501
144, 0.0154589439431826
145, 0.0139059249001245
146, 0.0127824968658388
147, 0.0118536581285298
148, 0.0111277520967027
149, 0.0106106215777496
150, 0.0102372185016672
151, 0.00998286530375481
152, 0.00982872784758607
153, 0.00975191748390595
154, 0.0097209628050526
155, 0.00970727391541004
156, 0.00751741874652604
157, 0.0126486642596622
158, 0.0242182863876224
159, 0.0405995938926935
160, 0.0591628681868315
161, 0.0590806907663743
162, 0.0417107821752628
163, 0.0263792322948575
164, 0.0138200940564275
165, 0.00880730315111578
166, 0.00478902546456084
167, 0.00470348284579813
168, 0.00469072737420599
169, 0.00471997361940642
170, 0.00479296944104135
171, 0.00490415204937259
172, 0.0050695746516188
173, 0.00528307848920425
174, 0.00556333968415856
175, 0.00592700756775836
176, 0.00639367243275046
177, 0.0070187661331147
178, 0.00793143253152569
179, 0.00948171007136504
180, 0.01482987718191
181, 0.0183953875675797
182, 0.0182220960656802
183, 0.0162920579314232
184, 0.0153655235966047
185, 0.0158403346625467
186, 0.0180027913302183
187, 0.0216319989413023
188, 0.0251675890758634
189, 0.0265334093322357
190, 0.0246371474737922
191, 0.0199672818804781
192, 0.0152123797064026
193, 0.0127452630549669
194, 0.0117532430837552
195, 0.0111884695167343
196, 0.0107355539997419
197, 0.0104174634131292
198, 0.0102167938215037
199, 0.0101362483886381
200, 0.0101360102804999
201, 0.0103828030405566
202, 0.00930863781832159
203, 0.0111775813469042
204, 0.0151144885458052
205, 0.0180574888363481
206, 0.0272889186938604
207, 0.027753298326085
208, 0.0434957227359215
209, 0.0585734229534864
210, 0.0085552943471287
211, 0.0420299100223929
212, 0.0097119427130868
213, 0.009587925625965
214, 0.00878608350952466
215, 0.00797593733295798
216, 0.00697545319174727
217, 0.00616196899985274
218, 0.0137091307745626
219, 0.0128297036668907
220, 0.0120386702474207
221, 0.0113879857429614
222, 0.0108721673022956
223, 0.010477663949132
224, 0.0101939057155202
225, 0.00998892573018869
226, 0.0098500467526416
227, 0.00977311686923107
228, 0.0115519785322249
229, 0.0131320782626669
230, 0.0178200036752969
231, 0.0258352205467721
232, 0.0328767161505918
233, 0.0351401235287388
234, 0.032297776080668
235, 0.0263570394987861
236, 0.0202854311404129
237, 0.0163350334235777
238, 0.0147603183674316
239, 0.00975756052260598
240, 0.00884060227933029
241, 0.00898291509864586
242, 0.00975992460735142
243, 0.00851589569356292
244, 0.00961778708733618
245, 0.00975392023101449
246, 0.00918024925825497
247, 0.00944920543891688
248, 0.0098846770512561
249, 0.0111354410958787
250, 0.0117710651829839
251, 0.0102857767293851
252, 0.0100419537629932
253, 0.0125019773840904
254, 0.0106452726759017
255, 0.0140861103621622
256, 0.0380016636724273
257, 0.0295786516120036
258, 0.00599970929324627
259, 0.0107175608165562
260, 0.0342134889215231
261, 0.0238806454775234
262, 0.014750503624479
263, 0.0182209049041073
264, 0.013888818755125
265, 0.0284897931851447
266, 0.030179843151321
267, 0.020519419418027
268, 0.0338730874160926
269, 0.0150274860983094
270, 0.0134849063386875
271, 0.0097875438763627
272, 0.0126116469369403
273, 0.00976191166167458
274, 0.0101861171424389
275, 0.00956871275169154
276, 0.00958385202102363
277, 0.00946206009636323
278, 0.00943271474291881
279, 0.00970852569056054
280, 0.00989703523615996
281, 0.0100922999748339
282, 0.0104176620952785
283, 0.0108927903541674
284, 0.0115260501236965
285, 0.0123114013889184
286, 0.0125357134578129
287, 0.020389262586832
288, 0.0350967111686865
289, 0.0332443760707974
290, 0.0316789400142928
291, 0.0277779338260492
292, 0.0213228108671804
293, 0.0243565063657505
294, 0.0140080476800601
295, 0.016422433545813
296, 0.0130966587125191
297, 0.0143718988634646
298, 0.00976518441789917
299, 0.00985014617132644
300, 0.00968583603389561
301, 0.0102792203736802
302, 0.011036397734036
303, 0.00967588190299769
304, 0.0106538949379077
305, 0.0101865748098741
306, 0.0112993539466212
307, 0.00990687031298876
308, 0.0120723268482834
309, 0.00980446534231305
310, 0.0150717923728128
311, 0.0129977732896805
312, 0.0321284194166462
313, 0.0163161071017385
314, 0.0132338625068466
315, 0.025541467902561
316, 0.036062704709669
317, 0.0127608084119856
318, 0.0189411675091833
319, 0.0322351516224444
320, 0.0148442413968345
321, 0.0346600122749805
322, 0.0381099848697583
323, 0.0201839442985753
324, 0.0125096546086882
325, 0.0226446432061493
326, 0.00976736731827259
327, 0.0102095107015755
328, 0.0108062443323433
329, 0.011744084302336
330, 0.0104230461486926
331, 0.0110386630985886
332, 0.00995164464360901
333, 0.0119833969511092
334, 0.00970496896964808
335, 0.0121539847459644
336, 0.0380496457219124
337, 0.0170769121032208
338, 0.023448053902636
339, 0.0124688967286299
340, 0.0308362104309102
341, 0.0135274951656659
342, 0.036260578249182
343, 0.037178260460496
344, 0.0296352550697823
345, 0.0344496183097363
346, 0.0337344279202322
347, 0.0115217468701303
348, 0.0122255305759609
349, 0.0112015226234992
350, 0.0102248208907743
351, 0.0108871480139593
352, 0.0134759367598842
353, 0.0260176468640566
354, 0.0156195389572531
355, 0.0127407334900151
356, 0.0116264844047172
357, 0.0212683312905331
358, 0.0288085793145001
359, 0.0271427691914141
360, 0.010703160148114
361, 0.0145041968983909
362, 0.0177639926384602
363, 0.0343602733686566
364, 0.0195189750132461
365, 0.00986452288925648
366, 0.0112470106687397
367, 0.0297280804564555
368, 0.00645413113913188
369, 0.017169538885355
370, 0.0254665069902937
371, 0.0428323833537953
372, 0.0117909734447797
373, 0.00600214900138478
374, 0.0119265340423832
375, 0.00750400758503626
376, 0.0137984781370809
377, 0.00910922031228741
378, 0.00974734763925274
379, 0.0299262256982426
380, 0.0257608344157537
381, 0.0192415547401955
382, 0.0141599206253886
383, 0.0120408360380679
384, 0.0112113375992825
385, 0.0104845583749314
386, 0.00511396012734622
387, 0.00560530123766512
388, 0.0059347361093387
389, 0.00626643599631886
390, 0.00673508760519326
391, 0.00748600674948345
392, 0.00887046389592191
393, 0.0112787502196928
394, 0.00696484360378236
395, 0.0123120370941857
396, 0.0129079644878705
397, 0.00806001961852113
398, 0.0086096142573903
399, 0.0160700308624655
400, 0.0207748642812173
401, 0.00950370403006673
402, 0.0265625361353159
403, 0.0302097452804446
404, 0.00977083194690446
405, 0.00948180917960902
406, 0.00884278786058227
407, 0.00997952845258017
408, 0.00790631918547054
409, 0.00711119318536172
410, 0.00744811856808762
411, 0.0579425457865
412, 0.0176187613313752
413, 0.0410338134194414
414, 0.00567827722989023
415, 0.0093874546388785
416, 0.00811823337183644
417, 0.00546284602023661
418, 0.00674980979723235
419, 0.00527906507098426
420, 0.00730796779195468
421, 0.0120000467480471
422, 0.0132886198504517
423, 0.022147718584165
424, 0.0302756483045717
425, 0.0126284780756881
426, 0.0121046328761925
427, 0.0124990564460556
428, 0.0148635730147362
429, 0.018893086273844
430, 0.029240653074036
431, 0.0118940299532066
432, 0.0136519298733523
433, 0.0119100039203962
434, 0.0131868148067345
435, 0.0247344820139309
436, 0.0144572759978473
437, 0.0277091908889512
438, 0.016460402092586
439, 0.0139584967400879
440, 0.012455624450619
441, 0.0262613936016957
442, 0.0112798234447837
443, 0.00977111025713384
444, 0.00643277284689248
445, 0.00802095866917322
446, 0.00938793186408778
447, 0.0074870598812898
448, 0.00964804684432844
449, 0.00974226153145234
450, 0.00597238641542693
451, 0.0069534790624554
452, 0.00901117074924211
453, 0.00854077104789515
454, 0.0095635075122118
455, 0.00926929890799026
456, 0.0120116151603205
457, 0.0123367845080793
458, 0.0340800861428891
459, 0.00602217620083441
460, 0.00871062406804413
461, 0.00782289200772842
462, 0.0100323969963938
463, 0.00634195512005438
464, 0.0121069375115136
465, 0.0128995797907313
466, 0.0126574460106591
467, 0.0186349187667171
468, 0.0121045531705022
469, 0.0116943541603784
470, 0.0117856684761743
471, 0.0138164387705425
472, 0.0282309505467614
473, 0.0308189845333497
474, 0.0252293387117485
475, 0.0228558615781367
476, 0.0171829295965532
477, 0.0117593631148338
478, 0.0299318089770774
479, 0.012502036911125
480, 0.0145259918645024
481, 0.0187935266488542
482, 0.00554108712822199
483, 0.00958550147091349
484, 0.00807674826743702
485, 0.00934519510095318
486, 0.00858076537648837
487, 0.00901180653211971
488, 0.00754662475083023
489, 0.00974724837578833
490, 0.00986854382790625
491, 0.0069859039504081
492, 0.0100015418914457
493, 0.010197740746662
494, 0.00643549483114233
495, 0.00904007939000924
496, 0.00575568371762832
497, 0.0247044605202973
498, 0.0330018552818469
499, 0.0121566087473184
500, 0.00638912518375686
501, 0.00673365697730333
502, 0.0103512421871225
503, 0.00916562601923943
504, 0.01148228822276
505, 0.00719481815273563
506, 0.0279533709399402
507, 0.0121181234717369
508, 0.0129901790836205
509, 0.0318645297860106
510, 0.0121967218195399
511, 0.0113678992105027
512, 0.0157261518761516
513, 0.0116641541632513
514, 0.0114164372595648
515, 0.0119007848469274
516, 0.0211891760118306
517, 0.0313720358535647
518, 0.01146010751836
519, 0.0274576190859079
520, 0.011945488397032
521, 0.0144589926116168
522, 0.0208374643698335
523, 0.0282892438893517
524, 0.00597610571421683
525, 0.0102283377976467
526, 0.00992945985247692
527, 0.00974778512803217
528, 0.01072913617827
529, 0.0087341481509308
530, 0.00822661471708367
531, 0.00914069164233903
532, 0.0094129458690683
533, 0.00960344231377045
534, 0.00767000652073572
535, 0.00702893850393593
536, 0.00927575673752775
537, 0.0105828465893865
538, 0.00527036283165216
539, 0.00708968751132488
540, 0.0075673673224325
541, 0.0106743590773216
542, 0.00825343649679174
543, 0.0116457766077171
544, 0.0123670722047488
545, 0.011230908256645
546, 0.0334273967891932
547, 0.0117150564522793
548, 0.0110246161154161
549, 0.0109966020099819
550, 0.014621518785134
551, 0.0110716440249234
552, 0.0315813678316772
553, 0.0199383722307781
554, 0.0267513639604052
555, 0.0116277358029038
556, 0.0303221523761749
557, 0.0103335398404549
558, 0.0109270634905746
559, 0.00998685928061604
560, 0.00982109899632633
561, 0.00971991033293307
562, 0.00959927014385661
563, 0.00898999154257278
564, 0.00938999815843999
565, 0.00845533780132731
566, 0.0114831153769046
567, 0.00785461643577686
568, 0.0342264625554283
569, 0.00856077818510433
570, 0.00939281936734915
571, 0.011283022351563
572, 0.0108516036998481
573, 0.0115947739221156
574, 0.0120175504901757
575, 0.010647875101616
576, 0.0106113373767585
577, 0.0106779952378323
578, 0.0310645388439298
579, 0.0111881312914193
580, 0.0139891527748356
581, 0.0259525226429105
582, 0.0111779586101572
583, 0.0189930241710196
584, 0.0109855953293542
585, 0.0104201654127489
586, 0.0101094859031339
587, 0.0117827877402306
588, 0.00998989903988937
589, 0.00995052031551798
590, 0.00990810144382218
591, 0.00974043381089965
592, 0.00930641250063976
593, 0.0125413818417915
594, 0.034123506086568
595, 0.0347254145890474
596, 0.0105796077599128
597, 0.0110811219395449
598, 0.0103310363677641
599, 0.0102619941656788
600, 0.0118641677933435
601, 0.010284783396249
602, 0.0106496826435129
603, 0.0253493998731886
604, 0.0135636358366658
605, 0.0107374603394419
606, 0.0181092059550186
607, 0.00870196968317032
608, 0.0117790326476097
609, 0.0131062293269982
610, 0.0102978564488391
611, 0.0101544079370797
612, 0.0096233928842204
613, 0.0104127185419202
614, 0.0324071897193789
615, 0.013054909883067
616, 0.0166138204745948
617, 0.0191266573300319
618, 0.0280576489333596
619, 0.0177884528723856
620, 0.010799029096961
621, 0.0230648259166628
622, 0.0367610231041908
623, 0.0112868770180891
624, 0.0119637078605592
625, 0.0144209095742553
626, 0.0284863367366294
627, 0.0434157730390628
628, 0.0126013185363263
629, 0.013173066234837
630, 0.013667447026819
631, 0.014064354589209
632, 0.0194348132548233
633, 0.0155262975022197
634, 0.00904220521139602
635, 0.00623208412434906
636, 0.00982268845352034
637, 0.00975374559250971
638, 0.00951846626897653
639, 0.00826231793810924
640, 0.00719851410637299
641, 0.0058737528976053
642, 0.0282816151157022
643, 0.0429950529443366
644, 0.00941093472647481
645, 0.0168588989569495
646, 0.00971880136057734
647, 0.0097421621127675
648, 0.00992107546577851
649, 0.0101290561724454
650, 0.0104514776418606
651, 0.0109157380647957
652, 0.0115437925948451
653, 0.0123858076985925
654, 0.0134154382006576
655, 0.0148717189052453
656, 0.0178923236671835
657, 0.0235523019606868
658, 0.0307064501879116
659, 0.0230844663456082
660, 0.017290098592639
661, 0.014165344570453
662, 0.0132444923122724
663, 0.0126992885489017
664, 0.0121759398219486
665, 0.0117180168163031
666, 0.0113447523520639
667, 0.0589562550187111
668, 0.0296998273891707
669, 0.0168540510348976
670, 0.0364023162318127
671, 0.0148102473467588
672, 0.0135870402834068
673, 0.0124336305695275
674, 0.0130198822977642
675, 0.01409962028265
676, 0.0217946210565666
677, 0.00981174075665573
678, 0.00933806303267678
679, 0.00882170772335182
680, 0.00972626754082739
681, 0.00976971948208908
682, 0.00900022375086943
683, 0.00988245204401513
684, 0.00963324486898879
685, 0.00981364833811919
686, 0.0098019257808725
687, 0.0227648657746613
688, 0.0146207235132655
689, 0.0131462237332016
690, 0.0121825754176825
691, 0.0114228547705958
692, 0.00975886559379952
693, 0.0100920813468595
694, 0.0103846408892423
695, 0.0108323313761503
696, 0.0178969927753011
697, 0.0290226583989958
698, 0.0327277233203252
699, 0.0185305506456643
700, 0.013530395925045
701, 0.012921633819739
702, 0.0120272658920536
703, 0.0148521888380249
704, 0.0243674363009632
705, 0.0341216372326016
706, 0.034639960154891
707, 0.0124281668104231
708, 0.0117535274475813
709, 0.0291709770847644
710, 0.0183255908389886
711, 0.0317498105578125
712, 0.0242476899487277
713, 0.0153159129743775
714, 0.0135609734958659
715, 0.0142032135433207
716, 0.0129093550300846
717, 0.0368209341540933
718, 0.0100681400702645
719, 0.0100177346418301
720, 0.010124605614692
721, 0.0102732800878584
722, 0.0098677691227446
723, 0.00991463839697341
724, 0.0183826914678017
725, 0.023557846279194
726, 0.0147251309050868
727, 0.0108235101215541
728, 0.0131054144197454
729, 0.011422656243667
730, 0.0121611976840844
731, 0.0103765544481575
732, 0.0098072305166473
733, 0.0295565378231307
734, 0.0314513688596586
735, 0.0201905204448849
736, 0.0158072538518657
737, 0.0260394465488692
738, 0.0132011796037356
739, 0.0138805930037051
740, 0.0128213190473616
741, 0.0320305476586024
742, 0.0110589045099914
743, 0.0106709622001896
744, 0.0367377468695243
745, 0.0263924049213529
746, 0.0199975809082389
747, 0.0135949677787721
748, 0.033160215554138
749, 0.0161497223501404
750, 0.0144548640431215
751, 0.0103724023016791
752, 0.0111267986552169
753, 0.0106807570749273
754, 0.00981728406623006
755, 0.00997203766989211
756, 0.0118985002239545
757, 0.0123638176359236
758, 0.00981881814077496
759, 0.0101043201672534
760, 0.0122522336896509
761, 0.0114895723139246
762, 0.0244539425087472
763, 0.0193530952868362
764, 0.0151503707747906
765, 0.0132562541402876
766, 0.0108665248844773
767, 0.0303105769368509
768, 0.0274055296555161
769, 0.0278486643607418
770, 0.0143687750678509
771, 0.0293433881763901
772, 0.0220811396526794
773, 0.0169563918219258
774, 0.0135579613037407
775, 0.0315773544522623
776, 0.00993255386129022
777, 0.0113832975737751
778, 0.0230687106959522
779, 0.0330418232562287
780, 0.00989167074051996
781, 0.0126827384034793
782, 0.0282554280323287
783, 0.0358226771155993
784, 0.0338171385228634
785, 0.0220216745510697
786, 0.0175186622266968
787, 0.0116888706882795
788, 0.011131084457572
789, 0.0359984496608377
790, 0.0102000455372036
791, 0.0134928058056782
792, 0.0104077874372403
793, 0.0312024407709638
794, 0.012392642442137
795, 0.0157877035283794
796, 0.0135373495674382
797, 0.0202421975942949
798, 0.0265986967299666
799, 0.0115922313804428
800, 0.0295295154986282
801, 0.0181757838775714
802, 0.0150033264154834
803, 0.0239664949476719
804, 0.0294191878288984
805, 0.0101372499018908
806, 0.031262443245699
807, 0.0154040087169657
808, 0.0100603914664437
809, 0.013195775449276
810, 0.0339779906595747
811, 0.0299494112841785
812, 0.0346213225275278
813, 0.0241522632228831
814, 0.0120633863843977
815, 0.0148158899974078
816, 0.0105818771757185
817, 0.0334868688757221
818, 0.0199403456811394
819, 0.0109560508280993
820, 0.0318999324614803
821, 0.0220022437473138
822, 0.016965630153815
823, 0.0140771294633547
824, 0.0126291140913963
825, 0.0264208363369107
826, 0.0310394414700568
827, 0.0260931985186679
828, 0.0104393299802073
829, 0.0139119821334524
830, 0.0338913059482972
831, 0.0334399205942949
832, 0.0313145173713565
833, 0.0110669954835127
834, 0.0156690704946717
835, 0.0313252652995288
836, 0.028888628197213
837, 0.0117825887476405
838, 0.0323973145956794
839, 0.030727331371357
840, 0.0237275001903375
841, 0.0183060984127223
842, 0.0294604850932956
843, 0.0147970940452069
844, 0.0194449219852686
845, 0.0319691364032527
846, 0.0335063387950261
847, 0.0120053909874211
848, 0.0168877874190609
849, 0.026544753772517
850, 0.0297798352936904
851, 0.0130462470309188
852, 0.032651191045131
853, 0.0261529721319675
854, 0.0302945422008634
855, 0.0187838340178132
856, 0.0322757290676236
857, 0.0193367757834494
858, 0.022877663107855
859, 0.0191981232880304
860, 0.0274879784944157
861, 0.0163652728466938
862, 0.031457001157105
863, 0.0227371741086245
864, 0.0245021448603698
865, 0.0382505706511438
866, 0.00983596003303925
867, 0.0110684654209763
868, 0.0144452679281433
869, 0.0175030649794887
870, 0.0152775079477578
871, 0.0185211139420668
872, 0.0285893728335698
873, 0.0274602030403912
874, 0.043873536400497
875, 0.0597300868481398
876, 0.0108117475562418
877, 0.041810087277554
878, 0.0049902805670475
879, 0.00533362322797378
880, 0.00571197364479303
881, 0.00614144517264018
882, 0.00664367383190741
883, 0.00719861321461697
884, 0.00778512322964768
885, 0.00839221656012038
886, 0.00897876584591965
887, 0.00948256401655575
888, 0.00994436078084012
889, 0.00971180363558233
890, 0.009105843026191
891, 0.0081907125422731
892, 0.00732779615403463
893, 0.00559278449509293
894, 0.00531190726906061
895, 0.00509462858705471
896, 0.00493826585200926
897, 0.00484454732698699
898, 0.00479851251778503
899, 0.00479666473499189
900, 0.0108569679626574
901, 0.0111840587730209
902, 0.0116505646922936
903, 0.0122037751910587
904, 0.0132512669855108
905, 0.0157345558982342
906, 0.019935690642645
907, 0.0243003016027311
908, 0.0262212599627674
909, 0.0249604230436186
910, 0.0214898814447224
911, 0.0179040258129438
912, 0.0157644579497476
913, 0.0152053462807089
914, 0.0156896341747294
915, 0.0164902832669516
916, 0.0160390567810585
917, 0.0362344045812885
918, 0.0164832704079648
919, 0.0282157709201177
920, 0.0136800831339012
921, 0.0141071700491011
922, 0.0125318193652978
923, 0.0206776896181206
924, 0.0106685574476918
925, 0.0123874171016117
926, 0.0105746049433947
927, 0.0251739670832952
928, 0.0106071452610195
929, 0.0144108161330223
930, 0.0258587448236843
931, 0.0218236489842335
932, 0.0201237636307875
933, 0.0175071196475377
934, 0.0238071127484242
935, 0.0130196237005293
936, 0.0168285594166567
937, 0.0150909851460407
938, 0.014874341742446
939, 0.0151961673206339
940, 0.0118932350693891
941, 0.0152628450499227
942, 0.0100513512734324
943, 0.0101668253385772
944, 0.00866933826667567
945, 0.0068385413615033
946, 0.00924770184792578
947, 0.0100697696519395
948, 0.0098178400658071
949, 0.00965082765712092
950, 0.00630011258181185
951, 0.00583136182588836
952, 0.00542952698500206
953, 0.00972807523794472
954, 0.00804128427989781
955, 0.00742340231469522
956, 0.00748777521463732
957, 0.00597538670990616
958, 0.00714604207314551
959, 0.00647239022267361
960, 0.00579659260498981
961, 0.00548037001863122
962, 0.00525089213624597
963, 0.00510952970944345
964, 0.00503883848432451
965, 0.00501503636284421
966, 0.0081848914657409
967, 0.00989387611237665
968, 0.0119534992612898
969, 0.0118142389692366
970, 0.0137901163793036
971, 0.0113654836480107
972, 0.0141447810456157
973, 0.0131557409962018
974, 0.0229664482176304
975, 0.0304070360337694
976, 0.0148437254441281
977, 0.0134431153535843
978, 0.0115433554941167
979, 0.0256254326862593
980, 0.0225062610891958
981, 0.0262935413047671
982, 0.023836121118317
983, 0.0195546388470878
984, 0.015841864903147
985, 0.0130770830437541
986, 0.0185950032124917
987, 0.013772847984607
988, 0.0157760013826191
989, 0.014588001028945
990, 0.0143888619883607
991, 0.0144026110259195
992, 0.0141710667715718
993, 0.0113645612727851
994, 0.00901164758640031
995, 0.00958675285801291
996, 0.0100682789149384
997, 0.00837729529788097
998, 0.0114335832962145
999, 0.011017165457209
1000, 0.0107261355345448
1001, 0.010430993589883
1002, 0.00772762449923903
1003, 0.0060227126814425
1004, 0.00653610727749765
1005, 0.00710864993743598
1006, 0.00557601556647569
1007, 0.00506622537172266
1008, 0.00623432934905092
1009, 0.00764183350838721
1010, 0.0107117515678207
1011, 0.00888753111939877
1012, 0.00601816297663997
1013, 0.00569305933701495
1014, 0.00547192587206761
1015, 0.0053467561956495
1016, 0.00533519582157688
1017, 0.00683158775791526
1018, 0.0122457963880152
1019, 0.0115940083882638
1020, 0.0152544010585795
1021, 0.0316994045861065
1022, 0.0135925042753418
1023, 0.0177794727496803
1024, 0.036307320309182
1025, 0.0125662114781638
1026, 0.0171878166341533
1027, 0.0137410385068506
1028, 0.013522885972634
1029, 0.0146441489147643
1030, 0.014738264416034
1031, 0.0139476879655073
1032, 0.0130563603403668
1033, 0.0257976896439989
1034, 0.0254493998363614
1035, 0.0272299697001775
1036, 0.0214041117578745
1037, 0.021874174165229
1038, 0.0174917816184461
1039, 0.0121749268534283
1040, 0.0129516747159263
1041, 0.00812741268115739
1042, 0.00746468854291985
1043, 0.00578274434277167
1044, 0.0100453511501352
1045, 0.0105781374343981
1046, 0.00480871279723942
1047, 0.00880317064002156
1048, 0.00945095391944051
1049, 0.0125068251509219
1050, 0.0110944528132677
1051, 0.0117097316930691
1052, 0.0062888473039493
1053, 0.00684259447734803
1054, 0.0125080763828009
1055, 0.00524690244346857
1056, 0.0119408627972007
1057, 0.00649486117375394
1058, 0.00927368986109892
1059, 0.00628252956084907
1060, 0.00562412831932306
1061, 0.005967439385131
1062, 0.00575008088101943
1063, 0.00805020483676344
1064, 0.00715881733534237
1065, 0.0127532166162772
1066, 0.0135758147419741
1067, 0.0192171564946572
1068, 0.0142616854670147
1069, 0.024856133852154
1070, 0.0361364937076966
1071, 0.0117937180745815
1072, 0.0139200714572022
1073, 0.0132947788418581
1074, 0.0127204280191412
1075, 0.0161661733097086
1076, 0.0130404256439457
1077, 0.0137916433935364
1078, 0.0204120518950125
1079, 0.025048658096542
1080, 0.0279002243963381
1081, 0.0194794969478001
1082, 0.0275913337245584
1083, 0.0242604461188118
1084, 0.0131466616100321
1085, 0.00863947618442277
1086, 0.00793882358508805
1087, 0.00726952310651541
1088, 0.0106740811218818
1089, 0.0113229574635625
1090, 0.00934624842678507
1091, 0.0100231984009345
1092, 0.00609668756702117
1093, 0.00665181980002671
1094, 0.0120433988825729
1095, 0.0129949871140222
1096, 0.0141668342209111
1097, 0.0342358401976526
1098, 0.00676022120751441
1099, 0.00974526209756732
1100, 0.00660928226231287
1101, 0.0084312972612679
1102, 0.00628040350663165
1103, 0.00746552320197225
1104, 0.0111284515820444
1105, 0.0264708053631087
1106, 0.0144450489121179
1107, 0.0350741023818652
1108, 0.0340582183562219
1109, 0.0159859486545126
1110, 0.0322096804156899
1111, 0.0134417042136192
1112, 0.0127785825946679
1113, 0.0114592809230089
1114, 0.0123930004580567
1115, 0.0119595349145432
1116, 0.0153992003761232
1117, 0.0193931294294695
1118, 0.0244067550326387
1119, 0.0157950353653481
1120, 0.0282351630739868
1121, 0.0267081103908519
1122, 0.0146059166373951
1123, 0.0290892774549623
1124, 0.00854249966020385
1125, 0.00782112459031244
1126, 0.0092942730213205
1127, 0.0114884995079289
1128, 0.010031304632624
1129, 0.00714222729826967
1130, 0.0107508719277879
1131, 0.0122688040137291
1132, 0.0133031431275109
1133, 0.0151581394020468
1134, 0.017088952784737
1135, 0.00656335456296802
1136, 0.00708307966124266
1137, 0.00997491887149712
1138, 0.00701652390749327
1139, 0.00874624851470192
1140, 0.00776632793713361
1141, 0.0286492553229133
1142, 0.0168604884917537
1143, 0.0321076762241622
1144, 0.0335894677167137
1145, 0.0207774879721304
1146, 0.0123891856055707
1147, 0.0131181106747439
1148, 0.0117956423976769
1149, 0.0326720533582071
1150, 0.0103466357769711
1151, 0.0112527034555872
1152, 0.0147483174999555
1153, 0.0183447229986389
1154, 0.00852273078635335
1155, 0.00931378360837698
1156, 0.0217040819115937
1157, 0.0234881886281073
1158, 0.0170875106938183
1159, 0.0281669551817079
1160, 0.0302819663969179
1161, 0.00775079087664684
1162, 0.0100854054714243
1163, 0.0116216361833115
1164, 0.0108440934369961
1165, 0.0124496439627061
1166, 0.0137228389891485
1167, 0.0158917534475525
1168, 0.0184806418449928
1169, 0.00747275507698456
1170, 0.00894286398154994
1171, 0.0081115181868275
1172, 0.0136162304319441
1173, 0.0282838192457954
1174, 0.0320477338197331
1175, 0.0276318125426769
1176, 0.0120354123258342
1177, 0.0113328717804203
1178, 0.0127608800927798
1179, 0.0106441001407802
1180, 0.00945667581011852
1181, 0.0303275245241821
1182, 0.0140476249313603
1183, 0.0102419074779997
1184, 0.0171260269513975
1185, 0.0289647835306823
1186, 0.0117841782048345
1187, 0.0110076684504747
1188, 0.0126429820278039
1189, 0.0221244941155116
1190, 0.0275190724059939
1191, 0.0142000537210455
1192, 0.0166697922007491
1193, 0.0199501158980032
1194, 0.0231209631698827
1195, 0.00936939513000349
1196, 0.00863436449851309
1197, 0.00858471946169933
1198, 0.00777831212617457
1199, 0.0100869197398424
1200, 0.0262154193284611
1201, 0.00968784256838262
1202, 0.0108981550826381
1203, 0.0116507039250185
1204, 0.0313183121117098
1205, 0.0100803592552741
1206, 0.0105147577511768
1207, 0.0123674493903915
1208, 0.0282663155036668
1209, 0.0112822273125251
1210, 0.0133916756603867
1211, 0.023428206465074
1212, 0.0129412829410285
1213, 0.0120283779688179
1214, 0.0311264457801978
1215, 0.0159311322495341
1216, 0.0149857227224857
1217, 0.0204368472720186
1218, 0.0175967445441832
1219, 0.0223301520038928
1220, 0.0232850832864642
1221, 0.0254068938749177
1222, 0.0262979719166954
1223, 0.018907510365049
1224, 0.02163000497967
1225, 0.0309854805469513
1226, 0.0280506184324622
1227, 0.00998753460589796
1228, 0.0218244826288096
1229, 0.0145281373988837
