1, 0.00963318534195423
2, 0.0376241570338607
3, 0.00563755712937564
4, 0.0133975767530501
5, 0.014336469117552
6, 0.0533986147493124
7, 0.00510561559349298
8, 0.00555831321980804
9, 0.0394095866940916
10, 0.0138072993140668
11, 0.0100722322240472
12, 0.0596853643655777
13, 0.0102413017302752
14, 0.011020404053852
15, 0.0116308155314376
16, 0.0122368956605593
17, 0.0127966625926395
18, 0.0133047525305301
19, 0.0138328497608503
20, 0.0147800672178467
21, 0.0180419915510962
22, 0.0272355324899157
23, 0.0340399400641521
24, 0.0225627850741148
25, 0.0129651248765488
26, 0.0076315812766552
27, 0.00575687584932894
28, 0.00827348371967673
29, 0.0104973333266874
30, 0.0119476337761929
31, 0.0127861126481245
32, 0.013224022986833
33, 0.0130940695914129
34, 0.0125869537393252
35, 0.012135071059068
36, 0.0118454319114486
37, 0.0118383985633651
38, 0.0121245011687279
39, 0.0126322931610048
40, 0.0133709134534001
41, 0.0144182075746357
42, 0.0153758951152364
43, 0.0156971237932642
44, 0.0154731691194077
45, 0.0148063923697919
46, 0.0144837323265771
47, 0.0141683445932964
48, 0.0134754207295676
49, 0.0126540289881329
50, 0.011858068096141
51, 0.0111798063541452
52, 0.0106383582266668
53, 0.0102386100528141
54, 0.00996295797328154
55, 0.0098504244039456
56, 0.00995799091955026
57, 0.0101336653654774
58, 0.0104140460801621
59, 0.0108531736768782
60, 0.0114332459246119
61, 0.0121459988877177
62, 0.0129969936485092
63, 0.014096421500047
64, 0.0159420594573021
65, 0.0176494944219788
66, 0.0179773590837916
67, 0.0173960560932755
68, 0.0177706123019258
69, 0.0198745758583148
70, 0.032470767153427
71, 0.0346764773130417
72, 0.0167731073064109
73, 0.0117555876883368
74, 0.00970808835700154
75, 0.00845225822801391
76, 0.00758270539032916
77, 0.00692455113554994
78, 0.00642248111156126
79, 0.00603858722994725
80, 0.00575296153935293
81, 0.00553047734623154
82, 0.00536000798456371
83, 0.00520777787702779
84, 0.00527428174973466
85, 0.00562743427387128
86, 0.00601110948870579
87, 0.00645035606188079
88, 0.00691501412075013
89, 0.00738851361287137
90, 0.0078363234254842
91, 0.00822868120546142
92, 0.00846839098570248
93, 0.00842257488208512
94, 0.00789255062894275
95, 0.00668972862573961
96, 0.00521284438824902
97, 0.00814382452517748
98, 0.0139933062406878
99, 0.024577463666598
100, 0.0360354650765657
101, 0.0295221872317294
102, 0.0200398399805029
103, 0.0160392153387268
104, 0.0149364102010926
105, 0.0146649507805705
106, 0.0145747889764607
107, 0.0145048329140991
108, 0.0144124852959067
109, 0.0142893217659245
110, 0.0141311909537762
111, 0.0139754437065373
112, 0.0138682545317958
113, 0.0138511483867963
114, 0.0139787620864809
115, 0.0142662750246624
116, 0.0146158765225361
117, 0.0148642288210491
118, 0.0148207574772338
119, 0.0145276018107931
120, 0.014064757352961
121, 0.0135390783349673
122, 0.012902182371666
123, 0.0122345314982037
124, 0.0116520348625878
125, 0.0111699923872948
126, 0.0108038998829822
127, 0.0105826075499256
128, 0.0104838626769682
129, 0.0104058999568224
130, 0.0109334610169753
131, 0.0120621545550724
132, 0.012974780673782
133, 0.0139425224624574
134, 0.0148884082833926
135, 0.0158382286317647
136, 0.0170609190439184
137, 0.0189268616959453
138, 0.0216456297785044
139, 0.0251760532458623
140, 0.0289871736119191
141, 0.0320494628200928
142, 0.0331556871533394
143, 0.031441536732018
144, 0.0270335332800945
145, 0.0213408507406712
146, 0.0165621467555563
147, 0.0143700467112164
148, 0.0139350914396346
149, 0.0138020934537053
150, 0.0137520257073144
151, 0.0136905537607769
152, 0.0135346674360335
153, 0.00901472739254435
154, 0.0166268378185729
155, 0.0287305169428388
156, 0.0403296624620756
157, 0.0323374721532067
158, 0.0208956437806288
159, 0.0122787971049547
160, 0.00742371993449827
161, 0.00507736299186945
162, 0.00502650012883047
163, 0.004975200475504
164, 0.00494412666497131
165, 0.00493431199962894
166, 0.00495068325350682
167, 0.00499141301649312
168, 0.00504430228223403
169, 0.00513323248984913
170, 0.00527405855245888
171, 0.00546002496654789
172, 0.00569899970044692
173, 0.00600202986970544
174, 0.00635711491728822
175, 0.00677009586555262
176, 0.00724860172097882
177, 0.00779720287149151
178, 0.00844927799577514
179, 0.00925771612673998
180, 0.0102831544354558
181, 0.0115923904813826
182, 0.0150926543089251
183, 0.0360187678597867
184, 0.0370951984077692
185, 0.0181113515670101
186, 0.0136127099394798
187, 0.0131278461776674
188, 0.0131615426701804
189, 0.0130447964183986
190, 0.012915414913247
191, 0.0128639959730208
192, 0.0129235214553773
193, 0.0130836991593242
194, 0.0133312569620709
195, 0.0136255050698916
196, 0.0139282176581522
197, 0.0141847163128356
198, 0.0143181906702618
199, 0.0142109119333327
200, 0.0113275665789843
201, 0.0107992429286242
202, 0.0236505501282712
203, 0.00983778227652822
204, 0.00593261788599193
205, 0.0119241892825812
206, 0.0124944667331874
207, 0.013065956455345
208, 0.0136632941818486
209, 0.014426313728715
210, 0.0161005887979021
211, 0.0208983064318697
212, 0.0297699623430769
213, 0.0155043026121954
214, 0.011155765891696
215, 0.00971069078271588
216, 0.00780763345149656
217, 0.0153184162142376
218, 0.0154136250882099
219, 0.0149903725832701
220, 0.0140742883862307
221, 0.0131296143711855
222, 0.0124760492860029
223, 0.0120555184936772
224, 0.0118621409249802
225, 0.0119570915121585
226, 0.0122946725071718
227, 0.0127223949724187
228, 0.0117301761638373
229, 0.0124263984616846
230, 0.0132157234475017
231, 0.0139910806901753
232, 0.0145827955566347
233, 0.011164587456733
234, 0.0104292452645799
235, 0.0107373022474349
236, 0.0123882514890283
237, 0.0130649829128136
238, 0.0137980611373981
239, 0.0132328891195357
240, 0.0121946556027979
241, 0.0149978622018049
242, 0.0141826095835616
243, 0.0150539185851812
244, 0.0119731250839929
245, 0.0120134774285058
246, 0.0148303534369916
247, 0.0148898784536868
248, 0.0125822046150764
249, 0.0121551374904811
250, 0.0110527692207446
251, 0.0127123377285898
252, 0.0110502091369459
253, 0.0123130105591069
254, 0.0129431511741132
255, 0.0146696197334677
256, 0.0163731605280191
257, 0.0117428520849595
258, 0.011127695374723
259, 0.013677063320453
260, 0.0138915799713383
261, 0.0180098045772562
262, 0.0145508078858256
263, 0.0122441926172801
264, 0.0113932112387071
265, 0.0136659966471295
266, 0.0130608902933697
267, 0.0142030503600836
268, 0.0116902810210983
269, 0.0118405044389268
270, 0.0191630755240719
271, 0.0151626294633994
272, 0.0148672089756777
273, 0.0143190476644252
274, 0.0147185550692181
275, 0.012034815736115
276, 0.0124306901513288
277, 0.0129087987200667
278, 0.013708335502694
279, 0.0118751785717905
280, 0.0137021765888979
281, 0.0128880567693462
282, 0.0122059210358808
283, 0.0116776486858726
284, 0.0148420357921471
285, 0.016740404535085
286, 0.0119029304145702
287, 0.02176297067975
288, 0.012533309791858
289, 0.0134113850848128
290, 0.0144757056453576
291, 0.0191462671694656
292, 0.0149234962494423
293, 0.0143166805617511
294, 0.0127088645628343
295, 0.0156828397108863
296, 0.015615843469277
297, 0.013741952755178
298, 0.0128855929554751
299, 0.0121442615054548
300, 0.0165123964349429
301, 0.0149668282829225
302, 0.0200937028663854
303, 0.0130791487172246
304, 0.0155245299295833
305, 0.0141579529736191
306, 0.0132904680601011
307, 0.0149917633583148
308, 0.014125747528548
309, 0.0186556101377521
310, 0.0166960788580279
311, 0.0162753891199827
312, 0.0137435736666833
313, 0.0150041802941511
314, 0.0168585295655898
315, 0.0168453824174191
316, 0.0146738117715965
317, 0.0171826430596411
318, 0.0195829304866493
319, 0.0180556617366771
320, 0.0137369065390279
321, 0.0128302842378616
322, 0.0134957653935999
323, 0.0120049255900085
324, 0.0172211554599926
325, 0.0178582996595651
326, 0.0271287018743654
327, 0.0108835722785443
328, 0.0157868096915384
329, 0.013858837618803
330, 0.0148150353537252
331, 0.0175616173849752
332, 0.0238040528881053
333, 0.0177255302357177
334, 0.0173400674636165
335, 0.0141990808770061
336, 0.0131782515284916
337, 0.0123929208299766
338, 0.0117215734596054
339, 0.0111848138427983
340, 0.0107928134966642
341, 0.0105264602073779
342, 0.0103261487092823
343, 0.00540906268482407
344, 0.00638675790590545
345, 0.0068739268463105
346, 0.00753122700067858
347, 0.00843417788079629
348, 0.00974204329152902
349, 0.0117916283973803
350, 0.0160410426712284
351, 0.0240437029860914
352, 0.00591007953820129
353, 0.00878916347088913
354, 0.00896855350583792
355, 0.00879754793519775
356, 0.00811118046597888
357, 0.0071312403306365
358, 0.00687072837414841
359, 0.0176775687529395
360, 0.0326060511482259
361, 0.0100397092367833
362, 0.00602875246355931
363, 0.0164774876708786
364, 0.0125442169761906
365, 0.00777491050151487
366, 0.00877857355711361
367, 0.0102650939952582
368, 0.00577233332054069
369, 0.00556975696235895
370, 0.00708095329658439
371, 0.0173002512504657
372, 0.0113679391797632
373, 0.0123026192498704
374, 0.0137461049792667
375, 0.0164342351102581
376, 0.0175732605469724
377, 0.0174872906257709
378, 0.0178283089771867
379, 0.0205581823053459
380, 0.0240167418494821
381, 0.0148817128501832
382, 0.0129484753900518
383, 0.0117726745083928
384, 0.00636231996274243
385, 0.00964858313091099
386, 0.00685920418861012
387, 0.00737192349818846
388, 0.00789910702345272
389, 0.00839479919523001
390, 0.00945699393438796
391, 0.00961206527426839
392, 0.00957956087465088
393, 0.0132805136187623
394, 0.0120594128190229
395, 0.0126945600689699
396, 0.0154111212274681
397, 0.0184651645055662
398, 0.0232980291669567
399, 0.0107810278423131
400, 0.0113685152027756
401, 0.021809701807797
402, 0.0147565433289856
403, 0.0111417789677424
404, 0.0227739846866046
405, 0.0266951971376936
406, 0.0125278654353072
407, 0.00657850593173255
408, 0.0170235065743327
409, 0.0168421888568749
410, 0.0130072854614506
411, 0.010699551862975
412, 0.00914788370331128
413, 0.00810202063682179
414, 0.00622058023388187
415, 0.0212204488925636
416, 0.0122618698514998
417, 0.0128476839357366
418, 0.0135158123448491
419, 0.0180870724531511
420, 0.0143656754711022
421, 0.0173996913557251
422, 0.0157756630796939
423, 0.0174424679328998
424, 0.0141104885066549
425, 0.0180346003423134
426, 0.00906745755734543
427, 0.00626431009732187
428, 0.00794673113462826
429, 0.00735304853878915
430, 0.0113030096981674
431, 0.0107590973687669
432, 0.0103688657594224
433, 0.00679441386212905
434, 0.012645286663125
435, 0.0119447728308539
436, 0.0239145997911692
437, 0.0195852148657044
438, 0.0133606816331546
439, 0.00854367172966401
440, 0.00596753872620563
441, 0.005800554628617
442, 0.025879189837724
443, 0.0171998573932797
444, 0.0161227011121809
445, 0.00647437692775081
446, 0.00737450617210319
447, 0.016802234419932
448, 0.0186648600113889
449, 0.0207051070407033
450, 0.0163834121388694
451, 0.0132916392758489
452, 0.0110572789174815
453, 0.0174629120156169
454, 0.00954008234354357
455, 0.0184912510837118
456, 0.00686047563795
457, 0.014109693079566
458, 0.0133028451042871
459, 0.0151782260121157
460, 0.0194078034588269
461, 0.0168326523465415
462, 0.0177588689451416
463, 0.0118148108944297
464, 0.0099000750730435
465, 0.00676146671841187
466, 0.011642279336229
467, 0.0124621616366009
468, 0.0080045871824647
469, 0.0239464881209036
470, 0.00734927342273295
471, 0.012667198532394
472, 0.0134977124786625
473, 0.00869091499286393
474, 0.00933718828794857
475, 0.0143967494368553
476, 0.00557098467834294
477, 0.0141307540082683
478, 0.0247236541472375
479, 0.0195036144661052
480, 0.00717236706987023
481, 0.0203745791999002
482, 0.0165435302381714
483, 0.00621316554024816
484, 0.00773120046748469
485, 0.00848146403829257
486, 0.0173401064239442
487, 0.019097490546604
488, 0.0195865469674269
489, 0.0181379551067948
490, 0.0113543490103136
491, 0.0160678996305381
492, 0.0132333062744389
493, 0.0109925489717474
494, 0.0180284768342972
495, 0.0148681427485176
496, 0.0162363674025983
497, 0.0170079896536966
498, 0.0073991546407342
499, 0.00807837781030685
500, 0.00887151698892315
501, 0.0132851427576194
502, 0.00963008551237484
503, 0.0136886862106621
504, 0.0146736527482669
505, 0.0103306587164601
506, 0.0167873926305523
507, 0.0226752335205674
508, 0.02349764527753
509, 0.00813460486408855
510, 0.0151724647730589
511, 0.0234962144556145
512, 0.00889418662215273
513, 0.0161154899590959
514, 0.0206370400264859
515, 0.0192798616675039
516, 0.0169725646264851
517, 0.0123228652713199
518, 0.00991875080702206
519, 0.0195295650822421
520, 0.0133952125906944
521, 0.0150275255553424
522, 0.0174885780550539
523, 0.00997998449020088
524, 0.00906535137134294
525, 0.0108012373093516
526, 0.0173565975856036
527, 0.0115821578850349
528, 0.0207643945080539
529, 0.02149894197161
530, 0.0191362656652927
531, 0.0163363844621927
532, 0.0102576826078196
533, 0.0191887654364109
534, 0.0214779221763213
535, 0.015605869780605
536, 0.016369624218593
537, 0.0140342340649416
538, 0.01619639294222
539, 0.0116697769456853
540, 0.0207545460600938
541, 0.0150018788075873
542, 0.0104803882007088
543, 0.0113710182874153
544, 0.0122163516934961
545, 0.0224771544647713
546, 0.00927884727716446
547, 0.0129569991646955
548, 0.0186965671767082
549, 0.018854005727917
550, 0.0156011411454529
551, 0.0119025328507026
552, 0.0149243101477623
553, 0.0133859339014937
554, 0.012855830291907
555, 0.0145293020643294
556, 0.0148758118351301
557, 0.0136405653320253
558, 0.0134546439429479
559, 0.0218587689101696
560, 0.0142608111879478
561, 0.0119427226483822
562, 0.0145269456940393
563, 0.0129463301661114
564, 0.0313900366115073
565, 0.0155496430428078
566, 0.0153699550622453
567, 0.0149013625147442
568, 0.0144384726881981
569, 0.0141747814292709
570, 0.0141298791859299
571, 0.0142185708973557
572, 0.0143674237187952
573, 0.0146602817500631
574, 0.0147780608385801
575, 0.0149489073858907
576, 0.0153801075648516
577, 0.0166747602634132
578, 0.0201644931609432
579, 0.0268244796122114
580, 0.01103164961872
581, 0.0111451367071519
582, 0.0112887840562811
583, 0.0115714493828515
584, 0.0119746948281924
585, 0.0124721948523074
586, 0.0130640889207522
587, 0.0136371278204024
588, 0.0135442838072777
589, 0.0136486713308841
590, 0.0137560586445034
591, 0.0139209056893984
592, 0.0143136805854738
593, 0.0159395566831032
594, 0.0196331177527706
595, 0.0245997750510772
596, 0.029145028286924
597, 0.0317950709722936
598, 0.0319459495755533
599, 0.0299635782527427
600, 0.0267588146962225
601, 0.0233085400735339
602, 0.0203145773460468
603, 0.0180703435714046
604, 0.0165143446065485
605, 0.0154089954836915
606, 0.0144572482289126
607, 0.0134874801927557
608, 0.0125037055307378
609, 0.0126794003881514
610, 0.011669339844957
611, 0.0101648586181303
612, 0.00842889324606707
613, 0.00763940974138677
614, 0.0213084456821283
615, 0.0361425750888884
616, 0.0135404298392435
617, 0.0123150567524135
618, 0.0130592214409262
619, 0.0121000232174993
620, 0.0126420683227479
621, 0.0126253187966843
622, 0.0118985196265082
623, 0.0139400782063603
624, 0.0238041126479705
625, 0.0166061554724971
626, 0.0269397343508899
627, 0.0288972314447165
628, 0.0287684253416955
629, 0.0244891291173796
630, 0.0218865115505954
631, 0.0195304586862524
632, 0.0295194829814136
633, 0.0268964217975736
634, 0.0176367995639642
635, 0.0201305191343029
636, 0.0161945450430115
637, 0.0140852555632591
638, 0.015075606914858
639, 0.0145846234324078
640, 0.013573310803622
641, 0.0131271701150884
642, 0.0152606595462809
643, 0.0146925474982709
644, 0.0144609034371873
645, 0.0142465855926275
646, 0.0221147774718702
647, 0.0183004974387586
648, 0.0162231754511595
649, 0.0147773844655603
650, 0.0146037361895045
651, 0.0146355658459167
652, 0.0151324496449282
653, 0.0157927099304895
654, 0.0163013762794435
655, 0.0163634849401812
656, 0.0153257877100259
657, 0.0149739410262555
658, 0.0269602192565799
659, 0.0144370220756779
660, 0.0183519558049738
661, 0.0262763377811228
662, 0.0140934865256505
663, 0.0120503580463784
664, 0.0305484598502517
665, 0.0114159407094121
666, 0.0143800762481987
667, 0.0137080776039511
668, 0.0133549593544255
669, 0.0130523267822961
670, 0.0141150583513081
671, 0.0132565860237394
672, 0.0130725923615197
673, 0.0241756881587207
674, 0.0251058974924187
675, 0.0227662368367116
676, 0.0256426576524973
677, 0.0209830841049552
678, 0.0260072397068143
679, 0.019074940122664
680, 0.026275560259819
681, 0.0173505377024412
682, 0.0260780300013721
683, 0.0247156472566227
684, 0.0159344700320313
685, 0.0216895982933541
686, 0.0137709917367569
687, 0.014829797592635
688, 0.0138567542391164
689, 0.0177150002370278
690, 0.0149948425435772
691, 0.015812420208628
692, 0.0173493262069921
693, 0.0151735766946028
694, 0.015866103892525
695, 0.0148524468143781
696, 0.0147225877735764
697, 0.0148314657465865
698, 0.0152939783098797
699, 0.0160769252882649
700, 0.0168893961235881
701, 0.0173531595307092
702, 0.017204724252224
703, 0.0201182599800328
704, 0.0283308071084321
705, 0.0242413918798168
706, 0.014976563785846
707, 0.0116981290280819
708, 0.0152185672361936
709, 0.0302365467262765
710, 0.0120393659453839
711, 0.0134505657479167
712, 0.0131900808773935
713, 0.0147951472705851
714, 0.0144374991456668
715, 0.0140813216567039
716, 0.0127840781584382
717, 0.0152950554154813
718, 0.014699247572571
719, 0.022064669833829
720, 0.0221225661225617
721, 0.021791640513887
722, 0.021562580174456
723, 0.0219504274427891
724, 0.0203321810501317
725, 0.0230356695440908
726, 0.0186780920873086
727, 0.0248589163335661
728, 0.0263598604748646
729, 0.0156687332006792
730, 0.0261692653099696
731, 0.0170394415035844
732, 0.0234799624110262
733, 0.0188117655925453
734, 0.0164570243408283
735, 0.0288900981346766
736, 0.0153800270054489
737, 0.0166127909130106
738, 0.0186823249484102
739, 0.0151430194576581
740, 0.0155198798359682
741, 0.0161456092415998
742, 0.017198108912756
743, 0.018100264792641
744, 0.0184528262664874
745, 0.0181168142395715
746, 0.025746011796097
747, 0.0218731202185154
748, 0.0132063414901495
749, 0.0296287387609482
750, 0.0155715175593893
751, 0.0147527485775451
752, 0.01559249831674
753, 0.0153255662880838
754, 0.0276096386834979
755, 0.0190198261601229
756, 0.0157843854278326
757, 0.0199328299301366
758, 0.0189584920493265
759, 0.0206179853218297
760, 0.0184656212416788
761, 0.0205486059809725
762, 0.0191572736948729
763, 0.0196765897174676
764, 0.0212360854881505
765, 0.0241832969089349
766, 0.0267285749626656
767, 0.0182112886880835
768, 0.0166994761675596
769, 0.0274827928903202
770, 0.0251830354599016
771, 0.0168913630768657
772, 0.0163655103339503
773, 0.0172436659534772
774, 0.018436653384318
775, 0.01757608121261
776, 0.0163778091470401
777, 0.0193348759785295
778, 0.0195292866167923
779, 0.0199823014748593
780, 0.0189389819279313
781, 0.0232746644566456
782, 0.0284391694391767
783, 0.0265554438034693
784, 0.0220837040493886
785, 0.0254224388239284
786, 0.0281542595475912
787, 0.018927799670824
788, 0.0163796223700047
789, 0.0176628857540588
790, 0.0240004593506455
791, 0.0143818280970057
792, 0.01430019022276
793, 0.0091400671683784
794, 0.00568196880631149
795, 0.0142057167831808
796, 0.0138534929913779
797, 0.0136698907396446
798, 0.0136042459247013
799, 0.01364583025376
800, 0.0137633108533919
801, 0.0139125611167401
802, 0.014074685672919
803, 0.0143720139749348
804, 0.014459851042678
805, 0.0146852759644389
806, 0.0153113238047808
807, 0.0170966221485287
808, 0.0217135781422257
809, 0.0219102939590812
810, 0.0295472197855512
811, 0.0142083786583195
812, 0.00775869803813597
813, 0.00803832345021268
814, 0.00814257189631462
815, 0.00796800983759264
816, 0.00751964379257212
817, 0.00674543890636414
818, 0.012514733010903
819, 0.0106389346377303
820, 0.00946738508840402
821, 0.00860862123469512
822, 0.00793483022910853
823, 0.00736894373161097
824, 0.00688417900043229
825, 0.0064693702928101
826, 0.00610812613740563
827, 0.00580022833310068
828, 0.00555739920431127
829, 0.00536219391506165
830, 0.0052220830693841
831, 0.0051333912803481
832, 0.00507583302290489
833, 0.00505226947522412
834, 0.00505298469215631
835, 0.0050789921078831
836, 0.00512240407988429
837, 0.00515862391330302
838, 0.0141997759540876
839, 0.0139513838415345
840, 0.0136614268024762
841, 0.0133983711712062
842, 0.0131883446592838
843, 0.0130455919230978
844, 0.0129873381617169
845, 0.0130160475770632
846, 0.0131342429667711
847, 0.0133039377008875
848, 0.0134994412461917
849, 0.0143868155622234
850, 0.0187966856950273
851, 0.0266467390271525
852, 0.0136368897122641
853, 0.0132266897708178
854, 0.0143199944868684
855, 0.0139315945561975
856, 0.0131265943249067
857, 0.0133862120565027
858, 0.0131398065326115
859, 0.0131819867528975
860, 0.013309024196739
861, 0.0135355216140548
862, 0.0139234488985191
863, 0.0154818921194722
864, 0.0200004815900077
865, 0.0169999236240983
866, 0.00534546464526405
867, 0.00529454244921605
868, 0.00534979587731262
869, 0.00561714265495539
870, 0.00733767120012393
871, 0.0139980542783936
872, 0.0116502464904139
873, 0.0102378150913864
874, 0.00923786762480935
875, 0.00847333859807501
876, 0.00785362891231974
877, 0.00688932490690301
878, 0.00648739056972166
879, 0.00614210090134293
880, 0.00584926328156143
881, 0.0242143442854285
882, 0.00530356265759716
883, 0.00544919655658305
884, 0.00530892707562695
885, 0.00738370527202884
886, 0.00807996715108554
887, 0.00769094738643616
888, 0.00653280930904051
889, 0.00696571788284928
890, 0.00792469709025075
891, 0.00826207936430971
892, 0.0093237856136901
893, 0.00611589464824647
894, 0.00571956326408933
895, 0.00541849220171571
896, 0.0141268995745728
897, 0.0146641562848041
898, 0.0134424990198265
899, 0.013887765739734
900, 0.0143971071423342
901, 0.0140305981816103
902, 0.0141350848910709
903, 0.0153538022811214
904, 0.0167490872554481
905, 0.013407888278986
906, 0.0134691617762049
907, 0.0135885299338649
908, 0.0143652586266398
909, 0.0142324594780803
910, 0.0137361511588097
911, 0.0155457879106204
912, 0.0122360605746508
913, 0.0241144259593316
914, 0.005429745551997
915, 0.0144844874739647
916, 0.0142247530498675
917, 0.0188420646203061
918, 0.0131775365055849
919, 0.0132285778721174
920, 0.0133660459735741
921, 0.0198891802380482
922, 0.0162197381723672
923, 0.0143163033450643
924, 0.0132106566646447
925, 0.0137759871625652
926, 0.0134882952552289
927, 0.0133149647153914
928, 0.0136086763814092
929, 0.0065048747152711
930, 0.00690442443980525
931, 0.00734861835371703
932, 0.00783312491451701
933, 0.00838031557699045
934, 0.00903672181690733
935, 0.00985346455127001
936, 0.0109240038630863
937, 0.0124127693319072
938, 0.0145690470623473
939, 0.00570905313361436
940, 0.00616635987535119
941, 0.00589468174924453
942, 0.00560468532300244
943, 0.00556184952923407
944, 0.00556157121900469
945, 0.00558402245709052
946, 0.0183779830889155
947, 0.022446446493268
948, 0.00737706932704896
949, 0.00660675888260206
950, 0.00580904974291722
951, 0.00620214253043135
952, 0.00776881123116861
953, 0.00865324485736589
954, 0.00813293596729636
955, 0.00700587146760275
956, 0.0056000242009759
957, 0.0135909938253462
958, 0.0140101735014468
959, 0.0138969249092042
960, 0.0137548075678448
961, 0.0136057957230757
962, 0.0134561882199099
963, 0.014127753674984
964, 0.0142993160989136
965, 0.0133322700082014
966, 0.0132645592093468
967, 0.0146261285990477
968, 0.0153010915964842
969, 0.0165246951704224
970, 0.0138273261642704
971, 0.0140813811837385
972, 0.0192353251789297
973, 0.00590913739454533
974, 0.0203288031431536
975, 0.0178744027701517
976, 0.0133322696977605
977, 0.0146426386975994
978, 0.0165270197515686
979, 0.0140087436884642
980, 0.0193277037081619
981, 0.0136511355328063
982, 0.0132187628963341
983, 0.0132015376196553
984, 0.0134222134947777
985, 0.0132681554338584
986, 0.0136070444381663
987, 0.0138961816206574
988, 0.00588693314542373
989, 0.00600401669119795
990, 0.00584195166205366
991, 0.00688872874403993
992, 0.0065068017768984
993, 0.00733677689762165
994, 0.00782909158927699
995, 0.00835542043205351
996, 0.00893843352484206
997, 0.00962529797106981
998, 0.0104682468033085
999, 0.011572263824443
1000, 0.0130778975629558
1001, 0.0153074893169105
1002, 0.00584421656094491
1003, 0.00621239452933272
1004, 0.0074293427557374
1005, 0.00893722125329077
1006, 0.00630275528722753
1007, 0.00669203314464539
1008, 0.00707185392578443
1009, 0.0132915404780457
1010, 0.0140320487941305
1011, 0.0142085778837403
1012, 0.0138089482982953
1013, 0.0139189191007366
1014, 0.0136687782748292
1015, 0.0135165478568524
1016, 0.0133689070741336
1017, 0.0132477706453453
1018, 0.0134152796429892
1019, 0.00820668670348823
1020, 0.0159165892594804
1021, 0.0145326285467794
1022, 0.0150830979303767
1023, 0.0175148476070414
1024, 0.0131965898243444
1025, 0.0164990250486881
1026, 0.0177176713145205
1027, 0.0148728715721518
1028, 0.0141987631407877
1029, 0.0137825434406598
1030, 0.0132064646265159
1031, 0.013497931494688
1032, 0.0133088853520652
1033, 0.00619115556279818
1034, 0.00631763650259624
1035, 0.00617626844905317
1036, 0.0073014711185048
1037, 0.00655245901240657
1038, 0.00688237079884857
1039, 0.00779219635296613
1040, 0.0166813167743385
1041, 0.0179676808416843
1042, 0.00831906187037627
1043, 0.00887976284138858
1044, 0.0110648695845157
1045, 0.0095009821622322
1046, 0.0102151258227726
1047, 0.0121442105155438
1048, 0.0135892063068847
1049, 0.0154094531511267
1050, 0.010200502195706
1051, 0.00767741732609769
1052, 0.00642915675416589
1053, 0.00682630238588899
1054, 0.0131894974038005
1055, 0.0140642949845642
1056, 0.0139260520227253
1057, 0.0138475127362957
1058, 0.0137580463973184
1059, 0.0136286842947205
1060, 0.0134852153714746
1061, 0.0133517407812178
1062, 0.0132142332537721
1063, 0.00723415741231292
1064, 0.014326158290108
1065, 0.00915877148509026
1066, 0.0147384433851888
1067, 0.0152030223980546
1068, 0.0139123225318534
1069, 0.0161826044786721
1070, 0.013210323266685
1071, 0.0160767067379008
1072, 0.0149992735435565
1073, 0.0143318600021303
1074, 0.0138768381439149
1075, 0.0135520525897543
1076, 0.0133290517454346
1077, 0.0133090279996395
1078, 0.0066508463351056
1079, 0.00647823922336102
1080, 0.0098528479381154
1081, 0.0104147212114185
1082, 0.00691857057002683
1083, 0.0082842525249968
1084, 0.00775987072847784
1085, 0.00883170147426426
1086, 0.00728800035237024
1087, 0.00941054220311344
1088, 0.0100542724442979
1089, 0.0107809526380152
1090, 0.0138252410882463
1091, 0.0126266308749715
1092, 0.0116215571761131
1093, 0.0155980447972459
1094, 0.00610592481680214
1095, 0.00829853738347689
1096, 0.00661762648572524
1097, 0.0132362272124738
1098, 0.0070913841870303
1099, 0.0138572679522137
1100, 0.0138049351517111
1101, 0.0137894183862954
1102, 0.013751469940568
1103, 0.0136629370196412
1104, 0.0153864255019774
1105, 0.0135480532023524
1106, 0.0131856427372744
1107, 0.014002306231608
1108, 0.00764070098133137
1109, 0.0142379628960043
1110, 0.0144213860233625
1111, 0.0169362338259816
1112, 0.0147507015305261
1113, 0.0133120016460972
1114, 0.0149293371165792
1115, 0.0143532779378196
1116, 0.0139058454272648
1117, 0.0135609530843794
1118, 0.0119283418171108
1119, 0.00729944440536201
1120, 0.00884203271319469
1121, 0.00941417793122431
1122, 0.0082547680940479
1123, 0.00771324002804856
1124, 0.00999303883872926
1125, 0.0106286824836085
1126, 0.0113277657267948
1127, 0.0141299596677224
1128, 0.0130695132538676
1129, 0.0121167922237267
1130, 0.0151166473515332
1131, 0.0123003402591816
1132, 0.010563792505612
1133, 0.0133685852400959
1134, 0.0135972330657144
1135, 0.0136594801054647
1136, 0.00933180415692429
1137, 0.0137460264377296
1138, 0.0138030479041239
1139, 0.0137751365080476
1140, 0.0135811002304157
1141, 0.0143009453701476
1142, 0.00763325043953955
1143, 0.013623935636133
1144, 0.00841730996035039
1145, 0.0136137228303899
1146, 0.0137373947538435
1147, 0.0115255611017346
1148, 0.0136257436436911
1149, 0.0147257276500265
1150, 0.0142737852099041
1151, 0.0138717913068831
1152, 0.0118683360517025
1153, 0.0070018609653094
1154, 0.00815236708149314
1155, 0.010657928728809
1156, 0.0100908097034941
1157, 0.00947171612642705
1158, 0.00881046219728887
1159, 0.0112515116731326
1160, 0.011865776963532
1161, 0.0125426080388327
1162, 0.0150663086678833
1163, 0.0143140242435038
1164, 0.0133034217481812
1165, 0.0135612708205978
1166, 0.0107442953934272
1167, 0.0132635063491762
1168, 0.0134763546908895
1169, 0.0137235154397786
1170, 0.0130955403825889
1171, 0.0139353471542043
1172, 0.0133930270870527
1173, 0.0129254282607387
1174, 0.00856389471196703
1175, 0.0095467585294197
1176, 0.0126846452864508
1177, 0.0137981004857769
1178, 0.0124325435608625
1179, 0.0141153562969218
1180, 0.0156290562978635
1181, 0.00938304397277534
1182, 0.0101660310756415
1183, 0.0114368390558021
1184, 0.0106860021284471
1185, 0.0119043018979331
1186, 0.01238930473725
1187, 0.0129439459027102
1188, 0.0140966680832207
1189, 0.0135520921709637
1190, 0.00763948103412986
1191, 0.0128581152918438
1192, 0.0125541313706587
1193, 0.013253135063375
1194, 0.0137024944803367
1195, 0.0124052386575689
1196, 0.0123736082265774
1197, 0.0109058837406337
1198, 0.0117134726606309
1199, 0.0144427247966329
1200, 0.0109995620857392
1201, 0.0120516085997224
1202, 0.00974686313420534
1203, 0.0140991834923625
1204, 0.0115741210756823
