1, 0.00901824375614524
2, 0.0871142310400804
3, 0.00676417502108961
4, 0.0104829091578722
5, 0.0782734304666519
6, 0.087076798081398
7, 0.0039742001099512
8, 0.00256204674951732
9, 0.0939159182210763
10, 0.00749570282641798
11, 0.0117809800431132
12, 0.113913081586361
13, 0.00960888341069221
14, 0.0104276159157356
15, 0.0111451762883614
16, 0.0118355376956364
17, 0.0124740427515159
18, 0.0130845927633345
19, 0.013664526399225
20, 0.0141663379811992
21, 0.0146332009850691
22, 0.0158444074913859
23, 0.020584289294978
24, 0.0333026709655921
25, 0.0566687484582265
26, 0.0792599072058996
27, 0.0860682548955083
28, 0.0785256711145242
29, 0.0581727897127469
30, 0.035954201904436
31, 0.0176600646227598
32, 0.00767405967538555
33, 0.00490763879497536
34, 0.00477308133849874
35, 0.00480304250959307
36, 0.00650264947519948
37, 0.00803796605517467
38, 0.00911967130377889
39, 0.00978708430193365
40, 0.0101760046867033
41, 0.0103798327812304
42, 0.0104720806702971
43, 0.0105032542099555
44, 0.0104992610868067
45, 0.0104882738863428
46, 0.010483251826372
47, 0.0104755973443389
48, 0.0104522725256781
49, 0.010432801519831
50, 0.0104255693343778
51, 0.0104277941087882
52, 0.0104647100282212
53, 0.010537070222199
54, 0.0106785713384549
55, 0.0108954925090075
56, 0.0112077812664211
57, 0.0116364584925274
58, 0.0122211007401347
59, 0.0129576553590596
60, 0.0138640032770733
61, 0.0151810667787989
62, 0.0192887013157209
63, 0.0288084810599685
64, 0.041839091728131
65, 0.0620014481246471
66, 0.0694841239601374
67, 0.0651566262046496
68, 0.0633928490181764
69, 0.0596095441530148
70, 0.0529993455857038
71, 0.0434644309182962
72, 0.0318937748670578
73, 0.0208011890451113
74, 0.0139091441718241
75, 0.0122263059020042
76, 0.0116342323211332
77, 0.0110562262125313
78, 0.0105295592608551
79, 0.0100778755731881
80, 0.00971496244892478
81, 0.00944984083374341
82, 0.00927515979856253
83, 0.00934630772098899
84, 0.00929220657174786
85, 0.00946442425871889
86, 0.00969668369119366
87, 0.00999260072906812
88, 0.0103540439158678
89, 0.0107814888469875
90, 0.0112583658968409
91, 0.0117136258631945
92, 0.0120464583548407
93, 0.0137110177117089
94, 0.0186719534297784
95, 0.0488382957410067
96, 0.0590678950150808
97, 0.0269928034394979
98, 0.014650823858877
99, 0.0111940323064725
100, 0.00929860429217418
101, 0.00799155374988914
102, 0.00698594384205838
103, 0.0061695984719942
104, 0.005481641429166
105, 0.00489739654585719
106, 0.0044032740406692
107, 0.00398834627897789
108, 0.00368233587748061
109, 0.00348115033314874
110, 0.00339146524978181
111, 0.00340092252008617
112, 0.0034803159845372
113, 0.00361887695423017
114, 0.00382347990913937
115, 0.00380076760692256
116, 0.00345059305739899
117, 0.00307448769065862
118, 0.00246697724408781
119, 0.00138676201216488
120, 0.000424325633503031
121, 0.00096772147177641
122, 0.00159889503993327
123, 0.00362408246534566
124, 0.00869965739548206
125, 0.0176010965369642
126, 0.030320769486328
127, 0.0470002585401138
128, 0.0714910166958968
129, 0.0799808440109094
130, 0.051549463532865
131, 0.0256551743950695
132, 0.0142273728270084
133, 0.0110025820322335
134, 0.00984090729616582
135, 0.00851552348467521
136, 0.00791533951026698
137, 0.0083969053812325
138, 0.00918897179265817
139, 0.0103070357193549
140, 0.0117503033640484
141, 0.0139213028984765
142, 0.0181015365136166
143, 0.0215503020832936
144, 0.0217899133761724
145, 0.0193988919878999
146, 0.0166349847180148
147, 0.0150358309037983
148, 0.0141225283344587
149, 0.0134313132924338
150, 0.012827955186367
151, 0.0123427337966859
152, 0.011997344593207
153, 0.0117576742777601
154, 0.0116383653754989
155, 0.0114067018342515
156, 0.0111974102134506
157, 0.0110145035820703
158, 0.0108756242940823
159, 0.0107654354845484
160, 0.0106829426561793
161, 0.0106196817941964
162, 0.0105775613337755
163, 0.0105415599731108
164, 0.0105125127981106
165, 0.0104870018549263
166, 0.00577879074262455
167, 0.0080978487773488
168, 0.0131713175214827
169, 0.024334912498792
170, 0.0410088778783878
171, 0.0594277493655682
172, 0.081882451971372
173, 0.0852849334478378
174, 0.0706321516384681
175, 0.0474934273709854
176, 0.0250857714563608
177, 0.0100984990907212
178, 0.00403130139845113
179, 0.00156906293705106
180, 0.00407752470346168
181, 0.00427715068993469
182, 0.00437394878827035
183, 0.00452212585757176
184, 0.0047020922259738
185, 0.00514805433340371
186, 0.00604013718354205
187, 0.00719809695146978
188, 0.00896299056087931
189, 0.0121563302042584
190, 0.0134480423294008
191, 0.0608813865110278
192, 0.0740066505968571
193, 0.0530465934425592
194, 0.061194745823741
195, 0.0658866291244825
196, 0.0639625533173482
197, 0.0545063130557537
198, 0.0388665677358707
199, 0.0220168470405042
200, 0.0113649391569197
201, 0.00930734677240252
202, 0.00847502720231811
203, 0.00803077376137177
204, 0.0438836483905713
205, 0.0126943411693598
206, 0.00655915460083634
207, 0.0100265162376066
208, 0.0134109479840845
209, 0.0139663445297629
210, 0.0146014320198447
211, 0.0164742299821228
212, 0.022319439953814
213, 0.0343732897502681
214, 0.0628182400638859
215, 0.0525751607492566
216, 0.0727171398078402
217, 0.0258945063687861
218, 0.0754416876782974
219, 0.0102674777929982
220, 0.0098647887352854
221, 0.00915620856297513
222, 0.00797029472111414
223, 0.00645148862774173
224, 0.00511818364196058
225, 0.0256033979045848
226, 0.0181009802035987
227, 0.0147380854468793
228, 0.0134623870253563
229, 0.0126318361144513
230, 0.0119649395346642
231, 0.0114588363406559
232, 0.0110795516520739
233, 0.0108094034561267
234, 0.0106273114215583
235, 0.0105189900690069
236, 0.0104633983379851
237, 0.0104427553402881
238, 0.0104442456116279
239, 0.0104513383315255
240, 0.0104631200277557
241, 0.010018230881542
242, 0.0208947299979627
243, 0.0316917744154731
244, 0.0431451083471378
245, 0.0522378773118059
246, 0.0576159252474705
247, 0.0593854496255517
248, 0.05904488855352
249, 0.0595886201287309
250, 0.0375088526246448
251, 0.0104779421041409
252, 0.010502697667107
253, 0.0105480568017811
254, 0.011047265958041
255, 0.0264718389759461
256, 0.0124464652035385
257, 0.0113955158740282
258, 0.0189253135273854
259, 0.0147776628533999
260, 0.0132275444921106
261, 0.0118569950573146
262, 0.0108035823795944
263, 0.0106399080250412
264, 0.010485949072366
265, 0.0495080567896366
266, 0.0138754872605205
267, 0.0179690554893265
268, 0.0382150883475939
269, 0.0121724825973312
270, 0.0128071329866846
271, 0.0114935058324287
272, 0.0532428724691272
273, 0.0255799735896289
274, 0.0148527254350483
275, 0.0146801501978189
276, 0.00979032289857666
277, 0.00963106323033571
278, 0.010330678584675
279, 0.0118214111619939
280, 0.0126042188300441
281, 0.0349539783783257
282, 0.045657622627914
283, 0.0535139928882321
284, 0.0571754267439246
285, 0.0566220584635933
286, 0.0531359212473035
287, 0.0104756967630237
288, 0.0105597391569366
289, 0.00946653036711117
290, 0.0100463246150563
291, 0.00856836761037509
292, 0.0105481167168667
293, 0.0104804058559239
294, 0.0105732101170967
295, 0.0104012504064788
296, 0.0105103673413396
297, 0.0533649241551757
298, 0.0206282859268997
299, 0.036615004496915
300, 0.064723483286798
301, 0.0109041747249042
302, 0.0104840329316046
303, 0.0481672553079469
304, 0.0104096634978695
305, 0.0650402012591561
306, 0.0150952169205993
307, 0.0200553173975398
308, 0.0278620373768111
309, 0.0118554257787764
310, 0.0131693907702963
311, 0.012418173175926
312, 0.0114203315073003
313, 0.0108484447312852
314, 0.0106975653519233
315, 0.0105645075285186
316, 0.011088015899683
317, 0.0106146351899952
318, 0.0105348047800362
319, 0.0356879301058749
320, 0.0126188821935405
321, 0.0107614612982919
322, 0.0119273090579857
323, 0.0558632090687752
324, 0.0422763302922249
325, 0.0153909355091552
326, 0.0292313145473599
327, 0.0199465394640962
328, 0.0132675991238405
329, 0.0241369060240686
330, 0.0105679254047573
331, 0.0108477887697518
332, 0.0112475176186611
333, 0.0107482490129769
334, 0.0133354886590193
335, 0.0501931207254529
336, 0.0550335350756844
337, 0.0568378257254759
338, 0.0546643047903975
339, 0.0484350218127171
340, 0.0166624026217808
341, 0.0105879720455656
342, 0.010607939834396
343, 0.0105401892991116
344, 0.0106508748140186
345, 0.0103643354183684
346, 0.010524831013754
347, 0.0106715973621855
348, 0.010657669743523
349, 0.0078112137503922
350, 0.0103808505809866
351, 0.0642530210316181
352, 0.0119390711188316
353, 0.0115151228383183
354, 0.0107905883342028
355, 0.0124866790138185
356, 0.0106277281108002
357, 0.0109383281475554
358, 0.0305203056583802
359, 0.0218697430876394
360, 0.0106962140028675
361, 0.0133679935242981
362, 0.0388614705630711
363, 0.0158863697045793
364, 0.0111791510134935
365, 0.0460033503671487
366, 0.0330963005932669
367, 0.0124736255966127
368, 0.0132144519593567
369, 0.0580135496954123
370, 0.0139097799547017
371, 0.0225299447774887
372, 0.0112308481087287
373, 0.0105138797312975
374, 0.0451868858188391
375, 0.0388581822626293
376, 0.0107682760960112
377, 0.01226614198337
378, 0.0112025953518848
379, 0.0562586085870862
380, 0.0531890876591206
381, 0.0474088083331784
382, 0.0557684814557433
383, 0.0114696896634996
384, 0.0189515781433632
385, 0.0116866851070275
386, 0.0278645215245585
387, 0.0114543457360317
388, 0.0112245894658069
389, 0.0106746175636848
390, 0.0105883244957243
391, 0.0107483287962774
392, 0.0107920985513677
393, 0.0110696335323155
394, 0.0117139242744694
395, 0.00733022801578045
396, 0.0648467044035594
397, 0.0120889170405765
398, 0.0116531471721828
399, 0.0126562338943283
400, 0.0107786161825061
401, 0.0108928699822476
402, 0.0110590873130908
403, 0.0328901268852254
404, 0.0138191610264281
405, 0.0113119899760932
406, 0.0242138748678068
407, 0.0377359937876463
408, 0.0173053974285722
409, 0.059671216023465
410, 0.0140869052459796
411, 0.0494141678015391
412, 0.0132001664023846
413, 0.0163511068094522
414, 0.0370486044945816
415, 0.0111034528041879
416, 0.0514128698656956
417, 0.0144055509784569
418, 0.0117004731825242
419, 0.0513884102304777
420, 0.0555212590843439
421, 0.0431390559034688
422, 0.0317352873583635
423, 0.012772463572522
424, 0.0121476276932905
425, 0.0427974329019586
426, 0.0121188975560168
427, 0.0107763825605313
428, 0.0109011751289169
429, 0.0110119996437182
430, 0.0628942968323827
431, 0.0123552305158228
432, 0.0122796319580326
433, 0.0647829895218213
434, 0.0129669726981471
435, 0.0118361536879092
436, 0.0109769605100155
437, 0.0146619704707215
438, 0.0111792107733587
439, 0.0114805720901738
440, 0.0365675349409382
441, 0.0277142979515096
442, 0.0193534339778125
443, 0.0129022620773564
444, 0.0116966979888578
445, 0.0256007763867577
446, 0.0144316386431456
447, 0.0608584998796384
448, 0.0523710139095783
449, 0.0177250340736161
450, 0.0106759806163609
451, 0.0568496699755391
452, 0.0217753289422641
453, 0.0121725338511169
454, 0.0432449653744698
455, 0.0486800158396363
456, 0.0464909157405297
457, 0.0133658872606854
458, 0.0126423661907514
459, 0.0158779049913088
460, 0.054120948848625
461, 0.0109471104418238
462, 0.0111613692715764
463, 0.0113956550291429
464, 0.0517987973455872
465, 0.0132125810320888
466, 0.013401212869212
467, 0.0125262760557234
468, 0.0158284329809248
469, 0.0135448993338893
470, 0.0641425574819247
471, 0.0112759067144777
472, 0.0120705786782006
473, 0.0116459151419501
474, 0.0430602745286056
475, 0.0215567185853918
476, 0.0306469056134423
477, 0.0408676350489259
478, 0.0194382308206211
479, 0.0120335440927496
480, 0.061406124693652
481, 0.0289154114822547
482, 0.0125489853477726
483, 0.0543730941911538
484, 0.0358171138601998
485, 0.0141314494734009
486, 0.0178067715993772
487, 0.0561007969081402
488, 0.0247431240665416
489, 0.0571915544569492
490, 0.0626547057181597
491, 0.0115887743110458
492, 0.0120151062340786
493, 0.0143542310688645
494, 0.0141850737078736
495, 0.0174478925764561
496, 0.016209645041575
497, 0.0129146599986901
498, 0.0146858516770105
499, 0.0241284212097526
500, 0.0123221214993724
501, 0.0628661808247368
502, 0.0337222868887087
503, 0.0547857380782565
504, 0.0610241387039423
505, 0.014889457449317
506, 0.0323979517755409
507, 0.0444159998248021
508, 0.0501190917566419
509, 0.0213342092798225
510, 0.0270598227158189
511, 0.0582584742456675
512, 0.0402588077953884
513, 0.0128563067410141
514, 0.0121900858357549
515, 0.0448742772762974
516, 0.0117253324016929
517, 0.0283799231052399
518, 0.0137394928373396
519, 0.0368344852700829
520, 0.0293585907978316
521, 0.019714776892215
522, 0.015427552551652
523, 0.0271811534961065
524, 0.0219155786714206
525, 0.0179126685640464
526, 0.0133949062786996
527, 0.0371473100967705
528, 0.0587361554304759
529, 0.0609525556986531
530, 0.0613293368369341
531, 0.0476039343823989
532, 0.0478968918323517
533, 0.0577530972659588
534, 0.015341005831336
535, 0.056673717374603
536, 0.0307511862367392
537, 0.0415263758706195
538, 0.0501055220762889
539, 0.0223148112806181
540, 0.0306151160039008
541, 0.0200891526571165
542, 0.0167963191467736
543, 0.0407945982490977
544, 0.0559362880885601
545, 0.0584950953101118
546, 0.013096274730439
547, 0.0544480597600341
548, 0.0362052381969988
549, 0.05105168496569
550, 0.0570893061480352
551, 0.0532648667693138
552, 0.0606319019570947
553, 0.0579615940029422
554, 0.0134928246960044
555, 0.0529180370271206
556, 0.0546180583536625
557, 0.0530472888300816
558, 0.0339871913505097
559, 0.0247986126691103
560, 0.0447896796589096
561, 0.0271064885891974
562, 0.0484896606455247
563, 0.0520666747664412
564, 0.05124631524086
565, 0.0559591148048639
566, 0.0585027525999716
567, 0.059458523367842
568, 0.019540211252336
569, 0.0577194310724735
570, 0.0370788990652987
571, 0.0367183425862874
572, 0.0485179526731372
573, 0.0308026333029072
574, 0.0443882041921218
575, 0.0224972204305232
576, 0.0376598197966814
577, 0.0244359616190195
578, 0.0257800871816774
579, 0.00329895881683721
580, 0.0102506899274886
581, 0.00615034636575729
582, 0.0160660180263221
583, 0.00328266686604669
584, 0.00295484130037948
585, 0.00246141413420749
586, 0.00201366391653816
587, 0.00146522161958274
588, 0.0145751663949341
589, 0.0124374651350081
590, 0.0118388755557438
591, 0.0114011190986882
592, 0.010970952299734
593, 0.0105750578610847
594, 0.0102446689270437
595, 0.00999850189934174
596, 0.00978704441028337
597, 0.00361653242725879
598, 0.00346150062978268
599, 0.00349019039034223
600, 0.00360663805622607
601, 0.00382888400539135
602, 0.00416290845411519
603, 0.00459245937721183
604, 0.00510690698865801
605, 0.00569349632132798
606, 0.00638818845618516
607, 0.00721480584858606
608, 0.00825073453597724
609, 0.00959305154780547
610, 0.0113949995332708
611, 0.0145747887436301
612, 0.0229968470521271
613, 0.0376268288431068
614, 0.0134876593171308
615, 0.0140885143385579
616, 0.0146905210179587
617, 0.0155199392853926
618, 0.0173908900469542
619, 0.0229527799723049
620, 0.035185979368786
621, 0.05620854254812
622, 0.00369815112208016
623, 0.046503978648356
624, 0.0033424305729568
625, 0.0032593813763621
626, 0.00318835250800475
627, 0.020574315606306
628, 0.0107090292343249
629, 0.0113937476028999
630, 0.0118433854853113
631, 0.0123095535673201
632, 0.0132871695483724
633, 0.0109994628777107
634, 0.0170788202279558
635, 0.0288933325558901
636, 0.00350854867914071
637, 0.0107851641563078
638, 0.0092648083033661
639, 0.0036290295344467
640, 0.003871938388329
641, 0.00519204252244284
642, 0.00421355261156956
643, 0.00466422340832651
644, 0.00577594945207238
645, 0.00718921539373696
646, 0.00811298816309621
647, 0.0128175835125148
648, 0.0163821009142945
649, 0.0241031291273733
650, 0.00642875958389292
651, 0.0128682474605739
652, 0.0141038127088298
653, 0.0162577056325972
654, 0.0223065849083165
655, 0.0325001737413307
656, 0.0122321269785364
657, 0.0115632832360764
658, 0.0108491601422429
659, 0.0102389832027256
660, 0.0149463836569339
661, 0.0185409216210246
662, 0.027411704727759
663, 0.0059150469993862
664, 0.0125958261612271
665, 0.00805664237122983
666, 0.00981225479128105
667, 0.0105687741057149
668, 0.03100710734725
669, 0.0214877162749569
670, 0.00405144782659287
671, 0.00355690791426847
672, 0.0128996195271611
673, 0.0143520066825052
674, 0.0118047815437118
675, 0.012312116411825
676, 0.018767161682869
677, 0.011414251755923
678, 0.0244346905189256
679, 0.00341899124240237
680, 0.0111295721493661
681, 0.00348216367031758
682, 0.00802759473056843
683, 0.00718788449497273
684, 0.0103331421657155
685, 0.00904701285374661
686, 0.00647431736191114
687, 0.00582065301326414
688, 0.00520102291678389
689, 0.0251389381786187
690, 0.00412950996542349
691, 0.00461834766125927
692, 0.011958481821542
693, 0.0183248144264023
694, 0.0142610889549057
695, 0.0134148423094302
696, 0.0113388914614916
697, 0.0120351926889271
698, 0.0153412447155764
699, 0.0172371892258525
700, 0.0247721912649771
701, 0.0256751226261258
702, 0.0233244734505812
703, 0.0199918180393676
704, 0.012732627025495
705, 0.0297305155545473
706, 0.0753558307886124
707, 0.00489360202724735
708, 0.0118693302917693
709, 0.0257707030645439
710, 0.00434148393105716
711, 0.00340282991528511
712, 0.01222459700269
713, 0.0134780034422874
714, 0.0127785826722781
715, 0.0155199197276185
716, 0.0200108524877578
717, 0.00373796122481248
718, 0.0201816782355309
719, 0.0254167354044815
720, 0.0100049392785877
721, 0.00506540252051006
722, 0.011402092097948
723, 0.00887950408893327
724, 0.00719203671906143
725, 0.0064744366488109
726, 0.00577078383260717
727, 0.00795561207147936
728, 0.0158178034859399
729, 0.013221285926799
730, 0.0142279691062868
731, 0.0244414852932096
732, 0.0237221160593132
733, 0.0218073173115651
734, 0.0126583001886805
735, 0.01341214007698
736, 0.0212202907229463
737, 0.0184181765653193
738, 0.00350570748560131
739, 0.00663463410455734
740, 0.00535885605495423
741, 0.0134108431770333
742, 0.0169069999052833
743, 0.0141641326093425
744, 0.0214529872561495
745, 0.0247050322592258
746, 0.00447051608934998
747, 0.00793367767861734
748, 0.024612430882241
749, 0.00875330099370331
750, 0.0214061968338986
751, 0.00712299478861193
752, 0.00634559127502143
753, 0.0125289384741336
754, 0.0109862505147854
755, 0.0145817624870688
756, 0.00972428102977574
757, 0.0176001614890993
758, 0.0160460697176556
759, 0.0225345329381526
760, 0.0193339619630327
761, 0.0134186967431257
762, 0.0144727455141644
763, 0.0233262816133598
764, 0.0220758353049556
765, 0.00823577388655394
766, 0.0126503969542682
767, 0.00558812400725271
768, 0.0149526860564947
769, 0.0181661878402034
770, 0.0222271328481535
771, 0.0152295862014095
772, 0.00955641424904267
773, 0.00867517944425344
774, 0.00777483145551135
775, 0.0226326229361196
776, 0.0106040259512762
777, 0.0137079183477908
778, 0.0162224602730324
779, 0.0195961229813596
780, 0.0198221037474771
781, 0.0119095862998317
782, 0.0168725479549418
783, 0.0202586487866938
784, 0.0170491964866718
785, 0.0223235320299864
786, 0.0241982989013195
787, 0.0188562219430293
788, 0.022359374910593
789, 0.0165525703535726
790, 0.0138356316213806
791, 0.0069517626427114
792, 0.0103437721263617
793, 0.0068373098038137
794, 0.0115601842602094
795, 0.00945311978769799
796, 0.0148907531208048
797, 0.0225644937405984
798, 0.0211447908853491
799, 0.0182053559193654
800, 0.0130886659026146
801, 0.0142901921644807
802, 0.0147993197509398
803, 0.0178933685113277
804, 0.0213003388295571
805, 0.00848434818908572
806, 0.0120446706811587
807, 0.0120846777223051
808, 0.0125954771259179
809, 0.0111820719515284
810, 0.0217367207631469
811, 0.0223370826182266
812, 0.0224583184346557
813, 0.0104127293452621
814, 0.00948312459513545
815, 0.0105786104686558
816, 0.0100087939063087
817, 0.0217788460819672
818, 0.0138120281820496
819, 0.0338568155032893
820, 0.00734975084196776
821, 0.0209044056634108
822, 0.0139231511857361
823, 0.0147160321163634
824, 0.0163816446438432
825, 0.0190972924853365
826, 0.0212701408502956
827, 0.0177401732653379
828, 0.014383894779409
829, 0.0122204446233809
830, 0.0108207879432788
831, 0.00986502754191558
832, 0.00906036452700694
833, 0.010282438636447
834, 0.0100907899904996
835, 0.00974941401121517
836, 0.00838166622755428
837, 0.0073444857650126
838, 0.00619934153898309
839, 0.0103944558650255
840, 0.00919221007886032
841, 0.005201817684186
842, 0.0105027377915879
843, 0.0105203805336108
844, 0.0106205164920539
845, 0.0106961154378951
846, 0.0108005223640551
847, 0.0109366993419826
848, 0.0111096123388658
849, 0.0113230567270269
850, 0.0115476271603256
851, 0.014887136950468
852, 0.0260413733000557
853, 0.0544168433795373
854, 0.0527982123728309
855, 0.00750307405057053
856, 0.0133139916385214
857, 0.0192343029969682
858, 0.0153522518618653
859, 0.0134544001581768
860, 0.0160831836207459
861, 0.012310745427385
862, 0.012777331052348
863, 0.0176810855045915
864, 0.0134058426289509
865, 0.0140397376380861
866, 0.0210404827569922
867, 0.0201945736383398
868, 0.0119615220464766
869, 0.011962257248039
870, 0.0117738984525204
871, 0.0104475637587408
872, 0.00872794934548438
873, 0.00815771147608757
874, 0.0100081779528409
875, 0.00971631379798055
876, 0.00771608129919817
877, 0.0104722004228582
878, 0.0102072576216112
879, 0.00928614699902634
880, 0.0105686206370592
881, 0.0112558820595344
882, 0.0108243244855354
883, 0.0105378643299143
884, 0.0105733690628161
885, 0.0106762666255236
886, 0.0110208214415858
887, 0.0119120696714769
888, 0.029323542645822
889, 0.0108032245188951
890, 0.00981187969446182
891, 0.0206033030214409
892, 0.00983568257652223
893, 0.0114516840161135
894, 0.0126802948458741
895, 0.0167718563849727
896, 0.0110146678718073
897, 0.0104832669187869
898, 0.0115658919593053
899, 0.0247682721487113
900, 0.0129904769361019
901, 0.0124740624645104
902, 0.012083313971137
903, 0.0117832442435126
904, 0.0216214689426124
905, 0.0194437932223082
906, 0.0142877129061768
907, 0.0163657496062418
908, 0.0128965006830792
909, 0.0134163723948101
910, 0.0210275884407262
911, 0.0150317976561685
912, 0.0180770987644792
913, 0.0129031764809042
914, 0.0104238012184699
915, 0.00901198557888468
916, 0.00936003665750225
917, 0.00968198136736949
918, 0.00994754047133029
919, 0.0087474996689707
920, 0.00898310309275985
921, 0.0103384673129767
922, 0.0105100689300646
923, 0.0104815976228565
924, 0.0105012472098072
925, 0.010660749549667
926, 0.010889174339051
927, 0.0111864625941962
928, 0.0104810015764087
929, 0.0152911573338012
930, 0.0114465732127428
931, 0.0255455023919543
932, 0.0127258126158267
933, 0.0819074295461178
934, 0.0125114433467388
935, 0.0147435099352151
936, 0.0110360806963096
937, 0.0166901546929564
938, 0.00925584859214723
939, 0.0115001902117261
940, 0.0220833259324233
941, 0.0227541571172575
942, 0.0189748833266397
943, 0.0127771918196231
944, 0.0120963081717491
945, 0.0117876153284063
946, 0.0155233771074563
947, 0.0134749435819685
948, 0.0123675689101219
949, 0.0204594172537327
950, 0.0124591020091126
951, 0.00941016416375836
952, 0.00966483556355039
953, 0.0103199699272712
954, 0.00921007144885759
955, 0.010156891696776
956, 0.00942731105412046
957, 0.00914367226262887
958, 0.0104075090494007
959, 0.0103642447585506
960, 0.0110492128878832
961, 0.0107136190248032
962, 0.0216839352312187
963, 0.0104468484253933
964, 0.0103705146660407
965, 0.0104330319911242
966, 0.0192100640075902
967, 0.010488870088011
968, 0.0103084070142359
969, 0.017213500770075
970, 0.0222654383008679
971, 0.0184526873442034
972, 0.0243961657397449
973, 0.0130635722695539
974, 0.0150165192317218
975, 0.012304645885403
976, 0.0116915927113344
977, 0.0114397829553733
978, 0.0118477963066349
979, 0.0119952981670698
980, 0.0102170963771641
981, 0.00949293553518752
982, 0.00937734187270204
983, 0.00992902329502006
984, 0.0102853792874763
985, 0.0109221615296389
986, 0.0104732931746791
987, 0.00945592089556158
988, 0.0102150656748563
989, 0.00982682111983498
990, 0.0250168919031109
991, 0.0227698368951678
992, 0.0117608927345524
993, 0.0220579428598285
994, 0.0177234043367207
995, 0.0216919899519001
996, 0.0146141873362164
997, 0.012888851420333
998, 0.0120854002113144
999, 0.011062445351854
1000, 0.00993786081671715
1001, 0.0112713794223964
1002, 0.0115177851791183
1003, 0.0114778105635196
1004, 0.0238637734204531
1005, 0.0101657649502158
1006, 0.0113155383616686
1007, 0.0100007072490241
1008, 0.00958518326903383
1009, 0.00973030125411848
1010, 0.0101681767652432
1011, 0.01019430354548
1012, 0.0106333991512656
1013, 0.00972771792051693
1014, 0.010047695832327
1015, 0.0101409771014005
1016, 0.0143642452700684
1017, 0.0168182165361941
1018, 0.0128359623098125
1019, 0.0119954768257836
1020, 0.0110883734499415
1021, 0.0108667634582768
1022, 0.0112468025957545
1023, 0.0108355984224805
1024, 0.00966670278770228
1025, 0.0102341194371028
1026, 0.00983848739415407
1027, 0.010077988994973
1028, 0.00991686371465524
1029, 0.0104246356058866
1030, 0.0128368559138229
1031, 0.0108234307263047
1032, 0.0143946632742882
1033, 0.0129124147351831
1034, 0.0119799598275373
1035, 0.0107201158534735
1036, 0.0110722799630215
1037, 0.0106764258040736
1038, 0.0105660459958017
1039, 0.00986290133247773
1040, 0.0140208748169243
1041, 0.0119609852942328
1042, 0.0103159367572516
1043, 0.00671605370007455
1044, 0.00230294506764039
1045, 0.0293784795018534
1046, 0.0352206894507011
1047, 0.0569435854752859
1048, 0.0505584372828404
1049, 0.0715195081595864
1050, 0.0168860383952657
1051, 0.0744876503944397
1052, 0.00381171779008582
1053, 0.00332119131538396
1054, 0.00284135397911693
1055, 0.00204610867270579
1056, 0.000899851525900885
1057, 0.000313957629259676
1058, 0.00920681348846604
1059, 0.00730830586204926
1060, 0.00594530623250951
1061, 0.00510301305136333
1062, 0.00465862064932783
1063, 0.00438563122103612
1064, 0.00421136703031758
1065, 0.00880823680199683
1066, 0.0102389277114222
1067, 0.0226556096846859
1068, 0.0389346947583059
1069, 0.0543897058814764
1070, 0.0638831785569588
1071, 0.0656294568131367
1072, 0.0612219277148445
1073, 0.0540287373587489
1074, 0.0550225858266155
1075, 0.00232617107879681
1076, 0.00326655368553475
1077, 0.00285542065588137
1078, 0.0131846694275737
1079, 0.0523530129964153
1080, 0.0445453595990936
1081, 0.0650554802268744
1082, 0.0578903850788871
1083, 0.0648125133787592
1084, 0.0592637977873286
1085, 0.0130867984456321
1086, 0.00414391447945188
1087, 0.00522597739472985
1088, 0.00793709512799978
1089, 0.0240631745352099
1090, 0.039859945140779
1091, 0.0103752633246283
1092, 0.00455816679944595
1093, 0.00631316634826362
1094, 0.0163839492791643
1095, 0.0111021421228846
1096, 0.05342279933393
1097, 0.0662772604929549
1098, 0.0127548396509762
1099, 0.048552461899817
1100, 0.0276536595386763
1101, 0.00519744633735778
1102, 0.0117871271047209
1103, 0.00378487861183073
1104, 0.0476557255855628
1105, 0.0424758959561586
1106, 0.0036042935680598
1107, 0.00352112522038321
1108, 0.0168799785897136
1109, 0.0659031209846338
1110, 0.0564982797950506
1111, 0.0633775514240066
1112, 0.0616675922647119
1113, 0.0490342049549023
1114, 0.0285847625539949
1115, 0.00179191463879154
1116, 0.0157942598840843
1117, 0.00852288957685232
1118, 0.0110573989028732
1119, 0.00663091867075612
1120, 0.00534355737424145
1121, 0.00430475043997701
1122, 0.02707956576099
1123, 0.0672073693325122
1124, 0.0344453727205594
1125, 0.00411520074121654
1126, 0.0194912197378774
1127, 0.0192441376081357
1128, 0.040178817164685
1129, 0.00873678224161267
1130, 0.0597483236342669
1131, 0.0321773838784013
1132, 0.0349424931531151
1133, 0.00458278340132286
1134, 0.0663699638098478
1135, 0.0614461613198121
1136, 0.0441184105972449
1137, 0.0513159325346351
1138, 0.0528837731108069
1139, 0.00415144445529828
1140, 0.00370221214834601
1141, 0.0208630598150194
1142, 0.0165682858787477
1143, 0.0122865661202619
1144, 0.00538821313530207
1145, 0.00928066344931722
1146, 0.007071019615978
1147, 0.0575189304848512
1148, 0.00933737913146615
1149, 0.040287943956043
1150, 0.0678748823702335
1151, 0.00715206496949707
1152, 0.0572971012443304
1153, 0.0587128897507985
1154, 0.0491444154952963
1155, 0.0654026788348953
1156, 0.0361651936545968
1157, 0.00572049730302145
1158, 0.0193384127536168
1159, 0.0689599901437759
1160, 0.0679172022889058
1161, 0.014253023158138
1162, 0.0103908204473555
1163, 0.0289430908858776
1164, 0.0615561582148075
1165, 0.00858538313768804
1166, 0.043709406008323
1167, 0.0353393634781241
1168, 0.0659938377017776
1169, 0.0214158741291612
1170, 0.06697711845239
1171, 0.0675991385110787
1172, 0.0171773863645891
1173, 0.0259590001466374
1174, 0.0571638674785694
1175, 0.055374930302302
1176, 0.0113925558980554
1177, 0.0137262367643416
1178, 0.0642200324684381
1179, 0.0179464847780764
1180, 0.0424430221319199
1181, 0.0339544782182202
1182, 0.0542868077754974
1183, 0.0651292130351067
1184, 0.0253460054130604
