1, 0.00920814462006092
2, 0.0864459732547402
3, 0.00591606006491929
4, 0.0106556436512619
5, 0.0198103226721287
6, 0.0887309461832047
7, 0.00439572404138744
8, 0.00522556999931112
9, 0.085040345788002
10, 0.00910902163013816
11, 0.0153189934790134
12, 0.0215133465826511
13, 0.00990181489448462
14, 0.0108565109937141
15, 0.011677466177692
16, 0.0124479159712791
17, 0.0130999115450929
18, 0.0135822722998758
19, 0.0139276012778282
20, 0.0151865505613387
21, 0.0222392319701612
22, 0.0427992236800492
23, 0.0689165716369947
24, 0.0765628156562646
25, 0.056192884221673
26, 0.0357210307071606
27, 0.0169915778872867
28, 0.00804372768228253
29, 0.00512387436659386
30, 0.0066250575085481
31, 0.00852984306402504
32, 0.00979554777344068
33, 0.0105790906430533
34, 0.0110128541321804
35, 0.0112112783050785
36, 0.0112529617423813
37, 0.0111938139113287
38, 0.0110792537064602
39, 0.01094782530951
40, 0.0108282188108812
41, 0.010736288735643
42, 0.0106792319566011
43, 0.0106325962891181
44, 0.0106039860596259
45, 0.0105969129751126
46, 0.0106337488008042
47, 0.010718983442833
48, 0.0108540874595443
49, 0.0110658823202054
50, 0.011369667481631
51, 0.0117533624482652
52, 0.0122272595763206
53, 0.0127826159199079
54, 0.0133975770634909
55, 0.0140631222166121
56, 0.0147339136650165
57, 0.0170545312575996
58, 0.0188018903136253
59, 0.0209523467347026
60, 0.0264061338578661
61, 0.0331706252569954
62, 0.0388004047175248
63, 0.0411027353256941
64, 0.0393333503355583
65, 0.0336263248076042
66, 0.025118475779891
67, 0.0170833296142519
68, 0.0128841820793847
69, 0.0119224406468372
70, 0.0113390702754259
71, 0.0108233311523994
72, 0.0103661630613108
73, 0.00999923671285311
74, 0.00972887019937237
75, 0.00952585693448782
76, 0.00960517139174044
77, 0.00954131487136086
78, 0.00977075255165497
79, 0.0101151483443876
80, 0.0105907938753565
81, 0.0112028541043401
82, 0.0119016993169983
83, 0.013376635654519
84, 0.018625460875531
85, 0.0267965045447151
86, 0.0341480625793338
87, 0.0379150764395793
88, 0.037852373595039
89, 0.0362163856625557
90, 0.0540377604775131
91, 0.0593801842381557
92, 0.026128097747763
93, 0.0134369952914615
94, 0.00997181888669729
95, 0.00821753474883735
96, 0.00708365549022953
97, 0.00626238295808434
98, 0.00564841522524754
99, 0.00520527455955744
100, 0.00490192673169076
101, 0.00470165497002502
102, 0.0045682198057572
103, 0.00448787282221019
104, 0.00444165927668412
105, 0.00441380411696931
106, 0.00454084665398113
107, 0.00485454100028922
108, 0.00519822130445391
109, 0.00558757875114679
110, 0.00596225362581511
111, 0.00627672773165007
112, 0.0064463031788667
113, 0.00635127327404916
114, 0.00588858228487273
115, 0.00502055972659339
116, 0.00436888219943891
117, 0.00767099981506666
118, 0.0165785582115253
119, 0.035319454036653
120, 0.0562317464500666
121, 0.0774643930296103
122, 0.065866582095623
123, 0.0414044330827892
124, 0.0230094237873952
125, 0.0153913328734537
126, 0.0136247503881653
127, 0.0129562240714828
128, 0.0121382297171901
129, 0.0111641903252651
130, 0.00997976047386016
131, 0.00952685019001365
132, 0.00982423794145385
133, 0.0102199333099027
134, 0.0107002278479437
135, 0.0113265540761252
136, 0.0123000571814676
137, 0.0171333185086648
138, 0.0268650095288952
139, 0.0373953236266971
140, 0.0446217935532331
141, 0.0466719555358092
142, 0.0434975711007913
143, 0.0366595269491275
144, 0.0285743518422047
145, 0.0215514932448665
146, 0.0172462092402081
147, 0.0154974083416164
148, 0.0150640040325622
149, 0.0146256120642647
150, 0.0138264525060852
151, 0.0133060642207662
152, 0.0128213590942323
153, 0.0124070670766135
154, 0.0120523793933292
155, 0.0117424748217066
156, 0.0114791809270779
157, 0.0112572132299344
158, 0.0110692200250924
159, 0.0109133341660102
160, 0.0107972243179878
161, 0.0107043604366481
162, 0.00782422379901012
163, 0.017199718238165
164, 0.0362608913953106
165, 0.0596458626290162
166, 0.0804705781241258
167, 0.0760838687419891
168, 0.0539377611130476
169, 0.0325730278467139
170, 0.014707924798131
171, 0.00732572989848753
172, 0.00442866569695373
173, 0.00448568747378886
174, 0.00457131955772638
175, 0.00468456838279963
176, 0.00484987200858692
177, 0.00510811914379398
178, 0.00544738862663507
179, 0.00588691343242923
180, 0.00645725072051088
181, 0.00723521069933971
182, 0.00843584716009597
183, 0.0106115760281682
184, 0.0162027706392109
185, 0.0205856298562139
186, 0.0272077769041061
187, 0.0293554921324054
188, 0.0343950639168421
189, 0.0389707945287228
190, 0.0397419215490421
191, 0.0352510688826442
192, 0.0265723519648115
193, 0.017621123076727
194, 0.0124726321858664
195, 0.0112014240585268
196, 0.0104799691277246
197, 0.00992282433435321
198, 0.00953928800299764
199, 0.0096016243332997
200, 0.0219200291515638
201, 0.0058191308286041
202, 0.0140970178569357
203, 0.015431903845941
204, 0.0205811100701491
205, 0.0382992496403555
206, 0.0336088412441313
207, 0.055749465400974
208, 0.0764368191361427
209, 0.0107936128333677
210, 0.0546924702357501
211, 0.0109208639866362
212, 0.0103870447104176
213, 0.00946861637445788
214, 0.00816120820430418
215, 0.0067737310891971
216, 0.0125116334917645
217, 0.0119856818734358
218, 0.0115543028029303
219, 0.0112072844058275
220, 0.0109551368902127
221, 0.0107895157610377
222, 0.0106851479504257
223, 0.0106279870184759
224, 0.0106158870427559
225, 0.0106270129326731
226, 0.0101077572908252
227, 0.0103670373403778
228, 0.0106927965922902
229, 0.0122440281168868
230, 0.0133792782047143
231, 0.0174223214077453
232, 0.0250496114604175
233, 0.0333329704590142
234, 0.0389578016474843
235, 0.0405862008531888
236, 0.0381594759722551
237, 0.0325477772081892
238, 0.0257971726047496
239, 0.0203507179394364
240, 0.0175065820415815
241, 0.0116390804760158
242, 0.019698942390581
243, 0.0186064075678587
244, 0.0351431635208428
245, 0.0396675144632657
246, 0.0299719828180969
247, 0.011119565848882
248, 0.011280300328508
249, 0.0233792505847911
250, 0.0146680305091043
251, 0.0393705442547798
252, 0.0277616428211331
253, 0.0361282687323789
254, 0.0111821710597724
255, 0.0112392524412523
256, 0.011266809500133
257, 0.0108894925409307
258, 0.0104212183505297
259, 0.00947028518809626
260, 0.0111394149716944
261, 0.0110050262107203
262, 0.00981116442320248
263, 0.0108688889692227
264, 0.0107519646796087
265, 0.0106787459924817
266, 0.0131121899466962
267, 0.0106691140681505
268, 0.010894340230152
269, 0.0110868036281317
270, 0.0113768993566434
271, 0.0106980820807318
272, 0.0122683470447858
273, 0.0137999878885845
274, 0.0146174459562947
275, 0.0107712369256963
276, 0.0117694160435349
277, 0.0235182290586332
278, 0.0128864670793215
279, 0.013524515243868
280, 0.0458565643057227
281, 0.0346552793247004
282, 0.0113461436703801
283, 0.0121670588850975
284, 0.0169784258274982
285, 0.0110360743211848
286, 0.0106792636880917
287, 0.0122121595001469
288, 0.0371146276593208
289, 0.0272607655885319
290, 0.0338083167249958
291, 0.0384287110840281
292, 0.0396716287359595
293, 0.0210526427254081
294, 0.0225361039241155
295, 0.030790951102972
296, 0.0170646940823644
297, 0.0117839836515486
298, 0.0117093939334154
299, 0.0112599153847744
300, 0.0129617874821027
301, 0.0112589817338934
302, 0.0110584713208179
303, 0.0109213610024502
304, 0.0111800453159958
305, 0.0107899125820647
306, 0.0110407490283251
307, 0.0111110230597357
308, 0.0111562035356959
309, 0.0128701354842633
310, 0.0155500922352076
311, 0.0144156837680688
312, 0.0115912577603012
313, 0.0120466373239954
314, 0.0112549286956588
315, 0.0110252123170843
316, 0.0108807306581487
317, 0.010797005922844
318, 0.0107552429350714
319, 0.0135707282461226
320, 0.0145389662745098
321, 0.0119294547475874
322, 0.0127404359324525
323, 0.0267609016348918
324, 0.037891971723487
325, 0.0135308530492087
326, 0.0160495412669012
327, 0.0125781720659385
328, 0.0128387235260258
329, 0.0137910073002179
330, 0.0389341780294975
331, 0.0155666896607727
332, 0.0398474611962835
333, 0.0186915229229877
334, 0.024492427551498
335, 0.0313875939076146
336, 0.0370834339410067
337, 0.0339738397548596
338, 0.0112817307623724
339, 0.0112676837791999
340, 0.0112111587853481
341, 0.0108470595441759
342, 0.0109823565774908
343, 0.0111089965018133
344, 0.0163657295051962
345, 0.0117828665922085
346, 0.0123983815179339
347, 0.0154955416917801
348, 0.0112233383115381
349, 0.0107325094752014
350, 0.0126298688507328
351, 0.0109163940263291
352, 0.0111998141898463
353, 0.0110229869217922
354, 0.0108606240246445
355, 0.0114755060058087
356, 0.0118777579627931
357, 0.0143787204953177
358, 0.0133112693826358
359, 0.0187089281777541
360, 0.040254025409619
361, 0.0135712649207562
362, 0.0150591757458945
363, 0.0461486267546813
364, 0.0106389303691685
365, 0.0184079440465818
366, 0.0397341316565871
367, 0.0114267289172858
368, 0.0404514155040185
369, 0.0149102834208558
370, 0.0141713989100286
371, 0.0356766637414694
372, 0.0167949630413204
373, 0.0219761171999077
374, 0.0290609252018233
375, 0.013627810170874
376, 0.0113416533761968
377, 0.0112547299358994
378, 0.0111638923020413
379, 0.0110442461445928
380, 0.0109331863932312
381, 0.0257961998383204
382, 0.0124665324110538
383, 0.0115312157043566
384, 0.0124150936026126
385, 0.0138274218887091
386, 0.0109932784523283
387, 0.0114339811261743
388, 0.0110714655990402
389, 0.0117868209878604
390, 0.0112131257386257
391, 0.0131151103414595
392, 0.0295940097421408
393, 0.0157198738306761
394, 0.0465181578571598
395, 0.0204921802505851
396, 0.0444340991477172
397, 0.0112290998610357
398, 0.0134837174788117
399, 0.0151842656390121
400, 0.0118107021941493
401, 0.0292519588644306
402, 0.0392613485455513
403, 0.0341221742952863
404, 0.0208936377118031
405, 0.0137030393816531
406, 0.0115664623832951
407, 0.0267730201594532
408, 0.015321297183012
409, 0.0196940531022847
410, 0.0113883240458866
411, 0.0112545510443548
412, 0.0111307320961108
413, 0.0370631099989017
414, 0.0121964629894743
415, 0.0132297303061932
416, 0.0122846192680299
417, 0.0457648523151875
418, 0.0442712794368466
419, 0.0117656808967392
420, 0.011466247184823
421, 0.0112872144340404
422, 0.0417273513351878
423, 0.0222546700388193
424, 0.0319445786687235
425, 0.0133143284668525
426, 0.0164630955883435
427, 0.0274577529302665
428, 0.0196342901326716
429, 0.0372993415221572
430, 0.0324099709590276
431, 0.0120078944601119
432, 0.012529136845842
433, 0.039809573131303
434, 0.0245697934490939
435, 0.0324228871613741
436, 0.0116756580149134
437, 0.0129395404697529
438, 0.017704112144808
439, 0.0141363962708662
440, 0.0114480673025052
441, 0.0413899707297484
442, 0.0168632690329105
443, 0.0121989469820013
444, 0.011123826354742
445, 0.0443112133070827
446, 0.0129160112701356
447, 0.0139743310088913
448, 0.0118050398305058
449, 0.0115486169233918
450, 0.0430491451794902
451, 0.04230947047472
452, 0.0333035057410598
453, 0.0112668291355173
454, 0.0235484410077333
455, 0.0364848632986347
456, 0.020567992888391
457, 0.0128321868833154
458, 0.0226275365178784
459, 0.0121594889399906
460, 0.041469303270181
461, 0.016177915269509
462, 0.0419608604695116
463, 0.0117896813899279
464, 0.0133547410368919
465, 0.0184978080602984
466, 0.0381418140605092
467, 0.014853618806228
468, 0.0123083614079016
469, 0.0425900689636668
470, 0.0405480936169624
471, 0.0119373311421701
472, 0.0282116189288596
473, 0.01269476627931
474, 0.0176723748445511
475, 0.0265260808435934
476, 0.0131488548857825
477, 0.0356851685792208
478, 0.0150078051457448
479, 0.015590352161477
480, 0.0122683307155967
481, 0.0362189829349518
482, 0.0129024412017316
483, 0.0300784166902304
484, 0.011512062822779
485, 0.0203699909616262
486, 0.038259593769908
487, 0.0395988492916028
488, 0.0371608313173056
489, 0.0300038434298975
490, 0.0313281283403436
491, 0.0174047780844073
492, 0.0262759382215639
493, 0.0232383563582386
494, 0.0122609162703156
495, 0.0294882835820317
496, 0.0125736817717552
497, 0.0347990257044633
498, 0.0219296976923943
499, 0.0212876364588738
500, 0.0395684119624396
501, 0.0104661009972915
502, 0.0104087806927661
503, 0.0140953287482262
504, 0.0156673219365378
505, 0.0210975843171279
506, 0.0339498776011169
507, 0.0569987720144646
508, 0.0266492414909105
509, 0.0187915593075256
510, 0.0140322870574892
511, 0.0123245940388491
512, 0.0115279972863694
513, 0.0109221559638778
514, 0.0104712465933214
515, 0.010164183176433
516, 0.00454280851408839
517, 0.00466015023024132
518, 0.00477073671451459
519, 0.00495014673409363
520, 0.00522089093768348
521, 0.00563915663709243
522, 0.00624777970369905
523, 0.00710527203045785
524, 0.00828317921453466
525, 0.0100262181367725
526, 0.0132828971836716
527, 0.0221195855022718
528, 0.038074877889206
529, 0.00621873252869894
530, 0.00651282196243604
531, 0.00663334263178209
532, 0.00648838405807813
533, 0.00606409840596219
534, 0.0056385409940655
535, 0.00590864953119308
536, 0.0760293588042259
537, 0.022294803444917
538, 0.0550400509188573
539, 0.00458999552453558
540, 0.02335024283578
541, 0.0108598485433807
542, 0.00501078464246045
543, 0.00591786799486727
544, 0.00519675105654945
545, 0.0054831513746952
546, 0.00658134716407706
547, 0.0075398696353659
548, 0.00891878331700961
549, 0.0145848411290596
550, 0.0134747650008649
551, 0.0128277762948225
552, 0.0238728166247408
553, 0.0112484119987736
554, 0.0120844271344443
555, 0.0349533016172548
556, 0.0172297982499003
557, 0.0339885607051353
558, 0.0121536674754073
559, 0.0157373771847536
560, 0.0110881947136174
561, 0.0383190183589856
562, 0.0379895837977529
563, 0.0374058748905857
564, 0.0380608152598143
565, 0.0290926544306179
566, 0.0213415657635778
567, 0.0131253820533554
568, 0.0115272821082423
569, 0.00738730172937115
570, 0.00543346093036234
571, 0.00584201118908823
572, 0.00504150082512448
573, 0.0065809500326092
574, 0.00694745922616373
575, 0.00720495129159341
576, 0.0353282582280891
577, 0.0456123591533729
578, 0.00582550070248544
579, 0.00549970163653294
580, 0.00952347267108659
581, 0.00630333131023993
582, 0.00805586712279668
583, 0.00702101108618081
584, 0.0116546965048959
585, 0.016016545239836
586, 0.0251615882540743
587, 0.00489920474744091
588, 0.0134534262275944
589, 0.0126598700104902
590, 0.037487056106329
591, 0.0268004781877001
592, 0.0145330253678064
593, 0.0108798762251224
594, 0.0354835648710529
595, 0.0386090750495593
596, 0.0379693368449807
597, 0.0176900451382001
598, 0.0243395613506436
599, 0.0319760500763853
600, 0.0141067332588136
601, 0.012071989554291
602, 0.0127715690371891
603, 0.0385195886095365
604, 0.00774761219508946
605, 0.00615171692334116
606, 0.00526291221225013
607, 0.00850902148522437
608, 0.00781887932680547
609, 0.00720803094251702
610, 0.00570303302568694
611, 0.0118441408655296
612, 0.00486222425076578
613, 0.0126056184859148
614, 0.0123793303500861
615, 0.0175222386606038
616, 0.00675096227011333
617, 0.0264012861686448
618, 0.00753049179911613
619, 0.00620277839091917
620, 0.0101583416884144
621, 0.00863723115374645
622, 0.00528371434969207
623, 0.0334505381062627
624, 0.0151722453689824
625, 0.0136194055279096
626, 0.0395558929691712
627, 0.0190108645862589
628, 0.0116252447478473
629, 0.0372276573131482
630, 0.0133607018118103
631, 0.0274832504801452
632, 0.0352122158344303
633, 0.038216478501757
634, 0.034876790518562
635, 0.015375915216282
636, 0.020067655791839
637, 0.0389346545562148
638, 0.0457225718225042
639, 0.00946297426708043
640, 0.00661776583486547
641, 0.00851903564762324
642, 0.00829430591935913
643, 0.00936558043273787
644, 0.00557843372890992
645, 0.00607218449780097
646, 0.00474495976231992
647, 0.00995531259104609
648, 0.0149784119954954
649, 0.0139674450270832
650, 0.0182064207425962
651, 0.00807917257770896
652, 0.0290149158931204
653, 0.00924915238283575
654, 0.0130265972887476
655, 0.00722547492478043
656, 0.010752302284042
657, 0.00514762499369681
658, 0.02103011108314
659, 0.00581876545523604
660, 0.0161309865458558
661, 0.029508574710538
662, 0.0390191953629255
663, 0.0458462918177247
664, 0.0372749834010998
665, 0.0347471784800291
666, 0.0172189166104155
667, 0.0376420896500349
668, 0.0308980798969666
669, 0.0228630543376009
670, 0.0107628129577885
671, 0.0392914889380336
672, 0.00740440830122679
673, 0.00996822312784692
674, 0.0060507785063237
675, 0.00663560764708867
676, 0.0288225473569972
677, 0.043208063979234
678, 0.00663314679903643
679, 0.00986490841023624
680, 0.0274770786985755
681, 0.0204055149418612
682, 0.00859926295621941
683, 0.0114346363892158
684, 0.0141724771043907
685, 0.0318342694081366
686, 0.0232024829213818
687, 0.0409863858173291
688, 0.0454365899786353
689, 0.0460692740355929
690, 0.0404432890936732
691, 0.0117413029074669
692, 0.0404004137963057
693, 0.0349768295085856
694, 0.00864583389678349
695, 0.0392073278004924
696, 0.0129739267285913
697, 0.00754803551050524
698, 0.0077005400788039
699, 0.0104276758308212
700, 0.0320128604237522
701, 0.0121596676763147
702, 0.0223515272761385
703, 0.0156133201283713
704, 0.0417914067705472
705, 0.0438024488588174
706, 0.044670730518798
707, 0.0357198986845712
708, 0.0414762965713938
709, 0.025512127764523
710, 0.0104939755983651
711, 0.0127507074115177
712, 0.0145658485901852
713, 0.0386767849947015
714, 0.042396267876029
715, 0.0336821340024471
716, 0.00907623934160386
717, 0.0130889241894086
718, 0.0176786612719297
719, 0.0254447498979668
720, 0.0436565553148588
721, 0.0415857310096423
722, 0.0392579318334659
723, 0.0144716866447457
724, 0.0420219367370009
725, 0.0168077383035173
726, 0.0198640457044045
727, 0.036621626998697
728, 0.0110147495754063
729, 0.0320193819701672
730, 0.0201630238443613
731, 0.0281687829022606
732, 0.0193921364067743
733, 0.0400728853419423
734, 0.033169683468129
735, 0.0417474417814187
736, 0.018214606679976
737, 0.0215872809290886
738, 0.0289013433669295
739, 0.0322185222369929
740, 0.0422151573002338
741, 0.0110647503752261
742, 0.0375501945614815
743, 0.0282192038372159
744, 0.0245555889171859
745, 0.0368657168000937
746, 0.0301325619220734
747, 0.0486704497598112
748, 0.0211419699092706
749, 0.0236175508859257
750, 0.013577424067383
751, 0.0153255292680115
752, 0.042569851236684
753, 0.0344517285314699
754, 0.0535255164528886
755, 0.0146416053952028
756, 0.0360697181895375
757, 0.0429653997222582
758, 0.0462153845777114
759, 0.0442489072059592
760, 0.0371622714834909
761, 0.0269419002967576
762, 0.0177134115559359
763, 0.0129824307902406
764, 0.0117724166872601
765, 0.0111324806542446
766, 0.0106550874188542
767, 0.0102626896308114
768, 0.0107637862674892
769, 0.0113551239483058
770, 0.0115990857593715
771, 0.0118853470000128
772, 0.0122236037471642
773, 0.0126206502318382
774, 0.0130822289114197
775, 0.0136159489241739
776, 0.010812463471666
777, 0.0109082085546106
778, 0.0110196291934699
779, 0.011126222088933
780, 0.0111999931590011
781, 0.0112023176625371
782, 0.011081101372838
783, 0.0107796804513782
784, 0.0102246818132699
785, 0.00936194423896571
786, 0.00816983128121744
787, 0.00671265662337343
788, 0.00563764693215489
789, 0.0629697162657976
790, 0.0108681494020857
791, 0.0279791606590152
792, 0.0205781498613457
793, 0.0330891467941304
794, 0.0396559508517385
795, 0.0452349074184895
796, 0.0126946195960045
797, 0.0150721096433699
798, 0.0167977246455848
799, 0.0210736823889116
800, 0.0118535781123986
801, 0.0304962261579931
802, 0.0406415136530995
803, 0.044987667662402
804, 0.0145460989636679
805, 0.0111542365048081
806, 0.0110589681814114
807, 0.00944553009079148
808, 0.0106047807106127
809, 0.0101355334433417
810, 0.0108941818277041
811, 0.0109731773845851
812, 0.0111287453522285
813, 0.0111022609441231
814, 0.0109332220939298
815, 0.00964407304612299
816, 0.0111527858922879
817, 0.0109858928869168
818, 0.0124303126552453
819, 0.0114435576057682
820, 0.0108584184975674
821, 0.011712433770299
822, 0.0120368023247768
823, 0.0128916528386374
824, 0.0133951136376709
825, 0.0729863590871294
826, 0.0127078515167038
827, 0.0471196053549647
828, 0.0117449381699165
829, 0.0352946979304155
830, 0.0240535583967964
831, 0.016972088177378
832, 0.0108917012810707
833, 0.0114463247757937
834, 0.0188842053369929
835, 0.015559775599589
836, 0.045620946213603
837, 0.0438504700238506
838, 0.0378663806865613
839, 0.0164621897662679
840, 0.042310087941587
841, 0.0298268257950743
842, 0.0239755754203846
843, 0.034368264178435
844, 0.0136330553796142
845, 0.012474587187171
846, 0.0250553336615364
847, 0.0110613920260221
848, 0.0110136285269012
849, 0.0106413785057763
850, 0.0110912940775355
851, 0.0109641970290492
852, 0.0107204734813422
853, 0.0108894924633205
854, 0.0110198478214443
855, 0.0110805653190861
856, 0.0108363817312888
857, 0.0140444237206663
858, 0.0110607760337492
859, 0.0118428491211186
860, 0.0122351869940758
861, 0.0115329443942755
862, 0.013259552186355
863, 0.012705745951583
864, 0.0112279676056157
865, 0.0139702582576623
866, 0.0279979566112161
867, 0.0392092550173402
868, 0.0479546279336015
869, 0.0126076164500167
870, 0.0143822853763898
871, 0.0109377121552825
872, 0.0109372364046673
873, 0.0147610758431256
874, 0.0137997210424926
875, 0.0185162259731442
876, 0.0170049104684343
877, 0.0145926505792886
878, 0.046053696423769
879, 0.0446945913136005
880, 0.0422967548171679
881, 0.0382209100450079
882, 0.0349236388380329
883, 0.0274943963934978
884, 0.026506528723985
885, 0.0110214767822375
886, 0.0110460540745407
887, 0.0110576372438421
888, 0.0110064421647361
889, 0.011031550122425
890, 0.0110869625738511
891, 0.0111476799938828
892, 0.0110663992818445
893, 0.0113479718565941
894, 0.0222035890134672
895, 0.0109197398647666
896, 0.0120082525536418
897, 0.0137305282056332
898, 0.0112947645441939
899, 0.011641921941191
900, 0.0130713806332399
901, 0.0120243655207256
902, 0.0111265998178472
903, 0.0125129648173849
904, 0.019485477435713
905, 0.0430587821950515
906, 0.0496320016682148
907, 0.0512493550777435
908, 0.0133171311269204
909, 0.0107503672130406
910, 0.0141130954958498
911, 0.0128965009159098
912, 0.0135173107497394
913, 0.0110664384439588
914, 0.0154261814896017
915, 0.0306581119075418
916, 0.0319308880716562
917, 0.023427768299977
918, 0.0138840898871422
919, 0.0465519313390056
920, 0.0110600808014472
921, 0.0416038318847617
922, 0.0460320403799415
923, 0.0404849915454785
924, 0.0111063936880479
925, 0.0114375172027697
926, 0.0118279282469302
927, 0.0110775596196098
928, 0.0110555117328962
929, 0.0112255234271288
930, 0.0194780663587153
931, 0.0208882367238402
932, 0.0113583620792876
933, 0.0148548714350909
934, 0.0117995367230227
935, 0.0129617134641324
936, 0.012268307308356
937, 0.0111696938984096
938, 0.0330273994643773
939, 0.0495801068221529
940, 0.0503956579292814
941, 0.013720475602895
942, 0.0207258497054378
943, 0.0141128526690106
944, 0.0205570498170952
945, 0.0111776808431993
946, 0.0163988303393126
947, 0.0442391115551194
948, 0.01216364139691
949, 0.0287682850224276
950, 0.0132517838695397
951, 0.0111247320504238
952, 0.0477523285274704
953, 0.045498657040298
954, 0.038262871094048
955, 0.011645974824205
956, 0.0113411966400842
957, 0.0111212277784944
958, 0.0171995592924456
959, 0.0114459612717231
960, 0.0120704197324812
961, 0.0125715039670467
962, 0.048032531204323
963, 0.0432915935026748
964, 0.0148147972455869
965, 0.0228043234286209
966, 0.0181744533280532
967, 0.0132046965882182
968, 0.0113287190906703
969, 0.0180446938611567
970, 0.0125466811005026
971, 0.0115097784437239
972, 0.011289683769324
973, 0.0484291738165276
974, 0.0255816229619086
975, 0.0118572340191652
976, 0.0444394818817576
977, 0.0356792476959527
978, 0.015407545104002
979, 0.0116082053476324
980, 0.0112194837226222
981, 0.0125701281774257
982, 0.0464753709733486
983, 0.044621833289663
984, 0.0434389196336269
985, 0.0122721931897104
986, 0.0323141672027608
987, 0.0161479149634639
988, 0.023835114762187
989, 0.0118022325581738
990, 0.0130742816254497
991, 0.0201476654037833
992, 0.0121549790880332
993, 0.0225933835220834
994, 0.032950247793148
995, 0.0140078694870075
996, 0.0358249180551086
997, 0.0115051050670445
998, 0.0426251005381346
999, 0.0118671477151414
1000, 0.0310435344332031
1001, 0.0125941063743085
1002, 0.0287341733152668
1003, 0.0186496527865529
1004, 0.0514718372374773
1005, 0.0572522369523843
1006, 0.0186380684109671
1007, 0.00523006990551949
1008, 0.0106258810653041
1009, 0.0154872370573382
1010, 0.0209138235077262
1011, 0.0361438263207674
1012, 0.0325848702341318
1013, 0.0533379797513286
1014, 0.0749943144619465
1015, 0.0083633331315858
1016, 0.0537542344536632
1017, 0.00638123465857158
1018, 0.0064983379173403
1019, 0.00635176997942229
1020, 0.00592859694734216
1021, 0.00544363330118358
1022, 0.0136842159554362
1023, 0.0104230467695743
1024, 0.00853985738164435
1025, 0.00733345902214448
1026, 0.00647743682687481
1027, 0.00584373991781225
1028, 0.00538551916057865
1029, 0.00505286559928209
1030, 0.00483475221941868
1031, 0.00470143641966085
1032, 0.00461312224312375
1033, 0.00455182895530015
1034, 0.0104228079629441
1035, 0.0118016228079796
1036, 0.0132658112173279
1037, 0.0180383162417759
1038, 0.02649832284078
1039, 0.0348905382367472
1040, 0.0393557626133164
1041, 0.0386484532306592
1042, 0.0341023256381353
1043, 0.028560524340719
1044, 0.0244404327434798
1045, 0.0051382592258354
1046, 0.00484061330401649
1047, 0.00671686868493756
1048, 0.00596879042374591
1049, 0.00777981845506777
1050, 0.00920218400036295
1051, 0.0110994402784854
1052, 0.00546378005916874
1053, 0.00494382883577297
1054, 0.0443410143877069
1055, 0.0136755732043336
1056, 0.023296817826728
1057, 0.0127501511014998
1058, 0.0332501985443135
1059, 0.0110085232493778
1060, 0.0100634356960654
1061, 0.039244300685823
1062, 0.0151541063096374
1063, 0.0365608793993791
1064, 0.0370254386216402
1065, 0.0316820993709067
1066, 0.0255862521007657
1067, 0.0209064528656503
1068, 0.0294717424549162
1069, 0.0207999190315604
1070, 0.0060978343244642
1071, 0.00717840704601258
1072, 0.00535945198498666
1073, 0.00574114030071845
1074, 0.00669237105951955
1075, 0.00500128759692113
1076, 0.00473542320542038
1077, 0.00695359827174495
1078, 0.00757140045364698
1079, 0.00481711221592767
1080, 0.0113222452678851
1081, 0.00503261187113821
1082, 0.00614762438150744
1083, 0.00810941219485054
1084, 0.00693643225046496
1085, 0.00563627605636915
1086, 0.00976866677713891
1087, 0.0119996691743533
1088, 0.00532076876455297
1089, 0.0051355769780154
1090, 0.0160798209586314
1091, 0.0139721262579163
1092, 0.0117104870732874
1093, 0.0361251307961841
1094, 0.0167931147540609
1095, 0.0129348661284894
1096, 0.0328351929783821
1097, 0.0243713702075183
1098, 0.0384100970501701
1099, 0.0349662774242461
1100, 0.0286565668260058
1101, 0.038965491267542
1102, 0.0226086626450221
1103, 0.0171548505978925
1104, 0.0118626180725793
1105, 0.00633730603537212
1106, 0.00515544519294053
1107, 0.00554331263992935
1108, 0.00816329436687132
1109, 0.00744640962996831
1110, 0.0059437962093701
1111, 0.00539270568905132
1112, 0.00590553014383962
1113, 0.0101326326063524
1114, 0.00642458733636886
1115, 0.00841542236351719
1116, 0.0124344454767803
1117, 0.00557748581438015
1118, 0.0072178856547301
1119, 0.0216246169060469
1120, 0.0147708210162818
1121, 0.0182922116170327
1122, 0.0126537707013388
1123, 0.026134137219439
1124, 0.0443141730502248
1125, 0.017569108090053
1126, 0.0327018552149336
1127, 0.0255472495531042
1128, 0.0162382162176073
1129, 0.0144827566109598
1130, 0.0195815795256446
1131, 0.0361874370525281
1132, 0.0385258855919043
1133, 0.0401158009966215
1134, 0.00685515138320625
1135, 0.00880052770177523
1136, 0.00582283843929569
1137, 0.00631036465832343
1138, 0.0126181155443192
1139, 0.0142533609954019
1140, 0.0068054610164836
1141, 0.0103072346343348
1142, 0.00627659174746701
1143, 0.00876271926487486
1144, 0.0132631092731442
1145, 0.00760605100852748
1146, 0.0287411070118348
1147, 0.038338728249073
1148, 0.0445118034258485
1149, 0.0280388654209673
1150, 0.0221897998514275
1151, 0.0167820879723877
1152, 0.0301544512622058
1153, 0.0412590571989616
1154, 0.0204928918741643
1155, 0.0376835524414976
1156, 0.00781061387776087
1157, 0.0100915846414864
1158, 0.00629234426499655
1159, 0.00700189797983815
1160, 0.0437719887122512
1161, 0.00577902900986373
1162, 0.0439362603550156
1163, 0.00722968718037009
1164, 0.0108272453459601
1165, 0.00806580142428478
1166, 0.00932888360694051
1167, 0.0400104004268845
1168, 0.0199369830079377
1169, 0.0430652974173427
1170, 0.0390223534777761
1171, 0.0143057731135438
1172, 0.0124966409057379
1173, 0.0191985206523289
1174, 0.0312749893803682
1175, 0.0275555299594998
1176, 0.0363611637925108
1177, 0.00918615019569794
1178, 0.0106164431199431
1179, 0.00922815167965988
1180, 0.00712037230065713
1181, 0.00811662443447858
1182, 0.0112382389294604
1183, 0.0272600105963647
1184, 0.0357433212921023
1185, 0.0420555129115071
1186, 0.00846810169917132
1187, 0.0121353547354894
1188, 0.00976741484676798
1189, 0.0415574402237932
1190, 0.0418515677253405
1191, 0.0110749818850309
1192, 0.0134236239828169
1193, 0.017152352957055
1194, 0.013640474128936
1195, 0.0251828082837164
1196, 0.00964025842646758
1197, 0.0173866056837142
1198, 0.04129045791924
1199, 0.0238849816710821
1200, 0.0347160361707211
1201, 0.0405403453856707
1202, 0.034857041357706
1203, 0.0138306045749535
1204, 0.0158480238169432
1205, 0.0115706942354639
1206, 0.0118729097303003
1207, 0.0100530882366002
1208, 0.0147777625825256
1209, 0.0312969918761935
1210, 0.0230688103474677
1211, 0.0195505854984124
1212, 0.0366943897679448
1213, 0.0212684711441398
1214, 0.0330625041387975
1215, 0.0181185995228589
1216, 0.0248791022226214
