1, 0.004775405745022
2, 0.0128835763316602
3, 0.00323417846811935
4, 0.00536644551903009
5, 0.00825679488480091
6, 0.00945496745407581
7, 0.00262332032434642
8, 0.0033499903511256
9, 0.0135395551333204
10, 0.00565821013879031
11, 0.00678360601887107
12, 0.0108807105571032
13, 0.00505477263747404
14, 0.00547810469288379
15, 0.00586064753588289
16, 0.00625699855542431
17, 0.00682185221618662
18, 0.00790826646455874
19, 0.0100354768025378
20, 0.0115670386391381
21, 0.0081409626485159
22, 0.00542338766778509
23, 0.003824791056104
24, 0.00281145231565461
25, 0.00332399281129862
26, 0.00405214311710248
27, 0.00461632094811648
28, 0.00497615438265105
29, 0.00517849228344858
30, 0.0052895158296451
31, 0.00534906094738593
32, 0.00529775134054944
33, 0.00522522232495248
34, 0.00519943322675924
35, 0.00522879837080836
36, 0.00535865717877944
37, 0.00560665247030556
38, 0.00599304943655928
39, 0.00649559629770617
40, 0.00703231633330385
41, 0.00772926351055503
42, 0.00805449648760259
43, 0.00802803218054275
44, 0.00797784506964187
45, 0.00781309759865204
46, 0.00752981635741889
47, 0.00713300821371377
48, 0.00666709857371946
49, 0.00616975718488296
50, 0.00570603281569978
51, 0.00532019208185375
52, 0.00510111538460478
53, 0.00487226329278201
54, 0.00479356533226867
55, 0.00491805956698954
56, 0.00513283504794041
57, 0.00541472528129816
58, 0.00570074841380119
59, 0.00592812042062481
60, 0.00604240200482309
61, 0.00603270623832941
62, 0.00592208025045693
63, 0.00575093544709186
64, 0.005549273143212
65, 0.00536771724000573
66, 0.00522450691399475
67, 0.00515445158816874
68, 0.00518453206556539
69, 0.00534860393963754
70, 0.00570730492472649
71, 0.00639275826203326
72, 0.00782569350364308
73, 0.00799077877309173
74, 0.00714274394946794
75, 0.0047183046117425
76, 0.00381906877737492
77, 0.00339945207815617
78, 0.00315551032933096
79, 0.00299827319880327
80, 0.00288836215622723
81, 0.00279533913514266
82, 0.00272993289399892
83, 0.0026928489387501
84, 0.00271944259293377
85, 0.00295297355235865
86, 0.00319325976306573
87, 0.00343889050418511
88, 0.00369099832217519
89, 0.00396869638158629
90, 0.00424675220468392
91, 0.00451018486637622
92, 0.00475188177855064
93, 0.00495863053947687
94, 0.00510019141559799
95, 0.00518359837587923
96, 0.00517259126839538
97, 0.0050446002278477
98, 0.00474502732201169
99, 0.00420433364342898
100, 0.0034248837037012
101, 0.00283755911126112
102, 0.00407445520007362
103, 0.00598434739125272
104, 0.00883062859065831
105, 0.0118128081473211
106, 0.0106804390282681
107, 0.00841796553383271
108, 0.0073547774227336
109, 0.00697451969608665
110, 0.00681247449635218
111, 0.00670874254622807
112, 0.00662074629993488
113, 0.00653396189833681
114, 0.00643770024180412
115, 0.00634046508154521
116, 0.00624738253342609
117, 0.00614867716406782
118, 0.00604899848500888
119, 0.00595224023951838
120, 0.00585635615667949
121, 0.00574261043220758
122, 0.00579838043389221
123, 0.00595184268119435
124, 0.00609330468190213
125, 0.00623027615559598
126, 0.00635922079284986
127, 0.00647378092010816
128, 0.0065762212810417
129, 0.00665859497773151
130, 0.00672686224182447
131, 0.00678722187876701
132, 0.00681253406219184
133, 0.00687658926472068
134, 0.00700851428943376
135, 0.00711842517678936
136, 0.00723827017160753
137, 0.00735589008157452
138, 0.00745451590046287
139, 0.00751272945975264
140, 0.00751769659109414
141, 0.00744907193196317
142, 0.00729791431998213
143, 0.0070657345931977
144, 0.00676906240793566
145, 0.00644310431865354
146, 0.00614182278513908
147, 0.00588945671916008
148, 0.00570738416475554
149, 0.00558575110820432
150, 0.00551120564341545
151, 0.00542244414100423
152, 0.00415170278089742
153, 0.00588258231679599
154, 0.00884628482162952
155, 0.0121818009453515
156, 0.0119421502264837
157, 0.00860333621191482
158, 0.00571747706271708
159, 0.0039142375268663
160, 0.0026217108243145
161, 0.00256403329937408
162, 0.00254197954200208
163, 0.00252580689266324
164, 0.00251253476987282
165, 0.0025105878788357
166, 0.00252298568375409
167, 0.0025416617669786
168, 0.0025693978726243
169, 0.00261954528590043
170, 0.00269210408441722
171, 0.00278357734593252
172, 0.00290238919357459
173, 0.00306995767944803
174, 0.00329379298879455
175, 0.00361315483072152
176, 0.00407282596764465
177, 0.00489382050000131
178, 0.00779545458499342
179, 0.00949796211595337
180, 0.00884374153489868
181, 0.00756263880369564
182, 0.00674855817730228
183, 0.0062712444147716
184, 0.00596920765625934
185, 0.00574874971061945
186, 0.00558408186770976
187, 0.00544905755668879
188, 0.0053371200338006
189, 0.00524266669526696
190, 0.00517296884208918
191, 0.00512492742079
192, 0.00510164179528753
193, 0.00509663508273661
194, 0.0051202386772881
195, 0.0051739225940158
196, 0.00524151426119109
197, 0.00533247087150812
198, 0.0054447657118241
199, 0.00557983014732599
200, 0.00545964712121834
201, 0.00450968827187483
202, 0.00301821287721395
203, 0.00675430032424629
204, 0.00747263598411034
205, 0.00901433552748391
206, 0.00888841675727495
207, 0.011163117736578
208, 0.00692016860869314
209, 0.00526241570090254
210, 0.00518030025220166
211, 0.00503416949262222
212, 0.00476944528054446
213, 0.00437130604404956
214, 0.00386107028073942
215, 0.00331244933962201
216, 0.00627833717347433
217, 0.00582017613730083
218, 0.00549169490113854
219, 0.00529160187579691
220, 0.00520251268365731
221, 0.00520151946693659
222, 0.0057509948965162
223, 0.00662630916728328
224, 0.00704403823086371
225, 0.007380327830712
226, 0.00760640832595527
227, 0.00771618025222172
228, 0.00772355143756916
229, 0.00770725946252545
230, 0.00474500741499166
231, 0.00482026248105935
232, 0.00509190671922018
233, 0.00493981537874788
234, 0.00457926661086579
235, 0.00626295936914782
236, 0.00756621512118727
237, 0.0061827313232546
238, 0.0073553534069409
239, 0.00746089351984362
240, 0.00541560747660697
241, 0.00711441156454384
242, 0.00746882113162428
243, 0.00736794993281364
244, 0.00681873306166381
245, 0.00616343936417252
246, 0.00525536213535815
247, 0.00574090195974956
248, 0.00728650218807161
249, 0.00544148780560742
250, 0.00517467746976763
251, 0.00517966159220253
252, 0.00720427840548967
253, 0.00585643539670855
254, 0.00635073698746661
255, 0.00825617865969737
256, 0.00592018976541502
257, 0.00506055440443258
258, 0.00503168592695147
259, 0.00507422389152149
260, 0.00689000038740536
261, 0.00822203331626952
262, 0.00634531304240227
263, 0.00713088235352188
264, 0.00733024029371639
265, 0.00744249547521273
266, 0.00745604559779167
267, 0.00676721478036294
268, 0.00698273307643831
269, 0.00663332276356717
270, 0.00611460336949676
271, 0.00572216634949048
272, 0.00542412286934753
273, 0.00520483164915017
274, 0.00523829557932913
275, 0.00637644661280016
276, 0.00864865553254882
277, 0.00752947465516627
278, 0.00540508892542372
279, 0.00703547781865512
280, 0.00801358736741046
281, 0.00663014953689916
282, 0.00525770662352443
283, 0.00543109665159136
284, 0.00701093821165462
285, 0.00512631041929126
286, 0.00582049371829877
287, 0.00764741643797606
288, 0.00828656274825335
289, 0.0075215312341849
290, 0.00701826112344861
291, 0.00695457189188649
292, 0.00728623192602148
293, 0.00729477545246482
294, 0.00541784833185375
295, 0.00574340535483013
296, 0.00617897630824397
297, 0.00842361599206925
298, 0.00651216641999781
299, 0.00821038203624388
300, 0.00613083542945484
301, 0.00605259011499584
302, 0.00768644622127925
303, 0.00575072514558477
304, 0.00651352535933256
305, 0.00732588899942736
306, 0.00677827542780766
307, 0.00759192451369017
308, 0.00626142924496283
309, 0.00632987134158611
310, 0.0077094646403566
311, 0.00681189228115337
312, 0.00808854233473539
313, 0.00752852102741599
314, 0.00763919099699706
315, 0.00786450644955039
316, 0.00684579333756119
317, 0.00743776715050141
318, 0.00747137209400535
319, 0.00774955893866718
320, 0.00686480725804965
321, 0.00627286504022777
322, 0.00915382755920291
323, 0.00338697478097553
324, 0.00528818454282979
325, 0.00498015644760536
326, 0.00523320915332685
327, 0.00649633103360732
328, 0.00723431651325275
329, 0.00864786060992628
330, 0.00575922033749521
331, 0.00544130891406288
332, 0.00312809195990364
333, 0.00286249362397939
334, 0.00365338779132192
335, 0.0052573491120711
336, 0.00449870096053928
337, 0.00560395019905021
338, 0.00595033285208046
339, 0.00608629108561824
340, 0.00599481794051826
341, 0.00579804294587423
342, 0.00554792179415623
343, 0.00529714518537124
344, 0.00511316559277475
345, 0.0030776864150539
346, 0.00322836695704609
347, 0.00346324895508587
348, 0.00384293054230511
349, 0.00456837890669703
350, 0.0058756679839765
351, 0.00393992724517981
352, 0.00422855284220229
353, 0.00531760944674412
354, 0.00543572606208424
355, 0.00474238465540111
356, 0.0049490937575077
357, 0.0057892610396569
358, 0.00509677419904619
359, 0.00517882988788188
360, 0.00606403864609698
361, 0.00519265828188509
362, 0.00511755619663745
363, 0.00493856340957185
364, 0.00461830776960899
365, 0.00415613350924104
366, 0.00392990537719535
367, 0.00338969305157661
368, 0.00723186707390206
369, 0.00602406356483698
370, 0.00561783808128287
371, 0.00710902739471446
372, 0.00796969879108171
373, 0.0108017343251655
374, 0.0036257312555487
375, 0.00476030586287379
376, 0.00305972827066268
377, 0.00333881430560723
378, 0.00392546324292198
379, 0.00451423798222095
380, 0.00423236757827302
381, 0.004956623694549
382, 0.00510174125277748
383, 0.00518115446902812
384, 0.00520098290871829
385, 0.00516021325408171
386, 0.00507362768985331
387, 0.00486823035559307
388, 0.00494889499774824
389, 0.00627209870920827
390, 0.00623597813925395
391, 0.00607554238134374
392, 0.00561237447739889
393, 0.00598230096511543
394, 0.00581922226895889
395, 0.0056153346473972
396, 0.0069451939392214
397, 0.0074739942792803
398, 0.00554611374779294
399, 0.00537254506101211
400, 0.00546070033063491
401, 0.00539896986447275
402, 0.00534739182330668
403, 0.00621316962254544
404, 0.00585138898653289
405, 0.006145001660722
406, 0.00579748651944101
407, 0.00296473561320454
408, 0.00346750069487219
409, 0.00412062877633919
410, 0.00287159334402531
411, 0.00279324096627533
412, 0.00476129942884048
413, 0.00372447622551893
414, 0.00612444640137255
415, 0.00663642220509549
416, 0.00811603213660419
417, 0.00777795057122906
418, 0.00646354859539618
419, 0.00425366630467276
420, 0.00512409287815293
421, 0.00518995616585016
422, 0.00480651933078965
423, 0.00392858251386012
424, 0.00499747266682486
425, 0.00520654597009222
426, 0.00455490821817269
427, 0.00519086975449075
428, 0.0051685778501754
429, 0.00519939349032938
430, 0.0053300669339175
431, 0.00360041922734429
432, 0.00331659372895956
433, 0.0047415982466191
434, 0.00546351610682905
435, 0.00647552924541136
436, 0.00544510378191868
437, 0.00561672557766239
438, 0.00538031341663251
439, 0.00538277723050366
440, 0.00546324365617086
441, 0.00582379203600188
442, 0.00605293227514873
443, 0.00628308563803633
444, 0.00558237351166705
445, 0.00646315138631811
446, 0.00578761197781811
447, 0.00650735828094184
448, 0.0063972284939761
449, 0.00616767121634136
450, 0.00617104877407352
451, 0.00329327629879117
452, 0.00504265333681057
453, 0.00440861847406874
454, 0.00398947859260564
455, 0.00576815726235509
456, 0.00595875693640361
457, 0.00756585733033717
458, 0.00543615934439004
459, 0.00587055215146393
460, 0.00790172106852489
461, 0.00710261007770896
462, 0.00593681104614266
463, 0.00648115478855159
464, 0.00828594960538404
465, 0.00714294243759165
466, 0.00354032908632819
467, 0.00393215877314409
468, 0.00534331887805214
469, 0.00558928741763035
470, 0.00523088461098572
471, 0.00521346010888616
472, 0.00521717573671291
473, 0.00517863128334284
474, 0.00521693720171849
475, 0.0050705283259352
476, 0.00488640942300359
477, 0.00463195711684724
478, 0.00430472765583545
479, 0.00589831001125276
480, 0.00601903694526603
481, 0.00556127315697571
482, 0.00572480851163467
483, 0.00562536825115482
484, 0.00587540965837737
485, 0.00537288274305562
486, 0.00545289223858466
487, 0.00537133298348635
488, 0.00544218307671448
489, 0.00615525350440294
490, 0.00674021375986437
491, 0.00646368775051087
492, 0.00684462122929593
493, 0.00673999489905934
494, 0.0037124360872743
495, 0.00316367601044476
496, 0.00465128888996939
497, 0.00519432705671837
498, 0.0070796025916934
499, 0.00760073470883071
500, 0.00439637117753071
501, 0.00802133241668344
502, 0.00584479830493884
503, 0.005423288520736
504, 0.00474915971669058
505, 0.00527906510978937
506, 0.00526106442945699
507, 0.00516762433107942
508, 0.00523527560289949
509, 0.00524620284947256
510, 0.00527161445158223
511, 0.00500629415425162
512, 0.00594043880701065
513, 0.00583104385683934
514, 0.00560730769454191
515, 0.00549427753624817
516, 0.00533664315783729
517, 0.00539898957746724
518, 0.00543608388397843
519, 0.00564454111736268
520, 0.00534699445900818
521, 0.00594860435618709
522, 0.00422080423838149
523, 0.00626063471039136
524, 0.00665581354405731
525, 0.00704348215367645
526, 0.00720966001972556
527, 0.00537823014227407
528, 0.00500295259989798
529, 0.00394122658763081
530, 0.00766394687040399
531, 0.0048769720364362
532, 0.00576396884086231
533, 0.0052278219123504
534, 0.00542984514807661
535, 0.00535617345788827
536, 0.00528557375073433
537, 0.00534403409498433
538, 0.00529493981351455
539, 0.0052879462018609
540, 0.00526036904193461
541, 0.00628801299414287
542, 0.00565854809246957
543, 0.00579512198455632
544, 0.00531770890423407
545, 0.00542432186193764
546, 0.00567825755570084
547, 0.00478812136376898
548, 0.006005884334445
549, 0.00629248050972819
550, 0.00685022410470992
551, 0.0073713674210012
552, 0.00668651009133707
553, 0.00527858819502095
554, 0.00733657036907971
555, 0.00530060240998864
556, 0.00647168289870024
557, 0.00702262057789734
558, 0.00534240490136047
559, 0.00542269239667803
560, 0.00545442177514945
561, 0.00552752106450498
562, 0.00892541566863656
563, 0.00368293188512325
564, 0.00496312075604995
565, 0.00459033336179952
566, 0.0040771968391103
567, 0.00686673447489738
568, 0.0068188919685781
569, 0.006745856294098
570, 0.00666205189190805
571, 0.00656253223617872
572, 0.00632470958710959
573, 0.00619135424494743
574, 0.00590978174780806
575, 0.00644928344991058
576, 0.00605575363927831
577, 0.0052362095642214
578, 0.00734210167346256
579, 0.00940735189111105
580, 0.0116798185743392
581, 0.00675805537806203
582, 0.00785197965645542
583, 0.00624481937848032
584, 0.006410778965801
585, 0.00649587449152023
586, 0.0063251070290183
587, 0.00657624145969748
588, 0.00666050244277964
589, 0.00690833855575571
590, 0.00719777871078501
591, 0.00930192267211775
592, 0.00546789281070232
593, 0.00553304081161817
594, 0.00564378612519552
595, 0.0058087717431287
596, 0.00604007777292281
597, 0.00632669648621231
598, 0.00664248166140169
599, 0.00695073720999062
600, 0.00720552719819049
601, 0.0073870827909559
602, 0.00748751692784329
603, 0.0075092725843812
604, 0.00746903944915781
605, 0.00739055996139844
606, 0.00728047026010851
607, 0.00715971128859868
608, 0.00704215121610711
609, 0.00374837797911217
610, 0.00463082867208868
611, 0.0053125232225284
612, 0.00509641684281329
613, 0.0053941022294263
614, 0.00518137313580761
615, 0.00491887412499636
616, 0.00677917517411212
617, 0.00655742629896849
618, 0.00643193849828094
619, 0.00617124741741767
620, 0.00630196048102031
621, 0.00667325772034625
622, 0.00686917842055361
623, 0.00616039944967876
624, 0.00695729403135677
625, 0.00850384748939957
626, 0.00776926812250167
627, 0.00598559897237768
628, 0.00634008766307185
629, 0.00607764845093091
630, 0.00678094356165578
631, 0.00657075752193729
632, 0.00641352066304535
633, 0.0059054862242192
634, 0.00666403882981588
635, 0.00649003319752713
636, 0.00725007193007817
637, 0.00628447652949641
638, 0.00744241607996325
639, 0.00732835265807807
640, 0.00544335267373494
641, 0.00575308109788845
642, 0.00715081017309179
643, 0.00743315745300303
644, 0.00737309580047925
645, 0.00728277489542961
646, 0.00717216869816184
647, 0.00659902995297064
648, 0.00557581684552133
649, 0.00599183763066928
650, 0.00689625833183527
651, 0.00746611893797914
652, 0.00706390691145013
653, 0.00604338428404714
654, 0.00578282663731703
655, 0.00552694115322083
656, 0.00526889829364206
657, 0.00505550803306202
658, 0.00653769704513252
659, 0.00666525090734164
660, 0.00640962649292002
661, 0.00679242723466208
662, 0.00628578771526615
663, 0.00690011319238693
664, 0.00694566256632762
665, 0.00626987327511112
666, 0.00612284875630091
667, 0.00658901652786881
668, 0.00669012579601258
669, 0.00682562706060708
670, 0.00701695804794629
671, 0.00651077541988343
672, 0.00774516790018727
673, 0.0073091402106608
674, 0.00643921014852822
675, 0.00619804987218231
676, 0.00740526251805325
677, 0.00738656652780871
678, 0.00730755071466168
679, 0.00715287650624911
680, 0.00692266353871673
681, 0.00738340755924582
682, 0.0066264084695528
683, 0.00629611926463743
684, 0.00597194966394454
685, 0.0072370582104971
686, 0.00732048492257794
687, 0.00714904186315835
688, 0.00703047132784767
689, 0.00568523110511402
690, 0.00545869360212237
691, 0.00666697951965034
692, 0.00532891820184886
693, 0.00636732710214953
694, 0.00541863543912768
695, 0.0069539322052151
696, 0.00651848463652035
697, 0.00691392152414968
698, 0.00678628807266553
699, 0.00638765240243326
700, 0.00665148235081385
701, 0.00617046481929719
702, 0.00696902424097061
703, 0.00637646644220998
704, 0.00687335062927256
705, 0.00673109413279841
706, 0.0077157630585134
707, 0.00631882875071218
708, 0.00626072008162737
709, 0.00706877431366593
710, 0.00734339285797129
711, 0.00655738625209779
712, 0.00663391873240471
713, 0.00716080396280934
714, 0.0073529293294996
715, 0.00671255732110391
716, 0.00737138713399569
717, 0.00733544549439102
718, 0.00702486159279943
719, 0.00722257424301157
720, 0.00708679474579791
721, 0.00635018079386403
722, 0.00701085858357449
723, 0.00723632328057041
724, 0.00595390909196188
725, 0.00730242463760078
726, 0.00558793649543077
727, 0.00592483916053815
728, 0.00692592471438859
729, 0.00648655622111013
730, 0.00662529596593231
731, 0.00677033377966533
732, 0.00712380950183918
733, 0.0081052794897308
734, 0.0064922384529685
735, 0.00692465032140414
736, 0.00710368292250981
737, 0.00678684430507322
738, 0.00669125832306842
739, 0.00765067474761357
740, 0.00644888316414186
741, 0.0073476448111857
742, 0.00700201707271238
743, 0.00732054441080739
744, 0.00739534808478008
745, 0.00742638227529824
746, 0.00736047956161201
747, 0.00722871348261833
748, 0.00684571417514235
749, 0.00716916871412347
750, 0.00705969477227579
751, 0.00643654780772825
752, 0.00713185609007875
753, 0.00787540447587768
754, 0.00687162969261408
755, 0.00658663241968801
756, 0.00673925989152243
757, 0.00727328365402562
758, 0.00637350212782621
759, 0.00793848590304454
760, 0.00826142394604782
761, 0.00662028913696607
762, 0.00713726005051285
763, 0.00697928791244825
764, 0.006847084655116
765, 0.00732882957284649
766, 0.00755679743209233
767, 0.00847835717722773
768, 0.00717262551188469
769, 0.00731651108556737
770, 0.00688727817032486
771, 0.00746101261271785
772, 0.00757366546895355
773, 0.00755872457132985
774, 0.00736534719665845
775, 0.00700257349914561
776, 0.00704534976587941
777, 0.00691224967262575
778, 0.00659110671840608
779, 0.0084429996398588
780, 0.00671623557406877
781, 0.00797346809745899
782, 0.00808861005740861
783, 0.00775055234165241
784, 0.00674810507334769
785, 0.00656678793020546
786, 0.00780184422619641
787, 0.00778768883485879
788, 0.00749483234249055
789, 0.00831146389245987
790, 0.00477579710007246
791, 0.00316257528029382
792, 0.00638562553407003
793, 0.00650193421946218
794, 0.00661321609125783
795, 0.00672527297865599
796, 0.00686172807278732
797, 0.0070458467816934
798, 0.00735948618967086
799, 0.00798903071942429
800, 0.0094145722022014
801, 0.00939493712836078
802, 0.0116074820049107
803, 0.00729392385775489
804, 0.00276949058752507
805, 0.00300488915915291
806, 0.00324656622251496
807, 0.00348935588651026
808, 0.00374511941724146
809, 0.00401632055096949
810, 0.00428706485157212
811, 0.00454366292494039
812, 0.00478541940295448
813, 0.00497879677762588
814, 0.00512083480134606
815, 0.00518375747681906
816, 0.00514040479902178
817, 0.00496186898089945
818, 0.00461252615787089
819, 0.00409837643383071
820, 0.00352029058073337
821, 0.00502940131506572
822, 0.00418160452196995
823, 0.00368134254434456
824, 0.00336194104359796
825, 0.00313323798278968
826, 0.00296789469818274
827, 0.00284514888577784
828, 0.00275431131012738
829, 0.00268443479823569
830, 0.00264034724871938
831, 0.0026168431310604
832, 0.00259947829181328
833, 0.00259306078078225
834, 0.00260074983816594
835, 0.00261984315390388
836, 0.00263925432227552
837, 0.00559109538638343
838, 0.00566399202216417
839, 0.00582448730710894
840, 0.00603075923087696
841, 0.00631151720881462
842, 0.00671225898743918
843, 0.00728953008850416
844, 0.00793290297345569
845, 0.00806530491293718
846, 0.00459963160877426
847, 0.00482726178597659
848, 0.00519617487831662
849, 0.00501255287478368
850, 0.00514370307791978
851, 0.00515276263467968
852, 0.00492781478290757
853, 0.00521954531515283
854, 0.00434694765135646
855, 0.00408325666406502
856, 0.0038159098670197
857, 0.00355919260376443
858, 0.00331542937783524
859, 0.0030772292908902
860, 0.00503524214339753
861, 0.00553721305914223
862, 0.00543232871374736
863, 0.0059663268039003
864, 0.00615666434168816
865, 0.00640454022989919
866, 0.00671865651383996
867, 0.00709200014049808
868, 0.00738956678348283
869, 0.00547732987130682
870, 0.00538224078870068
871, 0.00530994039339324
872, 0.00526094533658276
873, 0.00523082512275626
874, 0.00522995092129956
875, 0.00524918339215219
876, 0.0052894363567854
877, 0.00535072983863453
878, 0.00718351356529941
879, 0.00815264543052763
880, 0.00694008807962139
881, 0.00616439311609914
882, 0.00661339478877683
883, 0.00627652916591614
884, 0.00647344316045443
885, 0.00676026086633404
886, 0.00755437343226125
887, 0.00316353704935561
888, 0.00361567821043233
889, 0.00293012520220752
890, 0.00538853920685748
891, 0.00454562995582819
892, 0.00614240313880146
893, 0.00398010102799162
894, 0.00302877086990823
895, 0.00285762606654316
896, 0.00281467100527758
897, 0.0027870541671291
898, 0.0027709409672146
899, 0.00276988795182357
900, 0.00278556391519184
901, 0.00335530521503339
902, 0.00279814047583689
903, 0.00283631301551525
904, 0.00686063258243459
905, 0.00871292889739076
906, 0.00679556621859471
907, 0.00545712401314328
908, 0.00533795438241214
909, 0.00528472751223793
910, 0.00520197651349008
911, 0.00489181369387855
912, 0.00507019048867126
913, 0.00467290562422325
914, 0.00442427482145528
915, 0.00416394164009641
916, 0.00390042933092142
917, 0.00364591743952284
918, 0.00339615389627094
919, 0.00315835129003972
920, 0.00570182133621226
921, 0.00549181411042809
922, 0.00542366601681958
923, 0.00543860691444327
924, 0.00553015972642849
925, 0.00560553988907486
926, 0.00544609727027516
927, 0.00542016928860297
928, 0.00547494595715155
929, 0.00691515346989036
930, 0.00686639667643855
931, 0.00666489320186277
932, 0.00644540914800018
933, 0.00625064111469934
934, 0.0066601769067347
935, 0.00581991800572723
936, 0.00872545419260859
937, 0.00633812063218405
938, 0.00593368340438853
939, 0.00582007687383642
940, 0.0060468924154217
941, 0.00660691775071124
942, 0.00678859286320706
943, 0.00728386784127603
944, 0.00700410346811016
945, 0.00767531145053605
946, 0.00822466782604655
947, 0.00620591756887734
948, 0.00387084579172855
949, 0.00425509708778312
950, 0.00479569138648609
951, 0.00582953991501459
952, 0.00358694859702761
953, 0.00305074513501798
954, 0.0030024255781124
955, 0.0031255489642111
956, 0.00323192338692024
957, 0.00296930526383221
958, 0.00338218673520411
959, 0.00295243709115312
960, 0.00295150324624653
961, 0.00299336278944143
962, 0.00264604138210416
963, 0.00799648901447654
964, 0.00906746545806527
965, 0.00556550500914454
966, 0.00566727874268379
967, 0.00879050954245031
968, 0.00758667914972951
969, 0.00850087551710506
970, 0.00566264078952372
971, 0.00323824136285111
972, 0.00374291406478733
973, 0.00348943528175975
974, 0.00400275071539606
975, 0.00426954108600815
976, 0.00452826494195809
977, 0.00582770607434213
978, 0.00518969776264081
979, 0.00555706117302179
980, 0.00536946537128339
981, 0.00477244541980326
982, 0.00499614169045041
983, 0.00597492974096288
984, 0.00587056204676628
985, 0.00560174490480373
986, 0.00578695652075112
987, 0.00571362278424203
988, 0.00562336140622695
989, 0.00566272033999364
990, 0.00560047337785363
991, 0.00561889129069944
992, 0.00644972078346958
993, 0.00656068456980089
994, 0.00659601025593777
995, 0.00295856047887355
996, 0.00609570877471318
997, 0.00607498611013095
998, 0.00643976653615634
999, 0.0073375515639782
1000, 0.00581586457944165
1001, 0.00628165512656172
1002, 0.00771482921360681
1003, 0.00704006482070933
1004, 0.00594033910116802
1005, 0.00679328164551407
1006, 0.00817070567669968
1007, 0.00360997593573605
1008, 0.0033283041169246
1009, 0.0034453080346187
1010, 0.00453718600329012
1011, 0.00509059537823002
1012, 0.00567426811903715
1013, 0.00325163267552853
1014, 0.00319548502253989
1015, 0.00315835136764993
1016, 0.00312116187997162
1017, 0.00383788422914222
1018, 0.00413219207742562
1019, 0.00313556238931293
1020, 0.00570497610606253
1021, 0.0058282964663314
1022, 0.00667033297941089
1023, 0.00578675760577122
1024, 0.00334300368558615
1025, 0.00360719428863376
1026, 0.00386403074177603
1027, 0.00413115904666483
1028, 0.00439997587818652
1029, 0.00466259409828732
1030, 0.00607983383815736
1031, 0.00492161597746114
1032, 0.00542229503237953
1033, 0.0057071258003513
1034, 0.00517149859418472
1035, 0.0063319414621219
1036, 0.00621871281570445
1037, 0.00612002731456111
1038, 0.00603723654057831
1039, 0.00577465805690736
1040, 0.00577551223492871
1041, 0.00579939382926871
1042, 0.00584165360002468
1043, 0.00595879667283346
1044, 0.00589424464851618
1045, 0.00644441577605903
1046, 0.00638284417800605
1047, 0.00632566364947706
1048, 0.00646937040922542
1049, 0.0085541025424997
1050, 0.00613097470098486
1051, 0.00658530132689824
1052, 0.00733995577320457
1053, 0.00639873863353084
1054, 0.00768997407673548
1055, 0.00599300989415497
1056, 0.00805443665012717
1057, 0.00704048201441765
1058, 0.00366662019708504
1059, 0.00384565275938561
1060, 0.0035414305748418
1061, 0.00529982747199635
1062, 0.00345440771585951
1063, 0.00339220033492893
1064, 0.00480560562573373
1065, 0.00408899863638605
1066, 0.00334787432802841
1067, 0.00440625435051819
1068, 0.00600596973007279
1069, 0.005730463238433
1070, 0.005911569770736
1071, 0.00703861444101979
1072, 0.00595959711686841
1073, 0.00374349028182526
1074, 0.00401125435018912
1075, 0.00429066103727867
1076, 0.00457406117736052
1077, 0.00486040196847171
1078, 0.00515399458042036
1079, 0.00581326195970178
1080, 0.00546183301291118
1081, 0.00624557440945258
1082, 0.00351438594516367
1083, 0.00638926153381666
1084, 0.00662301092719038
1085, 0.00632921967189759
1086, 0.00626278055521349
1087, 0.00594900164287537
1088, 0.0059706779041638
1089, 0.00619957956951112
1090, 0.00601595760478328
1091, 0.00607466814108193
1092, 0.00613536534365267
1093, 0.00615684307801227
1094, 0.00644171369882921
1095, 0.00833060499280691
1096, 0.00622205044298122
1097, 0.00678084414297094
1098, 0.00605533640676488
1099, 0.00761226944935818
1100, 0.00655583672535916
1101, 0.00730103390136113
1102, 0.00790959744093319
1103, 0.00408315742000317
1104, 0.00389117087858419
1105, 0.00374609313439578
1106, 0.00554410721330593
1107, 0.00364901701686904
1108, 0.00433641761386146
1109, 0.00361188888616328
1110, 0.00509383397487303
1111, 0.00466877311312904
1112, 0.00594377634115517
1113, 0.00863335281610489
1114, 0.00800717039965093
1115, 0.00609014136716723
1116, 0.00390787995032345
1117, 0.00420443306211382
1118, 0.00450557563453913
1119, 0.0048185595854496
1120, 0.00514640480590363
1121, 0.00549580750521272
1122, 0.00588907902905097
1123, 0.00635010120458901
1124, 0.00642917689401656
1125, 0.00644389912486076
1126, 0.00679554669962575
1127, 0.00643464061431587
1128, 0.0059244881849736
1129, 0.00613439199514687
1130, 0.00640001035450647
1131, 0.00618887083449711
1132, 0.00624748202972114
1133, 0.00635884325796117
1134, 0.00630736475189527
1135, 0.00634278970149656
1136, 0.00810760391565661
1137, 0.00634751841425896
1138, 0.00616127353472014
1139, 0.00701062016499539
1140, 0.00771713392653813
1141, 0.00749530522928884
1142, 0.00431603282534828
1143, 0.00410070107318461
1144, 0.00393339085470264
1145, 0.00458008144050837
1146, 0.00674937289052953
1147, 0.00584936268361551
1148, 0.00489386012001584
1149, 0.00529364841834952
1150, 0.00837785153028866
1151, 0.00629350233690015
1152, 0.00445145461708307
1153, 0.00478241949652632
1154, 0.00513982854317874
1155, 0.00552147704487046
1156, 0.00593747792299837
1157, 0.00640114253231635
1158, 0.00640638820671787
1159, 0.00649202021304518
1160, 0.00635727378539741
1161, 0.00653165714660039
1162, 0.00741646811366081
1163, 0.0064283423901846
1164, 0.00653833282801012
1165, 0.00689381489064544
1166, 0.00647848972585052
1167, 0.00652255734894425
1168, 0.00652078919423123
1169, 0.00785611205113431
1170, 0.00802181581301349
1171, 0.00722313059183459
1172, 0.00452278143105408
1173, 0.00427623675204813
1174, 0.00482004974037409
1175, 0.00751509404896448
1176, 0.00512425197909276
1177, 0.0054677336399133
1178, 0.00695105510142942
1179, 0.00413077301345766
1180, 0.00790760670788586
1181, 0.00383040986489505
1182, 0.00589025125373155
1183, 0.0078648338560015
1184, 0.004751047391134
1185, 0.00513843784574419
1186, 0.00649764658883214
1187, 0.00553967636854698
1188, 0.00596896900484959
1189, 0.00642319640610367
1190, 0.00626516462458919
1191, 0.00636867247521877
1192, 0.00662332034802863
1193, 0.00654031968830774
1194, 0.00665650869874905
1195, 0.00663228961639106
1196, 0.00668176112230867
1197, 0.00668941046266506
1198, 0.00747571505295734
1199, 0.00691235193517059
1200, 0.00759136808725695
1201, 0.0066967816480125
1202, 0.00734734671035161
1203, 0.00466275300520162
1204, 0.00730747108658155
1205, 0.0050720837233322
1206, 0.00534770975355059
1207, 0.00566121039446443
1208, 0.00711586194423338
1209, 0.00600713592333098
1210, 0.00746871876929488
1211, 0.00511723849922419
1212, 0.00554670987185091
1213, 0.00598599618145575
1214, 0.00643835585409154
1215, 0.00643317825160921
1216, 0.00680732852779329
1217, 0.00659056636504829
1218, 0.00685642294896146
1219, 0.0067438097903505
1220, 0.00683264046286543
1221, 0.00689007966623952
1222, 0.00442981794476509
1223, 0.00623700735159218
1224, 0.0073135905355836
1225, 0.00728338241710195
1226, 0.006144385629644
1227, 0.00554695236496627
1228, 0.00584113702643663
1229, 0.00718198344111443
1230, 0.00554212039181342
1231, 0.00598462531343102
1232, 0.00641451411259671
1233, 0.0069924802519381
1234, 0.00633001440603818
1235, 0.00665529689285904
1236, 0.00700337675932263
1237, 0.00686067466934522
1238, 0.00687116528085123
1239, 0.00595498197556784
1240, 0.00711405413070073
1241, 0.00728478557430208
1242, 0.00637954593791316
1243, 0.00672404111052553
1244, 0.00695359851233661
1245, 0.00684452193257
1246, 0.0068779995587344
1247, 0.00713226930238306
