1, 0.0083910240791738
2, 0.0504687298089266
3, 0.00616216810885817
4, 0.00588893960230052
5, 0.0190972127020359
6, 0.0212175883352757
7, 0.00461471150629222
8, 0.00557696877513081
9, 0.0539855652799209
10, 0.0120770952198654
11, 0.00905382772907615
12, 0.0651086643338203
13, 0.00927344139199704
14, 0.0103621501475573
15, 0.0111951650275538
16, 0.0120587172762801
17, 0.0131502974157532
18, 0.0156369639250139
19, 0.0246170009486377
20, 0.0397978089749813
21, 0.0377175575122237
22, 0.0269940734530489
23, 0.0178033934595684
24, 0.010646424566706
25, 0.00664381294821699
26, 0.00472757310490124
27, 0.00414383500659217
28, 0.00376502742680411
29, 0.00492032458229611
30, 0.00576943252235651
31, 0.00598937371978536
32, 0.00670715312783917
33, 0.00778814288787544
34, 0.0092563641568025
35, 0.0107188642335435
36, 0.0120770558714867
37, 0.0132530950941145
38, 0.0142769838372866
39, 0.0158082668979963
40, 0.0181611009563009
41, 0.0200160766641299
42, 0.0199636851903051
43, 0.0193276839951674
44, 0.0175032643601298
45, 0.0149530592995385
46, 0.013272566255182
47, 0.0118380008886258
48, 0.0106194036391874
49, 0.00966561042393247
50, 0.00898873976742228
51, 0.00865336429948608
52, 0.0088862592043976
53, 0.00940346842010816
54, 0.0101303673970203
55, 0.0111414608545601
56, 0.012761396355927
57, 0.0167145755452414
58, 0.0223733223974705
59, 0.0264699098964532
60, 0.0268833683803678
61, 0.0241861380636692
62, 0.0204904895896713
63, 0.0177688623468081
64, 0.0168294937660297
65, 0.0176467532292008
66, 0.019334995187819
67, 0.0192419321586688
68, 0.0153994583524764
69, 0.00981052887315551
70, 0.00824777424956361
71, 0.00732513377442956
72, 0.00667047609264652
73, 0.00618521450087428
74, 0.00581737436975042
75, 0.00551478145644069
76, 0.00526873340519766
77, 0.00506126973778009
78, 0.00487951515242457
79, 0.00471544335596263
80, 0.00465822295518592
81, 0.004766325893191
82, 0.00490965531207621
83, 0.00508358170433591
84, 0.00525415032946815
85, 0.00538228044752032
86, 0.00542477848163495
87, 0.00529724444883565
88, 0.00488869442294041
89, 0.00411063508363441
90, 0.00316590123111382
91, 0.00363796997892981
92, 0.00449875069898553
93, 0.00692451163195074
94, 0.0109894295843939
95, 0.0198187474161386
96, 0.032300081414481
97, 0.0448607287059228
98, 0.0417700274847448
99, 0.024631524613748
100, 0.017029169248417
101, 0.0146037961822003
102, 0.0139645165763795
103, 0.01384902272063
104, 0.0139156406124433
105, 0.0140469297766685
106, 0.0141797882970423
107, 0.0143870535927514
108, 0.0149332112632692
109, 0.016092819472154
110, 0.0178200633575519
111, 0.0196489524096251
112, 0.0209969125377635
113, 0.0213723227692147
114, 0.0204971679486334
115, 0.0184363960288465
116, 0.0160376264248043
117, 0.014409624117737
118, 0.0130528534646146
119, 0.0118624789950748
120, 0.01117126395305
121, 0.0105573354909817
122, 0.0101123669495185
123, 0.00978513760492206
124, 0.00954552708814541
125, 0.00937402388080955
126, 0.00947001716122031
127, 0.00972211516151826
128, 0.0107881243651112
129, 0.0118115361159046
130, 0.012783768431594
131, 0.0136970706904928
132, 0.01454711255307
133, 0.0153408874757588
134, 0.0160800249626239
135, 0.0174303489426772
136, 0.0203920236478249
137, 0.0253696873163184
138, 0.032039209579428
139, 0.0391527476410071
140, 0.0445853949834903
141, 0.0461226782451073
142, 0.0430982988327742
143, 0.0370301896085342
144, 0.0298743698125084
145, 0.0233774231746793
146, 0.0187464188784361
147, 0.0156131607169906
148, 0.0133030437864363
149, 0.0113153878288964
150, 0.00939699184770385
151, 0.00787739114214977
152, 0.00650861981557682
153, 0.0047841677442193
154, 0.00727502629160881
155, 0.0125301304894189
156, 0.0228826648866137
157, 0.0361392175157865
158, 0.0471226871013641
159, 0.0369531272444874
160, 0.0230196745445331
161, 0.015941979829222
162, 0.0100535570333401
163, 0.00615124016379317
164, 0.00417348800692707
165, 0.00453496056919297
166, 0.00442524813115597
167, 0.00432856931972007
168, 0.00424945432071884
169, 0.00418396868432562
170, 0.00413938417720298
171, 0.0041221387218684
172, 0.00413568884444733
173, 0.00420904213873049
174, 0.00432455625074605
175, 0.00450321123935282
176, 0.00474166955488424
177, 0.00503484501192967
178, 0.00538114807568491
179, 0.00577378404947619
180, 0.0062127523124218
181, 0.00669284785787265
182, 0.00720675941556692
183, 0.00775857921689749
184, 0.0083661493845284
185, 0.009060464023302
186, 0.0098925846007963
187, 0.0109224339636664
188, 0.0121332032916447
189, 0.0158487592513363
190, 0.03906080708839
191, 0.0407393031443159
192, 0.0204402644497653
193, 0.015206022032847
194, 0.0141717611501614
195, 0.0143752118262152
196, 0.014567059930414
197, 0.014723621464024
198, 0.0149391515490909
199, 0.0153842793467144
200, 0.016374034807086
201, 0.0179632135356466
202, 0.01913857832551
203, 0.018876158632338
204, 0.0173048212503393
205, 0.0153213373074929
206, 0.0140033589365582
207, 0.0130784932213525
208, 0.0108398814530422
209, 0.0101273553445935
210, 0.0177498487755656
211, 0.00621175855242958
212, 0.00894741372515758
213, 0.0116708696975062
214, 0.0127063815016299
215, 0.0144467782229185
216, 0.0179578101572891
217, 0.0264161080121994
218, 0.012311997047315
219, 0.0242640619787077
220, 0.00566311766548703
221, 0.0050450968168055
222, 0.00421806232770905
223, 0.0187678962635497
224, 0.0170516803239783
225, 0.015238645253703
226, 0.0139015938621014
227, 0.0128126365598291
228, 0.0115749065298587
229, 0.0101840114997079
230, 0.00871429957138995
231, 0.00727391359396279
232, 0.00634429552592337
233, 0.0127359653512637
234, 0.0140083261455099
235, 0.0160722959165772
236, 0.018820209428668
237, 0.0115387064870447
238, 0.00974045383433501
239, 0.010517360875383
240, 0.0137357142133017
241, 0.0151084694856157
242, 0.0169555974037697
243, 0.012717388337478
244, 0.0116753003870447
245, 0.0108215486231659
246, 0.0143006865400821
247, 0.0167471989989281
248, 0.0137348997717102
249, 0.00851833932877829
250, 0.0196902064606547
251, 0.0100050386972725
252, 0.0113996488507837
253, 0.00673011467526002
254, 0.0126082523105045
255, 0.0175213646143675
256, 0.0151887761894614
257, 0.00657904225712021
258, 0.011531406148736
259, 0.00901880002735803
260, 0.0170738129721334
261, 0.0138990901676672
262, 0.0174947496769684
263, 0.0163535391911864
264, 0.0116352466090272
265, 0.0150410760349284
266, 0.0127163556559632
267, 0.0195427143148014
268, 0.0143457678301881
269, 0.01287222149161
270, 0.0165729949561258
271, 0.0118826650083065
272, 0.00852785620372742
273, 0.0168058106986185
274, 0.0126904468052089
275, 0.0115118841640651
276, 0.0138058292213827
277, 0.015339814669763
278, 0.0167361528479627
279, 0.0101060088103016
280, 0.0139765169781943
281, 0.0185129470191896
282, 0.0163773929234594
283, 0.013103538724993
284, 0.0144828982496013
285, 0.0157663452749451
286, 0.014196616752694
287, 0.0129551309316109
288, 0.0169509476982057
289, 0.0116632005665451
290, 0.0178429116494954
291, 0.0163515439101805
292, 0.0165333378439148
293, 0.014790537301451
294, 0.0165158140007406
295, 0.0172902974300086
296, 0.0148258233287682
297, 0.0129612704738975
298, 0.0103494424372911
299, 0.0153246430680156
300, 0.0175107945688069
301, 0.0163963349536061
302, 0.0185381205752492
303, 0.0230278810486197
304, 0.00936609720035146
305, 0.00620405044173822
306, 0.0141414826891075
307, 0.0202745030013223
308, 0.0239206203259528
309, 0.0265017597315212
310, 0.0167518682622661
311, 0.0175171725762387
312, 0.0168752504202227
313, 0.0164990650179485
314, 0.0259732051442067
315, 0.0219962041204174
316, 0.0167926184367388
317, 0.0132154646950463
318, 0.0115887344193955
319, 0.0106301723668973
320, 0.00990591578495999
321, 0.00939256092533469
322, 0.0131849870085716
323, 0.021481736873587
324, 0.0152443282616635
325, 0.00483719581582894
326, 0.00543709677488854
327, 0.0057465840363875
328, 0.00614013363762448
329, 0.00665553523382793
330, 0.00738062593154609
331, 0.00846994055124621
332, 0.0102139131631702
333, 0.00493609982853134
334, 0.00565910436368237
335, 0.00549775470669071
336, 0.00504426281743993
337, 0.00438390262812997
338, 0.00372632424114272
339, 0.0348142965563706
340, 0.0175448277344306
341, 0.0114606640612086
342, 0.0146930444364746
343, 0.0188595891619722
344, 0.0255083295827111
345, 0.0234414180740714
346, 0.0159451594421019
347, 0.0223838142119348
348, 0.0160462289738158
349, 0.0186543100668738
350, 0.0261503107224902
351, 0.0125718140043318
352, 0.0120403587352484
353, 0.0109541234560311
354, 0.0228743992435435
355, 0.0340763224022729
356, 0.010055305249989
357, 0.0167653790364663
358, 0.00639692511010383
359, 0.00519303570035845
360, 0.00684078643098474
361, 0.00906227172041933
362, 0.0049929030938074
363, 0.00575610095014175
364, 0.00621485807156811
365, 0.00771788895751039
366, 0.0109720838566621
367, 0.00510575447697192
368, 0.00547828358442833
369, 0.0056215733056888
370, 0.0061102321681877
371, 0.00610109290573746
372, 0.00600820900096248
373, 0.0187492799013853
374, 0.00939373415894806
375, 0.0132278913099851
376, 0.014294609360929
377, 0.0107848830521107
378, 0.00937471981160343
379, 0.0158158765019228
380, 0.026497726328671
381, 0.0244507237027089
382, 0.0206528149234752
383, 0.0252005296448867
384, 0.0165118802494059
385, 0.013505501129354
386, 0.0173096884197245
387, 0.0210067668619255
388, 0.0146680101752281
389, 0.0121496462263167
390, 0.0165873596755167
391, 0.0137911261990666
392, 0.029194837063551
393, 0.025161549448967
394, 0.0121809063324084
395, 0.0263240579515696
396, 0.00541903680035224
397, 0.00698336081889768
398, 0.00795076426584274
399, 0.00628046299486111
400, 0.00930480309762061
401, 0.0117982301994094
402, 0.00599893038937201
403, 0.00514477580630531
404, 0.0052991914562881
405, 0.00724989323255916
406, 0.00693732635894169
407, 0.00579716870561242
408, 0.0123651999048889
409, 0.00517976377159357
410, 0.00499057842950736
411, 0.0146006199398211
412, 0.0242613591253757
413, 0.0116259679198265
414, 0.0150294332609822
415, 0.0268281743240853
416, 0.027000869003435
417, 0.015850487165153
418, 0.0190026398437719
419, 0.0234523656157156
420, 0.0184732309232155
421, 0.0236378152233859
422, 0.0155461857405802
423, 0.0149660929261396
424, 0.0186798599703858
425, 0.0138413207605481
426, 0.0308026722632349
427, 0.00542610976845026
428, 0.00577545255267372
429, 0.00662424264010042
430, 0.00709720557400336
431, 0.0111723441630602
432, 0.00813243918431302
433, 0.00961470774685343
434, 0.00534854402455191
435, 0.00556818721815944
436, 0.00828659697435796
437, 0.00630647052700321
438, 0.00482032373547554
439, 0.0109768172726035
440, 0.0302595150036116
441, 0.0138284588853518
442, 0.014098925050348
443, 0.0268895678843061
444, 0.0224138336877028
445, 0.0146626657806337
446, 0.0286118833658596
447, 0.0175838503055274
448, 0.0266950855563794
449, 0.014493209309876
450, 0.0133019906934351
451, 0.00581610284280032
452, 0.0307602151297033
453, 0.0204523118212819
454, 0.0264147569735845
455, 0.0139097241684794
456, 0.00922938941844872
457, 0.00634193525183946
458, 0.00770590846271565
459, 0.00521018598228693
460, 0.00825172767508775
461, 0.0117583463766745
462, 0.00967089498105148
463, 0.00597244609768192
464, 0.00544703099876642
465, 0.00567738304380327
466, 0.00713378295768052
467, 0.0114890017014529
468, 0.0281299206738671
469, 0.0321146707671384
470, 0.0175916183119019
471, 0.0127625889144838
472, 0.0131839140473555
473, 0.0212070980730156
474, 0.0127382101491094
475, 0.026328747626394
476, 0.0164030817492555
477, 0.0137824837584049
478, 0.0290823753923178
479, 0.0135997359175235
480, 0.00642522843554616
481, 0.00754184885881841
482, 0.0094717077777854
483, 0.0072095801976199
484, 0.00981539635298153
485, 0.00663530935222904
486, 0.0111614718101919
487, 0.00617331359535456
488, 0.0083673014305532
489, 0.0157570867644002
490, 0.0218011375206212
491, 0.0200044548449417
492, 0.0154336320701987
493, 0.0125547431409359
494, 0.025808319915086
495, 0.0131520060046266
496, 0.0128347304028769
497, 0.0295550711452961
498, 0.0099180000834167
499, 0.00734048020094633
500, 0.00833342589127521
501, 0.00582296941429377
502, 0.00766146287787706
503, 0.0115595733347748
504, 0.0100037074492623
505, 0.00699291735266646
506, 0.0113658072826053
507, 0.0189313923807016
508, 0.0110922480622927
509, 0.0145784243941307
510, 0.0253930145874619
511, 0.0125375672110489
512, 0.0122261868479351
513, 0.00831491726317576
514, 0.00903966161422431
515, 0.00982558874723812
516, 0.0137008056820681
517, 0.00971255442127585
518, 0.01244139932096
519, 0.0116340342598657
520, 0.0110675357282162
521, 0.0106496630081286
522, 0.0451657842844725
523, 0.00527113784725467
524, 0.00430029716032247
525, 0.0381835976925989
526, 0.0268674151351054
527, 0.0105955222776781
528, 0.0067654861874568
529, 0.0167148939799517
530, 0.0105388385709375
531, 0.0109640580291549
532, 0.012221498026823
533, 0.0102360071614385
534, 0.011551005144914
535, 0.00725245620124042
536, 0.00855239403123657
537, 0.0104675712063909
538, 0.0125287000555545
539, 0.0147590069100261
540, 0.0175280999392271
541, 0.0215321627135078
542, 0.0271650808863342
543, 0.0337408450432122
544, 0.0399292580162485
545, 0.0439764335751534
546, 0.0443030868967374
547, 0.040843593267103
548, 0.0350090721622109
549, 0.0286310757510364
550, 0.0231354871454338
551, 0.0192334490517775
552, 0.0169513059469561
553, 0.0157906241559734
554, 0.0149951805360615
555, 0.0141604967260112
556, 0.0132732024261107
557, 0.0123322431463748
558, 0.011339467484504
559, 0.0103578187214832
560, 0.0170843830953042
561, 0.0158955486646543
562, 0.018330001582702
563, 0.0206927894614637
564, 0.0220454779143135
565, 0.0221363351059457
566, 0.0210627351577083
567, 0.0192555425067743
568, 0.0172819324458639
569, 0.0156805344546835
570, 0.0147683445053796
571, 0.0143834180974712
572, 0.0141254491948833
573, 0.0142003918687503
574, 0.0142009881480287
575, 0.0146982896452149
576, 0.0238090396548311
577, 0.00612080205852787
578, 0.0469058450932304
579, 0.0100342848648628
580, 0.0116578166683515
581, 0.0098549141548574
582, 0.0112534187889347
583, 0.0122128750663251
584, 0.0317440886671344
585, 0.00983768926622967
586, 0.0211396257703503
587, 0.0145156610912333
588, 0.0399971085910996
589, 0.0169465971800188
590, 0.0192374225395421
591, 0.0224630280087392
592, 0.0265179721949001
593, 0.0309993683670958
594, 0.0352669625232617
595, 0.0386517327278852
596, 0.0404920065775514
597, 0.0367072280496359
598, 0.015591485115389
599, 0.00747200580579894
600, 0.0138235119326661
601, 0.0263084627998372
602, 0.0172883306319515
603, 0.0120471739986291
604, 0.0129008517445376
605, 0.0119688533401738
606, 0.0147045677683006
607, 0.0142675267222027
608, 0.0255282572470605
609, 0.0224591338386138
610, 0.0186977616200844
611, 0.0153980081280073
612, 0.0147433105545739
613, 0.0207756394520402
614, 0.0225815821128587
615, 0.0181943404798706
616, 0.0133529928512871
617, 0.0157802929946532
618, 0.0231577400118113
619, 0.0207999584575494
620, 0.0167515703942627
621, 0.0157884982569764
622, 0.014722866549467
623, 0.0145317339338362
624, 0.01914042676799
625, 0.0385589869692922
626, 0.0108673077608858
627, 0.0130074557049998
628, 0.0123144416914632
629, 0.0128047891582052
630, 0.0109838067243497
631, 0.019587063541015
632, 0.0226837042719126
633, 0.0170442497668167
634, 0.0258117568058272
635, 0.0285225169112285
636, 0.0305495120895406
637, 0.0320553053170443
638, 0.0335719062325855
639, 0.0352954738773406
640, 0.0362101852272948
641, 0.0347792357206345
642, 0.0126094501465559
643, 0.0175739561673254
644, 0.015469812322408
645, 0.0135948882283022
646, 0.0313510354608297
647, 0.014519813315322
648, 0.0144856399080406
649, 0.0216648218532403
650, 0.0267342577377955
651, 0.0116605184351405
652, 0.00928232874721289
653, 0.00710358377546072
654, 0.0142721159694095
655, 0.0181153242786725
656, 0.02032830628256
657, 0.0224298468480508
658, 0.0163970220213135
659, 0.0155396689660847
660, 0.0238235633199414
661, 0.024045730009675
662, 0.0157140121640017
663, 0.0229484882826606
664, 0.0175147287081927
665, 0.0224940221135815
666, 0.0207565072923899
667, 0.0180449912634989
668, 0.0157690669875592
669, 0.0292975759754578
670, 0.022291205025145
671, 0.0309748309664428
672, 0.0108738648039954
673, 0.0152719247465332
674, 0.0353861308346192
675, 0.0134495128877461
676, 0.0225827535614371
677, 0.0143283432504783
678, 0.0135078221559525
679, 0.0280140085766713
680, 0.019965512988468
681, 0.023008629369239
682, 0.0256483408932885
683, 0.0272488848616679
684, 0.0275927232578397
685, 0.0270979845275482
686, 0.0267758608485262
687, 0.027774715796113
688, 0.0305433929897845
689, 0.0336922054799894
690, 0.0154398903250694
691, 0.0179306503074865
692, 0.0342737085496386
693, 0.0172517333800594
694, 0.0146292871795595
695, 0.0319859832525253
696, 0.0116418617777526
697, 0.011940024405097
698, 0.0132707142271101
699, 0.0141322297443237
700, 0.0247699664905667
701, 0.0220860674356421
702, 0.0241091685990493
703, 0.0181151459303995
704, 0.0198164214380085
705, 0.0251422167445223
706, 0.0248086295711497
707, 0.0177922076545656
708, 0.0196855502823989
709, 0.0231569055467844
710, 0.0206040185876191
711, 0.0177988048332433
712, 0.0156214067246765
713, 0.0322212719225458
714, 0.0180286204442382
715, 0.0230843271128833
716, 0.0296137379482388
717, 0.0141671242724572
718, 0.0262929449478785
719, 0.0253642246437569
720, 0.0257420786656439
721, 0.0231742503431936
722, 0.0241160436222951
723, 0.0223353342153132
724, 0.0215694134434064
725, 0.022954229110231
726, 0.0270740043682357
727, 0.0154887464207908
728, 0.0203288435004652
729, 0.0175132585378985
730, 0.0323798504347603
731, 0.0334706363889078
732, 0.0346545040607452
733, 0.0129542180802673
734, 0.014482715446502
735, 0.0345108056707042
736, 0.0301468227989972
737, 0.0367447794415057
738, 0.0341676291078329
739, 0.0341566644298534
740, 0.0137933717730145
741, 0.00835621461737901
742, 0.00562050016984964
743, 0.0205848656284312
744, 0.0198135014312963
745, 0.0182709132010738
746, 0.0165490735477457
747, 0.0151794181826214
748, 0.0144198363802085
749, 0.014155807516848
750, 0.0140479028535386
751, 0.0139506878331304
752, 0.0138556585491945
753, 0.0138790041673928
754, 0.0143516888686766
755, 0.0156389304902405
756, 0.0154921349936298
757, 0.0187869107661148
758, 0.0256128952217599
759, 0.011585098458454
760, 0.0224069197041293
761, 0.00524876592680812
762, 0.00507225678302348
763, 0.00470050257475426
764, 0.00448531823764954
765, 0.00366715632844716
766, 0.013247631645451
767, 0.0113088509533554
768, 0.0101012604621549
769, 0.00920893927104771
770, 0.00848156376741827
771, 0.00785297330003232
772, 0.00728557658536981
773, 0.00676262506749481
774, 0.0062756750266999
775, 0.00583446146144221
776, 0.00543787182929615
777, 0.00508771433184544
778, 0.00479147909209132
779, 0.00455174928841492
780, 0.00437949170979361
781, 0.00426189166804155
782, 0.00419986321746061
783, 0.00418500167628129
784, 0.00420622096862644
785, 0.00425799757552644
786, 0.00433047666835288
787, 0.00442159230199953
788, 0.00450559526992341
789, 0.0141257271946718
790, 0.0154523078817874
791, 0.017183664565285
792, 0.0186464421761533
793, 0.0189431143614153
794, 0.0178592038961748
795, 0.0162622163382669
796, 0.0152483806790163
797, 0.0148505787365139
798, 0.0146823947628339
799, 0.0145880606335898
800, 0.0145024086814374
801, 0.0145909411367029
802, 0.016090515224884
803, 0.0212817237867663
804, 0.0294037714290122
805, 0.0148880903919538
806, 0.0187425250187516
807, 0.0172339904432495
808, 0.014627856357644
809, 0.0145448671343426
810, 0.0145479668087016
811, 0.0146162140493592
812, 0.0150982167106122
813, 0.0173467826098204
814, 0.0227568200789392
815, 0.0178658991741637
816, 0.0185459282559653
817, 0.0157284767677387
818, 0.0181167951474587
819, 0.00434293427194158
820, 0.00456631261234482
821, 0.00434690783731639
822, 0.00446492507277677
823, 0.0123435085018476
824, 0.00982437748461962
825, 0.00830320719008644
826, 0.00769259683632602
827, 0.00617210178946455
828, 0.00714051863178611
829, 0.00663300479451815
830, 0.00574890873394907
831, 0.00536678335629404
832, 0.00503496414360901
833, 0.0260882904753089
834, 0.0148566991556436
835, 0.0047667829785496
836, 0.0108807304253181
837, 0.0089981973481675
838, 0.0043903993209824
839, 0.00431919159988562
840, 0.00442483105386297
841, 0.0172539184180399
842, 0.0145441123750061
843, 0.0139960672240704
844, 0.0138924939092249
845, 0.0139705170101176
846, 0.0201730369590223
847, 0.0185949235844115
848, 0.0170043536151449
849, 0.0161850481914977
850, 0.0185024177966019
851, 0.0155050186440349
852, 0.0154229035445799
853, 0.013841532325993
854, 0.0138370424198608
855, 0.0144195984272907
856, 0.0141272372566164
857, 0.013948522352924
858, 0.00527161445158223
859, 0.00506075300897161
860, 0.005197724676691
861, 0.00523823596692334
862, 0.00520791703214248
863, 0.00538899598177522
864, 0.0048996020341292
865, 0.00474558347680916
866, 0.00463554919697344
867, 0.0106677172838577
868, 0.00823277343685428
869, 0.0119964382611215
870, 0.0164136912673712
871, 0.0163534227093416
872, 0.00457675182925803
873, 0.0266548279406769
874, 0.0186191590502858
875, 0.00459382608532906
876, 0.0151955313049257
877, 0.0165892070314537
878, 0.0182343747777243
879, 0.0225643555944165
880, 0.0182711908128113
881, 0.0155959952777872
882, 0.0145903453230858
883, 0.0147059189621359
884, 0.0144913026597351
885, 0.0143936901198079
886, 0.0144156240082035
887, 0.0189841624038915
888, 0.00610830502895017
889, 0.00569570177079489
890, 0.00654763103617976
891, 0.00702570002370824
892, 0.00754306872840971
893, 0.0081111805823942
894, 0.00874537415802479
895, 0.00948711453626553
896, 0.0103897475637496
897, 0.0115455611764143
898, 0.0131069250249614
899, 0.0154327785906692
900, 0.0050336131049941
901, 0.00533171595695118
902, 0.00462097007160385
903, 0.00479263152616719
904, 0.00451719834624479
905, 0.00448002491611987
906, 0.00449401210062206
907, 0.00454326532781124
908, 0.0198611055190365
909, 0.0250520279631019
910, 0.0191820217296481
911, 0.0196598209440708
912, 0.0185666119990249
913, 0.0138359494352092
914, 0.0138764013536274
915, 0.0138490030076355
916, 0.013869506927828
917, 0.0138921962740521
918, 0.0139434762919943
919, 0.0141484166961163
920, 0.0147489927088221
921, 0.0158675931549321
922, 0.0140610959691306
923, 0.0165914526830117
924, 0.0145069589683165
925, 0.0153355627941589
926, 0.0197378636027376
927, 0.00580020827086021
928, 0.00522178485213469
929, 0.00503770591846357
930, 0.00472507951781154
931, 0.00488283318312218
932, 0.0060241826189061
933, 0.00560432761752357
934, 0.00515625971214225
935, 0.00741382560227066
936, 0.0191636972927621
937, 0.00471583507688982
938, 0.0210897620501263
939, 0.0180494024728735
940, 0.0142479559872299
941, 0.0159247944441934
942, 0.0186552439505855
943, 0.0147944912314415
944, 0.0218338801835974
945, 0.0144226182407389
946, 0.0161265158094466
947, 0.0147161311469972
948, 0.0142141999676824
949, 0.0143116537947208
950, 0.00533245096448809
951, 0.00471294007729739
952, 0.0056743830597649
953, 0.00465130883579453
954, 0.0048443484508122
955, 0.00465007704527428
956, 0.0065144708690544
957, 0.00697670512211819
958, 0.00746599972868959
959, 0.00799101746330659
960, 0.00855968574372431
961, 0.00919983970622222
962, 0.0099563420129319
963, 0.0108981950518986
964, 0.0121340183541179
965, 0.0137928357968728
966, 0.0163679952577998
967, 0.00505117664579302
968, 0.00607194631205251
969, 0.0173504583848019
970, 0.00537870416883379
971, 0.0159266820022215
972, 0.0173327551844219
973, 0.013824266847223
974, 0.0138838318331788
975, 0.0138206510649373
976, 0.0138237304830303
977, 0.013817770096163
978, 0.0138361679079632
979, 0.013932786649093
980, 0.0142415986241152
981, 0.0151366025675088
982, 0.0186235339691242
983, 0.0140752422933777
984, 0.0144826995674521
985, 0.00651256320998073
986, 0.00489002543811997
987, 0.00505856746652474
988, 0.00521300325635821
989, 0.0145593670196831
990, 0.0158665409156432
991, 0.018534902172784
992, 0.0197432417688625
993, 0.0160863225658735
994, 0.0143606688361615
995, 0.0148448370552311
996, 0.0144000280027588
997, 0.0140695597510785
998, 0.0141148589706669
999, 0.0140195512988915
1000, 0.00606028328184038
1001, 0.00566939602140337
1002, 0.0049236424965784
1003, 0.0048180230660364
1004, 0.00509641657117754
1005, 0.00534625949027638
1006, 0.00745203241240233
1007, 0.00795110225832711
1008, 0.00847375579178333
1009, 0.00903725818110009
1010, 0.00967051771779855
1011, 0.0104241989708195
1012, 0.0113652771494041
1013, 0.0125967492349446
1014, 0.0142770643190791
1015, 0.0165346102633824
1016, 0.0064967484989514
1017, 0.00696512183640152
1018, 0.0196351803839207
1019, 0.0162512296810746
1020, 0.00734569710524132
1021, 0.00590819217419873
1022, 0.0148939713835716
1023, 0.0152232474647462
1024, 0.0138093260272096
1025, 0.0138043788416932
1026, 0.013782245805487
1027, 0.0138463799376041
1028, 0.0138067033452292
1029, 0.0137752712859462
1030, 0.0138135380111635
1031, 0.0140003193325053
1032, 0.015961241110095
1033, 0.014782153069973
1034, 0.0143141774460673
1035, 0.00497407645785383
1036, 0.00521208920205633
1037, 0.00550371497714271
1038, 0.00478220065124333
1039, 0.0142766861245036
1040, 0.0178427331460019
1041, 0.00649094670855751
1042, 0.0148757524633159
1043, 0.0160350233782083
1044, 0.0139342173933983
1045, 0.0143261578244468
1046, 0.0140087032535424
1047, 0.0138744537252933
1048, 0.00696945306845009
1049, 0.00535949141097565
1050, 0.00511386074746648
1051, 0.00605140222857396
1052, 0.00567267423806091
1053, 0.00848210028683146
1054, 0.0108862342312932
1055, 0.0101603091073533
1056, 0.00954363960772753
1057, 0.0143960743832091
1058, 0.0089928920691212
1059, 0.0129396943375468
1060, 0.0117922452433656
1061, 0.0168561801048262
1062, 0.0079777454957366
1063, 0.00747150322422385
1064, 0.0155106813957294
1065, 0.0178494250401855
1066, 0.00778178490387897
1067, 0.0152154793031514
1068, 0.00685781349117557
1069, 0.0139588540575157
1070, 0.0138227371498942
1071, 0.0137741991784424
1072, 0.0138339827147623
1073, 0.0137573705675701
1074, 0.013799967787539
1075, 0.0137685562949628
1076, 0.0138356316213806
1077, 0.0144940045041343
1078, 0.0140276978102823
1079, 0.014296077657491
1080, 0.0055897442313532
1081, 0.00613411380133281
1082, 0.0188185965642333
1083, 0.0138590192156179
1084, 0.00748525175731629
1085, 0.0069662145882224
1086, 0.0157562526098142
1087, 0.00562812690623105
1088, 0.0148646261077374
1089, 0.00600848696194589
1090, 0.0142892030222962
1091, 0.0137812720301251
1092, 0.0139328863006085
1093, 0.00645844246416042
1094, 0.00801978648329774
1095, 0.0106604715498785
1096, 0.00954566554476818
1097, 0.0100709416437894
1098, 0.0146527119601766
1099, 0.0113427660738428
1100, 0.0132957126479596
1101, 0.0160698446445167
1102, 0.0121823373871545
1103, 0.00905402664405604
1104, 0.00855604978278279
1105, 0.00884902597560237
1106, 0.00805890688207
1107, 0.0145091840531677
1108, 0.0143293170258403
1109, 0.0052285679616034
1110, 0.0137735037133098
1111, 0.013743462972343
1112, 0.0138720502145588
1113, 0.0136283663256715
1114, 0.0139176078761617
1115, 0.0138846857783695
1116, 0.013590557112669
1117, 0.0136354592783997
1118, 0.0137197801377624
1119, 0.0137128658437481
1120, 0.00709267577622086
1121, 0.00626552213604252
1122, 0.00807692746942242
1123, 0.00749526553166409
1124, 0.0137621668167412
1125, 0.00863357516936958
1126, 0.00687192004018774
1127, 0.0153879752227416
1128, 0.0147383642227699
1129, 0.0142195650065939
1130, 0.0138851431353639
1131, 0.00917516291762392
1132, 0.00832388922572136
1133, 0.0111626807289819
1134, 0.0106223447558781
1135, 0.0133822385687381
1136, 0.0159482193024208
1137, 0.0147901292491172
1138, 0.0117709067029258
1139, 0.013444426547115
1140, 0.0125125079260518
1141, 0.0101249041035771
1142, 0.00916328188031912
1143, 0.00965885530846814
1144, 0.0142224334180355
1145, 0.0136774008472761
1146, 0.013494275820752
1147, 0.0138436923734844
1148, 0.00825639701603601
1149, 0.0134703741253664
1150, 0.0137186475719015
1151, 0.0139571063530942
1152, 0.0140614733099937
1153, 0.0132801757038881
1154, 0.0131445953156799
1155, 0.0130440818611532
1156, 0.0128878183507671
1157, 0.00728001046393599
1158, 0.00633478271774948
1159, 0.00874398299492896
1160, 0.00935999738673369
1161, 0.0103820181296517
1162, 0.0144884018227458
1163, 0.00936464608336488
1164, 0.0141053423285484
1165, 0.00984877518688639
1166, 0.0100427087551604
1167, 0.0116758169606328
1168, 0.0121858737741907
1169, 0.0138146728277206
1170, 0.0128293056817104
1171, 0.0143747839145362
1172, 0.0128161936687926
1173, 0.0136205387922625
1174, 0.0111849329744776
1175, 0.0169542068615556
1176, 0.0102728625449042
1177, 0.0107075199484825
1178, 0.0129715429308514
1179, 0.0125875101269533
1180, 0.0132796593631307
1181, 0.013689441839233
1182, 0.0140929253927122
1183, 0.0129414423524092
1184, 0.0126604859251529
1185, 0.0122043943431761
1186, 0.00843935161828995
1187, 0.0120118086536725
1188, 0.0101736404467374
1189, 0.0107024529327949
1190, 0.0117044639108436
1191, 0.0120105934329331
1192, 0.0149114956924071
1193, 0.00946732505690306
1194, 0.0142676260632773
1195, 0.0105467257866015
1196, 0.00805193337146193
1197, 0.0125761453527957
1198, 0.0110579751587162
1199, 0.0143391775366451
1200, 0.012181780844306
1201, 0.0130621420685202
1202, 0.013667904616644
1203, 0.0166330847889185
1204, 0.0117172622121871
1205, 0.0112014557234943
1206, 0.00952424745385846
1207, 0.0121604224356512
1208, 0.0116172654864689
1209, 0.0140294812619686
1210, 0.00951692182570696
1211, 0.0109972493723035
1212, 0.0115429658442736
1213, 0.010692439119642
1214, 0.0111502429159979
1215, 0.0122124571353197
1216, 0.0117281694896519
1217, 0.0108152445560942
1218, 0.00671210011932999
1219, 0.00593648059293628
