1, 0.00951159209944308
2, 0.0269091478548944
3, 0.00482091386220418
4, 0.014154436532408
5, 0.0120576643384993
6, 0.0529258362948895
7, 0.00519180398744841
8, 0.00180119303331594
9, 0.0277373546268791
10, 0.00931954523548484
11, 0.0120319146662951
12, 0.0490266196429729
13, 0.00990257846812407
14, 0.0105326989820848
15, 0.0110760746368517
16, 0.0114527564340582
17, 0.0117167457938194
18, 0.0119309249178817
19, 0.0121314945475509
20, 0.0123679264603804
21, 0.0126364453074833
22, 0.0129201038895796
23, 0.0132076368511965
24, 0.0133994244970381
25, 0.0134367765858769
26, 0.0134841822242985
27, 0.0140386644440393
28, 0.0161025952547789
29, 0.0212889745210608
30, 0.0240096294631561
31, 0.0142299751751125
32, 0.00786074095716079
33, 0.00568964194584017
34, 0.00840757453503708
35, 0.0104950485595812
36, 0.0118954396651437
37, 0.0128154973499477
38, 0.0134410683531314
39, 0.0137918420756857
40, 0.0139455423535158
41, 0.0140446251413474
42, 0.0141078454131881
43, 0.0141262435354292
44, 0.0141718811355531
45, 0.0141579733851055
46, 0.0140959445076684
47, 0.0140306182826559
48, 0.0139778479933739
49, 0.013909342388312
50, 0.0137544098931054
51, 0.0135892649802069
52, 0.013454757630825
53, 0.0132409355913599
54, 0.0129894839289288
55, 0.0128608566398422
56, 0.0128639962834617
57, 0.0129144612389306
58, 0.0129541576219102
59, 0.0129754167671005
60, 0.0129574164748192
61, 0.0128341540694237
62, 0.0124317132867873
63, 0.0123031560021142
64, 0.0124013447202742
65, 0.0122211400109033
66, 0.0116974532914658
67, 0.011051537313809
68, 0.0106275890332957
69, 0.0103355658551057
70, 0.0101255193973581
71, 0.0100358738563955
72, 0.00998644173766176
73, 0.00985209302355846
74, 0.00969056459143758
75, 0.00956289113188783
76, 0.0096488909330219
77, 0.00996887870132923
78, 0.0102390069514513
79, 0.0104051845458647
80, 0.01037192515408
81, 0.0104441664492091
82, 0.0106881478180488
83, 0.0108664052871366
84, 0.0110330600291491
85, 0.0116585913735131
86, 0.0150170357276996
87, 0.0310064615914598
88, 0.0343994765232007
89, 0.0164485008766254
90, 0.0114749292843044
91, 0.00944753643125296
92, 0.00832112800950805
93, 0.00755147271168729
94, 0.00691596798909207
95, 0.00636220102508863
96, 0.00590463580253224
97, 0.0055532861345758
98, 0.00529992665785054
99, 0.00510780117474496
100, 0.00495338525312642
101, 0.00485682572859029
102, 0.00484395120292902
103, 0.00489922449924052
104, 0.00498139959139128
105, 0.00507025024853647
106, 0.00513545780753096
107, 0.00527119743637741
108, 0.00537383665020267
109, 0.00546012430762251
110, 0.00548042958447089
111, 0.00538373098243028
112, 0.00507134303916246
113, 0.00440536030024911
114, 0.00321219424949959
115, 0.00164955892978469
116, 0.00510529801249504
117, 0.0114661084177593
118, 0.020152572542429
119, 0.0217825217793385
120, 0.0164991052976499
121, 0.0142808585272481
122, 0.0134064381321271
123, 0.0128358429453025
124, 0.0123094341251999
125, 0.0118721945521732
126, 0.0115415080605696
127, 0.0112679823456953
128, 0.0109655281994492
129, 0.0106013436646511
130, 0.0101692893076688
131, 0.00965448360269268
132, 0.00955966266337782
133, 0.00960389943793416
134, 0.00977901772906383
135, 0.00986222612361113
136, 0.00991161850591501
137, 0.0100527227235337
138, 0.010383409447968
139, 0.0108309610125919
140, 0.0112713198177516
141, 0.0116318484457831
142, 0.0119295935146511
143, 0.0120743932202458
144, 0.012129786113898
145, 0.0121566975722089
146, 0.0122110069108506
147, 0.0124599556438625
148, 0.0126458030814926
149, 0.0128074510333439
150, 0.0128914145752788
151, 0.012842180673033
152, 0.012675009512653
153, 0.01245773009335
154, 0.0123800858855247
155, 0.0126096035043399
156, 0.0129927024245262
157, 0.0132869506875674
158, 0.0134579370108744
159, 0.0136190673025946
160, 0.0138146102738877
161, 0.0140289884681503
162, 0.00814275125352045
163, 0.014638665287445
164, 0.0242379959672689
165, 0.0217957530791561
166, 0.0112297849263996
167, 0.00470763514749706
168, 0.005255103984382
169, 0.00526348842928807
170, 0.00525403123659392
171, 0.00521187111735344
172, 0.005176902981475
173, 0.00518787023611367
174, 0.00528450915589929
175, 0.00552400069621702
176, 0.00595907478903731
177, 0.00658730797780057
178, 0.00737246032804251
179, 0.00830189526701967
180, 0.00947606734310587
181, 0.0113057318764428
182, 0.0159340333193541
183, 0.0322660269836585
184, 0.0295817907899618
185, 0.0157846237222354
186, 0.0126057490706444
187, 0.0118030731876691
188, 0.0113608458389839
189, 0.0109219172348579
190, 0.0106202779958645
191, 0.0103213807257513
192, 0.0099420165643096
193, 0.00962710535774628
194, 0.00955593760591
195, 0.0101331489471098
196, 0.0109473483503929
197, 0.00659219520942618
198, 0.0136491484784832
199, 0.0118942481931299
200, 0.012048901990056
201, 0.0122094372442613
202, 0.0124701879297694
203, 0.0128319088059167
204, 0.0132617378452172
205, 0.0138474333410462
206, 0.0139019314665347
207, 0.0141200846216331
208, 0.0151844054926187
209, 0.0171925364993513
210, 0.0183884923656782
211, 0.0233155918928484
212, 0.013183059481283
213, 0.0124090136184047
214, 0.0113570309864978
215, 0.00987521985856195
216, 0.00801988566915194
217, 0.0127742116649946
218, 0.0128935796674341
219, 0.0129459918631862
220, 0.0129607540244857
221, 0.0129526083668073
222, 0.0129358396710207
223, 0.0129680460474143
224, 0.0131092693967124
225, 0.0133098986310263
226, 0.013483427464962
227, 0.013636849510173
228, 0.0137926562844465
229, 0.0139133555348963
230, 0.0139894708214949
231, 0.014053923310712
232, 0.0141204816754907
233, 0.014169954151536
234, 0.00989765122843285
235, 0.0104732136242092
236, 0.010697426352029
237, 0.0110931612240771
238, 0.0116469482115159
239, 0.0121131166815758
240, 0.0123259650232891
241, 0.012428524515902
242, 0.0143990146461874
243, 0.0116435909488549
244, 0.0156221023450295
245, 0.0137640858689944
246, 0.0147072696126997
247, 0.0175243644043803
248, 0.0120135168544948
249, 0.0121712904268255
250, 0.0123665952899804
251, 0.0127252566162497
252, 0.0132369226776063
253, 0.0141610731370747
254, 0.0112473190141221
255, 0.0103295067480455
256, 0.00981435924768448
257, 0.0109573427277307
258, 0.0118059734813869
259, 0.0100824451850106
260, 0.01020346263734
261, 0.00998219025010864
262, 0.0112914664205164
263, 0.0121553959324956
264, 0.0122541613721599
265, 0.0140604795888066
266, 0.0138899707235396
267, 0.0129506015218794
268, 0.013128620882829
269, 0.0131407403387129
270, 0.0132644798917075
271, 0.0136087958235294
272, 0.0131530188179264
273, 0.0127897287408511
274, 0.013065141858533
275, 0.0134553534444422
276, 0.012624051515013
277, 0.0131427074472109
278, 0.0137455884056787
279, 0.013992947836717
280, 0.0126031064428389
281, 0.0137191242538393
282, 0.0128461545488487
283, 0.0111332354911913
284, 0.0140650694568952
285, 0.0139723845447103
286, 0.0141236206982285
287, 0.0141565107740462
288, 0.0120674991824975
289, 0.0102106942795217
290, 0.0107012210258593
291, 0.0124208611170096
292, 0.0141274950999234
293, 0.010331223785345
294, 0.0114026889204979
295, 0.0126779503189027
296, 0.012366535452505
297, 0.0131810731254518
298, 0.0137702052791913
299, 0.0121499320181708
300, 0.0142882887739688
301, 0.0147091974504292
302, 0.015203001908958
303, 0.0162590571368734
304, 0.0178584290357927
305, 0.0117834627938767
306, 0.0103171087491016
307, 0.0108041984494776
308, 0.0104020055538664
309, 0.0122848773996035
310, 0.0122716249121974
311, 0.0120123052038252
312, 0.0115908404501776
313, 0.0106034497730434
314, 0.010322632190461
315, 0.0123238350264728
316, 0.0134013714268804
317, 0.0133644564387699
318, 0.012799046933651
319, 0.012476071848401
320, 0.0130979045449446
321, 0.0130624793625126
322, 0.013277175448214
323, 0.0131995903793722
324, 0.0135370119630049
325, 0.0136944075735907
326, 0.0132006631077578
327, 0.0138626320598026
328, 0.0139945765646795
329, 0.0133889738159875
330, 0.014072444383055
331, 0.0140527312178165
332, 0.0141076269404342
333, 0.0116005360614508
334, 0.0120153449630986
335, 0.0126151271009197
336, 0.0134498899957786
337, 0.0138593938512107
338, 0.0109064598412563
339, 0.00991056479203204
340, 0.0124614854964117
341, 0.0140110618168754
342, 0.0110458752606064
343, 0.0166503617850443
344, 0.0178421369443337
345, 0.0147821332017581
346, 0.0154855079793682
347, 0.0115148845749597
348, 0.0142632747689883
349, 0.0127237661896894
350, 0.0131839737296104
351, 0.0123626212589443
352, 0.0137252435088158
353, 0.0118913870925705
354, 0.0112847907003015
355, 0.0107198120094836
356, 0.0174013915072594
357, 0.0124715987282495
358, 0.0123144809622318
359, 0.0108007610154649
360, 0.0110434714394311
361, 0.0106659948360175
362, 0.0130924009718001
363, 0.013149442927291
364, 0.013631982030347
365, 0.0138205708935857
366, 0.0134747847914696
367, 0.0136015637156864
368, 0.0134820766591777
369, 0.0132343992590904
370, 0.0125930811278522
371, 0.0135036930441856
372, 0.0128926855977625
373, 0.0132478300947696
374, 0.0133147065838178
375, 0.012624782587712
376, 0.013570768525824
377, 0.0138778313994408
378, 0.0126797976748397
379, 0.0131552245778342
380, 0.0106595531105995
381, 0.0175628295789162
382, 0.0167131253207723
383, 0.0154973688380172
384, 0.0116324448802819
385, 0.0147080048918724
386, 0.0141944314042727
387, 0.0132692481080691
388, 0.0137395683365564
389, 0.012754999101162
390, 0.0120292925275862
391, 0.0138087290339172
392, 0.0172840983917316
393, 0.011928719546025
394, 0.0124198222377648
395, 0.0112255637068301
396, 0.0109612007625401
397, 0.0127602841239423
398, 0.0115225337600956
399, 0.0110424579276393
400, 0.01316666828158
401, 0.013380768088003
402, 0.0136354588127385
403, 0.013408067325751
404, 0.0137197798273216
405, 0.0136184914348026
406, 0.0131415943615139
407, 0.0127020247413644
408, 0.0130721751290063
409, 0.0135416154350553
410, 0.0133890336534629
411, 0.0132631084416062
412, 0.0132974414930989
413, 0.0135759140830487
414, 0.0129954640287906
415, 0.0132888182221601
416, 0.0130836475374443
417, 0.016979419781516
418, 0.0164034790359437
419, 0.0153537021639446
420, 0.0118384983701011
421, 0.0146125382743776
422, 0.0141841396689415
423, 0.0132966266634564
424, 0.0138068223992983
425, 0.0122712675947696
426, 0.0111968538258225
427, 0.0167483915574849
428, 0.012610576969261
429, 0.0117233220177392
430, 0.0121603234050175
431, 0.0114520811475813
432, 0.0113672551565937
433, 0.0136718969636907
434, 0.0139365214854479
435, 0.0133063616231084
436, 0.0134711887997886
437, 0.0137098856115093
438, 0.0131420119044681
439, 0.013199332014968
440, 0.0139074945667138
441, 0.0149372840144982
442, 0.0129515436477959
443, 0.0131849468064805
444, 0.0132810137234628
445, 0.0131385747032861
446, 0.0130581678822637
447, 0.0143789420835674
448, 0.0130277215503156
449, 0.016282779785494
450, 0.0159867031810184
451, 0.0151957897469401
452, 0.0121070765114079
453, 0.014577609874929
454, 0.0141906366528322
455, 0.0137734437982241
456, 0.01268645368206
457, 0.016261223393182
458, 0.0152394082397223
459, 0.0123682444294294
460, 0.0127805297573407
461, 0.0120127395327602
462, 0.0144573672053715
463, 0.0141032163519412
464, 0.0134909972548485
465, 0.0143081968805442
466, 0.0135209588333964
467, 0.0138978981412947
468, 0.0132590560242534
469, 0.013130011735484
470, 0.0131208238058857
471, 0.0131246471622338
472, 0.0133128984986494
473, 0.0135740463156253
474, 0.0144084001891315
475, 0.011705400981009
476, 0.0152301475671785
477, 0.0154000546317548
478, 0.0154858651415755
479, 0.0150398241821676
480, 0.014514409393693
481, 0.0140476252418011
482, 0.0131419583090714
483, 0.0129422172127912
484, 0.0126700825057924
485, 0.0149995314422995
486, 0.0146368170001855
487, 0.0147702523972839
488, 0.0137423498866459
489, 0.0133037935676319
490, 0.0142540956536929
491, 0.0138283480357911
492, 0.013706010999158
493, 0.0131355074234307
494, 0.0148921756073833
495, 0.013550145085901
496, 0.0131617094390094
497, 0.0130988146178424
498, 0.012498452886939
499, 0.0193572068586946
500, 0.0113322990946472
501, 0.0141029383055866
502, 0.00544474630927046
503, 0.00528631720226258
504, 0.00495217340843131
505, 0.00437100817604611
506, 0.00360765123817449
507, 0.0202315881227454
508, 0.0130929768395921
509, 0.0104545177115748
510, 0.0109331628773361
511, 0.011275253801917
512, 0.0115176463344445
513, 0.0117594024632126
514, 0.0120509091454248
515, 0.0123571975467106
516, 0.0126158222556114
517, 0.0128118619322777
518, 0.0129442438483238
519, 0.0130260212657352
520, 0.0132074180680017
521, 0.0136250283103436
522, 0.0147885902939985
523, 0.0171330803229163
524, 0.00521010257458935
525, 0.00513583514839411
526, 0.00504398442960034
527, 0.00497319390221188
528, 0.00496508763171732
529, 0.00505642177692304
530, 0.005237500804166
531, 0.00547941634431481
532, 0.00577714142855257
533, 0.00613705429714173
534, 0.0065615784842521
535, 0.00706148275639862
536, 0.00768721227844556
537, 0.00849851131594429
538, 0.00964635773561895
539, 0.0114911415148526
540, 0.0155042038143923
541, 0.0234249673473338
542, 0.0109511237436285
543, 0.0107088506532212
544, 0.0106505571554104
545, 0.0106930952363958
546, 0.0106160463765264
547, 0.0136608762134399
548, 0.00783428298642061
549, 0.0031727360910736
550, 0.0055371731480894
551, 0.00538806236969928
552, 0.00539749105727034
553, 0.00547456846106797
554, 0.00534258398693055
555, 0.00531949692716201
556, 0.0128234055203696
557, 0.0134238027967513
558, 0.0142433865306278
559, 0.0129560453351587
560, 0.0127874436633041
561, 0.0129136670536051
562, 0.0128895070714255
563, 0.0126873874105513
564, 0.0123273155186325
565, 0.0119224808489283
566, 0.0116162122382472
567, 0.0113891385650883
568, 0.0111631771239142
569, 0.0151992861647159
570, 0.0052530577328677
571, 0.0055591076767693
572, 0.00630941094520191
573, 0.00522552030937125
574, 0.00527604517992586
575, 0.015837095445022
576, 0.0104946711411079
577, 0.00917623603406052
578, 0.00533843125837545
579, 0.00588289997540414
580, 0.00680375207836429
581, 0.00727955597297599
582, 0.00774496917923291
583, 0.00831753147455553
584, 0.00521759285281102
585, 0.00534101420392593
586, 0.0124847508656482
587, 0.0113537332508713
588, 0.0110177018990119
589, 0.0109932446697106
590, 0.0122229279950261
591, 0.015776557692637
592, 0.0211639923043549
593, 0.0111207980662584
594, 0.0110758762651434
595, 0.0108386639372579
596, 0.0208406823554209
597, 0.0054268607404083
598, 0.00664568052161485
599, 0.00591949730490645
600, 0.00557579721013705
601, 0.0054313805885613
602, 0.012644909011821
603, 0.0128343131703635
604, 0.0126164777514835
605, 0.0130489294727643
606, 0.0130349819082767
607, 0.0127307793591172
608, 0.0122752806637436
609, 0.0118677838860701
610, 0.0113415340892971
611, 0.0115789195988327
612, 0.0130430484035363
613, 0.0141832259638856
614, 0.0137025140381108
615, 0.00854945287574083
616, 0.00803570080703745
617, 0.00910196841383974
618, 0.00744541610280673
619, 0.00682683882769197
620, 0.00632532534655184
621, 0.00989357793393234
622, 0.0162333472787092
623, 0.01319051006188
624, 0.0111919063298653
625, 0.00596219402117034
626, 0.00568517146166414
627, 0.00549411870694409
628, 0.00540228785636524
629, 0.00541049339032422
630, 0.0190344125032425
631, 0.0117858273442835
632, 0.0173981017433107
633, 0.0114241461269557
634, 0.0115294475884487
635, 0.0113460357034845
636, 0.0134185180068016
637, 0.0103768846020103
638, 0.00620277831330895
639, 0.00718546041753143
640, 0.0167926235922745
641, 0.0125528397814681
642, 0.012923203020667
643, 0.00543623096309602
644, 0.0123741650798668
645, 0.0128084241102139
646, 0.0119655552164962
647, 0.0131222429530074
648, 0.0131667080180099
649, 0.0129309317562729
650, 0.0124056360218674
651, 0.0125923574281236
652, 0.0130977453663945
653, 0.0116428951732814
654, 0.0111404678784311
655, 0.0133735137725515
656, 0.00810728900666748
657, 0.00689248360383014
658, 0.0107304269913584
659, 0.0118421731361498
660, 0.00547325731410335
661, 0.00747114540232966
662, 0.00641338143032044
663, 0.00813267760289212
664, 0.00875298329629004
665, 0.00994529443172117
666, 0.00932608180058499
667, 0.0157135950090985
668, 0.0135522504958014
669, 0.00567281366481135
670, 0.00600328152844061
671, 0.0121328652215501
672, 0.0119999075153222
673, 0.0116730472072959
674, 0.0138823613524437
675, 0.00574970371755106
676, 0.0121865489054471
677, 0.00739232827133189
678, 0.0121001619845629
679, 0.0121443887085964
680, 0.013087751576677
681, 0.0126986724790186
682, 0.013254982419312
683, 0.0125619786170622
684, 0.0122537430531035
685, 0.0131619794604679
686, 0.0129065933482101
687, 0.0122294447251729
688, 0.0124862416026493
689, 0.00882429035846144
690, 0.00824135689375301
691, 0.00747352962692579
692, 0.0125163812966396
693, 0.0137099246494472
694, 0.0115050687454641
695, 0.00899525638669729
696, 0.00953324783282975
697, 0.0100362114608288
698, 0.0106811338725189
699, 0.0149362964023437
700, 0.0126133983333906
701, 0.00681944812337558
702, 0.00625217077322304
703, 0.0138748710354169
704, 0.0155022883787751
705, 0.0111779981913666
706, 0.0115724420951058
707, 0.011813205278789
708, 0.0135485352948308
709, 0.0135339323120813
710, 0.0120389877508084
711, 0.0131601713752995
712, 0.0123212158990403
713, 0.0126937056581179
714, 0.0111574294444706
715, 0.00904447003267705
716, 0.00639233696274459
717, 0.00887988166262706
718, 0.00982179430623849
719, 0.013941191136837
720, 0.0129994574623803
721, 0.0105299457375492
722, 0.0120720284370085
723, 0.0107665870649119
724, 0.0145260835066438
725, 0.0112955186826487
726, 0.0130305512187382
727, 0.00791731029748917
728, 0.0109254140406847
729, 0.00743985305806356
730, 0.0104664384853095
731, 0.0131927034817636
732, 0.0110855122717718
733, 0.0138362472256025
734, 0.0131685756302128
735, 0.0114950438961387
736, 0.0115486797100554
737, 0.0124276696393887
738, 0.0118388748572518
739, 0.0106373568065465
740, 0.0106896652840078
741, 0.00914371168861786
742, 0.0140547774998205
743, 0.0141127333045006
744, 0.00567724821157753
745, 0.0158038883469999
746, 0.00939938146620989
747, 0.0106626532040536
748, 0.0173321825319103
749, 0.0126848246436566
750, 0.0112196062026279
751, 0.0100291982914011
752, 0.0104054033290595
753, 0.010657828922073
754, 0.0109253349558761
755, 0.0112740815772365
756, 0.0116832080141952
757, 0.012143395608291
758, 0.013294321950525
759, 0.0140160746717205
760, 0.0154031146472941
761, 0.0186587607798477
762, 0.0112393517823269
763, 0.0108421070035547
764, 0.0105146191393336
765, 0.01029652558888
766, 0.0100978035479784
767, 0.00992320144238571
768, 0.00985596748068929
769, 0.0139271836572637
770, 0.0133659669663757
771, 0.0131358131766319
772, 0.0128278755582869
773, 0.0125442369220157
774, 0.0124489488856246
775, 0.0125606479899337
776, 0.012730660305048
777, 0.0128425979055464
778, 0.0128445848046492
779, 0.0127312366385013
780, 0.0125385148761173
781, 0.0123276137746871
782, 0.0140043920837343
783, 0.0124254050509383
784, 0.0113910459913313
785, 0.00993764610029757
786, 0.00817140125824759
787, 0.00679799074229474
788, 0.0135436083655804
789, 0.0127633437514305
790, 0.0127752845486005
791, 0.0131983980536461
792, 0.0125831191738447
793, 0.0137298525466273
794, 0.012988669021676
795, 0.0128294253566613
796, 0.012682798008124
797, 0.0126035831247767
798, 0.0127014739749332
799, 0.0126204118132591
800, 0.0234647638474902
801, 0.0133056070189923
802, 0.0154720371744285
803, 0.0121029038758328
804, 0.0115813832574834
805, 0.0110938967360804
806, 0.0107252617211392
807, 0.0104964793814967
808, 0.0141386017979433
809, 0.0175240867150327
810, 0.012656591910248
811, 0.0116315900813788
812, 0.0110988239757717
813, 0.0121527735609561
814, 0.0119678997434676
815, 0.010889830145364
816, 0.0106280069643011
817, 0.010268312258025
818, 0.0113605678391953
819, 0.0100885643623769
820, 0.0121882383245975
821, 0.0121989991515875
822, 0.0139115878070394
823, 0.0112121923205753
824, 0.0130895005228619
825, 0.0134906597280254
826, 0.0120705588875959
827, 0.0104656044083337
828, 0.0123659568572683
829, 0.0101772736358855
830, 0.0193300276994705
831, 0.0124924683943391
832, 0.0129671319543074
833, 0.0128310547055056
834, 0.0126142327208072
835, 0.012994788819924
836, 0.0126652147155255
837, 0.0126573266461492
838, 0.0130589827119062
839, 0.0126263518662502
840, 0.0126943412857751
841, 0.0134353662530581
842, 0.0115389449056238
843, 0.0126812079300483
844, 0.0120907444506884
845, 0.0110503058725347
846, 0.0106485107292732
847, 0.0133451842702925
848, 0.0174211300909519
849, 0.0156174728181213
850, 0.0142072862169395
851, 0.0116886515946438
852, 0.0123302959837019
853, 0.01225920758831
854, 0.0114682535640895
855, 0.011629961275806
856, 0.0112226426911851
857, 0.0108387887012213
858, 0.0105462602472731
859, 0.0120344980775068
860, 0.0138514467980713
861, 0.0131485488576194
862, 0.0137410191819072
863, 0.0118006095290184
864, 0.012011788552627
865, 0.0127403364361574
866, 0.0136519893227766
867, 0.0103081290532524
868, 0.00979290204122663
869, 0.0138724214796509
870, 0.0125811130739748
871, 0.0171146936980741
872, 0.0124359492744718
873, 0.013521435437724
874, 0.0130381608226647
875, 0.0126131202559918
876, 0.0130696320751061
877, 0.0126594725685815
878, 0.0130730497961243
879, 0.0129335347252587
880, 0.0125482503014306
881, 0.0127591314570357
882, 0.0132502935205897
883, 0.0133686683451136
884, 0.014221333200112
885, 0.0110982283949852
886, 0.0115837479631106
887, 0.0126781881942103
888, 0.0120940627530217
889, 0.0169735980841021
890, 0.0155223637508849
891, 0.0103599805384874
892, 0.0118292988433192
893, 0.0110761426389217
894, 0.011827232548967
895, 0.0120242058765143
896, 0.0114623329912623
897, 0.0122816784617802
898, 0.012078863568604
899, 0.013688308885321
900, 0.0140386124141514
901, 0.0128558302142968
902, 0.0134298630679647
903, 0.0125723508341859
904, 0.0124635122871647
905, 0.0133031432051212
906, 0.0130550887746116
907, 0.0141687020659447
908, 0.0131435614700119
909, 0.0124940561529781
910, 0.0127122030438234
911, 0.013079466453443
912, 0.0131077594123781
913, 0.0129053018366297
914, 0.0153021443790446
915, 0.0133310779153059
916, 0.0167497228831053
917, 0.0137355833314359
918, 0.0131066264584661
919, 0.0126651351650556
920, 0.0116725675096469
921, 0.0121621914052715
922, 0.0163113504337768
923, 0.0121315740204106
924, 0.0141484051942825
925, 0.0123155342104534
926, 0.0120823408166567
927, 0.0124198421059797
928, 0.0122392599005252
929, 0.0135753692926041
930, 0.0126692079938948
931, 0.0131230182790508
932, 0.0124727910539756
933, 0.0131704835997274
934, 0.0133725033762554
935, 0.0120659299815694
936, 0.0123890902847052
937, 0.0144212786773486
938, 0.0131410188041627
939, 0.0149830806379517
940, 0.0140223728182415
941, 0.0130487507364402
942, 0.0131788277843346
943, 0.0133229914742211
944, 0.0127032066695392
945, 0.0132883413850019
946, 0.0130087955233951
947, 0.0132662877440453
948, 0.0156395266142984
949, 0.0130471412558109
950, 0.0126965268670271
951, 0.0125786289572716
952, 0.0127402398336147
953, 0.0159529477823526
954, 0.012596609769389
955, 0.0129166468977928
956, 0.0122741963714361
957, 0.0127365617081523
958, 0.0129514959796021
959, 0.0138876637709992
960, 0.0131029428115913
961, 0.0130254648781071
962, 0.0145668810388694
963, 0.0138434195735802
964, 0.0131632511038333
965, 0.0149630533996969
966, 0.0134400349731247
967, 0.0147875576280057
968, 0.0135844969190657
969, 0.0129809235887868
970, 0.0134296644634257
971, 0.0132981802336872
972, 0.0132648171856999
973, 0.0130089149655153
974, 0.0130141801200807
975, 0.0125074017172058
976, 0.0151937832124531
977, 0.0130846328102052
978, 0.0128113455915203
979, 0.0129583142697811
980, 0.0132701249926218
981, 0.013759186770767
982, 0.0144835934819033
983, 0.0142015640158206
984, 0.0129300890091274
985, 0.0143887229108562
986, 0.0135359591804445
987, 0.0137960736950239
988, 0.0137202768431356
989, 0.0129879143399497
990, 0.0140193925860027
991, 0.0129552388563752
992, 0.0139636821889629
993, 0.0137240712841352
994, 0.0131685560724388
995, 0.0134341506287456
996, 0.0139978154717634
997, 0.0135576579320644
998, 0.0132862112484872
999, 0.0136995541397482
1000, 0.0132256969809532
1001, 0.012895169435069
1002, 0.00994132125439743
1003, 0.015730443255355
1004, 0.00749707357026637
1005, 0.00213489562447648
1006, 0.0109488190306971
1007, 0.0113621974208703
1008, 0.0116496703897913
1009, 0.0118993346113712
1010, 0.0122288485678534
1011, 0.0126564723905176
1012, 0.0131894173876693
1013, 0.0139271246735007
1014, 0.0152162342177083
1015, 0.017857952353855
1016, 0.0218977571154634
1017, 0.0053232522138084
1018, 0.00539153926850607
1019, 0.00543890505408247
1020, 0.00541424844413996
1021, 0.00524679908994585
1022, 0.00484218289299558
1023, 0.00411746974956865
1024, 0.00305565259380577
1025, 0.0225981314045688
1026, 0.0114756052692731
1027, 0.00968655105680227
1028, 0.00844021801215907
1029, 0.00743166753090918
1030, 0.00659392401576042
1031, 0.00596888980362564
1032, 0.00558714180563887
1033, 0.00538333365693688
1034, 0.00529682744915287
1035, 0.00527914481547972
1036, 0.00529414520133287
1037, 0.00530608603730798
1038, 0.0109453617284695
1039, 0.0113388317016264
1040, 0.0119362297312667
1041, 0.0130321606217573
1042, 0.0164327250483135
1043, 0.00510682761281108
1044, 0.00534435210283846
1045, 0.00522605667356402
1046, 0.00539624799663822
1047, 0.0053762406654035
1048, 0.0050782768909509
1049, 0.0153078869916499
1050, 0.00566444899110744
1051, 0.00550880147299419
1052, 0.00542442108659695
1053, 0.0124713407518963
1054, 0.0105070690624416
1055, 0.00907196787496408
1056, 0.00793194933794439
1057, 0.00703426357358694
1058, 0.0063768041630586
1059, 0.00594125296144436
1060, 0.00536900859636565
1061, 0.014794710635518
1062, 0.0131926366593689
1063, 0.012409291928634
1064, 0.0104320266594489
1065, 0.0117448788757126
1066, 0.0120786848322799
1067, 0.0113511106465012
1068, 0.0161084761687865
1069, 0.0127672183637818
1070, 0.0138133000582457
1071, 0.0107198179078599
1072, 0.0100653387295703
1073, 0.0104356227287402
1074, 0.0115410112775862
1075, 0.0140299229727437
1076, 0.0122743075868736
1077, 0.017905814650779
1078, 0.00535069306248001
1079, 0.00539406237658113
1080, 0.0065071196295321
1081, 0.00580805637097607
1082, 0.00553045771084726
1083, 0.00544118985999376
1084, 0.00773753877729177
1085, 0.00863103265874088
1086, 0.00971845987563332
1087, 0.0111540381330997
1088, 0.0131240120002379
1089, 0.00696079075957338
1090, 0.00634855140621463
1091, 0.00591977561513583
1092, 0.00564962726396819
1093, 0.00545949688447373
1094, 0.0158828934654593
1095, 0.00456913384065653
1096, 0.0134016699157655
1097, 0.0130667913084229
1098, 0.0126618968012432
1099, 0.0121890332860251
1100, 0.0117360773341109
1101, 0.0137839347589761
1102, 0.0149835973667602
1103, 0.014363331720233
1104, 0.0108828564019253
1105, 0.0173712996765971
1106, 0.00529859163798392
1107, 0.0208139631098935
1108, 0.0111843371608605
1109, 0.0097900883294642
1110, 0.010681670702373
1111, 0.0126599695067853
1112, 0.0144584805238992
1113, 0.0172944620384702
1114, 0.0109784820427497
1115, 0.0103421058239681
1116, 0.00536246406845748
1117, 0.00790260665650879
1118, 0.0142215344655727
1119, 0.00556359789334238
1120, 0.00729344397162398
1121, 0.00582289796633025
1122, 0.00632063648663461
1123, 0.0135261050891131
1124, 0.0117568400067588
1125, 0.0105345867729435
1126, 0.00952102934631209
1127, 0.00609036391445746
1128, 0.00671980890911072
1129, 0.00854013538143287
1130, 0.00754980397565911
1131, 0.0109096307307482
1132, 0.0163122057759513
1133, 0.0138434196511904
1134, 0.0139375755097717
1135, 0.0122637973787884
1136, 0.0128568438036988
1137, 0.0133594700600952
1138, 0.0136755135996888
1139, 0.0138715530435244
1140, 0.0112975261484583
1141, 0.0192774815484881
1142, 0.0118956593020509
1143, 0.014514269772917
1144, 0.0161582980304956
1145, 0.0112623165893768
1146, 0.011480174648265
1147, 0.00677345312821368
1148, 0.00786092008153597
1149, 0.0103277383993069
1150, 0.0136315256046752
1151, 0.0137043824264159
1152, 0.0114544254417221
1153, 0.0124551878931622
1154, 0.010420125676319
1155, 0.0138599107352396
1156, 0.00928094199237724
1157, 0.00700243434403092
1158, 0.00806176802143455
1159, 0.0159394978545606
1160, 0.0131713574907432
1161, 0.0131515491132935
1162, 0.0136152929626405
1163, 0.01386112269635
1164, 0.0117514356194685
1165, 0.01301429925176
1166, 0.0131019180795799
1167, 0.015354244570647
1168, 0.0117357990704477
1169, 0.0122618897973249
1170, 0.00616649325404848
1171, 0.00569985010661185
1172, 0.0211339985951781
1173, 0.0125088718320642
1174, 0.00833467793806146
1175, 0.0132029282394797
1176, 0.0124994142291447
1177, 0.0140368012711406
1178, 0.0134499099637781
1179, 0.0121698602257917
1180, 0.0137526819016784
1181, 0.0111536010323713
1182, 0.00990412834410866
1183, 0.0139753052499145
1184, 0.00839277263730764
1185, 0.0140037765571227
1186, 0.00940517747464279
1187, 0.0118131489226861
1188, 0.0146895673436423
1189, 0.0110005955211818
1190, 0.013474586342151
1191, 0.0148191719315946
1192, 0.0071607603225857
1193, 0.0144474383560009
1194, 0.0104571772473199
1195, 0.0118049010634422
1196, 0.0127043353859335
1197, 0.0136138627616068
1198, 0.0141883878037333
1199, 0.0136637002229691
1200, 0.00994342751801014
1201, 0.0117004892788827
1202, 0.00887117938448985
1203, 0.0108942529186606
