1, 0.00596302899066359
2, 0.0133875333704054
3, 0.00367701129289344
4, 0.00611746427603066
5, 0.00691175577230752
6, 0.00954902358353138
7, 0.00284862564876676
8, 0.00377032250980847
9, 0.0126957321772352
10, 0.00660961982794106
11, 0.00767028424888849
12, 0.0103510641492903
13, 0.00645848258864135
14, 0.00726129758792619
15, 0.00837596404987077
16, 0.0105100492946804
17, 0.011880638388296
18, 0.00803268087717394
19, 0.00523559337792297
20, 0.00345559984756013
21, 0.00419422060561677
22, 0.00489729720478257
23, 0.00538891650891552
24, 0.00568539001202832
25, 0.00586770079098642
26, 0.00598945340607315
27, 0.00607009833523383
28, 0.00611148402094841
29, 0.00618514540838078
30, 0.00629023850585024
31, 0.00639025517739356
32, 0.00650807361428936
33, 0.00662354775704443
34, 0.00679850700544193
35, 0.00690968940034509
36, 0.0070776951033622
37, 0.00741295190528035
38, 0.00786161554666857
39, 0.00830849135915438
40, 0.00864629090453188
41, 0.00875930131102602
42, 0.00846231123432517
43, 0.00780936229663591
44, 0.00699520243021349
45, 0.00649473187513649
46, 0.0064030900830403
47, 0.00677045333820085
48, 0.0074931796019276
49, 0.00808787470062574
50, 0.00838216316575805
51, 0.00831941918780406
52, 0.00796508928760886
53, 0.00745634354340533
54, 0.00691175584991773
55, 0.00641977903433144
56, 0.00601085120191177
57, 0.00568429714379211
58, 0.00543558698457976
59, 0.00524441509818037
60, 0.00509536382742226
61, 0.00497484308046599
62, 0.00487589944774906
63, 0.00481140714449187
64, 0.00477345877637466
65, 0.00476300817293425
66, 0.00478867798422774
67, 0.00486250803805888
68, 0.00501060540166994
69, 0.00525732920505106
70, 0.00570190053743621
71, 0.0064740589975069
72, 0.00764906553861996
73, 0.00829212041571736
74, 0.00681999447988346
75, 0.00430750905070454
76, 0.00365197712865969
77, 0.00331099894052992
78, 0.00309797190129757
79, 0.00298339175060391
80, 0.00301791990308889
81, 0.00343817524844781
82, 0.00387462032570814
83, 0.00434372884531816
84, 0.00484748758996526
85, 0.00531121184273313
86, 0.00569685393323501
87, 0.00599747989326715
88, 0.00621158004893611
89, 0.00637090326442073
90, 0.00649428487910579
91, 0.00657439371570945
92, 0.00663024322905888
93, 0.00666503251219789
94, 0.00666030387704571
95, 0.0066335810503612
96, 0.00657872506417334
97, 0.00649998732842505
98, 0.00638353968194375
99, 0.00622936202368389
100, 0.00601232141101112
101, 0.00568439640725652
102, 0.00518324059279015
103, 0.00444799745067333
104, 0.00362688365081946
105, 0.00546324377258619
106, 0.00827578905348977
107, 0.0120681151747704
108, 0.00995209021493793
109, 0.0080889278712372
110, 0.00732692214660347
111, 0.00707260884034137
112, 0.0069845529505983
113, 0.00694032622656475
114, 0.00690947092759113
115, 0.00688145682215691
116, 0.006846905957597
117, 0.00681855397609373
118, 0.00678440059224765
119, 0.00674188257350276
120, 0.00669670229156812
121, 0.00664377332820247
122, 0.00667044642614201
123, 0.00673238560557365
124, 0.00680657367532452
125, 0.00689153000712395
126, 0.00699953370106717
127, 0.00711516663432121
128, 0.00724101214048763
129, 0.0073657447937876
130, 0.0074848347188284
131, 0.00758866608763735
132, 0.00764170434558764
133, 0.0076560591502736
134, 0.00763368746265769
135, 0.00760408366719882
136, 0.00756224136178692
137, 0.00748074178894361
138, 0.00735016795806587
139, 0.00715700917256375
140, 0.00692546491821607
141, 0.00669050364134212
142, 0.0064623369059215
143, 0.00627708566995959
144, 0.00614476343616843
145, 0.00606191282471021
146, 0.00603028278176983
147, 0.00603373969594638
148, 0.00607183697866276
149, 0.00528502565187712
150, 0.00786733805822829
151, 0.0113922779758771
152, 0.0113471367706855
153, 0.00783729692921042
154, 0.00531276167991261
155, 0.0028322939760983
156, 0.00279899473146846
157, 0.00277638466407855
158, 0.00276331153387825
159, 0.00277185490510116
160, 0.00279776305736353
161, 0.00283380396043261
162, 0.00288478591634581
163, 0.00295905334254106
164, 0.00304468534886837
165, 0.00316325889434665
166, 0.00334457622375339
167, 0.00359447866988679
168, 0.00400074404509117
169, 0.00473284822267791
170, 0.00743028707802296
171, 0.0090096415951848
172, 0.00833734055049717
173, 0.00708433116475741
174, 0.00631610684407254
175, 0.00590741743023197
176, 0.00569403272432586
177, 0.00559687723095218
178, 0.00557839955824117
179, 0.00560947336877386
180, 0.00568044278770685
181, 0.00577358513449629
182, 0.00588675471954048
183, 0.00600473225737611
184, 0.00611611331502597
185, 0.00622284544321398
186, 0.00630998758909603
187, 0.00636867798554401
188, 0.00641739484854043
189, 0.00643670690866808
190, 0.00645196554251015
191, 0.00646305200643837
192, 0.00647421786561608
193, 0.00647958251647651
194, 0.00649841742900511
195, 0.0065121662337333
196, 0.00653171663482984
197, 0.00655051212136944
198, 0.00659811624791473
199, 0.00944107945542783
200, 0.0071292333304882
201, 0.00697466415087027
202, 0.00443881825776771
203, 0.00524503081881752
204, 0.00799985866372784
205, 0.00927670982976755
206, 0.0112688763377567
207, 0.00615737948101014
208, 0.00607502565253526
209, 0.00595245851824681
210, 0.00579319494621207
211, 0.00557760490725438
212, 0.00480109530811508
213, 0.00436216670398911
214, 0.00656825435968737
215, 0.00643050790919612
216, 0.00631390131699542
217, 0.00780040173170467
218, 0.0083690103298674
219, 0.00858368654735386
220, 0.00845146318897605
221, 0.00814275063263873
222, 0.00773215410299599
223, 0.00733047871229549
224, 0.00702776651208599
225, 0.00685370077068607
226, 0.00900604474979142
227, 0.00555408097958813
228, 0.00548791990149766
229, 0.00576375021288792
230, 0.00591935822740197
231, 0.00606757507193834
232, 0.00559336032407979
233, 0.00857079184303681
234, 0.00739373887578646
235, 0.00817005006441226
236, 0.00681843484441439
237, 0.00711221834644675
238, 0.00854087054419021
239, 0.00777489063329995
240, 0.00701926276087761
241, 0.00623729354701936
242, 0.00646335018488268
243, 0.00669338828884065
244, 0.00631872921561201
245, 0.00619523975599025
246, 0.00810490482087646
247, 0.0066921722942165
248, 0.00892172412325939
249, 0.0059615980523328
250, 0.00634678317389141
251, 0.00596682350927343
252, 0.00587809190619737
253, 0.00608478110128393
254, 0.00600755315584441
255, 0.00967972446233034
256, 0.00725058276605393
257, 0.00707469116896391
258, 0.00798936859549334
259, 0.00865690068652233
260, 0.00664695807998734
261, 0.00652919337153435
262, 0.00631368289967733
263, 0.0090317911069308
264, 0.00785680743865669
265, 0.00623353462045391
266, 0.0068766288459301
267, 0.00635439270020773
268, 0.00619485108957936
269, 0.00618693940341473
270, 0.00654728543013334
271, 0.00770104087756148
272, 0.00871775299310684
273, 0.00665722023695707
274, 0.00671014902181923
275, 0.00704803220772495
276, 0.00791442530074467
277, 0.00921644922345877
278, 0.0113292948808521
279, 0.0057292392787834
280, 0.0053759622387588
281, 0.00515453094461312
282, 0.00501986433907102
283, 0.00495994180285682
284, 0.00518298253882676
285, 0.00495745819838097
286, 0.00494430536249032
287, 0.00500410880583028
288, 0.00507772050332278
289, 0.00530497337846706
290, 0.00701044138986617
291, 0.00686172772354136
292, 0.00626905863949408
293, 0.00830656437513729
294, 0.00563673279248178
295, 0.00651949752743046
296, 0.00743073349197706
297, 0.00822055495033661
298, 0.00808288777867953
299, 0.00755826791282743
300, 0.00545517708330105
301, 0.00587115786038339
302, 0.00616413451886425
303, 0.00694863106279324
304, 0.00788637130366017
305, 0.00722347106784582
306, 0.00958951488913347
307, 0.00569017829063038
308, 0.00377557733251403
309, 0.00428609111501525
310, 0.00483036103347937
311, 0.00532174180261791
312, 0.00612644451515128
313, 0.00642359411964814
314, 0.00595053137900929
315, 0.00624611077364534
316, 0.00646237668115646
317, 0.00650640456782033
318, 0.00651751093876859
319, 0.00648538415164997
320, 0.00633102802870174
321, 0.00603238850211104
322, 0.00579694996122271
323, 0.00502560656362524
324, 0.00460851305009176
325, 0.00641294448481252
326, 0.00634129954657207
327, 0.00620389120498051
328, 0.00652609400761624
329, 0.00546278657081227
330, 0.00467674030611912
331, 0.00318756157066673
332, 0.0034003661518606
333, 0.00376478891121224
334, 0.00443047360749915
335, 0.00891516776755452
336, 0.00527681988508751
337, 0.00545400481981536
338, 0.00526921035877119
339, 0.00520040680809567
340, 0.00583650765474886
341, 0.00557235977612436
342, 0.00616856505318234
343, 0.00538398926922431
344, 0.00643084551362942
345, 0.00841313740238547
346, 0.00680915642684946
347, 0.00521109567489475
348, 0.00535649158215771
349, 0.00569735079382857
350, 0.0058399053523317
351, 0.00601567941096922
352, 0.00813591635475556
353, 0.00556699535809457
354, 0.00838466617278755
355, 0.0062169642187655
356, 0.00723127652114878
357, 0.00522204341056446
358, 0.00647272771069159
359, 0.00769740447867662
360, 0.00328058058706423
361, 0.00427420996129513
362, 0.00612805403458575
363, 0.00626909860875458
364, 0.00628664212611814
365, 0.00559367860356967
366, 0.00604385257853816
367, 0.00618861223726223
368, 0.00638167168168972
369, 0.00617065172021588
370, 0.00588582071941346
371, 0.00487814409037431
372, 0.00573317306892325
373, 0.0053947774382929
374, 0.00593153771478683
375, 0.0063305509587129
376, 0.00633877647730211
377, 0.00637575103125225
378, 0.00569631795709332
379, 0.00604021669520686
380, 0.00624096506120016
381, 0.0057186494814232
382, 0.00636804212505619
383, 0.00536708920262754
384, 0.00474751077126712
385, 0.00371784879826009
386, 0.00410536992906903
387, 0.00795059687724071
388, 0.0059759969091309
389, 0.00630651041865349
390, 0.0081166042558228
391, 0.00967729249969125
392, 0.00544728932436556
393, 0.00572429213207215
394, 0.00547826394904405
395, 0.00548873442069938
396, 0.00570025147559742
397, 0.00589829768675069
398, 0.0056148978183046
399, 0.00544627596779416
400, 0.00553592166397721
401, 0.00558942657274504
402, 0.00607987361339231
403, 0.00635387620422989
404, 0.00619024154730141
405, 0.00579627459713568
406, 0.00598335378648092
407, 0.00588866199056308
408, 0.00662040861789137
409, 0.0070181303890422
410, 0.00752566393930465
411, 0.00815198974062999
412, 0.00866721229006847
413, 0.00606272707227618
414, 0.0060650318628177
415, 0.00624628997563074
416, 0.00604770712864896
417, 0.00625006474244098
418, 0.00598490346843998
419, 0.00620714955342313
420, 0.00602694445600112
421, 0.00614031287841499
422, 0.0059390079030501
423, 0.00614243866099666
424, 0.00609338407715162
425, 0.00605863433641692
426, 0.00623021620170524
427, 0.00619425481030097
428, 0.0059490812321504
429, 0.00589207924591998
430, 0.00592833869935324
431, 0.00621920959868779
432, 0.00591917941346765
433, 0.00581473205238581
434, 0.00554283537591497
435, 0.00500049251907816
436, 0.00694430018775165
437, 0.00434241355396807
438, 0.00513507715160293
439, 0.00909246876835823
440, 0.00592198079296698
441, 0.0057624785695225
442, 0.00618916878011078
443, 0.0063879502704367
444, 0.00571346403254817
445, 0.00565950165037066
446, 0.00584892540549238
447, 0.00603103769632677
448, 0.00611207987337063
449, 0.00598361211208006
450, 0.0056734293854485
451, 0.00606809180074682
452, 0.00608670835693677
453, 0.00577559194061905
454, 0.00591878197155893
455, 0.00567350893591841
456, 0.00574527285061777
457, 0.00584099794893215
458, 0.00591111284059783
459, 0.00672718032728881
460, 0.00883354898542166
461, 0.008165341297475
462, 0.00719481001475028
463, 0.00582082378678024
464, 0.00699482501174013
465, 0.0064009917434305
466, 0.00883927522227168
467, 0.00584707371890545
468, 0.00584228930529207
469, 0.00586362772931655
470, 0.00588864204473794
471, 0.00593332550488412
472, 0.00599465856794268
473, 0.00605450174771249
474, 0.00610029806072513
475, 0.00613049798024197
476, 0.00613300149173786
477, 0.00611100722259531
478, 0.00606495254517843
479, 0.00601844113164892
480, 0.00602632881297419
481, 0.00615547220998754
482, 0.00580879157253851
483, 0.00488456167901556
484, 0.00600955980674674
485, 0.00593223290828367
486, 0.00561269225242237
487, 0.00530600644803296
488, 0.00443921560266366
489, 0.00670395430643111
490, 0.00673560445041706
491, 0.00676701609821369
492, 0.00679715625786533
493, 0.00682509073521942
494, 0.00685676066981008
495, 0.0068813575586925
496, 0.00696655254190167
497, 0.0070537937960277
498, 0.00772192201111466
499, 0.00875822858264049
500, 0.00691650454731037
501, 0.00725472085954001
502, 0.0106755516802271
503, 0.00674298974419279
504, 0.00894607982731291
505, 0.00603637807071209
506, 0.00610655689767251
507, 0.00622157391626388
508, 0.00638757269674291
509, 0.00660083819335947
510, 0.00683677312918007
511, 0.00706575422858198
512, 0.00726980102869372
513, 0.00741801787323008
514, 0.00751616689376533
515, 0.00757396353098253
516, 0.00760428242695828
517, 0.00762621713026116
518, 0.00717020151205361
519, 0.00694479673014333
520, 0.00677587708923966
521, 0.00729386143696805
522, 0.00705266119136165
523, 0.00685072069366773
524, 0.00443750707199797
525, 0.00605360771684597
526, 0.00580148003064096
527, 0.00590906641446054
528, 0.00557261817933371
529, 0.00562119596482565
530, 0.00567023060284555
531, 0.00597669793448101
532, 0.00779456028249115
533, 0.00692715375528981
534, 0.00846249028109014
535, 0.00713348532250772
536, 0.00688332462838541
537, 0.00685256855407109
538, 0.00682282583632817
539, 0.0067984873506551
540, 0.00677575811278075
541, 0.00736943997132281
542, 0.00700531558444103
543, 0.00604353484231979
544, 0.0075136039328451
545, 0.00745062161392222
546, 0.00735813526747127
547, 0.00619896384887397
548, 0.00702444828736285
549, 0.00721484542979548
550, 0.00602553408437719
551, 0.00636096923456838
552, 0.00679455321126928
553, 0.00656487660792967
554, 0.00755026094460239
555, 0.00741626950912178
556, 0.00698987774861356
557, 0.00721736892592162
558, 0.00760595933534205
559, 0.00709478180700292
560, 0.00689494741770128
561, 0.00681887194514275
562, 0.00753261777572334
563, 0.00675501271949283
564, 0.00917146373540163
565, 0.00756420547674809
566, 0.00871147587895393
567, 0.00601336043993277
568, 0.0059540681540966
569, 0.00598458561580628
570, 0.00632629943235467
571, 0.00594381619400034
572, 0.00602901113840441
573, 0.00705075388153394
574, 0.00721548140669862
575, 0.00695554539561272
576, 0.00689874220794688
577, 0.00747869551802675
578, 0.0078843052033335
579, 0.00686164821187655
580, 0.00681881257332861
581, 0.00683635609069218
582, 0.00840882615496715
583, 0.00602857407648116
584, 0.00608488059757898
585, 0.00703527669732769
586, 0.0072025073847423
587, 0.00682173277406643
588, 0.00658647327994307
589, 0.00636629391616831
590, 0.00731442496180534
591, 0.00747196034838756
592, 0.00743623706512153
593, 0.00739131503117581
594, 0.00602378564265867
595, 0.0073449625633657
596, 0.00714320076319079
597, 0.00703364738728851
598, 0.00693845880838732
599, 0.00685964444918292
600, 0.00746335725610455
601, 0.00672123557887971
602, 0.00742817083373666
603, 0.00607389339711517
604, 0.00615928686844806
605, 0.00635524718866994
606, 0.00674853869713843
607, 0.00692751111152271
608, 0.0078799941111356
609, 0.00753164434960733
610, 0.00827684160321951
611, 0.0069911095003287
612, 0.00689270211538921
613, 0.00709790111674617
614, 0.00726960223012914
615, 0.00687267522638043
616, 0.00599818350747228
617, 0.00680148731917143
618, 0.00618378457147628
619, 0.00731275618697206
620, 0.00734593591187149
621, 0.00724431014774988
622, 0.00711361695236216
623, 0.00738205648182581
624, 0.00690444419160485
625, 0.00736469162317614
626, 0.00666260835714638
627, 0.00749387890100479
628, 0.00604973643619035
629, 0.00727198660994569
630, 0.0069857055398946
631, 0.00690903794020414
632, 0.0070872917616119
633, 0.00739508155467255
634, 0.00821488043293357
635, 0.00630837783683091
636, 0.00657355897904684
637, 0.00697801626908282
638, 0.00703456132517507
639, 0.00807682851639887
640, 0.0069745391762505
641, 0.00781347521115094
642, 0.00753291576014211
643, 0.00714028013559679
644, 0.00694714396792863
645, 0.00730433179220806
646, 0.00688364259743442
647, 0.00849257075848679
648, 0.00736898342923572
649, 0.0064112812480224
650, 0.00733222699879358
651, 0.00730675579203914
652, 0.00734887652409573
653, 0.00733175000641495
654, 0.00724466765920321
655, 0.00720463320612907
656, 0.00704362126998603
657, 0.00727856292256287
658, 0.00704852879668276
659, 0.00702848550863564
660, 0.00670343761642774
661, 0.00710125880626341
662, 0.00708435114938766
663, 0.00718144715453188
664, 0.00787544390186667
665, 0.00771093492706617
666, 0.00732259075933446
667, 0.00750742480158806
668, 0.00820003092909853
669, 0.00760168805053192
670, 0.00616028434596956
671, 0.00715853925794363
672, 0.00726175424642861
673, 0.00732674325505892
674, 0.00731470701284707
675, 0.00740132849508276
676, 0.00722746988758445
677, 0.0074470453740408
678, 0.0074212762604778
679, 0.00714225551512625
680, 0.00722817151940295
681, 0.00721816346049309
682, 0.00732704104545216
683, 0.0076422702986747
684, 0.00757561251521111
685, 0.00745926417099933
686, 0.00791164371185005
687, 0.00679643312469125
688, 0.00808479953557253
689, 0.00748260132968426
690, 0.00761866693695386
691, 0.00808680220507085
692, 0.00677108896585802
693, 0.00665166108713796
694, 0.00690140435472131
695, 0.00694515400876602
696, 0.0069869173069795
697, 0.00704413753313323
698, 0.00714500869313876
699, 0.00734893620635072
700, 0.00897000653536192
701, 0.00781468705584606
702, 0.00884407952738305
703, 0.0106959957629442
704, 0.00664669387818625
705, 0.0060687077154095
706, 0.00631094103058179
707, 0.00649734454539915
708, 0.00663453449184696
709, 0.00671686860732734
710, 0.00678795708032946
711, 0.00677269833007206
712, 0.00672932601689051
713, 0.00665718460610757
714, 0.00655947272510578
715, 0.006422541065452
716, 0.0062461905569459
717, 0.00599467870779335
718, 0.00564324948936701
719, 0.00517686289579918
720, 0.00467330293031409
721, 0.00315654343770196
722, 0.00306960012918959
723, 0.00300401507411152
724, 0.00295545707922429
725, 0.00292066785429294
726, 0.00290117711604883
727, 0.00290375994518399
728, 0.00292104519515609
729, 0.00293940354216223
730, 0.00658373158269872
731, 0.00656511514292409
732, 0.00656950594081233
733, 0.00656511506531388
734, 0.00655255854750673
735, 0.0065339816113313
736, 0.0064963709252576
737, 0.00643766050537427
738, 0.00635890297902127
739, 0.0062539589125663
740, 0.0061424586068218
741, 0.00603014351023982
742, 0.00591709344492604
743, 0.00582397088874131
744, 0.00575377656302104
745, 0.00572540463569264
746, 0.00574106086666385
747, 0.00582822280315061
748, 0.00601633502325664
749, 0.00635147207261374
750, 0.00688032437271128
751, 0.00750915349150697
752, 0.0076609073439613
753, 0.00681354726354281
754, 0.00686027738265693
755, 0.00797353327895204
756, 0.00706537684891373
757, 0.00676596288879712
758, 0.00699732797996451
759, 0.00861911157456537
760, 0.00729356345254928
761, 0.00715045262283335
762, 0.00754489664298793
763, 0.00659036756648372
764, 0.00656751935215046
765, 0.00659966594539583
766, 0.00643221657567968
767, 0.00677538057789207
768, 0.00644326334198316
769, 0.00618060557947805
770, 0.00657763211832692
771, 0.00672869019520779
772, 0.00670910013529162
773, 0.00667822469646732
774, 0.00653737903727839
775, 0.00632025914577146
776, 0.00620603673936178
777, 0.00672853113307307
778, 0.00671474266952525
779, 0.00591836493307104
780, 0.00661862012930214
781, 0.0060973974953716
782, 0.00600989779923111
783, 0.00594224660502126
784, 0.0059375773028781
785, 0.0060150435504814
786, 0.00705951588073124
787, 0.00456156420599048
788, 0.00574658419160793
789, 0.00490637701780846
790, 0.00534836540464312
791, 0.00671665001815806
792, 0.00675700224625568
793, 0.00659922894556075
794, 0.0062844764906913
795, 0.00590795371681452
796, 0.00589976805107047
797, 0.00443645392078906
798, 0.00397986220195889
799, 0.00356425890155757
800, 0.00322203692048788
801, 0.0068054609776785
802, 0.00686707242857665
803, 0.00689506678221126
804, 0.00684217743886014
805, 0.00642027573970457
806, 0.00616006169002503
807, 0.00645472741841028
808, 0.00608273455873132
809, 0.0068904572011282
810, 0.00661772609843562
811, 0.00327402421195681
812, 0.00319473004977529
813, 0.00322608207352459
814, 0.00327400424672912
815, 0.00370558172774812
816, 0.00344391733718415
817, 0.00343090363700564
818, 0.00334139725115771
819, 0.00317814007091025
820, 0.0041335829688857
821, 0.00489449605811387
822, 0.00589206363074482
823, 0.0031837032098944
824, 0.00658820499666035
825, 0.0067078087789317
826, 0.00927574783563614
827, 0.00666705329370286
828, 0.00326083450844245
829, 0.00890221074223518
830, 0.00687454283858339
831, 0.0068121764731283
832, 0.00714286296473195
833, 0.00726268816894541
834, 0.00744336979308476
835, 0.00864617185046276
836, 0.00772104812009881
837, 0.00813524083544811
838, 0.00693480290162067
839, 0.0064453377854079
840, 0.00666840983709941
841, 0.00667800634012868
842, 0.00669380172621459
843, 0.00611450398961703
844, 0.00661436844772349
845, 0.0064982781962802
846, 0.00617806244796763
847, 0.00672402108709017
848, 0.00681032865153005
849, 0.00637889009279509
850, 0.00626544270198792
851, 0.00685908521215121
852, 0.00688847045724591
853, 0.0068896624725312
854, 0.00616143255804976
855, 0.00608452269807458
856, 0.00687549631887426
857, 0.00610323859533916
858, 0.00629005953669548
859, 0.0064700855097423
860, 0.006649138017868
861, 0.00667911927060535
862, 0.00668396680460622
863, 0.00626073401266088
864, 0.00543685851152986
865, 0.00583094470979025
866, 0.0049953469230483
867, 0.00454755705626061
868, 0.00410129700321704
869, 0.00697980452484141
870, 0.00367609716098135
871, 0.00699108990374953
872, 0.00644777331035584
873, 0.00695612169026087
874, 0.00687537710958471
875, 0.0067370148608461
876, 0.00665090586214016
877, 0.00644356124879171
878, 0.00653966399841011
879, 0.006540081036898
880, 0.0069364719480897
881, 0.00665172061417252
882, 0.00676115478078524
883, 0.00685747584793717
884, 0.00627301245306929
885, 0.00356533201799418
886, 0.00403875199845061
887, 0.00527844942795734
888, 0.00452929824435463
889, 0.00362090327932189
890, 0.00355494082517301
891, 0.00351369443039099
892, 0.00348784578576063
893, 0.00372203255149846
894, 0.00347403745399788
895, 0.00375249077721188
896, 0.0067486180147777
897, 0.00799038136998812
898, 0.00572793954052031
899, 0.00721420960811277
900, 0.00679878541268408
901, 0.00783838987505684
902, 0.00695842628677686
903, 0.00688133769047757
904, 0.00819140835665166
905, 0.00756295661752423
906, 0.00735704232162486
907, 0.00704350194428116
908, 0.00858116312883794
909, 0.00643938904007276
910, 0.00647380098234862
911, 0.00623264039556185
912, 0.00634811418907096
913, 0.0062364946740369
914, 0.00678575182488809
915, 0.0063414388957123
916, 0.00655077009772261
917, 0.00667772799109419
918, 0.00677071435243956
919, 0.00643058742086093
920, 0.00679902367604276
921, 0.00626766817489018
922, 0.0069118751756226
923, 0.00633512053173035
924, 0.00699420890305191
925, 0.00704809142431865
926, 0.00706670805811882
927, 0.00627249591828634
928, 0.00704906527729084
929, 0.00681171946537991
930, 0.00684458164808651
931, 0.00593664353558173
932, 0.00640008963334064
933, 0.00675112137105316
934, 0.00676886364817619
935, 0.0068410646636039
936, 0.00683816409825037
937, 0.00665819792387386
938, 0.00512772891670465
939, 0.00698099669534713
940, 0.00704529020003974
941, 0.0069103849430879
942, 0.00706072760901103
943, 0.00685085988758753
944, 0.00381469794748617
945, 0.00424943445250392
946, 0.00467948196455836
947, 0.00712219978837917
948, 0.00555427962293227
949, 0.00698483118321747
950, 0.00703605124726892
951, 0.00346481867600232
952, 0.0038692758923086
953, 0.00481551982617627
954, 0.00381547270808369
955, 0.00385415627776335
956, 0.00379025992394115
957, 0.00391691992990673
958, 0.00402337396129345
959, 0.0043663988277937
960, 0.00407244841335341
961, 0.00672748214565218
962, 0.00764684018213302
963, 0.00687982758972794
964, 0.0070851855368043
965, 0.00820038847935697
966, 0.00791001467344662
967, 0.00697787726918856
968, 0.0076443764846772
969, 0.00847323875253399
970, 0.00720526895020157
971, 0.00875761243514717
972, 0.00598284289506929
973, 0.00633118658637007
974, 0.00635067746043205
975, 0.00638902292121202
976, 0.00635953864548355
977, 0.00636436689334611
978, 0.00690762333882352
979, 0.0063840956815208
980, 0.00649148365482688
981, 0.00641159332978229
982, 0.00659412273671478
983, 0.00672074275401731
984, 0.00685040272461871
985, 0.00697706290520728
986, 0.00709587486926466
987, 0.00695947930216789
988, 0.0071786652940015
989, 0.00723143546686818
990, 0.00723825045861304
991, 0.00701300435078641
992, 0.00606970100974043
993, 0.00654131298263868
994, 0.00700233508056651
995, 0.00715510174632072
996, 0.00744491943623871
997, 0.00696734727049867
998, 0.0067817783759286
999, 0.00485128253543129
1000, 0.00696150597650558
1001, 0.00706692668609321
1002, 0.00710729882121086
1003, 0.00699130814367284
1004, 0.00442212905424337
1005, 0.00406148508191109
1006, 0.00711147126276046
1007, 0.00569290023607512
1008, 0.00528744949648778
1009, 0.0070383958130454
1010, 0.00708880159072578
1011, 0.00417665722003828
1012, 0.005144497884127
1013, 0.00470010536567618
1014, 0.00416771069701229
1015, 0.00432509273135414
1016, 0.00415448421457161
1017, 0.00421408897576233
1018, 0.00439131337528427
1019, 0.00835196309102078
1020, 0.00563612096011639
1021, 0.00686130658723414
1022, 0.00620488446050634
1023, 0.00655488293462743
1024, 0.00461336062289774
1025, 0.00645359493015955
1026, 0.00640511617530137
1027, 0.0053971620897452
1028, 0.00739455355020861
1029, 0.00740639512271931
1030, 0.00598592865280807
1031, 0.00586158134198437
1032, 0.00835649312163393
1033, 0.00705886022963872
1034, 0.007206302213793
1035, 0.00713364411300669
1036, 0.0066893711918965
1037, 0.00789638476756712
1038, 0.00546213088091463
1039, 0.00698414997064642
1040, 0.00726115816117575
1041, 0.00817183793211977
1042, 0.00849419120433075
1043, 0.0074292632440726
1044, 0.00469746285428603
1045, 0.00642665359191597
1046, 0.00649015232920647
1047, 0.00704751532369604
1048, 0.00687595332662265
1049, 0.00712406759460767
1050, 0.00711725264166792
1051, 0.00712019333150238
1052, 0.00720463340015461
1053, 0.00793061785710355
1054, 0.007141968778645
1055, 0.00622836865174274
1056, 0.00769470275069277
1057, 0.00735898936788241
1058, 0.00689989471963296
1059, 0.00664085273941358
1060, 0.00674814125522971
1061, 0.00715488331237187
1062, 0.00727351642368982
1063, 0.00701145451360693
1064, 0.00715112821975102
1065, 0.00715764511066179
1066, 0.00713547187236448
1067, 0.00500281756588568
1068, 0.0044808000481377
1069, 0.00635244561514507
1070, 0.00504283199552447
1071, 0.00462675195497771
1072, 0.004518291214481
1073, 0.00807585458581646
1074, 0.00746727121683459
1075, 0.00819442778204878
1076, 0.00809508678503335
1077, 0.00728138404277464
1078, 0.00768087451190998
1079, 0.00569800097894456
1080, 0.00610552351766576
1081, 0.00649229832924902
1082, 0.00630432464337597
1083, 0.00655039287327478
1084, 0.00641747432140013
1085, 0.00660960023136189
1086, 0.00726720388047397
1087, 0.00668698661805441
1088, 0.00677965216649075
1089, 0.00689069565851241
1090, 0.00702186553583791
1091, 0.00716634723357856
1092, 0.00731039171417554
1093, 0.00733637941690783
1094, 0.00743697207265844
1095, 0.00752623992351194
1096, 0.00739604382154842
1097, 0.00640801708990087
1098, 0.00787949695118836
1099, 0.00606215108806888
1100, 0.00755177081252138
1101, 0.00681440171319991
1102, 0.00698723515961319
1103, 0.00709774224863698
1104, 0.00736202932118128
1105, 0.00715756532736123
1106, 0.00567497895099223
1107, 0.00725881398345033
1108, 0.00718438745631526
1109, 0.00526863433575879
1110, 0.00720958035284032
1111, 0.0071947587809215
1112, 0.00477681665991743
1113, 0.00444700783118606
1114, 0.00525601805808644
1115, 0.00492670235689729
1116, 0.0049905787066867
1117, 0.00484199269807764
1118, 0.00713753835298121
1119, 0.008167208560432
1120, 0.00767433794680983
1121, 0.00805980083532631
1122, 0.00835290085524321
1123, 0.00790363678243011
1124, 0.0060339382228752
1125, 0.00655708822887391
1126, 0.00644395857428511
1127, 0.00627935045243551
1128, 0.00664488602584849
1129, 0.00673097496231397
1130, 0.00681708384460459
1131, 0.00691455734583239
1132, 0.00744476434774697
1133, 0.0070238522409151
1134, 0.00715371093247086
1135, 0.00729437804936121
1136, 0.00752900183821718
1137, 0.0074425747540469
1138, 0.00758055958431214
1139, 0.00756689056288451
1140, 0.00658095018782963
1141, 0.00627327077866842
1142, 0.00783662926405668
1143, 0.00591153022833169
1144, 0.00690144436278691
1145, 0.00703370691432307
1146, 0.00763223696655283
1147, 0.00711818652537962
1148, 0.00744871442050983
1149, 0.00717109550411503
1150, 0.00551889433215062
1151, 0.00733035919256508
1152, 0.00721258045329402
1153, 0.00725640977422396
1154, 0.00840146718546748
1155, 0.00506446863679836
1156, 0.00556557615553694
1157, 0.00524161364107082
1158, 0.00575347058475018
1159, 0.00789262693641441
1160, 0.00783668116976818
1161, 0.00647789340776702
1162, 0.00598744659995039
1163, 0.00626691294989238
1164, 0.00662448133031527
1165, 0.00800222305891415
1166, 0.006746889402469
1167, 0.0068424556326742
1168, 0.00693593558389693
1169, 0.00703285277510683
1170, 0.00713656477940579
1171, 0.00725633041777958
1172, 0.00762874039355665
1173, 0.00739435498447468
1174, 0.00773334659502975
1175, 0.00754662490605066
1176, 0.00768075530262043
1177, 0.00671804083200793
1178, 0.00615898865119865
1179, 0.00647318471843998
1180, 0.00693992890107135
1181, 0.00578614192393919
1182, 0.00704181306840231
1183, 0.0076617414985473
1184, 0.00712214033895483
1185, 0.00748290761839598
1186, 0.00719124195165932
1187, 0.00735467784882834
1188, 0.0072605424405386
1189, 0.0053720825817436
1190, 0.00549926472983013
1191, 0.00630939142623295
1192, 0.00653348498356839
1193, 0.00593614684683936
1194, 0.00746927782893181
1195, 0.00671068970890095
1196, 0.006841919113261
1197, 0.00693976999415706
1198, 0.00703565403819084
1199, 0.00712553792012234
1200, 0.00721792515832931
1201, 0.00732348494542142
1202, 0.00779540706425905
1203, 0.00745902598525087
1204, 0.00769627237847696
1205, 0.00680452721038212
1206, 0.00638451295283933
1207, 0.00661780564890554
1208, 0.00606318419643988
1209, 0.00761717720888555
1210, 0.00565028302371502
1211, 0.00571839925833046
1212, 0.00789163665225109
1213, 0.00516114328056574
1214, 0.00779380540673931
