1, 0.00748783466406167
2, 0.0171471864450723
3, 0.00463304002187215
4, 0.00771427294239402
5, 0.00870561692863703
6, 0.012043000664562
7, 0.00357997487299144
8, 0.00475460369489156
9, 0.0161172474035993
10, 0.0083380953874439
11, 0.00968075031414628
12, 0.013052346650511
13, 0.008127194053183
14, 0.0091529901449879
15, 0.010589045084392
16, 0.0133821788864831
17, 0.0150589967767398
18, 0.0100772795267403
19, 0.00659525518616041
20, 0.00434670936859523
21, 0.00527435638165722
22, 0.00616224738769233
23, 0.00678297015838325
24, 0.00716300929586093
25, 0.00739479196878771
26, 0.00754296923211465
27, 0.00764646280246476
28, 0.0077037625014782
29, 0.00778812315547839
30, 0.0079250349663198
31, 0.00805612529317538
32, 0.00819941501443585
33, 0.00834473082795739
34, 0.0085554433753714
35, 0.00869814694548647
36, 0.00891498848795891
37, 0.00934620837991436
38, 0.0099114595601956
39, 0.0104859292817612
40, 0.0109115461818874
41, 0.0110651276384791
42, 0.0107104397999744
43, 0.00988177644709746
44, 0.00882188603281975
45, 0.00817352678859606
46, 0.00805896666133776
47, 0.00854448601603508
48, 0.00947606718788544
49, 0.0102345172005395
50, 0.0105992179984848
51, 0.0105011084427436
52, 0.0100518480564157
53, 0.00939953482399384
54, 0.00870871714626749
55, 0.00808127891893188
56, 0.00756748657052716
57, 0.00716062518768013
58, 0.00685091898776591
59, 0.00660542755698164
60, 0.00641513002725939
61, 0.00625821071056028
62, 0.00613995525054634
63, 0.00605607141430179
64, 0.00600858645824095
65, 0.00599487754516304
66, 0.00602940819226205
67, 0.00612370297312737
68, 0.00630716614735623
69, 0.00662171964844068
70, 0.00718108944905301
71, 0.00815832754597068
72, 0.00963692041113973
73, 0.0104452782931427
74, 0.00858274236088619
75, 0.00541651357586185
76, 0.00459460526083906
77, 0.00416676265498002
78, 0.00390303177603831
79, 0.00375393097056076
80, 0.00379625460066433
81, 0.0043269800953567
82, 0.00487969400516401
83, 0.00547953528196861
84, 0.00610387414538612
85, 0.00669475509009014
86, 0.0071845860996594
87, 0.00755971802088122
88, 0.00782819709274918
89, 0.00802898538919787
90, 0.00817722221836448
91, 0.00827978202141821
92, 0.00835351304461559
93, 0.00838790461421013
94, 0.00839062655965487
95, 0.00835897657088935
96, 0.00828655708270768
97, 0.00817885141198834
98, 0.00803679375288387
99, 0.0078374957665801
100, 0.00756166495072345
101, 0.00715448575404783
102, 0.00652303406968713
103, 0.00560091036216666
104, 0.00457523346024876
105, 0.0068692776064078
106, 0.0103710913099349
107, 0.0153368742515643
108, 0.0125989537530889
109, 0.0102100989315659
110, 0.00924231779451171
111, 0.00891824718564749
112, 0.00880301169430216
113, 0.00874750013463199
114, 0.00870835936317841
115, 0.00867474249874552
116, 0.00863804575055838
117, 0.00859522959217429
118, 0.00854613531070451
119, 0.00849535230857631
120, 0.00843850926806529
121, 0.00837578539115687
122, 0.00840851827524602
123, 0.00847900037964185
124, 0.00857015621537963
125, 0.00868443787718813
126, 0.00881997914984822
127, 0.00896406328926484
128, 0.00912348584582408
129, 0.00928771682083607
130, 0.00944233142460386
131, 0.00956758065149188
132, 0.00964117248076946
133, 0.00965845786655943
134, 0.00962857529520988
135, 0.00960191261644165
136, 0.00954191045214733
137, 0.00943398615345359
138, 0.00926733187710246
139, 0.00902998587116599
140, 0.00873613481720289
141, 0.00842714449390769
142, 0.00814096288134654
143, 0.00790095484505097
144, 0.00773712138955792
145, 0.00763746234588325
146, 0.00760237507832547
147, 0.00761620335591336
148, 0.00766033050604165
149, 0.00666546914726496
150, 0.00991062525038918
151, 0.014419995713979
152, 0.0143455288683375
153, 0.00986719271168113
154, 0.00669284770265222
155, 0.00356551081252595
156, 0.00352791999466717
157, 0.00349271355662495
158, 0.00348424969706684
159, 0.00349807812987516
160, 0.00352935070016732
161, 0.00357806767957906
162, 0.00364279832380513
163, 0.00372568847766767
164, 0.00384072551969439
165, 0.00400050574292739
166, 0.00421853953351577
167, 0.00453364942222834
168, 0.00503031505892674
169, 0.00596281009105345
170, 0.00937310082372278
171, 0.0113650187849998
172, 0.0105114402249455
173, 0.00893708225339651
174, 0.00796409579925239
175, 0.00744998586984972
176, 0.00718172523193061
177, 0.00705707205149035
178, 0.00702949496917427
179, 0.00707443694894512
180, 0.00716185678417484
181, 0.00728261594971021
182, 0.00742908435252806
183, 0.00758187108052274
184, 0.00772071008880933
185, 0.00784631709878643
186, 0.00795126101002097
187, 0.00802815053611994
188, 0.00808107977112134
189, 0.00811509431029359
190, 0.00813102877388398
191, 0.00814728112891316
192, 0.00815800949931145
193, 0.0081717586144805
194, 0.00818828912451863
195, 0.00820938885832826
196, 0.00823180051520467
197, 0.00826541737963756
198, 0.0083208994474262
199, 0.0118922810070217
200, 0.00899148158108195
201, 0.00875246694444546
202, 0.00558988352228577
203, 0.0065957917055736
204, 0.0101135990892847
205, 0.0117586676497012
206, 0.0143384163578351
207, 0.00775291658161829
208, 0.00764908521280934
209, 0.00749764971745511
210, 0.00729421902603159
211, 0.00701365984665851
212, 0.00603656094366064
213, 0.00548118453783294
214, 0.00827715926182767
215, 0.00809890171512961
216, 0.00795537357529004
217, 0.00986200749563674
218, 0.0105909129294256
219, 0.0108424047163377
220, 0.010661663642774
221, 0.010271471614639
222, 0.00975257360065977
223, 0.00924035099645456
224, 0.00885341696751614
225, 0.0086275152862072
226, 0.0114118681910137
227, 0.00698173174168915
228, 0.00690180187424024
229, 0.0072435550003623
230, 0.00745141638132433
231, 0.00764310484131177
232, 0.0070294749069338
233, 0.0108447493985295
234, 0.00931787653826177
235, 0.0102972604023914
236, 0.00858682549248139
237, 0.00897092958912253
238, 0.010780912435924
239, 0.00979485246352851
240, 0.00884243023271362
241, 0.00785310389474034
242, 0.00814092283447584
243, 0.00843107802793384
244, 0.00795533399408062
245, 0.00780281111864107
246, 0.0102568374547575
247, 0.00842940927084003
248, 0.0112848506153872
249, 0.00749647729874899
250, 0.00798086453384409
251, 0.00750510018163671
252, 0.00738956643423686
253, 0.00766631118798008
254, 0.00754809492112448
255, 0.0122666383162141
256, 0.00912795907684735
257, 0.00891227880492806
258, 0.0100545700794707
259, 0.0109148047243555
260, 0.00837765574189169
261, 0.00823579379357398
262, 0.00795797092307891
263, 0.0113805725372263
264, 0.0098666165334483
265, 0.00785529745432238
266, 0.0086481385709097
267, 0.00799099743987123
268, 0.00779177881001184
269, 0.00778968492522836
270, 0.00824949890375137
271, 0.00968316769493478
272, 0.0109710951335728
273, 0.00838763895444572
274, 0.00843360559083521
275, 0.00887821273257335
276, 0.00999150821007788
277, 0.0116801085726668
278, 0.0144485464940468
279, 0.00721772635976474
280, 0.00676912193497022
281, 0.00648991398823758
282, 0.00632755078064899
283, 0.00624380640995999
284, 0.00652504087580989
285, 0.00624700519256294
286, 0.0062224679471304
287, 0.00630410644225776
288, 0.00639627509129544
289, 0.00668045005295426
290, 0.00882786659834286
291, 0.00864162187402447
292, 0.00789564983764043
293, 0.0105013673504194
294, 0.00710481548837076
295, 0.00821417733095586
296, 0.00937402411364019
297, 0.0103757997664313
298, 0.0102275033326199
299, 0.00956189795397222
300, 0.00687062845099717
301, 0.0073939577365915
302, 0.00776056592197468
303, 0.00876430841162801
304, 0.00995340112907191
305, 0.00905788144362824
306, 0.0120909043277303
307, 0.0071727050235495
308, 0.00475712698729088
309, 0.00540171148410688
310, 0.00608637020923197
311, 0.00670397382540007
312, 0.00772031284092615
313, 0.00808809356143077
314, 0.00749991457754125
315, 0.00787182780914009
316, 0.00815087735342483
317, 0.0081977858984222
318, 0.00820964706751207
319, 0.00816945390154918
320, 0.00796703645028174
321, 0.007589440792799
322, 0.00729203348358472
323, 0.00632782889685283
324, 0.00580652671245237
325, 0.00807825879504283
326, 0.00798944802954793
327, 0.00780671974644065
328, 0.00821594529164334
329, 0.00687662876831989
330, 0.00588703285514687
331, 0.00401723433751613
332, 0.00428555465380972
333, 0.00474097428377718
334, 0.00557875738013536
335, 0.0113027709691475
336, 0.00665330999375631
337, 0.0068696749319012
338, 0.00664091242166857
339, 0.0065463794550548
340, 0.00735964513539026
341, 0.00702065345831215
342, 0.00777181121520698
343, 0.00678477820474654
344, 0.0080944513125966
345, 0.0106358150951564
346, 0.00857997119116286
347, 0.0065632079107066
348, 0.00674982974305749
349, 0.00717485079076141
350, 0.0073598639961953
351, 0.0075777981740733
352, 0.0102689484289537
353, 0.0070095273743694
354, 0.0106184501200914
355, 0.0078326875421529
356, 0.00911291634353499
357, 0.00658184410228084
358, 0.00815540715120733
359, 0.00970232665228347
360, 0.00412994689152886
361, 0.0053903468651697
362, 0.00772259776325275
363, 0.00789670300825188
364, 0.00792471719129632
365, 0.00703648877485345
366, 0.00761602438675861
367, 0.00779771940627446
368, 0.00804172083735466
369, 0.00776394351851195
370, 0.00740277910760293
371, 0.00614808084598432
372, 0.00722398484746615
373, 0.00679874524939805
374, 0.00747088711553564
375, 0.00798082499143978
376, 0.00798817638618251
377, 0.00803472730331123
378, 0.00717161246575415
379, 0.00760126257470499
380, 0.0078616754229491
381, 0.00719223563404133
382, 0.00802268708745638
383, 0.0067521823104471
384, 0.00598547968547791
385, 0.00468616899369018
386, 0.00517157802823931
387, 0.0100575701466628
388, 0.00752466185284512
389, 0.00793097583421816
390, 0.0102020520716906
391, 0.012277892138809
392, 0.00685467466246337
393, 0.00720912357792258
394, 0.0069022390137737
395, 0.00691183528397232
396, 0.00717812924024959
397, 0.00743178642975787
398, 0.00706817826721817
399, 0.00685600579405824
400, 0.0069762480755647
401, 0.00703807811563214
402, 0.00765746963831286
403, 0.00799876622234782
404, 0.0077918783063069
405, 0.00729926551381747
406, 0.00753796244195352
407, 0.00741996495829274
408, 0.00833159863638381
409, 0.00883241665239135
410, 0.00948196797010799
411, 0.0102764187225451
412, 0.0109427989615748
413, 0.0076402040819327
414, 0.00763915110534678
415, 0.00786958273965865
416, 0.00760915006200473
417, 0.00787341718872388
418, 0.00754181668162346
419, 0.00782247539609671
420, 0.00759256025776267
421, 0.00772782298736274
422, 0.00747880033616509
423, 0.00774310156702995
424, 0.00768246393029888
425, 0.00763021036982536
426, 0.00784927738520006
427, 0.00780139518125604
428, 0.00749002043933918
429, 0.00741291181960454
430, 0.00746178774473568
431, 0.00782557499284546
432, 0.00745254863674442
433, 0.00732896837871522
434, 0.00698276473364482
435, 0.00630315237989028
436, 0.00876064458861947
437, 0.00547547433525324
438, 0.0064708516999547
439, 0.0114670162355261
440, 0.00746276101563126
441, 0.00725362810771912
442, 0.00779758056160063
443, 0.00803919780688981
444, 0.00720016293538113
445, 0.00712456433878591
446, 0.00736173141437272
447, 0.0075958384356151
448, 0.00769452397556355
449, 0.00753353179122011
450, 0.00714860476242999
451, 0.00763984653167427
452, 0.00766281422693282
453, 0.00727546339233716
454, 0.00745570807096859
455, 0.00714236622055372
456, 0.00723546867569288
457, 0.00735177736108502
458, 0.00744607167628904
459, 0.00846437768389781
460, 0.0111838996720811
461, 0.0102727432580044
462, 0.00905321505186813
463, 0.0073362126480788
464, 0.00880289232979218
465, 0.00805499712005258
466, 0.01113505596295
467, 0.00737159373238683
468, 0.00736651938253393
469, 0.00738066562917084
470, 0.0074206207646057
471, 0.00748324541685482
472, 0.00755228746371965
473, 0.00762564110724876
474, 0.00768552375181268
475, 0.00772369051507364
476, 0.00772905493310342
477, 0.0076961531303823
478, 0.00763428335388501
479, 0.00758503016550094
480, 0.00759252059894304
481, 0.00774687672189126
482, 0.00731726627176007
483, 0.00614810117986053
484, 0.00756891708200177
485, 0.00747496029362082
486, 0.00706881424412131
487, 0.00667943708443393
488, 0.00559244669663409
489, 0.00845263572409749
490, 0.00849147816188633
491, 0.00852835364639759
492, 0.00856679833183686
493, 0.00860629649832845
494, 0.00864259588221709
495, 0.00867567622723679
496, 0.00878220967327555
497, 0.00890032597817481
498, 0.0097455201515307
499, 0.0110623061191291
500, 0.00871789618395269
501, 0.00915392387347917
502, 0.0135244155923525
503, 0.00849013848762427
504, 0.0112855286736573
505, 0.00761478063650429
506, 0.00769132488251974
507, 0.00783056168196102
508, 0.00804301273698608
509, 0.00831624035102626
510, 0.00861585272165636
511, 0.00891240569762886
512, 0.00916572582597534
513, 0.00935461271243791
514, 0.00948200770653784
515, 0.00955649364429216
516, 0.00959547484914462
517, 0.00962275414106747
518, 0.00903409882448614
519, 0.00875075821143886
520, 0.00853824770698945
521, 0.00919513086167475
522, 0.00888520657705764
523, 0.00862940299945573
524, 0.00558807553413014
525, 0.00763013085816056
526, 0.00730184865339349
527, 0.00743818442181994
528, 0.00701928293953339
529, 0.00708504673093557
530, 0.00714274402707815
531, 0.0075264983655264
532, 0.0098424570945402
533, 0.00873120796556274
534, 0.0106946247785042
535, 0.00899475960371395
536, 0.00867066935946544
537, 0.00863186696854731
538, 0.0085993028866748
539, 0.00856936156439284
540, 0.00854083057492971
541, 0.00929741227688889
542, 0.00883124411726991
543, 0.00761658077438672
544, 0.00947712028088669
545, 0.00939991232007742
546, 0.00927714654244483
547, 0.00780391809530556
548, 0.00885850315292676
549, 0.00910171051509678
550, 0.00759677220291148
551, 0.00800969366294642
552, 0.00857335499798258
553, 0.00827841165785988
554, 0.00952140637673438
555, 0.00935711634034912
556, 0.00880911131389439
557, 0.00909656456982096
558, 0.00959286857396364
559, 0.00894455270220836
560, 0.00868996155137817
561, 0.00859195125910143
562, 0.00949831974382202
563, 0.00852075777947903
564, 0.011593534424901
565, 0.0095438458956778
566, 0.0109998175342168
567, 0.00757328217982182
568, 0.0074947092604513
569, 0.00753575710890194
570, 0.00798098413118472
571, 0.0074926430437093
572, 0.00760740200833728
573, 0.00889138535906871
574, 0.00909694206590454
575, 0.00876404989200334
576, 0.00869119299265246
577, 0.00943142338655889
578, 0.00995395759431024
579, 0.00865020502048234
580, 0.00859459404212733
581, 0.00862141597705583
582, 0.0106254833129545
583, 0.00759337493218482
584, 0.00766849630357077
585, 0.00887568954688807
586, 0.00908814052430292
587, 0.00860142894089222
588, 0.0083042598174264
589, 0.00802608455220858
590, 0.00923554288844267
591, 0.00942264179078241
592, 0.00938439532183111
593, 0.00932322077763577
594, 0.00759184492441515
595, 0.0092598213814199
596, 0.00901504512876272
597, 0.00886575536181529
598, 0.00874287068533401
599, 0.00864696675645454
600, 0.00941616428705553
601, 0.00847153794020414
602, 0.00935077853500843
603, 0.00764701899606735
604, 0.00775526106978456
605, 0.00800756780275454
606, 0.00850826672588786
607, 0.0087337310736378
608, 0.00994740085055431
609, 0.00949975017768641
610, 0.0104468089217941
611, 0.00881310443704327
612, 0.00869178911671042
613, 0.00895015561642746
614, 0.00917023583315313
615, 0.00866582151502371
616, 0.00755624901503324
617, 0.0085739865899086
618, 0.00779966664655755
619, 0.00923443026840687
620, 0.00927575576740007
621, 0.00913564519335826
622, 0.00896750064566731
623, 0.00931195635348558
624, 0.00870299494514863
625, 0.00929105444811285
626, 0.00840195151977241
627, 0.00945439487695694
628, 0.00762365695222148
629, 0.00917009660042822
630, 0.00880533619783819
631, 0.00871131587773561
632, 0.00894375836166243
633, 0.00932669805895005
634, 0.0103407403454185
635, 0.0079478834134837
636, 0.00828117310690383
637, 0.00879120997463663
638, 0.00887177527571718
639, 0.0101991315217068
640, 0.00879383219095568
641, 0.00986459013074636
642, 0.00950843266521891
643, 0.00900858788130184
644, 0.00876312742808035
645, 0.00921553536318243
646, 0.00867261648333321
647, 0.0107155063500007
648, 0.00928000779822469
649, 0.00808545654373509
650, 0.0092551923977832
651, 0.00922223087400198
652, 0.00926856339598695
653, 0.00923921812015275
654, 0.00913512877499064
655, 0.00909406132996082
656, 0.00888145117399593
657, 0.00918620172888041
658, 0.00889273655290405
659, 0.00886712204664946
660, 0.00844822498038411
661, 0.00895246040696899
662, 0.00893453888905545
663, 0.0090624902707835
664, 0.00994169867287079
665, 0.00973479131547113
666, 0.00924005266278982
667, 0.00947674262958268
668, 0.0103429178707302
669, 0.00958362820425204
670, 0.00776708275079727
671, 0.00903696039070686
672, 0.00916367924461762
673, 0.00924569531343877
674, 0.00922267632558942
675, 0.00933571804004411
676, 0.00912277866154909
677, 0.00939476660763224
678, 0.00936675234697759
679, 0.00901164473699672
680, 0.0091085281622197
681, 0.00910858460702002
682, 0.00924654972429077
683, 0.0096403774805367
684, 0.00956567307002842
685, 0.00941320415586233
686, 0.00998228951357305
687, 0.00856268564239144
688, 0.0101850050501525
689, 0.00943224579095841
690, 0.00960028326759736
691, 0.0101825527713767
692, 0.00853037966104845
693, 0.00838226196356118
694, 0.00870156443367402
695, 0.00875165220350027
696, 0.00880950844536225
697, 0.00887566967867315
698, 0.00899823654132585
699, 0.00926447062132259
700, 0.0113053682393261
701, 0.00986449102250238
702, 0.0111768463781724
703, 0.0135392368150254
704, 0.00837499050733944
705, 0.00764976065450658
706, 0.0079513998546948
707, 0.00818463321775198
708, 0.0083501156574736
709, 0.00846521199370424
710, 0.00855251285247505
711, 0.00853357875409226
712, 0.00847490799302856
713, 0.00837826899563273
714, 0.00825152957501511
715, 0.00808630557730794
716, 0.00785674791162213
717, 0.00754563157291462
718, 0.00710513326339424
719, 0.00652037161247184
720, 0.00588975439313799
721, 0.00397833267925307
722, 0.00386901776073501
723, 0.00378926672662298
724, 0.00372914552766209
725, 0.00368692547393342
726, 0.00366209012766679
727, 0.00366207018184165
728, 0.00368239534630751
729, 0.00370496569667011
730, 0.00829325259352724
731, 0.0082803776798149
732, 0.00828196736983955
733, 0.00827620582034191
734, 0.00826112561238309
735, 0.00824084024255474
736, 0.00819079213154813
737, 0.00811757799237967
738, 0.00801428322059413
739, 0.00788909305507938
740, 0.0077526979536439
741, 0.00760634860489517
742, 0.00746270144979159
743, 0.00734055158682168
744, 0.00725535679763804
745, 0.00721319640676181
746, 0.00723499195494999
747, 0.00734847912099212
748, 0.00758407641357432
749, 0.00800697136825571
750, 0.00868092120314638
751, 0.00947268982417881
752, 0.0096611799672246
753, 0.0085918721742928
754, 0.00864565519926449
755, 0.0100633716986825
756, 0.00890437924923996
757, 0.00852791608000795
758, 0.00881678021202485
759, 0.0108903668199976
760, 0.0091921902106454
761, 0.00901568098925054
762, 0.00951022072695196
763, 0.00830535241402686
764, 0.00827807351015508
765, 0.00832259776070714
766, 0.00811582920141518
767, 0.00854522129520774
768, 0.00812411432464918
769, 0.00779714318923652
770, 0.00828701405165096
771, 0.00848321251881619
772, 0.0084689074040701
773, 0.00842444241667787
774, 0.008245986343051
775, 0.00797259892957906
776, 0.00782768048035602
777, 0.00848374896061917
778, 0.00846163548218707
779, 0.00745854910928756
780, 0.00834957929328084
781, 0.00768679520115256
782, 0.00757094352350881
783, 0.00749166957878818
784, 0.00748123868834227
785, 0.00758965938196828
786, 0.00891161135708292
787, 0.005753617384471
788, 0.00724580010864884
789, 0.00617873792846998
790, 0.00674690923187882
791, 0.00845283456146717
792, 0.00851665103497604
793, 0.00831554496350388
794, 0.00791134596026192
795, 0.00744289291712145
796, 0.00743486584785084
797, 0.00558956541741888
798, 0.0050161686182643
799, 0.00448232959024608
800, 0.00405666888691485
801, 0.00856485132438441
802, 0.00864186068065464
803, 0.0086866437147061
804, 0.00863148923963308
805, 0.00808759693366786
806, 0.00776076452651372
807, 0.00813647243194282
808, 0.00765856262296438
809, 0.00868445790062348
810, 0.00833873124793172
811, 0.00413223194967334
812, 0.00403146013074244
813, 0.00406758072009931
814, 0.00412484091551354
815, 0.00466867373324931
816, 0.0043464907988285
817, 0.00432562917315712
818, 0.00420981727074832
819, 0.0040074196876958
820, 0.00520642703243842
821, 0.00616401554240535
822, 0.00743234320543706
823, 0.0040131217877691
824, 0.00831004717786397
825, 0.00845684739761055
826, 0.0117173929698765
827, 0.008403421712241
828, 0.00410378047464682
829, 0.0112345241276281
830, 0.00866156948419909
831, 0.00858342787250876
832, 0.00900397861065964
833, 0.00915976551671823
834, 0.00938626316686471
835, 0.0109238844985763
836, 0.00973425518410901
837, 0.0102660873283943
838, 0.00873853910403947
839, 0.00812890706583858
840, 0.00839771958999336
841, 0.00841522356495261
842, 0.00843497249297798
843, 0.00770670303609222
844, 0.00834538678949078
845, 0.00819440791383386
846, 0.00779042784900715
847, 0.00848076911643147
848, 0.00858366644630829
849, 0.00804521741035084
850, 0.0079075110067303
851, 0.00866039702668786
852, 0.00869363686069846
853, 0.00869429251179099
854, 0.00777258623080949
855, 0.00767119876885166
856, 0.00866762936736147
857, 0.00768766951902459
858, 0.00793685651539514
859, 0.00816055309648315
860, 0.00838528239789108
861, 0.00842676738587519
862, 0.00842305195207397
863, 0.00788891459039102
864, 0.00684781989548355
865, 0.0073494726481537
866, 0.00629745051264763
867, 0.00572713320919623
868, 0.00516686918369184
869, 0.00878870665716628
870, 0.00462446691623578
871, 0.00880571392675241
872, 0.00811936609291782
873, 0.00876675189162294
874, 0.00866665598005056
875, 0.00849000760354102
876, 0.00839340830376993
877, 0.00812373706139624
878, 0.00823577392535905
879, 0.00823505859201153
880, 0.00873086989546815
881, 0.0083849443277965
882, 0.00852141940655808
883, 0.00863802572712302
884, 0.00789664340360711
885, 0.00449005851987749
886, 0.00509367483512809
887, 0.00665547601723423
888, 0.0057073247153312
889, 0.00456891546491534
890, 0.00448139601697524
891, 0.00442848688301941
892, 0.00439620099496096
893, 0.00469561514910311
894, 0.00437323337731262
895, 0.00473215279635042
896, 0.00850625980334977
897, 0.0100611668700973
898, 0.00722135982609221
899, 0.00909000790367524
900, 0.00856659957207739
901, 0.0098892073923101
902, 0.00877583182106415
903, 0.00867027176233629
904, 0.0103405933671941
905, 0.00954028180179497
906, 0.0092845579298834
907, 0.00888135191053152
908, 0.010833046787108
909, 0.00811992220891019
910, 0.00816089070091645
911, 0.00785533719075223
912, 0.00800871988758445
913, 0.00785948991930733
914, 0.00855338736437261
915, 0.00799584555594871
916, 0.00825943665889402
917, 0.008419574626411
918, 0.00853087373876146
919, 0.00811304757371545
920, 0.00857959330702821
921, 0.00790222617797554
922, 0.00871777712988357
923, 0.00799089802118639
924, 0.00882379369189342
925, 0.00889219995588064
926, 0.00890831284535428
927, 0.00790890236385167
928, 0.00888629901843766
929, 0.0085846995934844
930, 0.00862729681345324
931, 0.00747996700617174
932, 0.00805874797515571
933, 0.00850345854026576
934, 0.0085241412743926
935, 0.00862449531753858
936, 0.00860963420321544
937, 0.00839227562149366
938, 0.00645095218593876
939, 0.00879705107460419
940, 0.00887668288002411
941, 0.00870756440175076
942, 0.00889587611891329
943, 0.00863798591308296
944, 0.00480587231660528
945, 0.00535710741921018
946, 0.00589750315217922
947, 0.00897918284560243
948, 0.00698858631464342
949, 0.008794885672008
950, 0.00886337140885492
951, 0.00436196411028504
952, 0.00487081318472822
953, 0.00606982045186063
954, 0.00480808891976873
955, 0.00485964709271987
956, 0.00477284274529666
957, 0.00494335188219945
958, 0.00507356820162386
959, 0.00550856289919466
960, 0.00513062967608372
961, 0.00847907215356827
962, 0.00964272192989787
963, 0.00867223887083431
964, 0.00893414175758759
965, 0.0103546995669603
966, 0.00997396480912963
967, 0.00879844184964895
968, 0.00964284144962827
969, 0.0106976050883532
970, 0.00908706764069696
971, 0.0110493718336026
972, 0.00753729843667575
973, 0.00798459995227555
974, 0.00800275950071712
975, 0.00805956257196764
976, 0.00801283284090459
977, 0.00802572700195014
978, 0.00871243226962785
979, 0.00804541655816138
980, 0.0081850898762544
981, 0.0080897225998342
982, 0.00831492866079012
983, 0.00847087451256812
984, 0.00863987354872127
985, 0.0088056541668872
986, 0.00894711601237456
987, 0.00878113655683895
988, 0.00905587431043386
989, 0.00911166402511299
990, 0.0091152999860545
991, 0.00884227089894315
992, 0.00764415774028748
993, 0.00824155549829205
994, 0.00882166825855772
995, 0.00901804530682663
996, 0.00938552726681034
997, 0.00877920965043207
998, 0.0085533473175019
999, 0.00610909971874207
1000, 0.0087722953564177
1001, 0.00890217395499349
1002, 0.00895889786382516
1003, 0.00881288596428931
1004, 0.00557629376028975
1005, 0.00512139885686338
1006, 0.00896209672403832
1007, 0.00716537361343702
1008, 0.0066477667617922
1009, 0.00886561643953125
1010, 0.00892228058849772
1011, 0.00526104483287781
1012, 0.00648220508204152
1013, 0.00592732522636652
1014, 0.00524842842215938
1015, 0.00545229626974712
1016, 0.00523376550214986
1017, 0.00531828496605158
1018, 0.00553542491979897
1019, 0.0105215329676867
1020, 0.00710163279436529
1021, 0.00864751487970352
1022, 0.00782909143405656
1023, 0.00826958970477184
1024, 0.00581036135554314
1025, 0.00813194271177053
1026, 0.00806731133100887
1027, 0.0068036529313152
1028, 0.00932020119701823
1029, 0.00933422800153494
1030, 0.00754125281237066
1031, 0.00738241407088935
1032, 0.0105457919805
1033, 0.00890751811675727
1034, 0.00908446474932134
1035, 0.00899418342548112
1036, 0.00842497901370128
1037, 0.00995866612841686
1038, 0.0068789932023113
1039, 0.00880912518394845
1040, 0.00914708920754492
1041, 0.0103092606489857
1042, 0.0107150435713785
1043, 0.00937052769586444
1044, 0.00592049087087313
1045, 0.00810108729638159
1046, 0.00818646093830466
1047, 0.00887447766338786
1048, 0.00867178190189103
1049, 0.00897409697063267
1050, 0.00897596450522542
1051, 0.00897312335049113
1052, 0.00907431193627417
1053, 0.0100002503798654
1054, 0.0090075545789053
1055, 0.0078466347961997
1056, 0.00970290259768566
1057, 0.00928086189863583
1058, 0.0086922663419197
1059, 0.00837338110432029
1060, 0.00850892237698038
1061, 0.00901560136117041
1062, 0.00917063327506185
1063, 0.00885003968141973
1064, 0.00902054893473784
1065, 0.00901359451624254
1066, 0.00898786541074514
1067, 0.00631334500697752
1068, 0.00564299147420873
1069, 0.00800953440678616
1070, 0.00635411454519878
1071, 0.00583529573244353
1072, 0.00569502601865679
1073, 0.0101784880583485
1074, 0.00941234974501034
1075, 0.0103336193133146
1076, 0.0102111313802501
1077, 0.00917639497977992
1078, 0.00968973043685158
1079, 0.0071903308853507
1080, 0.00770712026860565
1081, 0.0081856664425383
1082, 0.00794416801848759
1083, 0.00825375450464586
1084, 0.00808968294101457
1085, 0.00833519439523419
1086, 0.00916464161127806
1087, 0.00843336316756904
1088, 0.00854704917098085
1089, 0.00869155077574154
1090, 0.008857987045
1091, 0.00904146993222336
1092, 0.00921744278942545
1093, 0.00925282784737647
1094, 0.00937841491152843
1095, 0.00949416713168224
1096, 0.00932181044481695
1097, 0.00806898026106258
1098, 0.0099333201402
1099, 0.00763313115263979
1100, 0.00952132705909511
1101, 0.00858305076447626
1102, 0.00879836237678925
1103, 0.00893724135433634
1104, 0.00928163675901791
1105, 0.0090162573227038
1106, 0.00714794942177832
1107, 0.00915308948606253
1108, 0.00905392707015077
1109, 0.00664341573913892
1110, 0.00909253124458094
1111, 0.00906688130150239
1112, 0.00601434835698456
1113, 0.00559918992221355
1114, 0.00662990531418473
1115, 0.00620504332861553
1116, 0.00628789390126864
1117, 0.00610072385253651
1118, 0.00900068450719118
1119, 0.010294220643118
1120, 0.00968210104232033
1121, 0.0101597723551095
1122, 0.0105337398126721
1123, 0.00997104425914586
1124, 0.00760825638038417
1125, 0.00826098669009904
1126, 0.00811662439567347
1127, 0.00790580261188249
1128, 0.00837099691852927
1129, 0.00848396743337313
1130, 0.00859073922038078
1131, 0.00871314705970387
1132, 0.00939102303236723
1133, 0.00885421169611315
1134, 0.00901887969424327
1135, 0.00919747500059505
1136, 0.00950082290607194
1137, 0.00938652075516681
1138, 0.00956610970509549
1139, 0.00954349990934134
1140, 0.00828820622215668
1141, 0.0079018489147226
1142, 0.00987909054383635
1143, 0.00745040302475293
1144, 0.00869327962088088
1145, 0.0088533575180918
1146, 0.00962412566877902
1147, 0.00896235485561192
1148, 0.00939073328239222
1149, 0.00903982087038457
1150, 0.00696740656470259
1151, 0.00924472184851766
1152, 0.00909042498096824
1153, 0.00915102334693074
1154, 0.0105957285501063
1155, 0.00637749947297076
1156, 0.00701657516349639
1157, 0.00659789761994034
1158, 0.0072592512704432
1159, 0.00995263224467635
1160, 0.00988487550057471
1161, 0.00816242047585547
1162, 0.00754231381385277
1163, 0.0078917759237811
1164, 0.00834922143258154
1165, 0.0100897962693125
1166, 0.00849682209081948
1167, 0.00862538962004085
1168, 0.00874122146827479
1169, 0.00886331126093864
1170, 0.00899764041726788
1171, 0.00914877847147485
1172, 0.00962092626529435
1173, 0.00932222767733037
1174, 0.00975329681698765
1175, 0.0095228172528247
1176, 0.00968859771577021
1177, 0.0084662651643157
1178, 0.00776118179783225
1179, 0.00815717518950502
1180, 0.00874547311104834
1181, 0.00729698066910108
1182, 0.00887404025221864
1183, 0.00966296756329636
1184, 0.0089763020320485
1185, 0.00943384738638997
1186, 0.00906074186787009
1187, 0.00926864348972837
1188, 0.00914764567278326
1189, 0.00677161667096828
1190, 0.00693061082468679
1191, 0.00794889696408063
1192, 0.00824010535143316
1193, 0.00747999286146036
1194, 0.00942007886866728
1195, 0.00845873503324886
1196, 0.00862437634107967
1197, 0.00875661941245198
1198, 0.00887491460889578
1199, 0.00898645461226503
1200, 0.00910254490251342
1201, 0.00923534405107299
1202, 0.0098295709118247
1203, 0.00940537623440226
1204, 0.00971011499253412
1205, 0.00857714974942307
1206, 0.00804507895372808
1207, 0.00834642032471796
1208, 0.00763923092745245
1209, 0.0096132968707631
1210, 0.00711803585290909
1211, 0.00720915920101106
1212, 0.00995719572529197
1213, 0.00650968654081225
1214, 0.00983278111865123
