1, 0.00861889263615012
2, 0.065641296406587
3, 0.00728833815082908
4, 0.00965202040970325
5, 0.0179106034338474
6, 0.0204368866980076
7, 0.0041451461147517
8, 0.00689888116903603
9, 0.0670865103602409
10, 0.00876218220219016
11, 0.0247484501451254
12, 0.0221663769334555
13, 0.0093146578874439
14, 0.0104109665068487
15, 0.0114147486941268
16, 0.0122637969907373
17, 0.0129035136196762
18, 0.0135242167549829
19, 0.0147031371016055
20, 0.0195118624251336
21, 0.0319145171282192
22, 0.051982829036812
23, 0.0513695855624974
24, 0.0384946732471387
25, 0.0243420638144016
26, 0.013354382943362
27, 0.00793067738413811
28, 0.00582814315566793
29, 0.00531184770322094
30, 0.00524375936947763
31, 0.0067926657696565
32, 0.00807805999647826
33, 0.00890386252043148
34, 0.00938042144601544
35, 0.00961971461462478
36, 0.00970485014840961
37, 0.00970347900874913
38, 0.00967369655457636
39, 0.00965498539153486
40, 0.00963433769841989
41, 0.00961033705001076
42, 0.00960083957761526
43, 0.00961657520383596
44, 0.00969112074623505
45, 0.00986580224707723
46, 0.0101719320130845
47, 0.0106315632971625
48, 0.0112350007208685
49, 0.0119766017111639
50, 0.0128487374943992
51, 0.0137830204330385
52, 0.0146662020124495
53, 0.0162940050940961
54, 0.017290873453021
55, 0.0182435149326921
56, 0.0210141378144423
57, 0.024644140775005
58, 0.0274967007959882
59, 0.0278347386047244
60, 0.0250046299770474
61, 0.0197956597742935
62, 0.0150291149814924
63, 0.0128977716279527
64, 0.0118587041894595
65, 0.0109616536647081
66, 0.0102328872308135
67, 0.00965325223902861
68, 0.00922183397536477
69, 0.00914088042918593
70, 0.00903353246394545
71, 0.00896950718015432
72, 0.00928366339455048
73, 0.00972652559479078
74, 0.0103577788298329
75, 0.0111914095468819
76, 0.0123210375507673
77, 0.0148758521924416
78, 0.0209180951739351
79, 0.0272237109020352
80, 0.0298118647187948
81, 0.0282819326967001
82, 0.0244950102642179
83, 0.0210621794685721
84, 0.0197734475756685
85, 0.021557731864353
86, 0.018820736091584
87, 0.0156905281667908
88, 0.010632357870539
89, 0.00847657669025163
90, 0.00725603212291996
91, 0.00643845500114063
92, 0.00585361407138407
93, 0.00539902939150731
94, 0.00503361318260431
95, 0.00475986883975565
96, 0.00455494814862808
97, 0.00440931397800644
98, 0.00430619778732459
99, 0.00423657963983715
100, 0.00417463046809037
101, 0.00425499762059189
102, 0.00451123792057236
103, 0.00478627373619626
104, 0.00508705883597334
105, 0.00538313497478763
106, 0.00563887863730391
107, 0.00579176443473746
108, 0.00575701492683341
109, 0.00542752045051505
110, 0.00473352370318025
111, 0.00392059553026532
112, 0.00465569969189043
113, 0.0055667768465355
114, 0.00812626047991216
115, 0.0133853779795269
116, 0.0247223032638431
117, 0.0415089211116234
118, 0.0589334294199944
119, 0.0529104362552365
120, 0.0314074611912171
121, 0.0191966724426796
122, 0.014949523533384
123, 0.0139043359085917
124, 0.0133369991866251
125, 0.012788715849941
126, 0.0121024673183759
127, 0.0113096060231328
128, 0.0104474842082709
129, 0.00946637708693743
130, 0.00909427925944328
131, 0.00931581001107891
132, 0.00963072168330351
133, 0.0100595570790271
134, 0.0106176555467149
135, 0.0113090295344591
136, 0.012133521027863
137, 0.0131416344083846
138, 0.0166429709643126
139, 0.0232656442870696
140, 0.0298963446790973
141, 0.0334561727941036
142, 0.0329224330683549
143, 0.029174809033672
144, 0.0246385782957077
145, 0.0226934008921186
146, 0.0200184327550232
147, 0.0156296516458193
148, 0.0144826600638529
149, 0.0136035707158347
150, 0.0126393265090883
151, 0.011735481210053
152, 0.010980767197907
153, 0.0104182977229357
154, 0.0100212508502106
155, 0.00977218290790915
156, 0.00966100068762898
157, 0.00962027084703247
158, 0.00961725134402514
159, 0.00963405954341094
160, 0.0096474903014799
161, 0.00590357306646183
162, 0.00815312253932158
163, 0.014376127316306
164, 0.0269781804333131
165, 0.0436190447459618
166, 0.0591222563137611
167, 0.0511244311928749
168, 0.0360794508208831
169, 0.0224123829975724
170, 0.0124268148404857
171, 0.00767147657461464
172, 0.00535488227615133
173, 0.00415241803663472
174, 0.00415567634627223
175, 0.00417379615828395
176, 0.00422537419945002
177, 0.00430580065585673
178, 0.00444209668785334
179, 0.0046368051165094
180, 0.00492485441888372
181, 0.00531625825290879
182, 0.00581801046306888
183, 0.00645593941832582
184, 0.00724216465217372
185, 0.00828441131549577
186, 0.00992961941907803
187, 0.0158622598974034
188, 0.0202444045183559
189, 0.0214407884826263
190, 0.0212526759132743
191, 0.0218980352704724
192, 0.0231865290552378
193, 0.0233766678720713
194, 0.0212053495148818
195, 0.0172731503844261
196, 0.013962351406614
197, 0.0126007419700424
198, 0.0116885527968407
199, 0.0108660484353701
200, 0.0102094433580836
201, 0.00969497533515096
202, 0.00932153221219778
203, 0.00908319310595592
204, 0.00915253325365484
205, 0.0100364308649053
206, 0.0105218506262948
207, 0.007326286053285
208, 0.0135563240231325
209, 0.0148428707228353
210, 0.0186242298223078
211, 0.0270873151409129
212, 0.025917494824777
213, 0.0378380680146317
214, 0.0165650078561157
215, 0.0372204648641249
216, 0.00921142264269292
217, 0.00866788757654528
218, 0.0078120642574504
219, 0.0069652808763619
220, 0.00546503160148859
221, 0.0124399089254439
222, 0.0116128545875351
223, 0.0109323286451399
224, 0.0103926282220831
225, 0.0100139994174242
226, 0.00977593807814022
227, 0.00965482143995663
228, 0.0096138728937755
229, 0.00961341608005265
230, 0.00963191346575817
231, 0.0100136418671658
232, 0.0105657396682849
233, 0.01124763659512
234, 0.0120509687500695
235, 0.0131483897566795
236, 0.0152640966698527
237, 0.0194143094898512
238, 0.0244083053742846
239, 0.0272600702010095
240, 0.026927555911243
241, 0.0240873141835133
242, 0.0204779940346877
243, 0.017669998963053
244, 0.0163914792550107
245, 0.0195860502620538
246, 0.0119865559196721
247, 0.0155522655695677
248, 0.0128099941648543
249, 0.0256249358256658
250, 0.0165845583348225
251, 0.0111922842139999
252, 0.0126804137447228
253, 0.0250361810127894
254, 0.0255588743214806
255, 0.0187724662634234
256, 0.00962703423574567
257, 0.0164209832437336
258, 0.0119347791963567
259, 0.0139261706111332
260, 0.02089423344781
261, 0.0267635636652509
262, 0.0222523648602267
263, 0.0133732777709762
264, 0.00972867175005376
265, 0.0143481520159791
266, 0.0113172157046696
267, 0.0102280200614283
268, 0.00962631039631863
269, 0.00964703309970597
270, 0.0106903535779566
271, 0.0121004205041875
272, 0.00991676445119083
273, 0.015222623758018
274, 0.009521943051368
275, 0.00969877047464252
276, 0.00844578087950746
277, 0.00965552479028702
278, 0.009169301794221
279, 0.00966517324559391
280, 0.00875006251347562
281, 0.00967723317444324
282, 0.0293818593823484
283, 0.0141463701923688
284, 0.0105425531122213
285, 0.0215669906964259
286, 0.0152246131162558
287, 0.0110294642702987
288, 0.00964394777214953
289, 0.0107081298982458
290, 0.0128026829722027
291, 0.031276788096875
292, 0.0265478144089381
293, 0.0209013855395218
294, 0.0138156244841715
295, 0.0150508116154621
296, 0.013425333192572
297, 0.0126895416261894
298, 0.0170953897759318
299, 0.0203292008178929
300, 0.024024471330146
301, 0.0182026857510209
302, 0.0263569209103783
303, 0.0260249623097479
304, 0.0226779622025788
305, 0.0153220128268003
306, 0.0146955040283501
307, 0.0130287827923894
308, 0.0118057945122321
309, 0.0101367057456324
310, 0.0110873997521897
311, 0.00986671618496378
312, 0.0105361562843124
313, 0.00965448414596418
314, 0.00971367155822615
315, 0.013978702093785
316, 0.00944960272560517
317, 0.00802795212560644
318, 0.0096678154853483
319, 0.0096723452831308
320, 0.00952669093385339
321, 0.0094684970099479
322, 0.00960614477905134
323, 0.0118110402642439
324, 0.0137669555842876
325, 0.0102520402676115
326, 0.0127657877746969
327, 0.0140660038838784
328, 0.0274370365465681
329, 0.0309232734143734
330, 0.0164217586473872
331, 0.0117516781203449
332, 0.0142636920015017
333, 0.0201610163785517
334, 0.024478300785025
335, 0.016482356392468
336, 0.0155699876292298
337, 0.0269593250316878
338, 0.0260670832358301
339, 0.0142115619033575
340, 0.018479430116713
341, 0.0226148612176379
342, 0.0126601875914882
343, 0.0116244180438419
344, 0.00985477562062442
345, 0.0109737338498235
346, 0.0101061480430265
347, 0.00971176436481377
348, 0.0104717631669094
349, 0.00964787183329463
350, 0.0095419897697866
351, 0.0103334600571543
352, 0.00966022862121463
353, 0.009648106371363
354, 0.00961532350629568
355, 0.0173107821804782
356, 0.0308761855897804
357, 0.0222613260460397
358, 0.0131873870268464
359, 0.0262244384114941
360, 0.0133005576208234
361, 0.0222622191843887
362, 0.0276897004805505
363, 0.0256333011202514
364, 0.0181941851042211
365, 0.0214042505249381
366, 0.0144005641341209
367, 0.0170258914586157
368, 0.0124371272977442
369, 0.0115726812897871
370, 0.0101314600712309
371, 0.00984975436170186
372, 0.0109811843528102
373, 0.0104941346216947
374, 0.0109095790733894
375, 0.00998318335041404
376, 0.00968280024826527
377, 0.00972765847109258
378, 0.00982113873275618
379, 0.0299710884379844
380, 0.0304303027999898
381, 0.0235016193861763
382, 0.0280204076940815
383, 0.0143323172039042
384, 0.0277314628474414
385, 0.028162504080683
386, 0.0242997450754046
387, 0.024955039533476
388, 0.0202201049154003
389, 0.0159833458407472
390, 0.0129754807800055
391, 0.013665321127822
392, 0.0122711881995201
393, 0.0101806418970227
394, 0.0105692564199368
395, 0.0116218749899417
396, 0.0116152982227504
397, 0.0110782405051092
398, 0.0108588354972502
399, 0.0103411691573759
400, 0.0124039675242135
401, 0.0302651695907116
402, 0.0290954764932394
403, 0.0282115391455591
404, 0.0240060333162546
405, 0.0190159711055458
406, 0.015148145534719
407, 0.0132235509809107
408, 0.0120148280014594
409, 0.0125409783795476
410, 0.0106542301364243
411, 0.0112465641771754
412, 0.0118282059362779
413, 0.0100245492067188
414, 0.0112103839249661
415, 0.0273468881579382
416, 0.0123230956494808
417, 0.0227974100659291
418, 0.0286049213526504
419, 0.0144333861923466
420, 0.0177096158731729
421, 0.0128277222226773
422, 0.0130207562663903
423, 0.0116213182918727
424, 0.0120143915216128
425, 0.0240439555740782
426, 0.0122865799681417
427, 0.0275909954216331
428, 0.0114316487684846
429, 0.0279370200199385
430, 0.0228185101101796
431, 0.0165722997238239
432, 0.013742607862999
433, 0.0146054058956603
434, 0.0132880630747726
435, 0.0138061665153752
436, 0.0128299497999251
437, 0.0165387018738935
438, 0.0176330038812011
439, 0.0207298550754786
440, 0.021695279981941
441, 0.0158946715694453
442, 0.0126142325655868
443, 0.0179178985767066
444, 0.00984788096199433
445, 0.00867328802123666
446, 0.0167620608893534
447, 0.0107632102832819
448, 0.00738807690019409
449, 0.0450888366128008
450, 0.0286832507699728
451, 0.00995266600511968
452, 0.0109511234331876
453, 0.0119294744605819
454, 0.0144842486673345
455, 0.0278207704735299
456, 0.0127431374664108
457, 0.0177754393468301
458, 0.0280025854396323
459, 0.0294344473319749
460, 0.0267551986811062
461, 0.0207280156513055
462, 0.0154228039706747
463, 0.012758972744147
464, 0.011551183493187
465, 0.0107703426231941
466, 0.0101679183232288
467, 0.00974305641526977
468, 0.00428390576659391
469, 0.004534742096439
470, 0.00471141022474815
471, 0.00497305482470741
472, 0.00533376226667315
473, 0.0058203349277998
474, 0.00644995873638739
475, 0.00731289499284079
476, 0.00853492948226631
477, 0.0104423778442045
478, 0.0134517970339706
479, 0.0046584017885228
480, 0.00590211250043164
481, 0.00513623270671815
482, 0.00476302788592875
483, 0.00554819998797029
484, 0.00578238667609791
485, 0.00581697735469788
486, 0.0054887148241202
487, 0.0553474336241682
488, 0.0134138287200282
489, 0.0195655054412782
490, 0.0117172220877061
491, 0.0276088373114665
492, 0.0127093418656538
493, 0.0242818446519474
494, 0.0289877513423562
495, 0.0191593212075531
496, 0.0208046875583629
497, 0.0191865595988929
498, 0.0191070822998881
499, 0.0172502825347086
500, 0.0123558863997459
501, 0.0115306602480511
502, 0.0265763456312319
503, 0.0229341816157103
504, 0.0138381747528911
505, 0.027850116447856
506, 0.0108840686734766
507, 0.00441767841887971
508, 0.0110501865080247
509, 0.00775238013981531
510, 0.00502703676465899
511, 0.0059562335566928
512, 0.00434297396956633
513, 0.00477957803135117
514, 0.00540469191037118
515, 0.00672177586238831
516, 0.00914752630827328
517, 0.00738227513751813
518, 0.00494496105238795
519, 0.00623713061213493
520, 0.00604605763995399
521, 0.00651604076847434
522, 0.00525313705050697
523, 0.00577477711097648
524, 0.00633816044622411
525, 0.0217411216747548
526, 0.0141908982103424
527, 0.0334564865167652
528, 0.010428351466544
529, 0.0105486447656793
530, 0.0395971269213728
531, 0.0150435673339026
532, 0.0295805581845343
533, 0.0127859990378576
534, 0.0153017865183453
535, 0.0136701090571781
536, 0.0193439756209652
537, 0.0176971393326918
538, 0.017058435206612
539, 0.0292563481877248
540, 0.0253395078082879
541, 0.0285865521679322
542, 0.019366685145845
543, 0.015255056709672
544, 0.0131493833226462
545, 0.0248938649892807
546, 0.0121682309545577
547, 0.0225940595070521
548, 0.00696249930964162
549, 0.00611192116048187
550, 0.00812818746392926
551, 0.00554182229097933
552, 0.00967566311980287
553, 0.0117694556247443
554, 0.00517122032276044
555, 0.00462909628792355
556, 0.00945353666320443
557, 0.00545289212216934
558, 0.00481114866367231
559, 0.00615398201625794
560, 0.00655875723653783
561, 0.0075614268037801
562, 0.00698663926838587
563, 0.00512087430494527
564, 0.00454457686282694
565, 0.00452091099162187
566, 0.0418033186346293
567, 0.0100350596476346
568, 0.0165241789848854
569, 0.0217314003966749
570, 0.0368748583520452
571, 0.0141281114580731
572, 0.0114984536543488
573, 0.00480012188199908
574, 0.0232699157980581
575, 0.0206257739725212
576, 0.0162518849441161
577, 0.0176537464528034
578, 0.0281684651660422
579, 0.0148746314724641
580, 0.0277416757307947
581, 0.0218363644865652
582, 0.0304384275029103
583, 0.0139279784634709
584, 0.0169352519636353
585, 0.014053919352591
586, 0.00576327337572972
587, 0.0063338289813449
588, 0.00720912338389705
589, 0.0120126819238067
590, 0.0100685369689018
591, 0.00844923779368401
592, 0.00494217954110354
593, 0.00574356410652399
594, 0.00843908540749302
595, 0.00501115064668868
596, 0.00682966050226241
597, 0.00752135242025058
598, 0.00442669480107725
599, 0.00535669010908653
600, 0.00514797451129804
601, 0.0179152523633093
602, 0.0239807614125311
603, 0.0311664796123902
604, 0.0368518882120649
605, 0.0147143863141537
606, 0.0121717276827743
607, 0.021664961706847
608, 0.0160214527665327
609, 0.0273280786350369
610, 0.0141921307891607
611, 0.0301197421116134
612, 0.0312841987858216
613, 0.0148516125045717
614, 0.0186873506754637
615, 0.0245154740599294
616, 0.0191884586986686
617, 0.00663371985622992
618, 0.00749979517422616
619, 0.00872578347722689
620, 0.0124465926949467
621, 0.0102202310226858
622, 0.00538961181882769
623, 0.00472047422081232
624, 0.00971690445606198
625, 0.00623160705436021
626, 0.0090424035054942
627, 0.00791935254043589
628, 0.00531616285443306
629, 0.00570565551364173
630, 0.0114529394544661
631, 0.00567628749247108
632, 0.0322132962755859
633, 0.0259899750041465
634, 0.036273682800432
635, 0.0146234655597558
636, 0.0260254389916857
637, 0.0317407899225752
638, 0.0199034645532568
639, 0.0136234583333135
640, 0.0321496184915304
641, 0.0271300848573446
642, 0.0170290501943479
643, 0.00786715870102247
644, 0.00893346616066992
645, 0.0106561370859189
646, 0.00606252842893203
647, 0.0146445544436574
648, 0.0104315897915512
649, 0.00705597922205925
650, 0.00946865665415923
651, 0.00629717212480803
652, 0.0359708596020937
653, 0.0329593868615727
654, 0.00637977216392756
655, 0.0136557162207152
656, 0.0244523730749885
657, 0.0136199416592717
658, 0.031627203648289
659, 0.0182094008196145
660, 0.0333278916243996
661, 0.0156782101839781
662, 0.0172381674870849
663, 0.00940509823461374
664, 0.0104015371762216
665, 0.00699196375596027
666, 0.00811836877837777
667, 0.0108639223035425
668, 0.00826807975924263
669, 0.0126590151339769
670, 0.00732861359470657
671, 0.0119388121180236
672, 0.0173913076675187
673, 0.0244230586769325
674, 0.03143785862873
675, 0.0338650406338274
676, 0.0226884135045111
677, 0.0167704054620117
678, 0.0128400946656863
679, 0.0145178265714397
680, 0.0111647668139388
681, 0.00833467770523081
682, 0.0122096367025127
683, 0.0112403057670842
684, 0.00984257630382975
685, 0.00860941531136632
686, 0.0312407659366727
687, 0.0119124876024822
688, 0.0208709448842066
689, 0.0278439864050597
690, 0.0229150895029306
691, 0.0155089726516356
692, 0.0136428497886906
693, 0.0121867878672977
694, 0.0118910491000861
695, 0.0101179243065417
696, 0.0125635888737937
697, 0.0116548164126774
698, 0.0135545279830694
699, 0.0163350332683573
700, 0.0144788251879315
701, 0.0130262998087953
702, 0.0111911718655999
703, 0.0308176934098204
704, 0.0459445010249813
705, 0.00767139756741623
706, 0.0183903015373896
707, 0.0137337076788147
708, 0.014678460933889
709, 0.026541157780836
710, 0.0176777869152526
711, 0.0292634616295497
712, 0.0206834718895455
713, 0.0239497266399364
714, 0.0322463172487915
715, 0.0327918780967593
716, 0.0228504774471124
717, 0.0167160260801514
718, 0.0134051269075523
719, 0.0122758571524173
720, 0.0115100563659022
721, 0.0108627894272407
722, 0.0103457389244189
723, 0.00998334268418451
724, 0.00969261070713401
725, 0.00965100705313186
726, 0.00962356897071004
727, 0.00964673492126167
728, 0.0097234460990876
729, 0.00990305499484142
730, 0.0102335431923469
731, 0.0107089700953414
732, 0.0113665484047184
733, 0.0121963445562869
734, 0.0131611056470623
735, 0.0141719608412435
736, 0.0155604113824666
737, 0.00954745383933187
738, 0.00867736518072585
739, 0.00780071954553326
740, 0.00677265855483711
741, 0.00562588501876841
742, 0.00968309437545637
743, 0.00923431074867646
744, 0.0568681871518493
745, 0.0131730067854126
746, 0.0118151729305585
747, 0.0125422307755798
748, 0.0155972468977173
749, 0.0109747468183438
750, 0.0102288499474525
751, 0.0201015506560604
752, 0.0284064064423243
753, 0.0284917599832018
754, 0.0109133143754055
755, 0.0120509290136397
756, 0.0246618427336216
757, 0.0143100444693118
758, 0.0305878380313516
759, 0.0300612294425567
760, 0.0322161371198793
761, 0.0183465313942482
762, 0.0128728772203128
763, 0.0113965095952153
764, 0.00963243019456665
765, 0.0105498256937911
766, 0.0118531807481001
767, 0.0127579395193607
768, 0.0138468770310283
769, 0.00965911312960088
770, 0.0101340433272223
771, 0.00971873748737077
772, 0.00986447107667724
773, 0.011117719191437
774, 0.0153472252810995
775, 0.0084996921941638
776, 0.00971283717080951
777, 0.00840817054267973
778, 0.00965229840949178
779, 0.00922948292767008
780, 0.00950388268878063
781, 0.00882069440558553
782, 0.00968994859916469
783, 0.0110100330008815
784, 0.0352855984432002
785, 0.0150863949675113
786, 0.0237762798954334
787, 0.0184903348396931
788, 0.0106756535491773
789, 0.0437197176118692
790, 0.0139782256446779
791, 0.0131757087850322
792, 0.01242508731472
793, 0.0116305768024176
794, 0.0315291932784021
795, 0.0227248709027966
796, 0.0219362618712087
797, 0.015603345974038
798, 0.0204311250708997
799, 0.01353981361414
800, 0.0125792847635845
801, 0.0119216065698614
802, 0.0268059419468045
803, 0.0311129526235163
804, 0.0316567276604474
805, 0.0287691013266643
806, 0.0262863679478566
807, 0.0114385624416173
808, 0.0096436555031687
809, 0.00973632140085101
810, 0.00987168370435635
811, 0.0101152875771125
812, 0.0109958471730351
813, 0.0104858296302458
814, 0.0116500081494451
815, 0.0124824270606041
816, 0.013573927571997
817, 0.0153944719738017
818, 0.00970196910202503
819, 0.00968655090158184
820, 0.00957362074404955
821, 0.00955697133516272
822, 0.00962372791642944
823, 0.00969072392520805
824, 0.0173623593524098
825, 0.0124138445327325
826, 0.0379362518766097
827, 0.0193086553897176
828, 0.0110201860467593
829, 0.016975385757784
830, 0.0331752557928363
831, 0.0133237465439985
832, 0.0144345585722476
833, 0.0321062455574671
834, 0.0311789757882555
835, 0.0290449910486738
836, 0.0228845902408163
837, 0.0270774414141973
838, 0.0131016597151756
839, 0.0143882262054831
840, 0.0171362186471621
841, 0.0241335869456331
842, 0.0175719052553177
843, 0.0096780479264756
844, 0.01099312507237
845, 0.00989906171647211
846, 0.011599224836876
847, 0.00966177827545575
848, 0.0101474144030362
849, 0.0105106648989022
850, 0.0152134927144895
851, 0.0123663366151353
852, 0.0133965438387046
853, 0.00970443237262467
854, 0.0104438882165899
855, 0.0100989361914496
856, 0.00991851246605317
857, 0.00969200647835221
858, 0.0368924677371979
859, 0.0187085900455713
860, 0.0251157133219143
861, 0.0150866533319155
862, 0.0186714755836874
863, 0.0304668404472371
864, 0.0328453254575531
865, 0.0130999114674826
866, 0.0252984211159249
867, 0.0312462301614384
868, 0.0255227525097628
869, 0.0157513303815254
870, 0.0191120340799292
871, 0.0221182544094821
872, 0.0097521561353157
873, 0.0110864262872686
874, 0.0105917274486274
875, 0.00966301141306758
876, 0.0102064826836189
877, 0.0116579558234662
878, 0.0123591644999882
879, 0.013253969217961
880, 0.0160485194729907
881, 0.0110954070862915
882, 0.00966954417526722
883, 0.00980746909044683
884, 0.0110016686376184
885, 0.0104779620499661
886, 0.00974049735814333
887, 0.0123331813141704
888, 0.034214244534572
889, 0.0135642792098224
890, 0.0204986364891132
891, 0.0270737254371246
892, 0.0295260798496505
893, 0.0332176148270567
894, 0.0237140104485055
895, 0.0331894418535133
896, 0.0281487160051862
897, 0.0214444195851684
898, 0.0200187604253491
899, 0.0112421933251123
900, 0.00992051392261471
901, 0.0106873533222824
902, 0.0118351207735638
903, 0.0125195806225141
904, 0.011770548687006
905, 0.0135533038992435
906, 0.0151583461090922
907, 0.0101254400021086
908, 0.0175401398446411
909, 0.011364263560002
910, 0.0145260323770344
911, 0.0373347873489062
912, 0.0283404234796762
913, 0.0347953606396914
914, 0.0221782370160023
915, 0.0330675311076144
916, 0.0345647002880772
917, 0.0299305629783443
918, 0.0176169227675668
919, 0.00963001493364573
920, 0.0102758186869323
921, 0.0120576051995158
922, 0.011413854546845
923, 0.0107831973582506
924, 0.0127983317555239
925, 0.012129805671672
926, 0.0139617151580751
927, 0.0379592056075732
928, 0.0357950987028224
929, 0.0203685004574557
930, 0.0266466988250613
931, 0.0324903386645019
932, 0.019389593663315
933, 0.0176945722661912
934, 0.0122352863351504
935, 0.0130847319960594
936, 0.0130768240584681
937, 0.0124145599215158
938, 0.0154900414470051
939, 0.0115810652263463
940, 0.0355558249478539
941, 0.0314171761274338
942, 0.0128342933797588
943, 0.0185657972469926
944, 0.0337764884655674
945, 0.0315709963130454
946, 0.0247078983423611
947, 0.0153273371979594
948, 0.0253618407684068
949, 0.0131255174055696
950, 0.0138329463744802
951, 0.015236237552017
952, 0.0341669589591523
953, 0.0168775153191139
954, 0.0263332655653358
955, 0.0296315249055624
956, 0.0223465180024505
957, 0.0155344206972846
958, 0.0227319641659657
959, 0.0136934071779251
960, 0.0428945301100612
961, 0.00997418312666317
962, 0.0100384566079204
963, 0.00682280577408771
964, 0.0132550824588786
965, 0.0139685502120604
966, 0.0150704816138993
967, 0.0182617939232538
968, 0.0245782568429907
969, 0.0251644893238942
970, 0.0370500343851745
971, 0.0151442906353623
972, 0.035376752105852
973, 0.00586366765977194
974, 0.00580020838727554
975, 0.00549465518755217
976, 0.00531235846158649
977, 0.00450203884004926
978, 0.00648536420582483
979, 0.005793413768212
980, 0.00526587261507909
981, 0.00487874036965271
982, 0.0046184667541335
983, 0.00444473916043838
984, 0.00433609976122777
985, 0.00427872031771888
986, 0.00425177886305998
987, 0.00423773207391302
988, 0.00973797007463872
989, 0.0142733881560465
990, 0.0171360808890313
991, 0.0208353439035515
992, 0.023030087351799
993, 0.0229226195563873
994, 0.0215483944242199
995, 0.020402356206129
996, 0.0195339762916168
997, 0.0176735958084464
998, 0.0125363893651714
999, 0.0141508013475686
1000, 0.0117466472244511
1001, 0.0155795646520952
1002, 0.0190279918412368
1003, 0.0247868935888012
1004, 0.0128684666318198
1005, 0.00950720459222794
1006, 0.0176648936079194
1007, 0.0189022856454055
1008, 0.0100855646499743
1009, 0.0105691771022975
1010, 0.0111704491234074
1011, 0.011932872235775
1012, 0.0184296799513201
1013, 0.0215588848417004
1014, 0.0228127882195016
1015, 0.0220248543967803
1016, 0.020327710856994
1017, 0.00737774523440748
1018, 0.00680015635831902
1019, 0.00539151928387582
1020, 0.00859966039812813
1021, 0.0104329804113756
1022, 0.0126630572602153
1023, 0.0044836609546716
1024, 0.0045757502472649
1025, 0.00473507342394441
1026, 0.00597840667857478
1027, 0.0049942940628777
1028, 0.00444734170256803
1029, 0.00574954459443688
1030, 0.00615298841148615
1031, 0.0065038613586997
1032, 0.00463346713998665
1033, 0.00440268591046333
1034, 0.00523251399863511
1035, 0.00552139796006183
1036, 0.00492704011655102
1037, 0.0062473228899762
1038, 0.0134527189657092
1039, 0.0185972678785523
1040, 0.0269064613218818
1041, 0.00978980624737839
1042, 0.0108686308376491
1043, 0.0104786515501993
1044, 0.00446409908389407
1045, 0.0149811029966388
1046, 0.0302323154173791
1047, 0.0123681649565697
1048, 0.0255565494298935
1049, 0.016143106467401
1050, 0.0200178467979034
1051, 0.013231936066101
1052, 0.0107661105381946
1053, 0.0153821536805481
1054, 0.0118466437949489
1055, 0.0125445546582341
1056, 0.0187842085336645
1057, 0.0209166050578157
1058, 0.0172490511710445
1059, 0.0226809422795971
1060, 0.022545520371447
1061, 0.0159856912214309
1062, 0.0135296805916975
1063, 0.0112666507872442
1064, 0.00790006096940488
1065, 0.0114201530814171
1066, 0.00708554324228317
1067, 0.00560846043905864
1068, 0.00519432725074391
1069, 0.00622107701686521
1070, 0.00493606024732192
1071, 0.00477457147402068
1072, 0.00468429022779067
1073, 0.00942262215539813
1074, 0.00684166055483123
1075, 0.0059669028269127
1076, 0.0053970426088199
1077, 0.00475702772382647
1078, 0.005076449092788
1079, 0.00743202508116762
1080, 0.00684897229075432
1081, 0.00570801990882804
1082, 0.0115037583746016
1083, 0.00901897895770768
1084, 0.0122300809404502
1085, 0.029697523607562
1086, 0.0261872857809067
1087, 0.0132384724759807
1088, 0.0209546523789565
1089, 0.0143436224510272
1090, 0.0120415883804006
1091, 0.0143466026056558
1092, 0.0200188395877679
1093, 0.0155379804006467
1094, 0.0132332468250146
1095, 0.0171797106352945
1096, 0.0198097662068903
1097, 0.0143705431837589
1098, 0.0166788732167333
1099, 0.022510453282545
1100, 0.0125172959330181
1101, 0.0146028553135693
1102, 0.0082767225879555
1103, 0.00743752861550699
1104, 0.00547450874000788
1105, 0.00518886341402928
1106, 0.0059033246167625
1107, 0.00500704934044431
1108, 0.0124587871001235
1109, 0.00655440617507945
1110, 0.00980369467288256
1111, 0.0046381720341742
1112, 0.00643372648240377
1113, 0.00817837453602503
1114, 0.00527838974570235
1115, 0.00492777239664325
1116, 0.00565338235658904
1117, 0.00604377314448357
1118, 0.0113693258725107
1119, 0.0145380525694539
1120, 0.0264809572448333
1121, 0.0294138453900814
1122, 0.0167606902153542
1123, 0.0127374811896256
1124, 0.0182836291690667
1125, 0.0142574933512757
1126, 0.0131125955842435
1127, 0.0216334505627553
1128, 0.0155485693830997
1129, 0.0234279278665781
1130, 0.0158878593550374
1131, 0.0139423438037435
1132, 0.0186879072183122
1133, 0.00550946277300162
1134, 0.00866103335283697
1135, 0.00580406289858123
1136, 0.00626572089580198
1137, 0.0118629240430892
1138, 0.00785815871010224
1139, 0.0069503797761475
1140, 0.0102738160640001
1141, 0.00732336585254719
1142, 0.00925000663846731
1143, 0.00558962544891983
1144, 0.00609471528635671
1145, 0.00666568812448531
1146, 0.0272310632281005
1147, 0.0174200766875098
1148, 0.0285831737952928
1149, 0.0217424870158235
1150, 0.0132335852831602
1151, 0.023263121334215
1152, 0.0124546553939581
1153, 0.0201844413143893
1154, 0.0240502399392426
1155, 0.0147541617708547
1156, 0.0168639246063928
1157, 0.0134050078534832
1158, 0.0220678490586579
1159, 0.0148461688465128
1160, 0.0061461222358048
1161, 0.00666660194595655
1162, 0.0090834517031908
1163, 0.00742427651615192
1164, 0.00831109448336065
1165, 0.00997968677741786
1166, 0.00520765893161297
1167, 0.00873528079440196
1168, 0.00611633186539014
1169, 0.00685129702712099
1170, 0.00768830545712262
1171, 0.0261915572918952
1172, 0.0222836978112658
1173, 0.0274726001856228
1174, 0.026473467083027
1175, 0.0244307763253649
1176, 0.0248763615575929
1177, 0.0213483413681388
1178, 0.0225089145824313
1179, 0.0112297898823661
1180, 0.0182198320515454
1181, 0.0126806127373129
1182, 0.0175202319708963
1183, 0.00705216738528439
1184, 0.0105868199219306
1185, 0.0112843537547936
1186, 0.00793047889601439
1187, 0.0105213737891366
1188, 0.00942597988372048
1189, 0.00885852340919276
1190, 0.0091535069514066
1191, 0.0079896067812418
1192, 0.0222632922232151
1193, 0.0173771601791183
1194, 0.0262919709396859
1195, 0.0246499221151074
1196, 0.0244298034037153
1197, 0.0204210320177178
1198, 0.0259378243237734
1199, 0.0164267647390564
1200, 0.0139459394073735
1201, 0.0119674822781235
1202, 0.0104174232886483
1203, 0.00951234104910067
1204, 0.00995075896692773
1205, 0.01084302047578
1206, 0.00945156967888276
1207, 0.00826056115329266
1208, 0.0228968899076184
1209, 0.0203298372216523
1210, 0.0193350346914182
1211, 0.0242131311180336
1212, 0.0155166213711103
1213, 0.0133832120336592
1214, 0.0133453832628826
1215, 0.0118850152939558
1216, 0.0126097391891692
1217, 0.012638948392123
1218, 0.0104354440700263
1219, 0.0112041597520666
1220, 0.0186468000368526
1221, 0.0261652120389044
1222, 0.02141050916786
1223, 0.0180014596165468
1224, 0.0146248564124107
1225, 0.0159843508819384
1226, 0.012788996499564
1227, 0.0116736111231148
1228, 0.0142378830350935
1229, 0.0122253678739071
1230, 0.0110071684233844
1231, 0.0119253419339657
1232, 0.011180307622999
1233, 0.0158959896303713
1234, 0.0168280628110681
1235, 0.0138384721552332
1236, 0.0220190083608031
1237, 0.0140262385830283
1238, 0.0127744699828327
1239, 0.00826255604624748
1240, 0.00713298423215747
