1, 0.00683730968739837
2, 0.0241389914881438
3, 0.0053254077793099
4, 0.00737917539663613
5, 0.0113078383728862
6, 0.0131564163602889
7, 0.003793359559495
8, 0.00499671787838452
9, 0.0246235178783536
10, 0.00763326976448298
11, 0.0128718642517924
12, 0.014827374368906
13, 0.00745676388032734
14, 0.00833161811654766
15, 0.00903896653714279
16, 0.00983496677751342
17, 0.0110610542663683
18, 0.01376277479964
19, 0.0188747278104226
20, 0.0197389159972469
21, 0.0139469724769394
22, 0.00985638440276186
23, 0.00683311714480321
24, 0.005664746897916
25, 0.0040726867543223
26, 0.00420492963166907
27, 0.00516663080391784
28, 0.00600985802399615
29, 0.00658832133437196
30, 0.00694503526513775
31, 0.00715879735071212
32, 0.00727397347024332
33, 0.00733276324657102
34, 0.00736099605758985
35, 0.00737771099167211
36, 0.00739677894550065
37, 0.00744871445931494
38, 0.00753442570567131
39, 0.00766933111784359
40, 0.00785931075612704
41, 0.00813229971875747
42, 0.00850224603588382
43, 0.00895552011206746
44, 0.00950324737156431
45, 0.0101495202009877
46, 0.0108616771176457
47, 0.011088760686107
48, 0.0113521831420561
49, 0.0115841251487533
50, 0.0118676450413962
51, 0.0121117058830957
52, 0.012233379141738
53, 0.0121624493040144
54, 0.0118318820993106
55, 0.0112339680393537
56, 0.0104171855685612
57, 0.00949092876786987
58, 0.00859387886400024
59, 0.00785191985778511
60, 0.00746941700344905
61, 0.00700088466207186
62, 0.00712982929932574
63, 0.00747382765014966
64, 0.0079730370392402
65, 0.00859165362392863
66, 0.00921066741769513
67, 0.00970558465148012
68, 0.00998878649746378
69, 0.0100600733421743
70, 0.00993335402260224
71, 0.00965464301407337
72, 0.00928513348723451
73, 0.00889130588620901
74, 0.00851746586461862
75, 0.00822492580239972
76, 0.00806411262601614
77, 0.00808719964697957
78, 0.00839797810961803
79, 0.00918571325019002
80, 0.0110855523186425
81, 0.0112173875095323
82, 0.0100179528817534
83, 0.00672209348219136
84, 0.0054514817117403
85, 0.00486250811566909
86, 0.00453686791782578
87, 0.00432606607985993
88, 0.00418281609502931
89, 0.00408061399745444
90, 0.00399979009913902
91, 0.00392770833180596
92, 0.00384887125498305
93, 0.00394230299363179
94, 0.0042487191191564
95, 0.00456323300022632
96, 0.00490331742912531
97, 0.00526694545987993
98, 0.00564734222522626
99, 0.00604397147738685
100, 0.00642862015714248
101, 0.00676711520645767
102, 0.0070444558126231
103, 0.00722545509537061
104, 0.00723946218689283
105, 0.00702872010879219
106, 0.00653088216980298
107, 0.00571034468399982
108, 0.004731914261356
109, 0.00419050507480279
110, 0.00626166762473683
111, 0.0076397677573065
112, 0.0108751875037948
113, 0.0152692825843891
114, 0.0212700416644414
115, 0.0196325018381079
116, 0.0145108331926167
117, 0.0118391932143519
118, 0.0107963896201303
119, 0.0102921343253305
120, 0.00995091767981648
121, 0.00965013277406494
122, 0.00934777827933431
123, 0.00902470115882655
124, 0.00868362343559662
125, 0.00831188905673722
126, 0.00790079566650093
127, 0.00793150212848559
128, 0.0080846167790393
129, 0.00835514223823945
130, 0.00868785536537568
131, 0.00907147070392966
132, 0.0095154062534372
133, 0.0100046812246243
134, 0.0105301557729642
135, 0.0110565439487497
136, 0.0115451036641995
137, 0.0119753304558496
138, 0.0123174215356509
139, 0.0125639863933126
140, 0.0125878773396835
141, 0.0124565778921048
142, 0.0118053772797187
143, 0.0111622825885812
144, 0.0105422356476386
145, 0.00994253360355894
146, 0.00937628916775187
147, 0.00885673503701886
148, 0.00841415099178751
149, 0.00805370168139537
150, 0.00778265910533567
151, 0.00759407024209698
152, 0.00747823847147326
153, 0.00741414353251457
154, 0.00738338761342068
155, 0.00736907258396968
156, 0.00568910556224485
157, 0.00713439953203003
158, 0.0101778527411322
159, 0.0146699378577371
160, 0.0208259463931123
161, 0.0208867030839125
162, 0.015171450873216
163, 0.0105542354285717
164, 0.00717791037944456
165, 0.00613455101847649
166, 0.00381201578420587
167, 0.00376681552734226
168, 0.00375990146615853
169, 0.00376768976760407
170, 0.00379089595905195
171, 0.00382987720270952
172, 0.00390803879903009
173, 0.00402164529077709
174, 0.00417141220532358
175, 0.00437088900556167
176, 0.00466231613730391
177, 0.00507279361287753
178, 0.00566999226187666
179, 0.0067548764248689
180, 0.0106731377309188
181, 0.0130593011466165
182, 0.0123988413251936
183, 0.0108656107137601
184, 0.00997928964595
185, 0.00957020310064157
186, 0.00939357466995716
187, 0.00932538711155454
188, 0.00929506790513794
189, 0.00925219214210908
190, 0.00915706328426798
191, 0.00900888613735636
192, 0.00880738285680612
193, 0.00856153356532256
194, 0.00830892892554402
195, 0.00806220519977311
196, 0.00784313826200863
197, 0.00768145072894792
198, 0.00757602998055518
199, 0.00753466412425041
200, 0.00755143320808808
201, 0.00770500447833911
202, 0.00679355991693834
203, 0.00818105709428588
204, 0.00880464042226473
205, 0.0108168739825487
206, 0.0115291099840154
207, 0.0125653964933008
208, 0.0156638450765361
209, 0.0198803452774882
210, 0.00630915268058223
211, 0.0147033656248823
212, 0.0072184814295421
213, 0.00705953571014106
214, 0.00637225441945096
215, 0.00575669707419972
216, 0.00505036197137088
217, 0.00459911497697855
218, 0.0104889887540291
219, 0.00984945078380406
220, 0.00924335109690825
221, 0.00873007501165072
222, 0.00830876920372248
223, 0.00798269244842231
224, 0.00774957879912108
225, 0.00758723553735763
226, 0.00748060278904935
227, 0.00741724324567864
228, 0.00869043815570573
229, 0.0095271881048878
230, 0.0103701770616074
231, 0.0111113413392256
232, 0.0116413655535628
233, 0.0119239709650477
234, 0.0119694694876671
235, 0.0118379618506879
236, 0.0115954501088709
237, 0.011302831194674
238, 0.0110527295619249
239, 0.00731450462869058
240, 0.00649194035213441
241, 0.00675567641987332
242, 0.00736314186360687
243, 0.00627835677005351
244, 0.00718160594503085
245, 0.00738597055897117
246, 0.00676890342341115
247, 0.00701008376199752
248, 0.00751171653003742
249, 0.00853131346714993
250, 0.00903034365425507
251, 0.00784552237018943
252, 0.00763847574125975
253, 0.00959601175660888
254, 0.0081390553774933
255, 0.00975569291040301
256, 0.0139483436165998
257, 0.0123903377292057
258, 0.00480368221178651
259, 0.00805494920350611
260, 0.0117624225094914
261, 0.011442405404523
262, 0.00985739814738433
263, 0.0111481767768661
264, 0.0105491498640428
265, 0.011281810545673
266, 0.0116686644032598
267, 0.0106669484327237
268, 0.0116548362032821
269, 0.0108234900981188
270, 0.0103239518856364
271, 0.00742171638246093
272, 0.00904609648776906
273, 0.00737740731953333
274, 0.00773946556728333
275, 0.00721732911188155
276, 0.00719352683518082
277, 0.00711391501439114
278, 0.00706633056203524
279, 0.00730011992466946
280, 0.00753379007801414
281, 0.00770920643117279
282, 0.00798370572738349
283, 0.0083646789037933
284, 0.00885578151792288
285, 0.00943964890514811
286, 0.00894079792002837
287, 0.0109916946385056
288, 0.0118509355622033
289, 0.0117743634618819
290, 0.0116348686472823
291, 0.0115096196532249
292, 0.0111517529003322
293, 0.0111550966809903
294, 0.0103922698957225
295, 0.0107618987094611
296, 0.0100001791891243
297, 0.0109357135370374
298, 0.00741732260212302
299, 0.00754030669728915
300, 0.00740973298282673
301, 0.00786916546834012
302, 0.00850860436912626
303, 0.00732771691400558
304, 0.0082193030975759
305, 0.00783749568896989
306, 0.00871789602873226
307, 0.00757992426709582
308, 0.00927784200757742
309, 0.00744571816176176
310, 0.00995423582692941
311, 0.00995247540995479
312, 0.0123535619738201
313, 0.010209896415472
314, 0.0100261187180877
315, 0.0114532336592674
316, 0.0121590717850874
317, 0.00976827284321189
318, 0.0109531306661665
319, 0.0118987186190983
320, 0.0104493317970385
321, 0.012065961305052
322, 0.0134312137961388
323, 0.0112040459644049
324, 0.0091426385167454
325, 0.0111415608165165
326, 0.00746135860681534
327, 0.00798482693997877
328, 0.00844754907302558
329, 0.0091653677324454
330, 0.0080922458631297
331, 0.00857506335402528
332, 0.00768372140425656
333, 0.00925995775365404
334, 0.00742036251661678
335, 0.00924007253100475
336, 0.0130221074602256
337, 0.0108023705737044
338, 0.0114426834043115
339, 0.00967208691872656
340, 0.0120714728254825
341, 0.010169567540288
342, 0.0125583264577602
343, 0.0135884785093367
344, 0.0126550817706933
345, 0.0130631607025862
346, 0.0122381873273601
347, 0.00900337845087051
348, 0.00961280016538998
349, 0.00888522621244192
350, 0.00799912357858072
351, 0.00853721455981334
352, 0.0100616232957691
353, 0.0121928236447275
354, 0.0106484910938889
355, 0.00991195618795852
356, 0.00918790425306984
357, 0.0114172121199469
358, 0.0121820792555809
359, 0.0122611746968081
360, 0.00846419502049684
361, 0.0104424968982736
362, 0.0109895144456199
363, 0.0127963090315461
364, 0.0113219042153408
365, 0.00764241362921894
366, 0.00858062598854303
367, 0.0123320644100507
368, 0.0051707037879775
369, 0.0105495868871609
370, 0.012277883477509
371, 0.0157221245047237
372, 0.00825196675335368
373, 0.00481126787296186
374, 0.00822484640715023
375, 0.00595170344846944
376, 0.00895955320447683
377, 0.00698747357819229
378, 0.00726610554071764
379, 0.0100164429750293
380, 0.00977977256601056
381, 0.00935286423191428
382, 0.00879965412120024
383, 0.00824741669930518
384, 0.00781571981497109
385, 0.00751159724313766
386, 0.00401385695052644
387, 0.00447621021885425
388, 0.00445113657042384
389, 0.00466110386575262
390, 0.00498577044345438
391, 0.00552322571941962
392, 0.00654347838523487
393, 0.00833670406912764
394, 0.00555807437437276
395, 0.00836412259377539
396, 0.00862620460490386
397, 0.00634646516603728
398, 0.00669676174099247
399, 0.00932504904145996
400, 0.00967073650099337
401, 0.00719058637817701
402, 0.00993595683636765
403, 0.0100625970711311
404, 0.00717153283767402
405, 0.00687184076135357
406, 0.0063323787956809
407, 0.0072741125865529
408, 0.00559083717719962
409, 0.00499218791568031
410, 0.00538931381500637
411, 0.0207167191430926
412, 0.00983349147385785
413, 0.0157279598060995
414, 0.0043030387799566
415, 0.00688483441869418
416, 0.00596177682746202
417, 0.00419497552017371
418, 0.00502038075743864
419, 0.00410515143691252
420, 0.00538812174151341
421, 0.00851486305085321
422, 0.00882023704859118
423, 0.0098383838776499
424, 0.0102408944318692
425, 0.00908359054786464
426, 0.00842174072749913
427, 0.00862481367463867
428, 0.00928002797688047
429, 0.00963664256657163
430, 0.0101633289984117
431, 0.00838679253744582
432, 0.00993643375113606
433, 0.0083308236207813
434, 0.00892528068895141
435, 0.00994952737043301
436, 0.0106064812280238
437, 0.0101435401011258
438, 0.00934082409366965
439, 0.00950980364965896
440, 0.00868137824969987
441, 0.0119100434239954
442, 0.00802741190418601
443, 0.00728476183333745
444, 0.00509742988894383
445, 0.00629754965969672
446, 0.00717250630259514
447, 0.00590219193448623
448, 0.00729042435220132
449, 0.0071768775039042
450, 0.00472374830860645
451, 0.00549626443535089
452, 0.00695818786819776
453, 0.00665885334213575
454, 0.00698580511379987
455, 0.00676679739262909
456, 0.00879636959039739
457, 0.00846488268247672
458, 0.0136313973260777
459, 0.00458957825321704
460, 0.0063806187439089
461, 0.00577300891745836
462, 0.00732149792990337
463, 0.00477405458999177
464, 0.00861013090858857
465, 0.00935729499906301
466, 0.00886933202855289
467, 0.00991388324958583
468, 0.00857154691281418
469, 0.00832927405523757
470, 0.00838875925789277
471, 0.00924013221325974
472, 0.0103892900515348
473, 0.0106081781753649
474, 0.0104216552960376
475, 0.0100537360024949
476, 0.00964989435548584
477, 0.00838788536687692
478, 0.0106407618926217
479, 0.00898393158180018
480, 0.00943805937034388
481, 0.01049802879182
482, 0.00435834344742554
483, 0.00732374334863077
484, 0.00630049003909032
485, 0.00719022886672368
486, 0.00667286027843754
487, 0.00697936726889263
488, 0.00589100612948338
489, 0.00737679148248086
490, 0.00739469258890798
491, 0.00545766061016669
492, 0.00744275391722719
493, 0.00761183258146048
494, 0.00502584459415327
495, 0.00662317002813021
496, 0.00445340146931509
497, 0.0120673604154338
498, 0.0132242634759418
499, 0.00925135806513329
500, 0.00491079332173935
501, 0.005089045347025
502, 0.00753784299983333
503, 0.00672533227285991
504, 0.00836620456539094
505, 0.00536479626316577
506, 0.0110773065437873
507, 0.00880503840744495
508, 0.00922447605989873
509, 0.0112450541928411
510, 0.00877450065066417
511, 0.00824368178534011
512, 0.0097223937821885
513, 0.00849121979748209
514, 0.00829724633755783
515, 0.00862097879871726
516, 0.0102443317882717
517, 0.0110748229393115
518, 0.00829601474106312
519, 0.0107173145127793
520, 0.00855299000007411
521, 0.0093373553827405
522, 0.010501369434808
523, 0.0117802441430589
524, 0.00466225217096508
525, 0.0077557775657624
526, 0.00756367195087175
527, 0.00747390735584001
528, 0.00813957195108136
529, 0.00674007452713947
530, 0.00634712081712981
531, 0.00705663487315178
532, 0.00726487359497696
533, 0.00739175224831949
534, 0.00590974205018332
535, 0.00541051318092893
536, 0.00684350876448055
537, 0.0079934016490976
538, 0.00419247224926949
539, 0.00538163268938661
540, 0.00567327032331377
541, 0.00779257638246885
542, 0.00611305326068153
543, 0.00873758566255371
544, 0.00922900609051188
545, 0.00839040839734177
546, 0.0119710671050208
547, 0.00847902040307721
548, 0.00818944124815365
549, 0.008116485318169
550, 0.00983909921099742
551, 0.00814314854020874
552, 0.011607887611414
553, 0.0104870816382269
554, 0.0110880157444626
555, 0.00841248182890316
556, 0.0116954343393445
557, 0.00796288395455728
558, 0.0084264890756458
559, 0.00769821957995494
560, 0.00757350660084436
561, 0.00748686123794566
562, 0.00738434128773709
563, 0.00686065464590987
564, 0.00718710947937022
565, 0.00642933549049
566, 0.00878360075876117
567, 0.00595051998139492
568, 0.012968205070744
569, 0.00638640016162147
570, 0.00693374992503474
571, 0.00868265004828572
572, 0.00828619937722882
573, 0.00840211054310203
574, 0.00926266253615419
575, 0.00806341708327333
576, 0.00797281806201985
577, 0.00796665887658795
578, 0.0120038293302059
579, 0.00817573194702466
580, 0.00998322339728475
581, 0.0114531341629724
582, 0.00819309699969987
583, 0.0107408782156805
584, 0.00856910296715796
585, 0.00809109354546914
586, 0.00781768711749464
587, 0.00913874486771723
588, 0.00768619903828949
589, 0.00761888564253847
590, 0.00753851875197142
591, 0.0073670360725373
592, 0.00701463350560516
593, 0.00970237788611225
594, 0.0125039442597578
595, 0.0130765859503299
596, 0.00819049418593446
597, 0.00864158221520483
598, 0.00793477019760758
599, 0.00781967370615651
600, 0.00929228635504842
601, 0.0077782286874329
602, 0.00786785404973974
603, 0.01182300963306
604, 0.0101007241755724
605, 0.00797164560450862
606, 0.0109703960673263
607, 0.00654525854624808
608, 0.00925890767636398
609, 0.0101332090174158
610, 0.00773108125819514
611, 0.0075909310253337
612, 0.00715960904822818
613, 0.00765957972034812
614, 0.0124942485708743
615, 0.0101336058384428
616, 0.0109988952055573
617, 0.0113803683114903
618, 0.0124238412827253
619, 0.0110857709466169
620, 0.00821182886138558
621, 0.0119253421435133
622, 0.0137089514173567
623, 0.00825599976815283
624, 0.00860699180824061
625, 0.0102070584738006
626, 0.0130583868206789
627, 0.0162261757068336
628, 0.00894000295860072
629, 0.00926176846648256
630, 0.00956968621661266
631, 0.00986765006867548
632, 0.0114847437168161
633, 0.0106820085396369
634, 0.00649162269352625
635, 0.00479890988208354
636, 0.00724345593092342
637, 0.00711000120888154
638, 0.00687039038166404
639, 0.00594059742676715
640, 0.00526114409634223
641, 0.0048307666555047
642, 0.0118900363643964
643, 0.0155129805872483
644, 0.00686007871991023
645, 0.00924605325174828
646, 0.00736742164008319
647, 0.00739252714750667
648, 0.00753931344176332
649, 0.00769796113794049
650, 0.00793409471710523
651, 0.00825794700843593
652, 0.00866800701866547
653, 0.00915157919128736
654, 0.0096967036370188
655, 0.0102716106921434
656, 0.0108711934493234
657, 0.011481247531871
658, 0.0120698433214178
659, 0.0112733459100127
660, 0.0108429211347053
661, 0.0103716671777268
662, 0.00990595606466134
663, 0.00945937780973812
664, 0.0090650930069387
665, 0.00871586962603033
666, 0.00841077324002981
667, 0.0208015482872725
668, 0.0127425213965277
669, 0.0107911844582607
670, 0.0140402686915227
671, 0.0102732991799712
672, 0.00956533515515427
673, 0.00892484358822306
674, 0.00923788687214255
675, 0.00989457149989903
676, 0.0115704355606188
677, 0.00731661058186243
678, 0.00673488927228997
679, 0.00669123876529435
680, 0.0073601419183736
681, 0.00735084343856821
682, 0.00658375176135451
683, 0.00724238281448682
684, 0.00694471733489384
685, 0.00711770984344184
686, 0.00744623069961866
687, 0.0111731907042364
688, 0.0100843127972136
689, 0.00954117509536445
690, 0.00903062180926402
691, 0.00857160667267939
692, 0.0073679359297135
693, 0.00765210529789329
694, 0.00787109264638275
695, 0.00817752031919857
696, 0.0106372451409698
697, 0.0116473064602663
698, 0.0119456475755821
699, 0.0107324739607672
700, 0.00992485034900407
701, 0.00952639353151123
702, 0.00884515194532772
703, 0.0103386257930348
704, 0.0110810811941822
705, 0.0121722048303733
706, 0.0123384260572493
707, 0.00917836185544729
708, 0.00858019225831543
709, 0.0117729585617781
710, 0.0109287516679615
711, 0.0126250009828558
712, 0.0116743266116828
713, 0.0103825345480194
714, 0.00961470751402279
715, 0.00997134235997995
716, 0.00927072895380358
717, 0.0134878975804895
718, 0.00731994851958007
719, 0.00733115411518763
720, 0.00735026737675071
721, 0.007518312932613
722, 0.00731877621728927
723, 0.00750804075505584
724, 0.0104880748161425
725, 0.010975640732795
726, 0.00998757422591249
727, 0.00815645993376772
728, 0.00948939891532063
729, 0.00855493708513677
730, 0.00900592561811209
731, 0.00783924382024755
732, 0.00741742198200275
733, 0.0113537729096909
734, 0.0116865856107324
735, 0.0107084928701321
736, 0.0103714282158762
737, 0.0109836678020656
738, 0.00963292689993978
739, 0.00999311776831746
740, 0.00933047856337258
741, 0.0115502302069217
742, 0.00818677116185427
743, 0.00797343420951317
744, 0.0131137194888045
745, 0.011713507041956
746, 0.0110306759985785
747, 0.00970268404732148
748, 0.0124882683157921
749, 0.0105025587448229
750, 0.0100723123177886
751, 0.0076282435717682
752, 0.00818807057415446
753, 0.00784472783561796
754, 0.00735785711246232
755, 0.0073685459792614
756, 0.00883140368387103
757, 0.00898032328113913
758, 0.00738623291254044
759, 0.00762472678131113
760, 0.00905714595379929
761, 0.00859290516624848
762, 0.0108352723376205
763, 0.0104369537439197
764, 0.00999057455919683
765, 0.00952744670212269
766, 0.00816885762227078
767, 0.0111727933399379
768, 0.0113710423000157
769, 0.010979197298487
770, 0.0101036447255562
771, 0.0112639854529074
772, 0.010767203833287
773, 0.0104652066559841
774, 0.00976445842534304
775, 0.0112719554454088
776, 0.00746979161963931
777, 0.00849375883117318
778, 0.0116307761830588
779, 0.0131987362567868
780, 0.00738835474476218
781, 0.00938358150112132
782, 0.01167673113135
783, 0.0127357065988084
784, 0.0122889499956121
785, 0.0111041485021512
786, 0.0106295362735788
787, 0.00869643882227441
788, 0.00827132112213544
789, 0.0133380516587446
790, 0.00753188276818643
791, 0.00968436578599115
792, 0.00781701144296676
793, 0.0110851547991236
794, 0.00917142808126906
795, 0.0100691734502713
796, 0.00964262274404367
797, 0.0104491926419238
798, 0.0108311024627515
799, 0.00867639125014345
800, 0.0110646506461004
801, 0.0105905153322965
802, 0.0102088638315243
803, 0.0108898899828394
804, 0.0110745212063193
805, 0.0075979960616678
806, 0.011101704944546
807, 0.0101056912293037
808, 0.00749399384949356
809, 0.0097193936817348
810, 0.0120423460224022
811, 0.0115969203567753
812, 0.0123465080590298
813, 0.011125328252092
814, 0.00904507795348763
815, 0.0103018106892705
816, 0.00784595161676407
817, 0.0128312928136438
818, 0.011292033961841
819, 0.00820636904488007
820, 0.0110962608984361
821, 0.0105692564199368
822, 0.0102384904554735
823, 0.00982747684853772
824, 0.00934106266746918
825, 0.010785342939198
826, 0.0112139602812628
827, 0.0110984379425645
828, 0.00777857797220349
829, 0.00991126642163311
830, 0.0117961387926092
831, 0.0119957545927415
832, 0.0114845258649439
833, 0.00824598642066121
834, 0.0105439051985741
835, 0.0123644891039779
836, 0.0125280842961123
837, 0.00880058761686087
838, 0.0111795484554023
839, 0.011003019210572
840, 0.0107542693149298
841, 0.0104594645866503
842, 0.010971548301833
843, 0.0100669480549792
844, 0.0112675690092146
845, 0.011662465132152
846, 0.0115635018640508
847, 0.00896519577751557
848, 0.0107274475352218
849, 0.0121107123947392
850, 0.0119820061760644
851, 0.00957646135551234
852, 0.0113499694769936
853, 0.0110214966615396
854, 0.0111109036952257
855, 0.0106318252161145
856, 0.0113843937404454
857, 0.0107480068691075
858, 0.0115642914149378
859, 0.0109117253062626
860, 0.0116002783955385
861, 0.0104096349483977
862, 0.0114462871104479
863, 0.0114076880738139
864, 0.0111520821228623
865, 0.0139712122036144
866, 0.00727834436111152
867, 0.0080636953158925
868, 0.0102451459970325
869, 0.00935618237902721
870, 0.010739308471481
871, 0.0115592100191861
872, 0.0122628432388107
873, 0.0131703641576072
874, 0.0164536864807208
875, 0.0208898341283202
876, 0.00725336989853531
877, 0.0155787197872996
878, 0.00401818822138011
879, 0.00433852341181288
880, 0.00466595174899946
881, 0.00501360592897981
882, 0.0053870091214776
883, 0.00577535332801441
884, 0.00616816796051959
885, 0.00654047851761182
886, 0.00687108576918642
887, 0.00713322695810348
888, 0.00723016390111297
889, 0.00695485004689544
890, 0.00643440196290612
891, 0.00572248396929353
892, 0.00511936416539053
893, 0.00425414321944118
894, 0.00410652230493724
895, 0.00399826044061532
896, 0.00392703279309596
897, 0.00389053499869381
898, 0.00387676628694559
899, 0.00387221636871497
900, 0.00791192198327432
901, 0.00806254303703705
902, 0.00826313249611606
903, 0.00848953084399303
904, 0.0087145584790657
905, 0.00892859875845412
906, 0.00911196235877772
907, 0.00924015200386445
908, 0.00932558532804251
909, 0.00936959311366081
910, 0.00940348867637416
911, 0.00947038503363729
912, 0.00963622494600713
913, 0.0099645871669054
914, 0.0105379042215645
915, 0.0112133443666001
916, 0.0111793102696538
917, 0.0144705801891784
918, 0.0108927311375737
919, 0.0129508598086735
920, 0.00951951912914713
921, 0.00986759038642049
922, 0.00882377405650914
923, 0.0117211364364872
924, 0.00782197857430826
925, 0.00862862844951451
926, 0.00779566918499768
927, 0.00944074150174856
928, 0.00779734198780109
929, 0.00904288026504219
930, 0.00947787535066406
931, 0.00936047391345104
932, 0.00950769738604625
933, 0.0092213765407602
934, 0.00949184262814621
935, 0.00883879419416189
936, 0.00955945408592621
937, 0.0102554777792344
938, 0.00994140088247756
939, 0.00969511441265543
940, 0.00843590660952032
941, 0.0104887305448453
942, 0.00738761942678442
943, 0.00735443935263902
944, 0.0067011327870811
945, 0.00554202097312858
946, 0.00702087208628654
947, 0.00720520926794658
948, 0.00702220306266099
949, 0.00698177120648324
950, 0.00515574306094398
951, 0.00479418120812625
952, 0.00445673932942251
953, 0.00726904603652656
954, 0.00632894151688864
955, 0.00593435869086534
956, 0.00542541434212277
957, 0.00445828928301732
958, 0.00518810857708255
959, 0.00475678942166269
960, 0.00450384698342532
961, 0.00434120585365842
962, 0.00422765885014087
963, 0.00416211360910286
964, 0.00413034452746312
965, 0.00411031721159816
966, 0.00586593279149383
967, 0.0070079976770406
968, 0.00848064594902098
969, 0.00844470815112193
970, 0.00960869648094688
971, 0.00820623278351767
972, 0.00984231786181529
973, 0.00917814361552397
974, 0.0118710820097476
975, 0.0129383230426659
976, 0.0103074330060432
977, 0.00939371800050139
978, 0.00828612005958954
979, 0.00967081543058157
980, 0.00963262872149547
981, 0.00969032617285848
982, 0.00965893439327677
983, 0.00956485800755521
984, 0.00940795886951188
985, 0.00900189260331293
986, 0.00959833626014491
987, 0.00921025080606341
988, 0.00960385946867367
989, 0.00966938507432739
990, 0.00980319757945836
991, 0.00991559214890003
992, 0.00982922509623071
993, 0.00820229606082042
994, 0.00691408054747929
995, 0.00723670069904377
996, 0.00748588785063475
997, 0.00654127301337818
998, 0.00845497970779737
999, 0.00802683946676552
1000, 0.0078038783200706
1001, 0.00765593970815341
1002, 0.00613439180112133
1003, 0.00496308098081499
1004, 0.00534385539746533
1005, 0.00573289506913473
1006, 0.00460573111195117
1007, 0.00412862711319966
1008, 0.00474306040753921
1009, 0.00559463208386054
1010, 0.00758673925884068
1011, 0.0063990963390097
1012, 0.00477022033495208
1013, 0.00459188308256368
1014, 0.00447324993244062
1015, 0.00440994979968915
1016, 0.00441035279072821
1017, 0.00508906548687567
1018, 0.00866429150725404
1019, 0.00822506805083581
1020, 0.010377706727013
1021, 0.0128265442326665
1022, 0.00944241035419206
1023, 0.0110313914095362
1024, 0.0139967231856038
1025, 0.0088041836861521
1026, 0.009685677010566
1027, 0.00957654106120268
1028, 0.00947996166845163
1029, 0.00959694556271037
1030, 0.00961764793222149
1031, 0.00958621657143036
1032, 0.00918289196367065
1033, 0.0099975683260709
1034, 0.00989425306518873
1035, 0.0099728323208789
1036, 0.00978829618543386
1037, 0.00994322875825067
1038, 0.0098021844557176
1039, 0.00863518472760916
1040, 0.00905136422564586
1041, 0.00640360622977217
1042, 0.00598092978664984
1043, 0.00477751185341428
1044, 0.00755991693586111
1045, 0.00787973563031604
1046, 0.00386152334976941
1047, 0.00682062038686126
1048, 0.00721138859322916
1049, 0.0093750172915558
1050, 0.00823136306523035
1051, 0.0086994580924511
1052, 0.00517267078006019
1053, 0.00557311484590173
1054, 0.00917107002654423
1055, 0.00432131350971758
1056, 0.00851025730371475
1057, 0.00504040818971892
1058, 0.00673796869038294
1059, 0.00505548812604199
1060, 0.0046460397541523
1061, 0.00486610418496033
1062, 0.0047319937342157
1063, 0.00596471751729647
1064, 0.0054316334426403
1065, 0.00894875332180943
1066, 0.00941044262920817
1067, 0.0111031951382756
1068, 0.00985477515496314
1069, 0.0119116926410546
1070, 0.0136376443939904
1071, 0.00848370108620397
1072, 0.00961468780102829
1073, 0.00947239133529365
1074, 0.00911249926624199
1075, 0.00977719024134179
1076, 0.00932733388617635
1077, 0.00938002423693736
1078, 0.0099629577404509
1079, 0.0101426260856291
1080, 0.0102896909229457
1081, 0.0102217213716358
1082, 0.0103736938908696
1083, 0.0103570642725875
1084, 0.0091400359912465
1085, 0.00675433990545571
1086, 0.00630579493008554
1087, 0.00586905182960133
1088, 0.00805332430172712
1089, 0.00853483014119168
1090, 0.00719746062532067
1091, 0.00762574025429785
1092, 0.00501862673887185
1093, 0.00543989834841341
1094, 0.00913651908437411
1095, 0.00991080359866222
1096, 0.0102675572658579
1097, 0.0139816626906395
1098, 0.00534252430467556
1099, 0.0071429426704223
1100, 0.00535883610912909
1101, 0.00634978354598085
1102, 0.00514344459710022
1103, 0.00577110172404597
1104, 0.00798602271825075
1105, 0.0118478162524601
1106, 0.00985348395382365
1107, 0.0132389290568729
1108, 0.0137885636650026
1109, 0.0104354240465909
1110, 0.0126100407602886
1111, 0.00960280676372349
1112, 0.00935673884426554
1113, 0.00839162040501833
1114, 0.00911120736661057
1115, 0.00878069976655146
1116, 0.00986047748786708
1117, 0.010143440682441
1118, 0.0104122778090338
1119, 0.0100010648214569
1120, 0.0106410603815069
1121, 0.0108099001614998
1122, 0.00979590549000672
1123, 0.0107825022035589
1124, 0.0067284715284283
1125, 0.0062436869678398
1126, 0.00721915671601892
1127, 0.00875888392329216
1128, 0.00770241126883775
1129, 0.00578310189303011
1130, 0.00819873941751818
1131, 0.00942222424782813
1132, 0.0102143504967292
1133, 0.0108390665457894
1134, 0.0112129269788663
1135, 0.00536491950042546
1136, 0.00566152844112366
1137, 0.00742181274108589
1138, 0.00568371256148177
1139, 0.00669439773385723
1140, 0.00609552984436353
1141, 0.013262731100743
1142, 0.0104516166417549
1143, 0.0122966791968793
1144, 0.0128092196925233
1145, 0.0111092548662176
1146, 0.00923437058615188
1147, 0.00958522323829432
1148, 0.00887833225230376
1149, 0.0134224322003623
1150, 0.00780293069380735
1151, 0.00848651095293462
1152, 0.00994372523079316
1153, 0.0103214598105599
1154, 0.00673739258976032
1155, 0.00728045054711401
1156, 0.0106674253474921
1157, 0.0106816506789376
1158, 0.0103687305934727
1159, 0.0109950522116075
1160, 0.0112120926690598
1161, 0.00620385127452513
1162, 0.00781053444370627
1163, 0.00893610855564475
1164, 0.00834310209999482
1165, 0.00961621742074688
1166, 0.0103964228183031
1167, 0.0111310502979904
1168, 0.0117360968142748
1169, 0.00599714228883386
1170, 0.00695159189247837
1171, 0.00642663364609083
1172, 0.00941708227619529
1173, 0.0131854837139448
1174, 0.0123902387761821
1175, 0.0117160816676915
1176, 0.00909948511980474
1177, 0.00865582819096744
1178, 0.00952959200367332
1179, 0.00818199078397205
1180, 0.00740691165750225
1181, 0.0129593041880677
1182, 0.00997895165346563
1183, 0.00795940690053006
1184, 0.0104479207657278
1185, 0.0112945856526494
1186, 0.00910240559217831
1187, 0.00851824033694963
1188, 0.00976489127303163
1189, 0.0109141289722174
1190, 0.0113403621750573
1191, 0.0104925248306245
1192, 0.0112556040597459
1193, 0.0120020529720932
1194, 0.0125082156931361
1195, 0.00731706762841592
1196, 0.00683791416564158
1197, 0.00680301718724271
1198, 0.00623235809616745
1199, 0.00775704537518322
1200, 0.0128355845808983
1201, 0.00758270570077002
1202, 0.00840695885320505
1203, 0.00891824695281684
1204, 0.011875256962542
1205, 0.00784192641731352
1206, 0.00815717526711524
1207, 0.00942123091469208
1208, 0.0125002888186524
1209, 0.00871559123819073
1210, 0.00995117581139008
1211, 0.0111023891451103
1212, 0.00988183558608095
1213, 0.00927376886829734
1214, 0.0116728170153995
1215, 0.010517340619117
1216, 0.0105402883297453
1217, 0.0110917708370835
1218, 0.0112668693376084
1219, 0.012189492782844
1220, 0.012575151771307
1221, 0.0119624674719359
1222, 0.0116357825851689
1223, 0.0112277289542059
1224, 0.0119237682782114
1225, 0.0120225692167878
1226, 0.0131002450361848
1227, 0.00722998477673779
1228, 0.0119564725485231
1229, 0.00980846242358287
