1, 0.00744210625998676
2, 0.0196198956109583
3, 0.00211856403620914
4, 0.0075259655714035
5, 0.00863532163202763
6, 0.0120992884039879
7, 0.00559875834733248
8, 0.00203905865782872
9, 0.020672494545579
10, 0.00654925522394478
11, 0.00727381557226181
12, 0.0111339688301086
13, 0.00776466564275324
14, 0.00811096079026659
15, 0.0083116739988327
16, 0.00848027210061749
17, 0.00862980214878917
18, 0.00878048672651251
19, 0.00897272226090232
20, 0.00927947321906686
21, 0.00986258111273249
22, 0.0111012087824444
23, 0.0140430609074732
24, 0.0178033936147888
25, 0.0111571423088511
26, 0.00569402434242268
27, 0.00288509655122956
28, 0.00150001972603301
29, 0.00252016812252502
30, 0.0035478180895249
31, 0.00439163134433329
32, 0.00504799870153268
33, 0.00555155791031818
34, 0.00594084523618221
35, 0.00624731462448835
36, 0.00649338494986296
37, 0.00669379454726974
38, 0.00685867178253829
39, 0.00699530355632305
40, 0.00710896239615977
41, 0.00720342543597023
42, 0.007281762547791
43, 0.00734618911519647
44, 0.00739854442266126
45, 0.00744054629467428
46, 0.0074736198099951
47, 0.00749832609047492
48, 0.00751529711609085
49, 0.00752819030146514
50, 0.00755075085908175
51, 0.00759716828664144
52, 0.00765194278210402
53, 0.00771424810712536
54, 0.00778411996240417
55, 0.00786101135114829
56, 0.00794362742453814
57, 0.00803020348151525
58, 0.00811891381939252
59, 0.00820787002642949
60, 0.00829523739715417
61, 0.00837963012357553
62, 0.00845996259401242
63, 0.00853457270811001
64, 0.0085998335853219
65, 0.00861948449164629
66, 0.0086359598984321
67, 0.00865175543973843
68, 0.00867391470819712
69, 0.00870244608571132
70, 0.00873696555693944
71, 0.00877696151534716
72, 0.00882129122813543
73, 0.0088685384641091
74, 0.00891672757764657
75, 0.00896282711376747
76, 0.00900303882857164
77, 0.0090325279161334
78, 0.0090457322075963
79, 0.00903625134378672
80, 0.00899802179386218
81, 0.00892590886602799
82, 0.00881685844312111
83, 0.00867097731679678
84, 0.00849242725720008
85, 0.00829023153831561
86, 0.00807902961969376
87, 0.00787907807777325
88, 0.00770721212029457
89, 0.00759562896564603
90, 0.00755243049934506
91, 0.00761418634404739
92, 0.00773852954929074
93, 0.00789474587266644
94, 0.00806701835244894
95, 0.00823794460544983
96, 0.00839588822176059
97, 0.00853772647678852
98, 0.00866993392507235
99, 0.00881214036295811
100, 0.00900853021691243
101, 0.00934902516504129
102, 0.0100953339909514
103, 0.0106903424020857
104, 0.0104253074775139
105, 0.00874354410916567
106, 0.00815140238652627
107, 0.00780730073650678
108, 0.00756207372372349
109, 0.00735109392553568
110, 0.00714792792374889
111, 0.00693976925686002
112, 0.00672175502404571
113, 0.00649558162937562
114, 0.00626674015074968
115, 0.00604325424258908
116, 0.00584188926344116
117, 0.00568449186782042
118, 0.00560696298877398
119, 0.00559158556695495
120, 0.0055699961570402
121, 0.00553272082470357
122, 0.00545133363145093
123, 0.00529960837836067
124, 0.00504783975581328
125, 0.00465990439988673
126, 0.00409616196217636
127, 0.0033231027967607
128, 0.00237187490953753
129, 0.00142291549127549
130, 0.00296407658606768
131, 0.00586087039361397
132, 0.0111974220102032
133, 0.0172443712751071
134, 0.0147457824399074
135, 0.0113569187621276
136, 0.00976921400676171
137, 0.00875768189628919
138, 0.00750924809835851
139, 0.00731329154223204
140, 0.007688217330724
141, 0.00853417006631692
142, 0.00928347433606783
143, 0.00982367309431235
144, 0.010093625014027
145, 0.0101184009884795
146, 0.00996199126044909
147, 0.00969805754721165
148, 0.00938709452748299
149, 0.00906940611700217
150, 0.00876864977180958
151, 0.00849800960471233
152, 0.00826256535947323
153, 0.00806138012558222
154, 0.00789199428011974
155, 0.00775161804631352
156, 0.00763654646774133
157, 0.00754309554273884
158, 0.00746830071633061
159, 0.00740937578181426
160, 0.0073638289856414
161, 0.0073300499158601
162, 0.00730721947426597
163, 0.00729580114906033
164, 0.00733056257013232
165, 0.00739114281410972
166, 0.00742346948633591
167, 0.00744627323001623
168, 0.00746214545021455
169, 0.00747437604392568
170, 0.00748636790861686
171, 0.00750585820060223
172, 0.00289587548468262
173, 0.00572434781740109
174, 0.0110531837369005
175, 0.0179991858700911
176, 0.018025942457219
177, 0.0110292589912812
178, 0.00546310345331828
179, 0.00264885109694054
180, 0.00568888895213604
181, 0.005911600155135
182, 0.00617897277697921
183, 0.00652849860489368
184, 0.00694000146662195
185, 0.00741115709145864
186, 0.00797201677535971
187, 0.00949541036970913
188, 0.0101933820794026
189, 0.00965550386657318
190, 0.00933127012103796
191, 0.0092964010934035
192, 0.00941942228625218
193, 0.00961439994474252
194, 0.00981347945829233
195, 0.00994191505014896
196, 0.00990944262593985
197, 0.00965313675502936
198, 0.00914403703063726
199, 0.00843173389633497
200, 0.00761766933525602
201, 0.00728019641246647
202, 0.00435399716453893
203, 0.00193341562990099
204, 0.00682414354135593
205, 0.00873021595180035
206, 0.00890910051142176
207, 0.00916489819064736
208, 0.00959827518090606
209, 0.0103936893865466
210, 0.0126981924154929
211, 0.0123368950028505
212, 0.0164998136460781
213, 0.00874291337095201
214, 0.00733916965934138
215, 0.00726867932826281
216, 0.00718450142691533
217, 0.00708443974144757
218, 0.00696554601502915
219, 0.00665502506308258
220, 0.00645111757330596
221, 0.00620267625587682
222, 0.005895738179485
223, 0.00550986415085693
224, 0.00501459875764946
225, 0.00437410090429087
226, 0.00363142943630616
227, 0.00277839430297414
228, 0.00856847036629915
229, 0.00807415352513393
230, 0.00798588028798501
231, 0.0079006333835423
232, 0.00782020227052271
233, 0.00774626713246107
234, 0.007679928947861
235, 0.00762071685555081
236, 0.00757217189917962
237, 0.00784092342170576
238, 0.00796961473921935
239, 0.0081159685117503
240, 0.00828323839232326
241, 0.0084518074678878
242, 0.00860698676357667
243, 0.00873845784614483
244, 0.0088408764762183
245, 0.00891252979636192
246, 0.008954760308067
247, 0.0089710905837516
248, 0.00896621495485306
249, 0.00894537894055247
250, 0.00891347974538803
251, 0.0088747451081872
252, 0.0088328099809587
253, 0.00879048695787787
254, 0.00874990985418359
255, 0.00871247487763564
256, 0.00867928254107634
257, 0.00865127254898349
258, 0.00862881820648909
259, 0.00861184298992157
260, 0.00816363344589869
261, 0.00764383437732856
262, 0.00785592221654952
263, 0.0083386281815668
264, 0.00825229411323865
265, 0.00802843707303206
266, 0.0079402447057267
267, 0.00777720628927151
268, 0.0085001802071929
269, 0.00770595576614141
270, 0.00842162438978752
271, 0.00739743777861198
272, 0.00744496223827203
273, 0.0067057441920042
274, 0.00734988367184997
275, 0.00581798733522495
276, 0.00550770138700803
277, 0.00748369966944059
278, 0.0071957657734553
279, 0.00709916185587645
280, 0.00519016536418349
281, 0.00536145875230432
282, 0.00751446040036778
283, 0.00753531108299891
284, 0.00754477391019464
285, 0.00608887197449803
286, 0.0063254542183131
287, 0.00652991126601895
288, 0.00685685376326243
289, 0.00698697326394419
290, 0.00727872201241553
291, 0.0088614453561604
292, 0.00862743410592278
293, 0.00824835166955988
294, 0.00849245519687732
295, 0.00871222854281465
296, 0.00879137637093663
297, 0.00884616825108727
298, 0.00887735995153586
299, 0.00883312492320935
300, 0.00879923316339652
301, 0.00860149227082729
302, 0.00861084212859472
303, 0.00872586263964573
304, 0.00836700138946374
305, 0.00888766255229712
306, 0.00888094849263628
307, 0.00876275341336926
308, 0.00869026640430093
309, 0.00865727290511131
310, 0.00858055536324779
311, 0.00856420366714398
312, 0.00857242212320367
313, 0.0101961079053581
314, 0.00841212008769313
315, 0.00891678982103864
316, 0.00953766206900279
317, 0.00916343290979663
318, 0.00821953872218728
319, 0.0075824523477682
320, 0.00815605744719505
321, 0.00860606040805578
322, 0.00802462762221694
323, 0.0113771883770823
324, 0.0079940950187544
325, 0.00854851372007813
326, 0.00820918427780271
327, 0.00829735382770499
328, 0.00838374362016718
329, 0.00773009673381845
330, 0.00780811579898
331, 0.00765998754650354
332, 0.00789230627318223
333, 0.00798086977253358
334, 0.00811871467158198
335, 0.00746070027040939
336, 0.00686262260812024
337, 0.00697020037720601
338, 0.00756410175623993
339, 0.00750277602734665
340, 0.0075379489765813
341, 0.00674997464132806
342, 0.00707023047531645
343, 0.00724447635002434
344, 0.00716181759101649
345, 0.00731814225825171
346, 0.00738319964148104
347, 0.00663768849335611
348, 0.00642373932835956
349, 0.0064572561532259
350, 0.00653622027797004
351, 0.00741035863757133
352, 0.00760968336835504
353, 0.00839100312441587
354, 0.00879817238698403
355, 0.00876476056873798
356, 0.00882614947234591
357, 0.00869219579423467
358, 0.00872871186584234
359, 0.0088449011867245
360, 0.00885008135810494
361, 0.00883738789707422
362, 0.00859292627622684
363, 0.00865672373523315
364, 0.00862328164900343
365, 0.00880356815954049
366, 0.0085660518767933
367, 0.00874724751338363
368, 0.00854223221540451
369, 0.00850986177101731
370, 0.00852259574458003
371, 0.00857749100153645
372, 0.00867072818800807
373, 0.0084757199510932
374, 0.00872784511496623
375, 0.00918593909591436
376, 0.00952474679797888
377, 0.0100415206203858
378, 0.00853391750050443
379, 0.010978576913476
380, 0.00846459701036414
381, 0.011604231595993
382, 0.0100149285048246
383, 0.0108741441508755
384, 0.00944986194372177
385, 0.0107238593821724
386, 0.00760509965143033
387, 0.00859880354255438
388, 0.00843517961246627
389, 0.00816433706010381
390, 0.00825509506588181
391, 0.0079305029163758
392, 0.00784106552600861
393, 0.00710909464396536
394, 0.00712705931315819
395, 0.00767946871928871
396, 0.00775539929357668
397, 0.00834092420215408
398, 0.00807224788392583
399, 0.00749060713375608
400, 0.00753300978491704
401, 0.00733464444056153
402, 0.00756991018230716
403, 0.00716825101214151
404, 0.00712802074849606
405, 0.0072766641775767
406, 0.00721985256920258
407, 0.00739101421398421
408, 0.00744367926381528
409, 0.00720610430774589
410, 0.00739499934328099
411, 0.00744067287693421
412, 0.00850681364536285
413, 0.00867879902943969
414, 0.00882930650065343
415, 0.00886619944746296
416, 0.008878318592906
417, 0.00844515192632874
418, 0.00852211890742183
419, 0.00886841195945938
420, 0.00884110992774367
421, 0.00880229799076915
422, 0.00875765612969796
423, 0.00862465659156442
424, 0.00871148286387324
425, 0.00866659901415308
426, 0.00855231067786614
427, 0.00858652483051022
428, 0.00845596132179101
429, 0.00849615006397168
430, 0.00876987725496292
431, 0.00847448982919256
432, 0.00834229048341513
433, 0.00893951191877325
434, 0.00989107508212328
435, 0.00948495464399457
436, 0.00874846428632736
437, 0.00877286791801453
438, 0.00837908666580916
439, 0.00787923981746038
440, 0.0075774397701025
441, 0.00774684796730677
442, 0.00811838467294971
443, 0.00787696366508802
444, 0.00778791836152474
445, 0.00830487844844659
446, 0.00821175069237749
447, 0.00748472606452803
448, 0.0076920165946441
449, 0.00753562424021463
450, 0.00803862900162737
451, 0.00757640902884305
452, 0.00744193218027552
453, 0.00743161072023213
454, 0.00760878638053934
455, 0.00746590341441333
456, 0.00744219784003993
457, 0.00749729822079341
458, 0.00753212805526952
459, 0.0080238802668949
460, 0.00749169724682967
461, 0.00765695438409845
462, 0.00897132962321242
463, 0.00896191829815507
464, 0.00890290644019842
465, 0.00892711042736967
466, 0.0089510609395802
467, 0.00887274866302808
468, 0.00880720854426424
469, 0.00867349157730738
470, 0.00873895377541582
471, 0.00861384207382798
472, 0.0085614708562692
473, 0.0084204877105852
474, 0.0083638961826052
475, 0.00844765625273188
476, 0.00851677994554242
477, 0.00847918447107077
478, 0.00838438204179207
479, 0.00839810973654191
480, 0.010364334564656
481, 0.00918093556538224
482, 0.00972155823061864
483, 0.00894156331196427
484, 0.00808871366704504
485, 0.0078927152014027
486, 0.00837643397971988
487, 0.00807126828779777
488, 0.00781529420055449
489, 0.00773668512701988
490, 0.00816876720637083
491, 0.0082622851865987
492, 0.00776695964547495
493, 0.00769087540296217
494, 0.00763042527250946
495, 0.00759789790026844
496, 0.00766400954065224
497, 0.00764984249447783
498, 0.00763364415615797
499, 0.00762918191030622
500, 0.00763460303035875
501, 0.00764649881360431
502, 0.00797260692343116
503, 0.00756639863053958
504, 0.00908124757309755
505, 0.00902125130717953
506, 0.00910758972167969
507, 0.00893511374791463
508, 0.00907797496765852
509, 0.0088360117127498
510, 0.0087373914817969
511, 0.0086468659962217
512, 0.00856758157412211
513, 0.0085007914652427
514, 0.00844644910345475
515, 0.00834152288734913
516, 0.0083692764552931
517, 0.00840315890188018
518, 0.00831175092607737
519, 0.00857152024816189
520, 0.0083160523014764
521, 0.00830676375577847
522, 0.0100500397384167
523, 0.00939843539769451
524, 0.00646117962896824
525, 0.0089346293049554
526, 0.00830453603217999
527, 0.00857129180803895
528, 0.0081111267209053
529, 0.00801920316492518
530, 0.00812621678536137
531, 0.00797646027058363
532, 0.00788619408073525
533, 0.00768451653420925
534, 0.00768298259936273
535, 0.00783007685095072
536, 0.00779978930950165
537, 0.00791674774761001
538, 0.00778732363445063
539, 0.00766433014844855
540, 0.00915103452280164
541, 0.00923472565288345
542, 0.00902216167499622
543, 0.00887915476535757
544, 0.00927405950746366
545, 0.00874257351582249
546, 0.00878903347377976
547, 0.00862147783239683
548, 0.00851886626332998
549, 0.00843529977525274
550, 0.00837014010176063
551, 0.00832045481850704
552, 0.00828307494521141
553, 0.00825543220465382
554, 0.00823039235547185
555, 0.00819960821952139
556, 0.009536639166375
557, 0.0091394460760057
558, 0.0097738040300707
559, 0.0102669529927274
560, 0.0106376472860575
561, 0.0100776680878231
562, 0.00867670417452852
563, 0.00844412560885151
564, 0.00826716283336282
565, 0.00796347530558705
566, 0.0077389026992023
567, 0.00806835930173596
568, 0.00813689036294818
569, 0.00804501570140322
570, 0.00779407690944416
571, 0.00798475680251916
572, 0.00779291770110528
573, 0.00785562318439285
574, 0.00794852005007366
575, 0.00823002681136131
576, 0.00778627449957033
577, 0.00931240152567625
578, 0.00912847354387244
579, 0.00891067010040084
580, 0.0089266326588889
581, 0.00938329640775919
582, 0.00936677493155003
583, 0.00874360526601473
584, 0.00858711451292038
585, 0.00845884531736374
586, 0.00835754318783681
587, 0.00828161711494128
588, 0.0082266335375607
589, 0.00818681096037229
590, 0.00815962037692467
591, 0.00814148271456361
592, 0.00811783891792099
593, 0.00993749126791954
594, 0.00951055639112989
595, 0.0087297847494483
596, 0.00853387809668978
597, 0.00837946077808738
598, 0.00790907833725214
599, 0.00800041621550918
600, 0.00826142340277632
601, 0.00817555623749892
602, 0.00792867637106351
603, 0.00792059403223296
604, 0.00811672257259488
605, 0.00927488692104816
606, 0.00792864842029909
607, 0.00896694278344512
608, 0.00896899495273829
609, 0.00807748486598333
610, 0.00957710601921592
611, 0.00805229647085071
612, 0.00927444795767466
613, 0.00803967627386252
614, 0.00984266198550661
615, 0.00965709984302521
616, 0.00924384295940399
617, 0.00804927237331867
618, 0.00945155713707209
619, 0.0126422478684357
620, 0.00481672439491376
621, 0.00891984005769094
622, 0.0091693935294946
623, 0.00958460693558057
624, 0.0103815292629103
625, 0.0120525490492582
626, 0.00886073941364884
627, 0.008715168107301
628, 0.00857730691010753
629, 0.00843594114606579
630, 0.00828779954463243
631, 0.00813748283932606
632, 0.00799625234988829
633, 0.0078833835820357
634, 0.00779652564475934
635, 0.00562485315216084
636, 0.00621440176231166
637, 0.00646425721546014
638, 0.00671218265779316
639, 0.00695164284358422
640, 0.00717823510058224
641, 0.00739472250764569
642, 0.0076115649814407
643, 0.0078498280296723
644, 0.00814850768074393
645, 0.00861523843680819
646, 0.00942317955195904
647, 0.00555964217831691
648, 0.0050218685840567
649, 0.00463723670691252
650, 0.00408848375082016
651, 0.00338595961996665
652, 0.00271808057247351
653, 0.0019542456837371
654, 0.00904558791912028
655, 0.00552299711853266
656, 0.00543649991353353
657, 0.0052785559091717
658, 0.00491334082713972
659, 0.00536473654210567
660, 0.00515775514456133
661, 0.00597476617743572
662, 0.00832070891434948
663, 0.00732145792183777
664, 0.00678156518066923
665, 0.00779736794841786
666, 0.00576541549526155
667, 0.0064938523961852
668, 0.00868970869729916
669, 0.00706088713680704
670, 0.00756422593258321
671, 0.00803953362628818
672, 0.00903671002015471
673, 0.00891454859326283
674, 0.00927000973994533
675, 0.00958025191600124
676, 0.0100073328241706
677, 0.00829741156970461
678, 0.00842170976102352
679, 0.00879153469577432
680, 0.00867061844716469
681, 0.00854756326104204
682, 0.00818671084319552
683, 0.00874284111584226
684, 0.00842440749208132
685, 0.00858862108240525
686, 0.0100876946623127
687, 0.0091784130781889
688, 0.00952951439345876
689, 0.0110958328781029
690, 0.00822351422781746
691, 0.00801352607086301
692, 0.0153543590568006
693, 0.00932949528630291
694, 0.00812706790332283
695, 0.00556880282238126
696, 0.00567690216537033
697, 0.00561528202767173
698, 0.00566186499781907
699, 0.00622215742866198
700, 0.00609875408311685
701, 0.0056736608967185
702, 0.00551756595571836
703, 0.00714726878019671
704, 0.00819542010625204
705, 0.00795656729800006
706, 0.00744177028536797
707, 0.0068274416650335
708, 0.00771057807529966
709, 0.00844894504795472
710, 0.00875904411077499
711, 0.00907782167196274
712, 0.00619877401428918
713, 0.00475411190806578
714, 0.00833743512630463
715, 0.00904636240253846
716, 0.0093401203242441
717, 0.00877122099821766
718, 0.0088635979530712
719, 0.00867036109169324
720, 0.00894740192840497
721, 0.0085609289817512
722, 0.00844522519037127
723, 0.00918598923211296
724, 0.00893818028271198
725, 0.00857578621556362
726, 0.00838624748090903
727, 0.0106126015695433
728, 0.00998304489379128
729, 0.00953103353579839
730, 0.00875131553038955
731, 0.0059208853635937
732, 0.00856824099485363
733, 0.00906781200319529
734, 0.00614245674972023
735, 0.00600675175276895
736, 0.00596902674684922
737, 0.00590633725126584
738, 0.00710497020433346
739, 0.00878607993945479
740, 0.00855316175147891
741, 0.00604163863075276
742, 0.00721504352986813
743, 0.00809836170325677
744, 0.00832922632495562
745, 0.00784138597858449
746, 0.00754535291343927
747, 0.00650426729892691
748, 0.00880150481437643
749, 0.0088831086953481
750, 0.00648893982482453
751, 0.00902116655682524
752, 0.00868790425981084
753, 0.00908950219551722
754, 0.00894749040404955
755, 0.00899165247877439
756, 0.00921036892880996
757, 0.0103227075499793
758, 0.00986946420744061
759, 0.00877326851089795
760, 0.00896966659153501
761, 0.0113449728648577
762, 0.00650221919640899
763, 0.00658619458166261
764, 0.00642840455596646
765, 0.00627389829605818
766, 0.00583416735753417
767, 0.00883488683030009
768, 0.00865089427679777
769, 0.00823450461030006
770, 0.00845716226225098
771, 0.00796493515372276
772, 0.00763345571855704
773, 0.00679726774493853
774, 0.00683924687715868
775, 0.0070974607175837
776, 0.0089475584349462
777, 0.00901136174798012
778, 0.00905119596670071
779, 0.00899787034307207
780, 0.00906028303628167
781, 0.00901905726641417
782, 0.00758056870351235
783, 0.00879461169242859
784, 0.00950159380833308
785, 0.00897702171156804
786, 0.0100192621660729
787, 0.00921626901254058
788, 0.0107510571057598
789, 0.00898373350501061
790, 0.00679025912125196
791, 0.00729157752357423
792, 0.00698786461725831
793, 0.00888275525843104
794, 0.00875817363460859
795, 0.00837866930911938
796, 0.00859060433382789
797, 0.00809035954686503
798, 0.00725385344897707
799, 0.0076868556595097
800, 0.00913411229848862
801, 0.00917359798525771
802, 0.00915070964644353
803, 0.00823783439894517
804, 0.00903774425387383
805, 0.00804376658052206
806, 0.0097101335413754
807, 0.0102764357191821
808, 0.00943034344042341
809, 0.0103982374338167
810, 0.00865419963374734
811, 0.00758096575737
812, 0.00724772913381457
813, 0.00803462594437102
814, 0.00897231072719608
815, 0.00887340679764748
816, 0.00874059135094285
817, 0.00854365558673938
818, 0.00767622220640381
819, 0.00931745448282787
820, 0.00899804998189211
821, 0.00927483305955927
822, 0.0090847946703434
823, 0.00906680750527552
824, 0.00856021651998162
825, 0.00918507218981783
826, 0.00974870954329769
827, 0.00980189855077437
828, 0.010168958765765
829, 0.0114930546842515
830, 0.00955444760620594
831, 0.00822376526360001
832, 0.00902813812717795
833, 0.00894062857454022
834, 0.00869571138173342
835, 0.00915505752588312
836, 0.00919486582279205
837, 0.00903622638434172
838, 0.00987532678991556
839, 0.00954949241131544
840, 0.00949750825141867
841, 0.0092923347838223
842, 0.00939453542232513
843, 0.00924971540059362
844, 0.00875214375555515
845, 0.00925427442416549
846, 0.00918464961328677
847, 0.0124335998669267
848, 0.00838392421913644
849, 0.00935637361059586
850, 0.0105110035898785
851, 0.0127257943774263
852, 0.016809893772006
853, 0.00740926060825586
854, 0.00724372756667435
855, 0.00662184863661726
856, 0.00640910491347313
857, 0.00542351347394288
858, 0.00427086038204531
859, 0.00746987053814034
860, 0.00744373553122083
861, 0.00731093987512092
862, 0.0070622261458387
863, 0.00614912769136329
864, 0.00748830498196185
865, 0.00736549162926773
866, 0.00716173066757619
867, 0.0069421228642265
868, 0.00679715109678606
869, 0.00582741402710478
870, 0.00491276515337328
871, 0.00348284157613913
872, 0.00268290032787869
873, 0.00193040338344872
874, 0.00738011727419992
875, 0.00849774526432157
876, 0.00733875459991395
877, 0.00735555038166543
878, 0.0074161677621305
879, 0.00746320917581518
880, 0.00752335204742849
881, 0.0078028563875705
882, 0.00828304591899117
883, 0.00952384357030193
884, 0.00984906746695439
885, 0.00981755461543798
886, 0.00958638700346152
887, 0.00915265548974276
888, 0.00860690341020624
889, 0.00759864008675019
890, 0.00769070660074552
891, 0.00793790289511283
892, 0.00809711978460352
893, 0.00873924621070425
894, 0.00899976911023259
895, 0.00926823960617185
896, 0.00973318160201112
897, 0.00749003794044256
898, 0.00745506840758026
899, 0.00743690202943981
900, 0.00740887325567504
901, 0.0126335615059361
902, 0.00868203371231045
903, 0.00466979511838872
904, 0.0101462054687242
905, 0.00750006238619487
906, 0.00663681390384833
907, 0.00729658563310901
908, 0.00739154925880333
909, 0.00564571508827309
910, 0.00531348492950201
911, 0.00476654700469226
912, 0.00745064920435349
913, 0.00746913293066124
914, 0.00723164792483052
915, 0.00500148755963892
916, 0.00621559688200553
917, 0.0071521271020174
918, 0.00680149059432248
919, 0.006940264099588
920, 0.00595077096174161
921, 0.00742499623447657
922, 0.00734926449755828
923, 0.00705607398413122
924, 0.00644316058605909
925, 0.00740683226225277
926, 0.00854439831649264
927, 0.00762640770214299
928, 0.00790831081879636
929, 0.00875339827810725
930, 0.0094484508348008
931, 0.00965036824345589
932, 0.00835252413526177
933, 0.00746547042702635
934, 0.00743166559065382
935, 0.00750843435525894
936, 0.00803571566939354
937, 0.00818252470344305
938, 0.00968836325531205
939, 0.00943630126615365
940, 0.00756171291383604
941, 0.0077046623143057
942, 0.00779833698955675
943, 0.0089809208487471
944, 0.0092172025082012
945, 0.00739432478855763
946, 0.00975741927201549
947, 0.00746782698358099
948, 0.00737525951117277
949, 0.00747893804994722
950, 0.00744879657092194
951, 0.00742886122316122
952, 0.00908886468304055
953, 0.00802677841857076
954, 0.00747991672583989
955, 0.0113892002652089
956, 0.0062839612364769
957, 0.00735423093040784
958, 0.00739047435733179
959, 0.0067675468356659
960, 0.00689323626769086
961, 0.00730894777613382
962, 0.00718496538077792
963, 0.00744074885733426
964, 0.00700617115944624
965, 0.00636837646986047
966, 0.00741896312683821
967, 0.00710348264935116
968, 0.00663104987082382
969, 0.00649327388964593
970, 0.0072531767655164
971, 0.00745702457303802
972, 0.00630897873391708
973, 0.00826521667962273
974, 0.00772616903608044
975, 0.00867858637745182
976, 0.00811446396013101
977, 0.0078014152434965
978, 0.00788754574023187
979, 0.00798925369357069
980, 0.0084477827573816
981, 0.00896187778562307
982, 0.00766129139810801
983, 0.00755994456509749
984, 0.00760631736678382
985, 0.00752100689957539
986, 0.00748827696467439
987, 0.00746148219332099
988, 0.00971294163415829
989, 0.00744053799038132
990, 0.00742492191493511
991, 0.00930735593040784
992, 0.0100165214389563
993, 0.0101026295063396
994, 0.0074612934452792
995, 0.00744442928892871
996, 0.00746931531466544
997, 0.00660942199950417
998, 0.0107777157266225
999, 0.00725191916959981
1000, 0.00769995742787917
1001, 0.00745249050669372
1002, 0.00709272494229178
1003, 0.00705827206062774
1004, 0.00699222320690751
1005, 0.00703436190572878
1006, 0.00699066603556275
1007, 0.00715694669634104
1008, 0.00727196270599961
1009, 0.00721852256295582
1010, 0.00731771113350987
1011, 0.00735528666215638
1012, 0.00738572344804804
1013, 0.00740993504102031
1014, 0.00742872315458953
1015, 0.00744262151420116
1016, 0.00746753122657537
1017, 0.00870337849482894
1018, 0.00746929676582416
1019, 0.00745692144015006
1020, 0.00748380871179203
1021, 0.00750054395757616
1022, 0.00756581554499765
1023, 0.00754066021181643
1024, 0.00772324243249993
1025, 0.00808713639465471
1026, 0.0083395594265312
1027, 0.0078036745544523
1028, 0.00791698057825367
1029, 0.0076281806298842
1030, 0.00766813087587555
1031, 0.00759499209622542
1032, 0.00751944623577098
1033, 0.00924938158797366
1034, 0.0104705759634574
1035, 0.00990370828658342
1036, 0.00989629188552499
1037, 0.0074562414859732
1038, 0.00746062451175281
1039, 0.00723907460148136
1040, 0.00829386377396683
1041, 0.00788479608794053
1042, 0.00745712507826587
1043, 0.00745571171864867
1044, 0.00745710629659394
1045, 0.00744783226400614
1046, 0.00745288049802184
1047, 0.00744089880026877
1048, 0.00743169290944934
1049, 0.00739884399808943
1050, 0.00740835202547411
1051, 0.0074027725495398
1052, 0.0074991750686119
1053, 0.00764030939899385
1054, 0.0074304659695675
1055, 0.00742053620827695
1056, 0.00864076973604304
1057, 0.00946216080337763
1058, 0.0100464719968537
1059, 0.00874188393354416
1060, 0.00745671158656478
1061, 0.0109375341174503
1062, 0.0114876409992576
1063, 0.00953638540314776
1064, 0.0113687209784985
1065, 0.00811243709176779
1066, 0.00933917720491687
1067, 0.00833023951521942
1068, 0.00387290856867496
1069, 0.00170112070627511
1070, 0.00462845286043982
1071, 0.00836696887078385
1072, 0.0126245528226718
1073, 0.0104745567465822
1074, 0.0127233290113509
1075, 0.0168286314234138
1076, 0.00568148602421085
1077, 0.00566679200467964
1078, 0.00561513697418074
1079, 0.00551037110077838
1080, 0.00532874348573387
1081, 0.00504431454464793
1082, 0.0040543870224307
1083, 0.00335187884047627
1084, 0.00243722139081607
1085, 0.00733977750254174
1086, 0.00683644010374943
1087, 0.00640613065722088
1088, 0.0060484247126927
1089, 0.00854289950802922
1090, 0.00907802876705925
1091, 0.00948155578225851
1092, 0.00969913539787134
1093, 0.00974634941667318
1094, 0.00966589758172631
1095, 0.00952058704569936
1096, 0.00936911953613162
1097, 0.00925801554694772
1098, 0.00922766141593456
1099, 0.00928548925245802
1100, 0.00938898790627718
1101, 0.0100901930903395
1102, 0.00588437456948062
1103, 0.00574813278702398
1104, 0.00490999741790195
1105, 0.00497302426291364
1106, 0.00559949649808307
1107, 0.00583859315762917
1108, 0.00515097690125306
1109, 0.00539469532668591
1110, 0.00916072850426038
1111, 0.00962219604601463
1112, 0.0090450889741381
1113, 0.00970286938051383
1114, 0.00941283628344536
1115, 0.00930821523070335
1116, 0.00966303081562122
1117, 0.0094620279657344
1118, 0.00897623101870219
1119, 0.00894426911448439
1120, 0.00798235526308417
1121, 0.00795512879267335
1122, 0.00860315319150686
1123, 0.00676849313701193
1124, 0.00733695838910838
1125, 0.00630578336616357
1126, 0.00906335322984627
1127, 0.00590589556044766
1128, 0.00875837156283004
1129, 0.00581972803920507
1130, 0.00989529527723789
1131, 0.00617662980221212
1132, 0.00613409001380205
1133, 0.00620807932379345
1134, 0.00612977022926013
1135, 0.00621005551268657
1136, 0.00623173414108654
1137, 0.0113493880877892
1138, 0.00892185668150584
1139, 0.00909580073008935
1140, 0.00854547942678134
1141, 0.00875429684917132
1142, 0.0100070689804852
1143, 0.0086430674418807
1144, 0.00935809081420302
1145, 0.00971670200427373
1146, 0.0102241351934416
1147, 0.00796263346758982
1148, 0.0084849925711751
1149, 0.00719664998662968
1150, 0.00659828672983817
1151, 0.00665057303073506
1152, 0.0107091958634555
1153, 0.00791387672403029
1154, 0.00688864476978779
1155, 0.00715616981809338
1156, 0.00765344019358357
1157, 0.00670842089069386
1158, 0.00665079654815296
1159, 0.00676923555632432
1160, 0.00615564165636897
1161, 0.00928664238502582
1162, 0.00844227600221833
1163, 0.0087138901331595
1164, 0.00826490585071345
1165, 0.00868047866970301
1166, 0.00812976419304808
1167, 0.00993299235900243
1168, 0.010387612041086
1169, 0.00702236965298653
1170, 0.0078716572218885
1171, 0.0113445776514709
1172, 0.0083416198225071
1173, 0.00753287257005771
1174, 0.00778745696879923
1175, 0.00746053208907445
1176, 0.00729040064228078
1177, 0.0071622304773579
1178, 0.00911833066493273
1179, 0.0108709469437599
1180, 0.0101187121123075
1181, 0.00823507914319634
1182, 0.011204232648015
1183, 0.0107386254572443
1184, 0.00936977068583171
1185, 0.00712547125294805
1186, 0.00947925634682178
1187, 0.00771956068153183
1188, 0.00789000311245521
1189, 0.00818225384379427
