1, 0.0102343745529652
2, 0.0333304330706596
3, 0.00284412904875353
4, 0.00784504599869251
5, 0.0165003910660744
6, 0.0164317898452282
7, 0.00960035435855389
8, 0.00311493425397202
9, 0.0326383290812373
10, 0.0121957119554281
11, 0.0157283432781696
12, 0.019303485751152
13, 0.011691584251821
14, 0.0133563267687956
15, 0.0145150749012828
16, 0.0159634447967013
17, 0.0186665632451574
18, 0.0241663757090767
19, 0.029878451799353
20, 0.0199378070731958
21, 0.0110464235767722
22, 0.00550251329938571
23, 0.00336348979423443
24, 0.00178755798454707
25, 0.0028692401247099
26, 0.00420929545847078
27, 0.00535557830395798
28, 0.00624829243558149
29, 0.00691267770404617
30, 0.00738126427556078
31, 0.00769499456509948
32, 0.00787182373460382
33, 0.00799048567811648
34, 0.00843577521542708
35, 0.00915572606027126
36, 0.0100376612196366
37, 0.0110073946416378
38, 0.0120131053651373
39, 0.013017031053702
40, 0.0139845019827286
41, 0.0148568836351236
42, 0.0158476554788649
43, 0.0163170453161001
44, 0.0163992444674174
45, 0.0165395730485519
46, 0.0166649135450522
47, 0.0167267881333828
48, 0.0166661913196246
49, 0.0164165738970041
50, 0.0159129146486521
51, 0.0151285914083322
52, 0.0141000409300129
53, 0.012943532007436
54, 0.0117913018912077
55, 0.0113303968682885
56, 0.0108271725475788
57, 0.011334662946562
58, 0.0122156847889225
59, 0.0131723964586854
60, 0.0140466295803587
61, 0.0147047288094958
62, 0.0150857477759322
63, 0.0151978920524319
64, 0.0150899446258942
65, 0.0148222073912621
66, 0.0144562255591154
67, 0.0140419602394104
68, 0.0136201955998937
69, 0.013221658145388
70, 0.0128686794390281
71, 0.0125801581889391
72, 0.0123763900871078
73, 0.0122876207654675
74, 0.0123671718562643
75, 0.0127244368195534
76, 0.0135747163246075
77, 0.0147657534107566
78, 0.0138201334048063
79, 0.0116851481919487
80, 0.0111115848024686
81, 0.010724622135361
82, 0.0104324379935861
83, 0.0101989336932699
84, 0.0100029905637105
85, 0.0098423690845569
86, 0.00972769595682621
87, 0.00965319410897791
88, 0.00965890008956194
89, 0.00977207953110337
90, 0.00986757315695286
91, 0.00994024518877268
92, 0.00997838812569777
93, 0.0099725181547304
94, 0.009913412698855
95, 0.00979191514973839
96, 0.00959904802342256
97, 0.00932431081309915
98, 0.00895292544737458
99, 0.00846273731440306
100, 0.00782353632772962
101, 0.00699516828171909
102, 0.00593436804289619
103, 0.00462014988685648
104, 0.00313369425324102
105, 0.00198518919448058
106, 0.0038221247959882
107, 0.00625739665701985
108, 0.0121985487639904
109, 0.0207939489434163
110, 0.0304833619544903
111, 0.0240555598090092
112, 0.0188018484041095
113, 0.0163019102377196
114, 0.0151670525471369
115, 0.0145685353005926
116, 0.0142231341451406
117, 0.014002219773829
118, 0.0138394626167913
119, 0.0136940663990875
120, 0.0135319471980135
121, 0.0133227209250132
122, 0.0130236412708958
123, 0.012557161351045
124, 0.0124908483121544
125, 0.0125891814629237
126, 0.0128873692204555
127, 0.0132281625022491
128, 0.0136011183882753
129, 0.0139823397621512
130, 0.0143502584348122
131, 0.0146875825400154
132, 0.0149823138490319
133, 0.0152270787705978
134, 0.0154183696334561
135, 0.015561466726164
136, 0.0155698279850185
137, 0.0154818814868728
138, 0.0151555345704158
139, 0.0149317408601443
140, 0.0147578129544854
141, 0.0145964256177346
142, 0.0144176504885157
143, 0.014191582488517
144, 0.0138911021252473
145, 0.013493108873566
146, 0.0129816196858883
147, 0.0123523579289516
148, 0.0116184878473481
149, 0.0108138229697943
150, 0.00999106528858344
151, 0.00919919150571028
152, 0.00850670381138722
153, 0.00803105098505815
154, 0.00358757590098927
155, 0.00589249065766732
156, 0.0115812784060836
157, 0.0200801206131776
158, 0.0295610800385475
159, 0.0293885413557291
160, 0.0203051573286454
161, 0.0114714012791713
162, 0.0057220469849805
163, 0.00368318539888908
164, 0.00962427879373232
165, 0.00968176405876875
166, 0.00977382591615121
167, 0.00989908849199613
168, 0.010051961367329
169, 0.0102283644179503
170, 0.010423702498277
171, 0.0106342419361075
172, 0.0108574740588665
173, 0.0110925482586026
174, 0.011341484884421
175, 0.0116112992788355
176, 0.0119171148786942
177, 0.0122824056694905
178, 0.0127668666342894
179, 0.0134997063626846
180, 0.0161244515329599
181, 0.0172793104623755
182, 0.0158328792701165
183, 0.0147916224474708
184, 0.0142669718091687
185, 0.014028857772549
186, 0.0139390357459585
187, 0.0139267640188336
188, 0.0139514456192652
189, 0.0139875166739027
190, 0.0140165543804566
191, 0.0140242545555035
192, 0.0139993087699016
193, 0.0139334524671237
194, 0.0138220991939306
195, 0.013664980729421
196, 0.0134667123978337
197, 0.0132368641595046
198, 0.0129911449427406
199, 0.0127494757374128
200, 0.0125348508978883
201, 0.0123642608523369
202, 0.012386076617986
203, 0.0140774991984169
204, 0.00922716277030607
205, 0.0023648067144677
206, 0.0128247179090977
207, 0.0153457522392273
208, 0.0158437437244824
209, 0.0172192420189579
210, 0.0210120376820366
211, 0.027599960565567
212, 0.00530963338678703
213, 0.0217564678085702
214, 0.00609490663434068
215, 0.00518294555755953
216, 0.0040701087952281
217, 0.00303790978311251
218, 0.0135377027715246
219, 0.0125439815844099
220, 0.0115278948408862
221, 0.0105220180315276
222, 0.00957376090809703
223, 0.00873788197835287
224, 0.00813718015948931
225, 0.0131111017738779
226, 0.0139579842798412
227, 0.014783333055675
228, 0.0154472459107637
229, 0.015896863459299
230, 0.0161411085476478
231, 0.0162203521467745
232, 0.0161870565886299
233, 0.0160855796808998
234, 0.0159475919790566
235, 0.0158612076193094
236, 0.015642339674135
237, 0.0148960937124987
238, 0.0155739773375293
239, 0.0154153940578302
240, 0.0123039305210114
241, 0.0143242658426364
242, 0.0153254247270525
243, 0.0156660615466535
244, 0.0155465776721636
245, 0.0152661511674523
246, 0.0144915188041826
247, 0.00910623309512933
248, 0.0110703681906064
249, 0.0100366530629496
250, 0.0131297681170205
251, 0.0121107360658546
252, 0.0152295053005219
253, 0.00679970493850609
254, 0.00784411588683724
255, 0.0073254716116935
256, 0.00672682964553436
257, 0.00619317940436304
258, 0.00570029024189959
259, 0.00766381567033629
260, 0.0184818370533841
261, 0.0150487914991875
262, 0.0164223173633218
263, 0.0082336278366191
264, 0.0150638764191951
265, 0.0137704644086105
266, 0.0155234007785718
267, 0.015606619262447
268, 0.0156443378267189
269, 0.0146514469136794
270, 0.0153131367017825
271, 0.0148373073898256
272, 0.0153436606439451
273, 0.0150732014638682
274, 0.00767770782113075
275, 0.0117036420851946
276, 0.0127221763444444
277, 0.0105997617356479
278, 0.00948732206597924
279, 0.00799779446485142
280, 0.0082718130821983
281, 0.0140691095342239
282, 0.0072386833683898
283, 0.0160348946228623
284, 0.0143378401796023
285, 0.0140314069576561
286, 0.0156317390501499
287, 0.0160068338736892
288, 0.0147362987821301
289, 0.0151758453187843
290, 0.0161859171154598
291, 0.00851133931428194
292, 0.0145803572610021
293, 0.00878522039524146
294, 0.0124585446901619
295, 0.0137946097446339
296, 0.010101700356851
297, 0.0113060030465325
298, 0.00866023860871792
299, 0.0148627074435353
300, 0.008329692374294
301, 0.0172740537673235
302, 0.00970910334338745
303, 0.0139007770145933
304, 0.0133356130016702
305, 0.014456645740817
306, 0.0158909456804395
307, 0.00953310765326023
308, 0.0151184789525966
309, 0.0165722745781143
310, 0.0121847141223649
311, 0.0108399272763303
312, 0.0132712980732322
313, 0.00990129339819153
314, 0.0180922423799833
315, 0.00853975000791252
316, 0.0134398732334375
317, 0.0111315698983769
318, 0.0140614033055802
319, 0.0121909008982281
320, 0.0149671747349203
321, 0.0160885485820472
322, 0.0104567653809985
323, 0.0169957419857383
324, 0.00913155265152454
325, 0.0130344389006495
326, 0.011493694037199
327, 0.0129931050219706
328, 0.0144056766293943
329, 0.0171450258543094
330, 0.0116406371816993
331, 0.0126032535918057
332, 0.0158444467621545
333, 0.0171813482108216
334, 0.0142483214537303
335, 0.010602980107069
336, 0.0130572000828882
337, 0.0190269872546196
338, 0.0100253800240656
339, 0.00992456792543332
340, 0.00829948298633099
341, 0.00986566844706734
342, 0.00996244931593537
343, 0.0100459397460024
344, 0.0100146794381241
345, 0.00976858225961526
346, 0.00953998804713289
347, 0.00922934478148818
348, 0.00882237094144026
349, 0.00763505565313001
350, 0.00679611771677931
351, 0.00574621829825143
352, 0.00447329133749008
353, 0.00333126925397664
354, 0.0125854499638081
355, 0.01252786644424
356, 0.0124976648949087
357, 0.012765904267629
358, 0.0136645423869292
359, 0.0143600533095499
360, 0.014909245694677
361, 0.0147862696709732
362, 0.0144500802271068
363, 0.0130177003641923
364, 0.0133232244600852
365, 0.0140198017470539
366, 0.0146505086061855
367, 0.0148490179950992
368, 0.0134579632431269
369, 0.0130429291166365
370, 0.0139120677486062
371, 0.0132440011948347
372, 0.0125887465352813
373, 0.0120163861041268
374, 0.00973709765821695
375, 0.0102144423872232
376, 0.0104590870129565
377, 0.0107586289135118
378, 0.0111475411492089
379, 0.011730801469336
380, 0.0208972729742527
381, 0.0152337110290925
382, 0.0170467784628272
383, 0.0277365151792765
384, 0.0219090157853706
385, 0.00562406060635112
386, 0.0164901334792376
387, 0.010195050543795
388, 0.00265385101083666
389, 0.00974040059372783
390, 0.00932472757995129
391, 0.00850550054262082
392, 0.00737712990182141
393, 0.00597485686497142
394, 0.00985276947418849
395, 0.0101738777011633
396, 0.0100241554901004
397, 0.0101776934849719
398, 0.0101201046879093
399, 0.0101285080115
400, 0.0100206354012092
401, 0.00797799198577801
402, 0.0096226017922163
403, 0.00895383752261599
404, 0.00668995431624353
405, 0.012703130642573
406, 0.0135455423345168
407, 0.014135288229833
408, 0.0146230994723737
409, 0.0147550944238901
410, 0.0130241087948283
411, 0.0126824858598411
412, 0.0126004607106249
413, 0.0126042445190251
414, 0.0128258269590636
415, 0.0147537075293561
416, 0.0144051633154353
417, 0.013268218220522
418, 0.0138408543231587
419, 0.0138461943715811
420, 0.0142638778003554
421, 0.0145915667526424
422, 0.0100108161568642
423, 0.0113387714760999
424, 0.0105915168921153
425, 0.00984572557111581
426, 0.0109219423805674
427, 0.0118702297719816
428, 0.0139780322400232
429, 0.0129499288275838
430, 0.0162495786013703
431, 0.0135330077526825
432, 0.0126688026690057
433, 0.00989877219711031
434, 0.0103788011086484
435, 0.0103850516801079
436, 0.00940064697836836
437, 0.0103215713364383
438, 0.0100680626928806
439, 0.00965161326651772
440, 0.0102165341377258
441, 0.00987774444123109
442, 0.0103441363510986
443, 0.00914324106027683
444, 0.010238785451899
445, 0.00892102330302199
446, 0.00877225406778355
447, 0.00865989023198684
448, 0.0145066136494279
449, 0.0127818022544185
450, 0.0129017277310292
451, 0.0126127471836905
452, 0.0127339091462394
453, 0.0131142244984706
454, 0.0133678841715058
455, 0.0149199060785274
456, 0.0150930661087235
457, 0.015095356075714
458, 0.0125348828732967
459, 0.0136582592191796
460, 0.0146383874428769
461, 0.0148790933502217
462, 0.0124989359950026
463, 0.0143105929406981
464, 0.0139770810492337
465, 0.0126562635414302
466, 0.010313269837449
467, 0.0110051102625827
468, 0.0114260877793034
469, 0.0119422334246337
470, 0.0100816634173195
471, 0.0148272500373423
472, 0.0183525619407495
473, 0.0124963514506817
474, 0.015701424463519
475, 0.012416782256748
476, 0.0101628868530194
477, 0.010195994284004
478, 0.0104304635897279
479, 0.0108390462895234
480, 0.0106281712651253
481, 0.0105245808760325
482, 0.0103149317825834
483, 0.0105233414409061
484, 0.0106640929977099
485, 0.010644610815992
486, 0.010598310114195
487, 0.0104238876762489
488, 0.0102183812608322
489, 0.0131559171713889
490, 0.0134873609058559
491, 0.0123517660734554
492, 0.0123158742984136
493, 0.0157062502888342
494, 0.0158643716325363
495, 0.0153232392234107
496, 0.0125337607848148
497, 0.0124242873862386
498, 0.0126872061130901
499, 0.0128916773634652
500, 0.0138874292994539
501, 0.0148433111608028
502, 0.0143452268093824
503, 0.0101003324612975
504, 0.0124945364271601
505, 0.0124223513528705
506, 0.0106625064897041
507, 0.00853592958301306
508, 0.0118937448908885
509, 0.0114326368396481
510, 0.0103580173371094
511, 0.0173066823432843
512, 0.012231582030654
513, 0.0115626539724569
514, 0.0111638358794153
515, 0.0124763952834266
516, 0.0109120939991304
517, 0.0109794220576684
518, 0.0109751919905345
519, 0.0109669510275126
520, 0.0109584084711969
521, 0.0109299682080746
522, 0.0109088335496684
523, 0.0109035607116918
524, 0.0109786267081896
525, 0.012051576282829
526, 0.0129130153606335
527, 0.0120744490996003
528, 0.0133219957351685
529, 0.0126135552612444
530, 0.0166052217994417
531, 0.0124001440902551
532, 0.0121497170378764
533, 0.0122521342709661
534, 0.0158547594522436
535, 0.0138438052187363
536, 0.0144565260658662
537, 0.0122607915351788
538, 0.0151347282032172
539, 0.016676064953208
540, 0.0112647976105412
541, 0.0109966308809817
542, 0.0118546501866409
543, 0.011321840963016
544, 0.0187450327600042
545, 0.0149885366360346
546, 0.0175620795538028
547, 0.0128305186517537
548, 0.0121987836124996
549, 0.0118108089081943
550, 0.0112403389066458
551, 0.0115830758586526
552, 0.0113774069717952
553, 0.0116604512025203
554, 0.0112620405852795
555, 0.0126164040217797
556, 0.0122684862775107
557, 0.0113971862010658
558, 0.0113704375301798
559, 0.011341614027818
560, 0.011457993183285
561, 0.0117446083265046
562, 0.0120405231912931
563, 0.0131254680454731
564, 0.0118960915133357
565, 0.0120084296601514
566, 0.0106833659112453
567, 0.0118058642062048
568, 0.0161855798214674
569, 0.0138022964820266
570, 0.0144646563567221
571, 0.0152806551195681
572, 0.0132031973140935
573, 0.0113489589033027
574, 0.0116019177561005
575, 0.0117651520296931
576, 0.0141353782576819
577, 0.0150883692937593
578, 0.0136609341949224
579, 0.0161737549739579
580, 0.0141047174111009
581, 0.0172690001005928
582, 0.0170528423041105
583, 0.0101375337690115
584, 0.0158482712383072
585, 0.0129134613089263
586, 0.0144310467876494
587, 0.0148939864399532
588, 0.0157158994115889
589, 0.0172934662550688
590, 0.0209095263853669
591, 0.0149851473979652
592, 0.0147575999920567
593, 0.0144895743578672
594, 0.0141902773951491
595, 0.0138714650335411
596, 0.0135502285944919
597, 0.0132465506903827
598, 0.0129870759944121
599, 0.00820239990328749
600, 0.00881088975196083
601, 0.00958976879095038
602, 0.0104175104449193
603, 0.0112513042986393
604, 0.0120326308533549
605, 0.0127180757311483
606, 0.0132855544798076
607, 0.0137331637864312
608, 0.014073270217826
609, 0.0143266680339972
610, 0.0145193180069327
611, 0.0146799318802853
612, 0.0148380010699232
613, 0.0150259210107227
614, 0.0152712141474088
615, 0.00690413413879772
616, 0.00623747473582625
617, 0.00537977127047877
618, 0.00432574745112409
619, 0.00331343289387102
620, 0.00254315768834203
621, 0.021465961422239
622, 0.00575360866787378
623, 0.0141490854633351
624, 0.0183418784290552
625, 0.0132482411960761
626, 0.0148284540822109
627, 0.0138062187470496
628, 0.0139579339884222
629, 0.0136595022243758
630, 0.0134855426537494
631, 0.0154632626411815
632, 0.0165429174279173
633, 0.0273269575089216
634, 0.0100249342309932
635, 0.0117539912462234
636, 0.0136153736772637
637, 0.0149039897757272
638, 0.00918177344525854
639, 0.0125012937933207
640, 0.0131236583304902
641, 0.0142612143730124
642, 0.013987650629133
643, 0.0109109532398482
644, 0.0144613742207487
645, 0.0146163130799929
646, 0.0147555833682418
647, 0.0151695678941905
648, 0.0141174114930133
649, 0.0153062731648485
650, 0.0145777290066083
651, 0.0136076884033779
652, 0.015415664203465
653, 0.0143593535758555
654, 0.0138616065184275
655, 0.0133708577292661
656, 0.014765035516272
657, 0.00741019945902129
658, 0.00701418604391317
659, 0.0065711746768405
660, 0.00615122828943034
661, 0.00773243342215816
662, 0.00744232209399343
663, 0.015119773468801
664, 0.0141758699901402
665, 0.01398795703426
666, 0.0136716443424424
667, 0.0138304270803928
668, 0.0161358524734775
669, 0.0153633998706937
670, 0.0171641918520133
671, 0.0114958289389809
672, 0.012329859038194
673, 0.0146930399350822
674, 0.0139492236388226
675, 0.0105567881837487
676, 0.0145787107758224
677, 0.014435517291228
678, 0.00955757747093836
679, 0.0142345788578192
680, 0.0148097799780468
681, 0.0130154305758576
682, 0.0135506546745698
683, 0.0144348926842213
684, 0.00832864090002009
685, 0.0131883752931442
686, 0.0149150226886074
687, 0.0146405238968631
688, 0.0144899962469935
689, 0.0143108541766802
690, 0.01367687775443
691, 0.0141094834543765
692, 0.013891437711815
693, 0.0150404678036769
694, 0.007837401314949
695, 0.00858193814444045
696, 0.00854566305254897
697, 0.00811991910450161
698, 0.0134817184880376
699, 0.0137278114312461
700, 0.0165730187048515
701, 0.0144942278663317
702, 0.014245772579064
703, 0.0140565129307409
704, 0.0138952589283387
705, 0.0158875887282193
706, 0.0139706439028184
707, 0.0142599134705961
708, 0.0147335873916745
709, 0.0146621035722395
710, 0.0121932220645249
711, 0.011217813162754
712, 0.0144504901642601
713, 0.0145765192185839
714, 0.0101475760651131
715, 0.0135494732918839
716, 0.0129653825424612
717, 0.00877415109425783
718, 0.0149316718801856
719, 0.0148464987675349
720, 0.0134893855080009
721, 0.0147604381976028
722, 0.0139293692385157
723, 0.0141383921727538
724, 0.0143171350161235
725, 0.0144696280670663
726, 0.0145921367220581
727, 0.014837265945971
728, 0.00891869315611465
729, 0.00868026097305119
730, 0.0100750243291259
731, 0.0088251573809733
732, 0.00789397396147251
733, 0.0127621261402965
734, 0.018022937034922
735, 0.0153086970870694
736, 0.0139799209311605
737, 0.0148742905197044
738, 0.0161800843973955
739, 0.0145589400393267
740, 0.0143244134572645
741, 0.0141331505340834
742, 0.0143475073079268
743, 0.0140633311433097
744, 0.0145177456239859
745, 0.0146907344460487
746, 0.014610768451045
747, 0.014660452802976
748, 0.0108359482671533
749, 0.0120822512544692
750, 0.0136216743849218
751, 0.0129794864915311
752, 0.0153062275300423
753, 0.0146785986920198
754, 0.0172465052455664
755, 0.0141954696071999
756, 0.0146016643072168
757, 0.014358239248395
758, 0.0145020890049636
759, 0.00979863681520025
760, 0.0107568271147708
761, 0.00901522673666477
762, 0.0118606730053822
763, 0.0119012937481914
764, 0.0152355787965159
765, 0.0148801460551719
766, 0.0145086366683245
767, 0.0146021018736064
768, 0.0146425824301938
769, 0.0143840246212979
770, 0.0142395344252388
771, 0.0146957972707848
772, 0.0146816074848175
773, 0.0146951143008967
774, 0.0137832757706443
775, 0.0120332782777647
776, 0.0130877040016154
777, 0.0147394012659788
778, 0.0156805577377478
779, 0.0146578731946647
780, 0.00964485015720129
781, 0.011995424383453
782, 0.0144178349524736
783, 0.0146584608592093
784, 0.0145620141799251
785, 0.016664686302344
786, 0.0146320479301115
787, 0.0146962110219257
788, 0.01423775513346
789, 0.0154596652525167
790, 0.0151317881730696
791, 0.0148368802232047
792, 0.0148449195548892
793, 0.0147582101635635
794, 0.0148249287158251
795, 0.0147735124143461
796, 0.0145245490906139
797, 0.0157983798223237
798, 0.0140801938250661
799, 0.0133446590043604
800, 0.0160854947753251
801, 0.0147723055311612
802, 0.0166413121457611
803, 0.0154333266740044
804, 0.0152275574704011
805, 0.0150024223451813
806, 0.0147637639194727
807, 0.0151045721334716
808, 0.0150078215325872
809, 0.0151111471156279
810, 0.014868712828805
811, 0.0155729113146663
812, 0.0145989814773202
813, 0.0149420057423413
814, 0.0145244849845767
815, 0.015557419663916
816, 0.0137744362776478
817, 0.0151004685709874
818, 0.0126215009018779
819, 0.0154665959998965
820, 0.0160643986115853
821, 0.0109594272449613
822, 0.0180797325447202
823, 0.00957335244553784
824, 0.0026593363378197
825, 0.0128226761395733
826, 0.0144636019443472
827, 0.014938528649509
828, 0.0157615851300458
829, 0.0154808252118528
830, 0.0173204895108938
831, 0.0208720130225023
832, 0.0270956046879292
833, 0.00576332370110322
834, 0.0210826133843511
835, 0.00836535015453895
836, 0.0077080517852058
837, 0.00686737367262443
838, 0.00581767767046889
839, 0.00457579549401999
840, 0.00344947027042508
841, 0.0123315967308978
842, 0.0119619891047478
843, 0.0116511629894376
844, 0.0113716362975538
845, 0.0111112790182233
846, 0.0108649215350548
847, 0.0106317245711883
848, 0.0104131006325285
849, 0.0102126227381329
850, 0.0100343531618516
851, 0.00988389815514286
852, 0.0097653657818834
853, 0.00968466652557254
854, 0.0134549254241089
855, 0.013633419914792
856, 0.0137822522471348
857, 0.0138958517151574
858, 0.0139730074442923
859, 0.0140165621414781
860, 0.0140329394489527
861, 0.0140315995862087
862, 0.01402481396993
863, 0.0140280858613551
864, 0.0140611729584634
865, 0.014150586600105
866, 0.0143349094626804
867, 0.0146601203208168
868, 0.0151265665578345
869, 0.0156562683793406
870, 0.00887416132415334
871, 0.00753593607805669
872, 0.00628804551282277
873, 0.00865487785389026
874, 0.0097588732217749
875, 0.00955174133802454
876, 0.00926230164865653
877, 0.00996903516352177
878, 0.00998908948774139
879, 0.00996581527094046
880, 0.0099074156023562
881, 0.00981911768515905
882, 0.00973024629056454
883, 0.00814009147385756
884, 0.00688739788408081
885, 0.0132568807651599
886, 0.012586416117847
887, 0.013984769427528
888, 0.0147279047717651
889, 0.0128632167664667
890, 0.0130533495297035
891, 0.0139146219007671
892, 0.014140072123458
893, 0.0140983848832548
894, 0.0140787069685757
895, 0.0136936949566007
896, 0.0138171271731456
897, 0.0140297845937312
898, 0.014054983543853
899, 0.0140680698677897
900, 0.0142168826423585
901, 0.0143411164171994
902, 0.0145180860223869
903, 0.0184710153068105
904, 0.0141671768700083
905, 0.0149044846184552
906, 0.0137924038184186
907, 0.0139605316023032
908, 0.0134334457106888
909, 0.0155594879761338
910, 0.0166382205983003
911, 0.0128047885373235
912, 0.00991479307413101
913, 0.010260003618896
914, 0.010716149273018
915, 0.0115318088792264
916, 0.0112444483675063
917, 0.012175926938653
918, 0.0135128673476477
919, 0.0144684318453074
920, 0.0125613662724694
921, 0.0104770796994368
922, 0.010972913975517
923, 0.011839010907958
924, 0.0100678500408928
925, 0.00980565590517861
926, 0.0130166436678597
927, 0.0146272158516305
928, 0.00941148058821758
929, 0.00989511826386054
930, 0.00985462885970871
931, 0.00999652625372013
932, 0.0100524315300087
933, 0.0100745516829193
934, 0.00991204986348748
935, 0.00966788890461127
936, 0.00907973316498101
937, 0.00919806367407242
938, 0.00939920699844758
939, 0.01339190111806
940, 0.0127131203189492
941, 0.0132336902121703
942, 0.0140984974180659
943, 0.0143139950620631
944, 0.0142414368068179
945, 0.0141015332192183
946, 0.0141771870354811
947, 0.0140933572935561
948, 0.0141339356390138
949, 0.0141106504015625
950, 0.0143534822079043
951, 0.0140784159302711
952, 0.0139924073591828
953, 0.0139133826208611
954, 0.0140466198014716
955, 0.00907659390941262
956, 0.0135495468663673
957, 0.0141961076296866
958, 0.0136278894109031
959, 0.0131745353961984
960, 0.0139759009083112
961, 0.0154988017554084
962, 0.0144850507689019
963, 0.0130503143494328
964, 0.0123332925140858
965, 0.0127203012816608
966, 0.0119818945725759
967, 0.0113471858203411
968, 0.0116548986795048
969, 0.0110549248444537
970, 0.0107776941731572
971, 0.0105194134327273
972, 0.0102851895305018
973, 0.010080809549739
974, 0.0136680384166539
975, 0.00981194137906035
976, 0.00997794140130281
977, 0.0100750787449735
978, 0.010152760737886
979, 0.0102209926893314
980, 0.0101030835260948
981, 0.0100525586555401
982, 0.0107699022628367
983, 0.0105536337941885
984, 0.00998069594303767
985, 0.0136868259869516
986, 0.0141619246763488
987, 0.0141540790597598
988, 0.0135480966418982
989, 0.0140369955139856
990, 0.0141149704965452
991, 0.0141360530008872
992, 0.0140967598805825
993, 0.0140762922043602
994, 0.014084961420546
995, 0.0140858925879002
996, 0.0140897732538482
997, 0.0145467535282175
998, 0.0141515946015716
999, 0.0130952931940556
1000, 0.0143288629129529
1001, 0.0141160612305005
1002, 0.0142499357461929
1003, 0.013587710292389
1004, 0.0133595274140437
1005, 0.0137843862175941
1006, 0.00994379743933678
1007, 0.00961402617394924
1008, 0.0138102273146311
1009, 0.0131566512087981
1010, 0.0149423149414361
1011, 0.011744744454821
1012, 0.0105277023588618
1013, 0.0128235486336052
1014, 0.0114209993431966
1015, 0.011110111605376
1016, 0.0108095100149512
1017, 0.0120827001519501
1018, 0.0124409009392063
1019, 0.0102816103026271
1020, 0.0137957922582115
1021, 0.0163089499498407
1022, 0.00918516609817743
1023, 0.0174671315277616
1024, 0.0104648650934299
1025, 0.0168867614120245
1026, 0.010235626095285
1027, 0.0104870170665284
1028, 0.0149694206193089
1029, 0.010513395536691
1030, 0.0103734447620809
1031, 0.0102551395073533
1032, 0.0102488227809469
1033, 0.013958723594745
1034, 0.0142401374566058
1035, 0.0101873131158451
1036, 0.013842296320945
1037, 0.0119547999153535
1038, 0.0141887608915567
1039, 0.0140776600067814
1040, 0.0142785524949431
1041, 0.0141325793229043
1042, 0.0140262500693401
1043, 0.0137038002056735
1044, 0.0138678468453387
1045, 0.0139780123718083
1046, 0.0139286918565631
1047, 0.0145928190710644
1048, 0.0134085160680115
1049, 0.013797901570797
1050, 0.0142940174167355
1051, 0.014008976208667
1052, 0.0112359660367171
1053, 0.0132446475327015
1054, 0.0118060993651549
1055, 0.0107974749989808
1056, 0.0140522339691718
1057, 0.0104813592818876
1058, 0.01215282920748
1059, 0.0128852217458189
1060, 0.0125076713350912
1061, 0.0114671560004354
1062, 0.0111342626623809
1063, 0.0104741710238159
1064, 0.0154591236884395
1065, 0.0160950748249888
1066, 0.00967659591697156
1067, 0.0184024137755235
1068, 0.0135613840871624
1069, 0.0132874550297856
1070, 0.0164557509124279
1071, 0.0113223424802224
1072, 0.0138208564370871
1073, 0.0111668563137452
1074, 0.0105242299226423
1075, 0.010511230211705
1076, 0.0110659374234577
1077, 0.0142609061052402
1078, 0.0143522967894872
1079, 0.0149536264749865
1080, 0.014123788724343
1081, 0.0104737991156677
1082, 0.014218314550817
1083, 0.014161464292556
1084, 0.0140624841054281
1085, 0.013968208959947
1086, 0.0153795485384762
1087, 0.0105259714958568
1088, 0.0125588049801687
1089, 0.0138764618895948
1090, 0.0135910399258137
1091, 0.0136812223742406
1092, 0.0137826045975089
1093, 0.0140296487758557
1094, 0.0136959903563062
1095, 0.0144267175346613
1096, 0.0142919832530121
1097, 0.0132631591210763
1098, 0.0136235285550356
1099, 0.0142757928309341
1100, 0.0121970615970592
1101, 0.0107274499854871
1102, 0.0125510812116166
1103, 0.0111240575400492
1104, 0.0118419330877562
1105, 0.0128982565365732
1106, 0.011485268206646
1107, 0.0158952930942178
1108, 0.0115675148554146
1109, 0.0175311298420032
1110, 0.0121183909165363
1111, 0.0140135650123869
1112, 0.0134562777044872
1113, 0.0160918834929665
1114, 0.0135922386931876
1115, 0.0122909448109567
1116, 0.011961857167383
1117, 0.0175511206810673
1118, 0.0117188484097521
1119, 0.0143545800819993
1120, 0.0109226036195954
1121, 0.0107991574332118
1122, 0.0108590101202329
1123, 0.015253363798062
1124, 0.0142053094071647
1125, 0.0143043833474318
1126, 0.0143921401662131
1127, 0.0140546862967312
1128, 0.0139098484069109
1129, 0.0137738375924528
1130, 0.0109917200170457
1131, 0.0136370131125053
1132, 0.0133127966629607
1133, 0.0135044602987667
1134, 0.0144919302935402
1135, 0.0169301998491089
1136, 0.0156625007900099
1137, 0.0144590853403012
1138, 0.014601681381464
1139, 0.0144724144289891
1140, 0.012743920708696
1141, 0.0125793729287883
1142, 0.0129330898635089
1143, 0.0122246160171926
1144, 0.0114756954523424
1145, 0.0118574956431985
1146, 0.0133693097159266
1147, 0.0157115533947945
1148, 0.0141995657856266
1149, 0.0170472282916307
1150, 0.0127854601790508
1151, 0.0132447540139159
1152, 0.0124218710698187
1153, 0.0142635283991694
1154, 0.0145629774779081
1155, 0.0114184147678316
1156, 0.0112886778078973
1157, 0.0140568829762439
1158, 0.0144704336610933
1159, 0.0138542872543136
1160, 0.0154076026131709
1161, 0.013661492926379
1162, 0.0135037029782931
1163, 0.0115430468382935
1164, 0.0132964639259236
1165, 0.0164269302040339
1166, 0.0146497528379162
1167, 0.0111027043312788
1168, 0.0146121419966221
1169, 0.014897283166647
1170, 0.0129396136229237
1171, 0.012601978611201
1172, 0.0118413184370313
1173, 0.0122482588825126
1174, 0.0138301126038035
1175, 0.0146809041810532
1176, 0.0147023621636132
1177, 0.011175392040362
1178, 0.0142742764204741
1179, 0.0151826151025792
1180, 0.0160858716505269
1181, 0.0115947416052222
1182, 0.0153566524386406
1183, 0.0135265186739465
1184, 0.0163430544946875
1185, 0.0130918949532012
1186, 0.014064638564984
1187, 0.0119499090748529
1188, 0.0143316745137175
1189, 0.0117918075993657
1190, 0.0140467622938255
1191, 0.0138072470823924
1192, 0.0145626355273028
1193, 0.0135490663039188
1194, 0.0133493610968192
1195, 0.0121328256403406
1196, 0.0159483933821321
1197, 0.0146681362142166
1198, 0.0129883714641134
1199, 0.0150826914856831
1200, 0.012627801237007
1201, 0.0122661150991917
1202, 0.0148940663784742
1203, 0.014860287441739
1204, 0.013205824047327
1205, 0.0132347220554948
1206, 0.0120720450455944
1207, 0.0160065209493041
1208, 0.0154431977619727
1209, 0.013660822995007
1210, 0.0141117901851734
1211, 0.0124190887436271
1212, 0.0114234214648604
1213, 0.0140820901530484
1214, 0.0137620531022549
1215, 0.0134461163543165
1216, 0.0127220549620688
1217, 0.0145985928053657
1218, 0.0154991497596105
1219, 0.0151297432769622
1220, 0.014677961046497
1221, 0.0130908738023468
1222, 0.0161222223192453
1223, 0.0125710515615841
1224, 0.0151313333772123
1225, 0.0148230316117406
1226, 0.0141132054850459
1227, 0.0128568223056694
1228, 0.0137239770653347
1229, 0.0133583371837934
1230, 0.0132560146351655
1231, 0.0153942544545446
1232, 0.0150593110759343
1233, 0.0123894729518465
1234, 0.0150496540591121
1235, 0.0144255089884003
1236, 0.014782530721277
1237, 0.012984667904675
1238, 0.014620667633911
1239, 0.0181407105177641
1240, 0.0148266784846783
1241, 0.0112253032624722
1242, 0.0145506650830309
1243, 0.0151179924607277
