1, 0.00828140694648027
2, 0.0197889786213636
3, 0.00227438163710758
4, 0.00756658241152763
5, 0.0102870259433985
6, 0.0133324135094881
7, 0.00705487141385674
8, 0.00226077012484893
9, 0.0197213138453662
10, 0.00870528304949403
11, 0.0100383730605245
12, 0.0138154057785869
13, 0.00857705596302237
14, 0.00892281470199426
15, 0.00912778809045752
16, 0.00928876005734007
17, 0.00943738874047995
18, 0.00961106643080711
19, 0.00987355938802163
20, 0.010360766046991
21, 0.0114280005606512
22, 0.0142102617149552
23, 0.0170293568323056
24, 0.00941911137973269
25, 0.00421660005425413
26, 0.0024157523488005
27, 0.0037488064263016
28, 0.00494534087677797
29, 0.00583473080769181
30, 0.00645413824046652
31, 0.00688233940551678
32, 0.0071780279589196
33, 0.00737571933617194
34, 0.00750248995609581
35, 0.00757311779307202
36, 0.00761229187871019
37, 0.0077502722851932
38, 0.00796663047124942
39, 0.00821833312511444
40, 0.00848284581055244
41, 0.00874448815981547
42, 0.00898923290272554
43, 0.00920982658863068
44, 0.00940552943696578
45, 0.00958166861285766
46, 0.009747129244109
47, 0.00990530134489139
48, 0.0101181883364916
49, 0.0102285640314221
50, 0.0102147006740173
51, 0.0101832002401352
52, 0.0101280178253849
53, 0.0100426422432065
54, 0.00992164481431246
55, 0.0097617581486702
56, 0.00956331007182598
57, 0.00933273633321126
58, 0.00908301211893559
59, 0.00883405655622482
60, 0.00860185952236255
61, 0.00851316610351205
62, 0.00837494588146607
63, 0.00843125581741333
64, 0.0085617412502567
65, 0.00871994129071633
66, 0.00888305033246676
67, 0.00902983328948418
68, 0.00914729417612155
69, 0.00923163381715616
70, 0.00928660947829485
71, 0.00932186096906662
72, 0.00935257505625486
73, 0.0093999079739054
74, 0.00949497520923615
75, 0.00968955115725597
76, 0.0100833876058459
77, 0.0109647341693441
78, 0.0116917903069407
79, 0.0114112698162595
80, 0.00947893193612496
81, 0.00879758068670829
82, 0.00840594184895357
83, 0.00813810123751561
84, 0.00792582146823406
85, 0.00774551664168636
86, 0.00758651023109754
87, 0.0074454074104627
88, 0.00732369627803564
89, 0.00722214207053185
90, 0.00714269668484728
91, 0.00708423834294081
92, 0.00710624293424189
93, 0.00719552634594341
94, 0.00727137317880988
95, 0.00733333569951355
96, 0.00736454043847819
97, 0.00735306631152829
98, 0.00728493486531079
99, 0.00714078871533275
100, 0.00689284984643261
101, 0.00650121403547625
102, 0.00590601097792387
103, 0.00502589601092041
104, 0.00381621811538935
105, 0.00243562479348232
106, 0.00443487660959363
107, 0.00973921238134305
108, 0.0171011192724109
109, 0.0141809244329731
110, 0.0114372962464889
111, 0.010396932096531
112, 0.00994190449515978
113, 0.00972253456711769
114, 0.00960353466992577
115, 0.00952940372129281
116, 0.00947330426424742
117, 0.00942011425892512
118, 0.00936026095102231
119, 0.00928610051050782
120, 0.00918954735000928
121, 0.00906231704478463
122, 0.0088748966476747
123, 0.00881369691342115
124, 0.00889704500635465
125, 0.00900914582113425
126, 0.00913620026161273
127, 0.00927281069258849
128, 0.00941086591531833
129, 0.00954327390839656
130, 0.00966457432756821
131, 0.00977007548014323
132, 0.0098574087023735
133, 0.00992591648052136
134, 0.00997857501109441
135, 0.00998509884811938
136, 0.00995840256412824
137, 0.00985762104392052
138, 0.00979761965572834
139, 0.00975783728063107
140, 0.00972427086283763
141, 0.00968605590363344
142, 0.00963287707418203
143, 0.00955497194081545
144, 0.0094437754402558
145, 0.00929280184209347
146, 0.0090989905099074
147, 0.00886479330559572
148, 0.00859994286050399
149, 0.0083218552172184
150, 0.00804734602570534
151, 0.00780304940417409
152, 0.00763339797655741
153, 0.00442890512446562
154, 0.00969303213059902
155, 0.0169970731561383
156, 0.0171058246244987
157, 0.00951287134860953
158, 0.00422085138658683
159, 0.00707435033594569
160, 0.00711775307233135
161, 0.00718254301076134
162, 0.0072664536225299
163, 0.00736489643653234
164, 0.00747402400399248
165, 0.00758846988901496
166, 0.0077055391545097
167, 0.00782470855241021
168, 0.00794734495381514
169, 0.00807726879914602
170, 0.00822155394901832
171, 0.00839453966667255
172, 0.00862292603900035
173, 0.00895456566164891
174, 0.00948403589427471
175, 0.0114197689108551
176, 0.0122652755429347
177, 0.0110983131453395
178, 0.0102280129988988
179, 0.00976010722418626
180, 0.00949821683267752
181, 0.00934223551303148
182, 0.00924042922755083
183, 0.00916538604845603
184, 0.00910221971571445
185, 0.00904188336183628
186, 0.00898019348581632
187, 0.00891663692891598
188, 0.00885572439680497
189, 0.00880113833894332
190, 0.00875592883676291
191, 0.00872322699675957
192, 0.00876376475207508
193, 0.00882278677696983
194, 0.0076033311696457
195, 0.00350165933681031
196, 0.00940477382391691
197, 0.00957026503359278
198, 0.0097943398480614
199, 0.0101665949138502
200, 0.0108552084614833
201, 0.0122525157251706
202, 0.0123180399338404
203, 0.0156832432063917
204, 0.00638795325842996
205, 0.00578308897092938
206, 0.00497712280290822
207, 0.00404019882747283
208, 0.00966948037967086
209, 0.00950266824414333
210, 0.00932057310516636
211, 0.00911415554583073
212, 0.00888110728313526
213, 0.00862467537323634
214, 0.00835517700761557
215, 0.00808948402603467
216, 0.00784245925024152
217, 0.00765627739019692
218, 0.00888739200308919
219, 0.0098008350469172
220, 0.00991433936481675
221, 0.00999701442196965
222, 0.0100527885369956
223, 0.0100836328541239
224, 0.0101049744213621
225, 0.00983338011428714
226, 0.0096047013066709
227, 0.00878893335660299
228, 0.00822973344475031
229, 0.00851580609257022
230, 0.00925332664822539
231, 0.00943986078103383
232, 0.00903694797307253
233, 0.00795685950045784
234, 0.00997407454997301
235, 0.00965498915563027
236, 0.00928397461151083
237, 0.00947964144870639
238, 0.00980590283870697
239, 0.00986673248310884
240, 0.00990665983408689
241, 0.00992870749905705
242, 0.00871554873883724
243, 0.00908067527537545
244, 0.00924988572175304
245, 0.0101428984974821
246, 0.0106728227498631
247, 0.0114768889422218
248, 0.00981633582462867
249, 0.0095940165532132
250, 0.00682395036953191
251, 0.00735069943281511
252, 0.00642230936015646
253, 0.00755775962024927
254, 0.00713341752998531
255, 0.00684331155692538
256, 0.00658633109803001
257, 0.00748660803462068
258, 0.00768282989572201
259, 0.00992450477289302
260, 0.00906670900682608
261, 0.00902393806193556
262, 0.00781864151358604
263, 0.00955260529493292
264, 0.00897857220843434
265, 0.00939827396844824
266, 0.00920918413127462
267, 0.00870752908910314
268, 0.00840547898163398
269, 0.00807845235491792
270, 0.00975304438422124
271, 0.00933015688012044
272, 0.00960906051720182
273, 0.0094754205395778
274, 0.00981491198763251
275, 0.00981062153975169
276, 0.00979695670927564
277, 0.00972034176811576
278, 0.00916527071967721
279, 0.0094135928278168
280, 0.00984795376037558
281, 0.0101476134732366
282, 0.0112185970259209
283, 0.0105778930398325
284, 0.00982455313205719
285, 0.00731609327097734
286, 0.00747788503455619
287, 0.00759477804725369
288, 0.00801268274274965
289, 0.00778444763273001
290, 0.00709612209660312
291, 0.0125397522933781
292, 0.00666126104382177
293, 0.00924332703774174
294, 0.0115290491708687
295, 0.00786304553704602
296, 0.0092949834652245
297, 0.00970453077128955
298, 0.00862430719037851
299, 0.00893627510716518
300, 0.00953938066959381
301, 0.0093874706265827
302, 0.00827988547583421
303, 0.00918886034439007
304, 0.00942455527062217
305, 0.00953165953978896
306, 0.00976612620676557
307, 0.0097572294374307
308, 0.0096339238807559
309, 0.00973043746004502
310, 0.00971239913875858
311, 0.00942317303270102
312, 0.0104562348375718
313, 0.0101136211305857
314, 0.00962149165570736
315, 0.010896415139238
316, 0.00774424973254402
317, 0.0077882957799981
318, 0.00899317814037204
319, 0.00771655918409427
320, 0.00925936959683895
321, 0.00962878934418162
322, 0.00850599631667137
323, 0.00955047349755963
324, 0.00890071534862121
325, 0.00940371708323558
326, 0.00919292075559497
327, 0.00963937640190124
328, 0.00978122341136138
329, 0.00970647592718402
330, 0.00966658270252603
331, 0.00978539806480209
332, 0.00976105174049735
333, 0.0102974305239817
334, 0.00813538078218698
335, 0.0105815661760668
336, 0.00984319501246015
337, 0.00836175105844935
338, 0.00830194713281734
339, 0.0113135947446738
340, 0.0118722787126899
341, 0.00964238401502371
342, 0.00858120798754195
343, 0.00980556144246033
344, 0.00885802631576856
345, 0.00960507725055019
346, 0.00921786343678832
347, 0.00946093490347266
348, 0.00974356553827723
349, 0.0102956430055201
350, 0.00985284863660733
351, 0.00961496327072382
352, 0.00981542017931739
353, 0.00985811976715922
354, 0.0100358510389924
355, 0.00903576146811247
356, 0.010787365026772
357, 0.00945691671222448
358, 0.0100968755515558
359, 0.00967486780136824
360, 0.0095450410929819
361, 0.00925509205886296
362, 0.00969325145706534
363, 0.00997306623806556
364, 0.00989284149060647
365, 0.0101127079688013
366, 0.0103926351293921
367, 0.0095935872135063
368, 0.00875717755407095
369, 0.0106714580208063
370, 0.00999105740338564
371, 0.00996110867708921
372, 0.0104927721743782
373, 0.00982614373788238
374, 0.0100388727816088
375, 0.00977201347372362
376, 0.0100486322439143
377, 0.0096925213932991
378, 0.00987187288701534
379, 0.00849007939298948
380, 0.0123469072527119
381, 0.00941725183899204
382, 0.00762917387432286
383, 0.00978979809830586
384, 0.0101569409792622
385, 0.0108605002363523
386, 0.0123582812957466
387, 0.00957274809479713
388, 0.00947747410585483
389, 0.00741436813647548
390, 0.00932205965121587
391, 0.0092583205550909
392, 0.00917289312928915
393, 0.00906430138275027
394, 0.00893806604047616
395, 0.00880774684871236
396, 0.00869652939339479
397, 0.00861289305612445
398, 0.00714632403105497
399, 0.00722499851447841
400, 0.00732667394913733
401, 0.00744895388682683
402, 0.00759424331287543
403, 0.007758811271439
404, 0.00794392443882922
405, 0.0081575686732928
406, 0.00841725074375669
407, 0.00875841003532211
408, 0.00929917286460598
409, 0.0102343562369545
410, 0.00734255082594852
411, 0.00739608712804814
412, 0.0093709803186357
413, 0.00738786603324115
414, 0.00730195090485116
415, 0.00713757138388852
416, 0.00687028607353568
417, 0.00646621206154426
418, 0.00588322050559024
419, 0.00509250924612085
420, 0.00414541022231181
421, 0.00354396222004046
422, 0.00932275907446941
423, 0.00888337939977646
424, 0.00805346574634314
425, 0.00766892087024947
426, 0.00737694837152958
427, 0.00750865243996183
428, 0.00785074150189757
429, 0.00828291180854042
430, 0.00855137299125393
431, 0.00956189710025986
432, 0.00922603160142899
433, 0.00939073196301858
434, 0.0101488204672933
435, 0.0106810677486161
436, 0.0116238064753513
437, 0.00882901772856712
438, 0.00903271076579889
439, 0.0156823224388063
440, 0.00973229420681795
441, 0.00953955063596368
442, 0.00899143734325965
443, 0.00918936434512337
444, 0.00944202486425638
445, 0.00934489521508416
446, 0.00998635621120532
447, 0.0103549333289266
448, 0.0108718622475862
449, 0.00939856950814525
450, 0.00961683007578055
451, 0.00948487020408114
452, 0.00927578937262297
453, 0.00908984895795584
454, 0.00717446658139427
455, 0.0072611242843171
456, 0.00746385085706909
457, 0.00751946105932196
458, 0.0075426180070887
459, 0.00752748999123772
460, 0.00734697359924515
461, 0.00672404568952819
462, 0.00657248768645028
463, 0.00746419203157226
464, 0.00695472653023899
465, 0.00726906190227185
466, 0.0100728335923382
467, 0.00893558721457209
468, 0.0128860613331199
469, 0.00741530740633607
470, 0.00864389957860112
471, 0.00837456295266747
472, 0.00772651347021262
473, 0.00895389650637905
474, 0.00813646179934343
475, 0.00792128204678496
476, 0.00934427231550217
477, 0.0075466576187561
478, 0.0097410075366497
479, 0.00957927278553446
480, 0.00938383241494497
481, 0.00918875789890687
482, 0.0112356537332137
483, 0.0106125914802154
484, 0.00972538720816374
485, 0.0100537100806832
486, 0.00951781837890545
487, 0.00924343926211198
488, 0.00941394393642743
489, 0.00934043542171518
490, 0.00946458661928773
491, 0.0095339206357797
492, 0.00949760728205244
493, 0.00955785469462474
494, 0.00959539801503221
495, 0.0098695489577949
496, 0.00981257840370139
497, 0.00914132259786129
498, 0.00737494812346995
499, 0.00776232553956409
500, 0.00778671501514812
501, 0.00779168804486593
502, 0.0077135405347993
503, 0.00779249200907846
504, 0.00818453868851066
505, 0.00791801310454806
506, 0.00781784167823692
507, 0.00764260262561341
508, 0.00672739235839496
509, 0.00941016841679812
510, 0.0118508668882506
511, 0.00755588663741946
512, 0.00969187649233001
513, 0.00937690625765494
514, 0.00775825775538882
515, 0.00930873909965158
516, 0.00899290262411038
517, 0.00843765229607622
518, 0.00819691875949502
519, 0.00870245151842634
520, 0.00797096181971331
521, 0.00984408302853505
522, 0.00960528633246819
523, 0.0109203237419327
524, 0.0096204481087625
525, 0.00961081093798081
526, 0.00948916856820385
527, 0.00964193744584918
528, 0.00957376152897874
529, 0.00956534019981821
530, 0.00955616620679696
531, 0.00970856379717588
532, 0.00960803342362245
533, 0.00958457309752703
534, 0.0101623392353455
535, 0.00826253703174492
536, 0.00841883942484856
537, 0.00815405021421611
538, 0.00806460234646996
539, 0.00909140675018231
540, 0.00866907167558869
541, 0.0079758206071953
542, 0.00786659835527341
543, 0.00718038594350219
544, 0.00774909043684602
545, 0.009299177210778
546, 0.00799081268321191
547, 0.00847851997241378
548, 0.00873947857568661
549, 0.00901089360316594
550, 0.00823962703968088
551, 0.0112210983410478
552, 0.010123028109471
553, 0.00982727327694496
554, 0.00977810798212886
555, 0.00975737348198891
556, 0.00951736313956124
557, 0.0097712689700226
558, 0.00971788400784135
559, 0.00955514671901862
560, 0.00957743280256788
561, 0.011308691619585
562, 0.00952299684286118
563, 0.00964287823686997
564, 0.0104796369560063
565, 0.00881546006227533
566, 0.00859807897359133
567, 0.00909213023260236
568, 0.00842889895041784
569, 0.00950125077118476
570, 0.00829159421846271
571, 0.0097888563759625
572, 0.00814416399225593
573, 0.00875244328441719
574, 0.00953731909394264
575, 0.0108474329380052
576, 0.00926599279046059
577, 0.00902095763012767
578, 0.00876287836581469
579, 0.0082691328600049
580, 0.00849795807152987
581, 0.0103137865662575
582, 0.0100309948126475
583, 0.00993798238535722
584, 0.00985151280959447
585, 0.00961547996848822
586, 0.00970838125795126
587, 0.00958310998976231
588, 0.00946965208277106
589, 0.00948892300948501
590, 0.010604667942971
591, 0.00907557907824715
592, 0.00934561512743433
593, 0.0088290871741871
594, 0.00967561003441612
595, 0.0100699857187768
596, 0.010728350973555
597, 0.00863681035116315
598, 0.0084895250786628
599, 0.0107081374153495
600, 0.00901951051006714
601, 0.00921458083515366
602, 0.00952946674078703
603, 0.0103161473137637
604, 0.00927769685430186
605, 0.0100248795268791
606, 0.00979022262617946
607, 0.00943528544157743
608, 0.00878189612800876
609, 0.00897653183589379
610, 0.0101120267063379
611, 0.00993055570870638
612, 0.00945711489766836
613, 0.00939317063118021
614, 0.0101638357155025
615, 0.00952621868678502
616, 0.00973136276006699
617, 0.00905492968325104
618, 0.00932060135528445
619, 0.0100769866257906
620, 0.00922142937779427
621, 0.00878125783056021
622, 0.0104290097951889
623, 0.00984773002564907
624, 0.0092782792635262
625, 0.00758727107729231
626, 0.0122787865277912
627, 0.0098732253536582
628, 0.0102004297077656
629, 0.0108715646589796
630, 0.0123329890581469
631, 0.00984426898260911
632, 0.00977806498607
633, 0.00969622097909451
634, 0.00959936622530222
635, 0.00949085659037034
636, 0.00937505826974908
637, 0.00925769315411647
638, 0.00914525737365087
639, 0.00904644823943575
640, 0.00895481323823333
641, 0.00769353952879707
642, 0.0084670577198267
643, 0.00874611052374045
644, 0.00899930546681086
645, 0.00921399130796393
646, 0.0093848720813791
647, 0.00951320258900523
648, 0.00960444534818331
649, 0.00966644193977118
650, 0.00970862231527766
651, 0.00974115946640571
652, 0.00977438827976584
653, 0.00982024536157648
654, 0.00989051178718607
655, 0.00750976800918579
656, 0.00641516277876993
657, 0.00581905362196267
658, 0.00503019259000818
659, 0.00410477227220933
660, 0.00352995326587309
661, 0.0098934763421615
662, 0.00937910098582506
663, 0.00947224131474892
664, 0.00956128615265091
665, 0.0097109698690474
666, 0.00976614933460951
667, 0.00928671518340707
668, 0.00919974657396475
669, 0.00993287991732359
670, 0.00964180892333388
671, 0.00818283560996254
672, 0.00965511488417784
673, 0.00863659164557854
674, 0.00969893299043179
675, 0.00948483729735017
676, 0.0095867901109159
677, 0.00972850775967042
678, 0.00975420465692878
679, 0.00978567978988091
680, 0.00915137181679408
681, 0.00934146189441284
682, 0.0079093953439345
683, 0.00891404536863168
684, 0.00737468898296356
685, 0.00684726168401539
686, 0.00652593630366027
687, 0.00715579433987538
688, 0.00690994559166332
689, 0.00667377941620847
690, 0.0155931265714268
691, 0.00969651791577538
692, 0.0116027460123102
693, 0.00952076089257995
694, 0.00959176399434606
695, 0.00946344699089726
696, 0.00940671656280756
697, 0.00934282100449006
698, 0.00926389064018925
699, 0.00915870722383261
700, 0.00904542859643698
701, 0.0102015806672474
702, 0.010694167111069
703, 0.00913632554667337
704, 0.00984130586896624
705, 0.0128303211182356
706, 0.00925166737288237
707, 0.00972456159070134
708, 0.00967810846244295
709, 0.00962039905910691
710, 0.00955274840816855
711, 0.00947822614883383
712, 0.00940008989224831
713, 0.00932363358636697
714, 0.00981136069943508
715, 0.00958520080894232
716, 0.00947477032120029
717, 0.00975944738214215
718, 0.00974044886728128
719, 0.00965682106713454
720, 0.00972417431573073
721, 0.00931708918263515
722, 0.00969980470836163
723, 0.0088383707528313
724, 0.00910558939600984
725, 0.00833365693688393
726, 0.00735792509901027
727, 0.00764513962591688
728, 0.00814745489818355
729, 0.00788479546705882
730, 0.00752863163749377
731, 0.00715040927752852
732, 0.00978596769273281
733, 0.00973919375489155
734, 0.00954496363798777
735, 0.00962593716879686
736, 0.0092567418081065
737, 0.00947888599087795
738, 0.00941507813210289
739, 0.00934294673303763
740, 0.011219774838537
741, 0.0106353019364178
742, 0.00991314525405566
743, 0.0066898592049256
744, 0.00803802348673344
745, 0.0077320703172258
746, 0.0093674436211586
747, 0.0118024560755917
748, 0.0093546189101679
749, 0.00975574247006859
750, 0.00817024474963546
751, 0.00949769917254647
752, 0.00956417620182037
753, 0.00970705008755128
754, 0.00942522225280603
755, 0.00962227970982591
756, 0.00967118982225657
757, 0.00931475777179003
758, 0.00948757616182168
759, 0.00973166711628437
760, 0.00973690316701929
761, 0.00974051561206579
762, 0.00960462680086493
763, 0.00971450159947077
764, 0.00967646716162562
765, 0.00907814952855309
766, 0.00852285667012135
767, 0.0078019502107054
768, 0.00793782322268401
769, 0.0078504664512972
770, 0.00906914084528883
771, 0.00779815289812783
772, 0.00996530661359429
773, 0.00978991203010082
774, 0.00943609808261196
775, 0.00950639710451166
776, 0.00957970833405852
777, 0.00966885096083085
778, 0.010925706786414
779, 0.0102286737722655
780, 0.00757818939164281
781, 0.00838916329666972
782, 0.00952169112861156
783, 0.00958851026371121
784, 0.00971161123986045
785, 0.0096418815664947
786, 0.00968351944660147
787, 0.0111625056713819
788, 0.00973110999912024
789, 0.00952929413566987
790, 0.00934139157955845
791, 0.00974407621348898
792, 0.00973003583827189
793, 0.00965007829169432
794, 0.00975135201588273
795, 0.00971847539767623
796, 0.00974707693482439
797, 0.00788800725713372
798, 0.00841600905793408
799, 0.00876259074235956
800, 0.0082930545322597
801, 0.00820904355496168
802, 0.011283878237009
803, 0.010212913621217
804, 0.0099837644957006
805, 0.00982127680132786
806, 0.00970277624825636
807, 0.00953909222568784
808, 0.00961468415334821
809, 0.00865434141208728
810, 0.0105211987781028
811, 0.00976002992441257
812, 0.00871090218424797
813, 0.0094532772898674
814, 0.010809054199074
815, 0.00865228221352611
816, 0.0096157641770939
817, 0.0096750141431888
818, 0.0097121368162334
819, 0.00973775370844773
820, 0.00960196771969398
821, 0.00972430920228362
822, 0.00973672289401293
823, 0.00976006655643384
824, 0.0097867773535351
825, 0.00978701173638304
826, 0.00979967741295695
827, 0.00908768161510428
828, 0.00906981201842427
829, 0.00880896579474211
830, 0.0103854658082128
831, 0.0101503912980358
832, 0.00996871634076039
833, 0.00982953328639269
834, 0.00972045476858815
835, 0.0106415183593829
836, 0.00949680494765441
837, 0.0100535387173295
838, 0.0107294203979628
839, 0.00975541801502307
840, 0.0106847496703267
841, 0.00968265735233823
842, 0.00941050797700882
843, 0.00931947367886702
844, 0.0103842673512797
845, 0.00988128874450922
846, 0.00982595871513089
847, 0.00964340493083
848, 0.0101739956686894
849, 0.00904998648911715
850, 0.00979147556548317
851, 0.00983724013591806
852, 0.00987423987438281
853, 0.00993167034660777
854, 0.0102243504176537
855, 0.010069268134733
856, 0.0098196379840374
857, 0.00972045585513115
858, 0.00980030130594969
859, 0.0097650645300746
860, 0.0100072029357155
861, 0.00996888397882382
862, 0.00972401692221562
863, 0.00982316450348922
864, 0.00990358367562294
865, 0.0101629396279653
866, 0.0100873126648366
867, 0.00998295191675425
868, 0.0104621257632971
869, 0.00988050519178311
870, 0.0101160010589021
871, 0.00995687659208973
872, 0.00971856582909822
873, 0.00895510769138733
874, 0.00759038877939539
875, 0.00350590368422369
876, 0.00946565826113025
877, 0.00952762675782045
878, 0.00960156647488475
879, 0.00970889488235116
880, 0.00988886598497629
881, 0.0102229124555985
882, 0.0108992874932786
883, 0.0122822029516101
884, 0.0123707607078056
885, 0.0157190008709828
886, 0.00685667859700819
887, 0.00645558528291682
888, 0.00587212278818091
889, 0.00507392431609333
890, 0.00411760741068671
891, 0.00946667200575272
892, 0.00896724732592702
893, 0.00866347271949053
894, 0.00844564009457827
895, 0.00827448753019174
896, 0.00812731481467684
897, 0.0079921541425089
898, 0.00786245490113894
899, 0.00773522568245729
900, 0.00760986167006195
901, 0.00748772135314842
902, 0.00737298947448532
903, 0.00727286337253948
904, 0.00718878163024783
905, 0.00712581972281138
906, 0.00933237668747703
907, 0.00943791059156259
908, 0.00958377138401071
909, 0.00979453356315692
910, 0.010100610088557
911, 0.010524152778089
912, 0.011009676537166
913, 0.00769879956108828
914, 0.00743112697576483
915, 0.0101681442931294
916, 0.00798579833159844
917, 0.00913326690594355
918, 0.00862051593139768
919, 0.00828094423438112
920, 0.00884073212121924
921, 0.00844003027305007
922, 0.00813158523912231
923, 0.00954164611175656
924, 0.00784147096176942
925, 0.00732206281584998
926, 0.00756027045038839
927, 0.00925034703686833
928, 0.00954132076973716
929, 0.0098151556837062
930, 0.00918048868576686
931, 0.0096624051220715
932, 0.00999564506734411
933, 0.0102179660461843
934, 0.00883252304047346
935, 0.00905320808912317
936, 0.00911565901090701
937, 0.0115596062193314
938, 0.00932939924920599
939, 0.00940264311308662
940, 0.00923776688675086
941, 0.00993786628047625
942, 0.0102311304459969
943, 0.00955418435235818
944, 0.00964221109946569
945, 0.00975970830768347
946, 0.0107264906788866
947, 0.00712075449215869
948, 0.00736561456384758
949, 0.00714764200771848
950, 0.0066876964798818
951, 0.00653799832798541
952, 0.00739073636941612
953, 0.00737252101923029
954, 0.00732038627999524
955, 0.00724238320253789
956, 0.00716611947864294
957, 0.00728208059445024
958, 0.00692773897511264
959, 0.00723529214571629
960, 0.0102139100698488
961, 0.00911532870183388
962, 0.00902882098619427
963, 0.0073614438995719
964, 0.00924234154323737
965, 0.00876479456201196
966, 0.00897816211606065
967, 0.00959551970784863
968, 0.00858353699247042
969, 0.00841627114762863
970, 0.00825462862849236
971, 0.00809365122889479
972, 0.00793322610358397
973, 0.00762012841490408
974, 0.0077742103797694
975, 0.00747154684116443
976, 0.0093659443470339
977, 0.00944517863293489
978, 0.00899423907200495
979, 0.00929686349506179
980, 0.00923402265956005
981, 0.00889890221878886
982, 0.00886435154825449
983, 0.00894271101181706
984, 0.00990674059305872
985, 0.00987787420550982
986, 0.00977238826453686
987, 0.00967968581244349
988, 0.00947677996009588
989, 0.00930524322514733
990, 0.00968650992338856
991, 0.00981509033590555
992, 0.010258658323437
993, 0.00999358327438434
994, 0.0112150893546641
995, 0.0106604661171635
996, 0.00939708963657419
997, 0.00995840560644865
998, 0.00742725616631409
999, 0.00748487802532812
1000, 0.00733448223521312
1001, 0.00749643659219146
1002, 0.00747209484688938
1003, 0.00741784313383202
1004, 0.00814416127589842
1005, 0.0078814843048652
1006, 0.00778157458019753
1007, 0.00731626882528265
1008, 0.012631719155858
1009, 0.0067326210361595
1010, 0.00919508359705408
1011, 0.0115455520960192
1012, 0.00950134210288525
1013, 0.00748862818415676
1014, 0.00765985304800173
1015, 0.00888408239309986
1016, 0.00801232814167937
1017, 0.00870632318158945
1018, 0.0083623017805318
1019, 0.00818703168382247
1020, 0.00853421942641338
1021, 0.00931229225049416
1022, 0.00907780602574348
1023, 0.00958230144654711
1024, 0.00783547782339156
1025, 0.0092751975171268
1026, 0.00959643007566532
1027, 0.00912612428267797
1028, 0.00945820364480217
1029, 0.00972304570799073
1030, 0.00975448839987318
1031, 0.00908636037881176
1032, 0.00939866822833816
1033, 0.00952330930158496
1034, 0.00917640204230944
1035, 0.0105511729295055
1036, 0.00984630764772495
1037, 0.0100146421852211
1038, 0.00958342632899682
1039, 0.00939102952058117
1040, 0.0102423010393977
1041, 0.00948925192157427
1042, 0.0109512371321519
1043, 0.00774325733073056
1044, 0.00772817712277174
1045, 0.00757256258899967
1046, 0.00764353821674983
1047, 0.00769646108771364
1048, 0.00907903118059039
1049, 0.00775277024755875
1050, 0.00864266805971662
1051, 0.00937644966567556
1052, 0.00898512887458006
1053, 0.00787381282342332
1054, 0.00826644975071152
1055, 0.00807856783891718
1056, 0.00881331584726771
1057, 0.00916022621095181
1058, 0.00934751083453496
1059, 0.00845687665666143
1060, 0.00863796457027396
1061, 0.00967961689457297
1062, 0.00929272531842192
1063, 0.00924850674346089
1064, 0.00966414979969462
1065, 0.00953649512181679
1066, 0.00958430704971155
1067, 0.00963178059707085
1068, 0.0093434553903838
1069, 0.00904731204112371
1070, 0.010409258150806
1071, 0.00999802816659212
1072, 0.0101820846709112
1073, 0.0106555422147115
1074, 0.00971430586650968
1075, 0.0094921689790984
1076, 0.00960172914589445
1077, 0.00820894865319133
1078, 0.00951137704153856
1079, 0.0113145671784878
1080, 0.00808765428761641
1081, 0.00788663754550119
1082, 0.00798632336469988
1083, 0.00777423668963214
1084, 0.00837950416219731
1085, 0.00980702601373196
1086, 0.0118070736837884
1087, 0.00959253736904689
1088, 0.00766094792634249
1089, 0.00977936293929815
1090, 0.00915930531919002
1091, 0.00947959614651544
1092, 0.00907675130292773
1093, 0.00832652874911825
1094, 0.00923363196973999
1095, 0.00813161265105009
1096, 0.00853998943542441
1097, 0.00939459400251508
1098, 0.00891035345072548
1099, 0.00873012623439232
1100, 0.00967309701566895
1101, 0.00922433140554598
1102, 0.00944443823148807
1103, 0.00939547751719753
1104, 0.00963660733153423
1105, 0.00966063141822815
1106, 0.00967368918160597
1107, 0.00948989670723677
1108, 0.0102491308934987
1109, 0.0103979090539118
1110, 0.0100957176958521
1111, 0.00984830145413677
1112, 0.00972090226908525
1113, 0.00960620865225792
1114, 0.0108529554369549
1115, 0.00875489336128036
1116, 0.00852632584671179
1117, 0.00906720493609707
1118, 0.0083495673413078
1119, 0.00819035495320956
1120, 0.0101646964571306
1121, 0.00952972676604986
1122, 0.00957188196480274
1123, 0.00960377175360918
1124, 0.0093082282692194
1125, 0.00835727354777711
1126, 0.00860879725466172
1127, 0.00916621368378401
1128, 0.00943442294374108
1129, 0.00881186050052444
1130, 0.00900043748940031
1131, 0.00957610613356034
1132, 0.010182613817354
1133, 0.00953341384107868
1134, 0.00964478651682536
1135, 0.00967865375181039
1136, 0.00968924645955364
1137, 0.0101009017477433
1138, 0.00960571318864822
1139, 0.0093433752655983
1140, 0.00982691813260317
1141, 0.00995281074816982
1142, 0.00970573692272107
1143, 0.010470841700832
1144, 0.00802990918358167
1145, 0.00928213866427541
1146, 0.00898293886954586
1147, 0.00964964491625627
1148, 0.00874994741752744
1149, 0.00853667703146736
1150, 0.0107656819745898
1151, 0.0108690724841186
1152, 0.00956794377416372
1153, 0.00939113926142454
1154, 0.00949848908931017
1155, 0.00887697810928027
1156, 0.00925394225244721
1157, 0.00908995497350891
1158, 0.00999264496689042
1159, 0.00966427512466908
1160, 0.00969805661588907
1161, 0.0096874648394684
1162, 0.009892914754649
1163, 0.00999618306135138
1164, 0.0101226795730846
1165, 0.00978899591912826
1166, 0.00973442709073424
1167, 0.00940416318674882
1168, 0.00913146402065953
1169, 0.00891845393925905
1170, 0.00866000317037106
1171, 0.00963650231382676
1172, 0.00956812035292387
1173, 0.0094712443339328
1174, 0.00917354272678494
1175, 0.00934818293899298
1176, 0.00967012279267822
1177, 0.00990049540996552
1178, 0.00974246247538499
1179, 0.00972798389072219
1180, 0.00982878605524699
1181, 0.00995812145993114
1182, 0.00997837781906128
1183, 0.00974078050681523
1184, 0.0100508434697986
1185, 0.00946062942966819
1186, 0.00962127968668938
1187, 0.00957106767843167
1188, 0.00945367717317172
1189, 0.00983796687796712
1190, 0.00980646489188075
1191, 0.00970757461618632
1192, 0.00983954096833865
1193, 0.00922723058611155
1194, 0.00977660026401281
1195, 0.00965660456568003
1196, 0.00972181123991807
1197, 0.00872137133652965
1198, 0.00970113525787989
