1, 0.00474030943587422
2, 0.0154330960164467
3, 0.00206000404432416
4, 0.00439402367919683
5, 0.00635746587067842
6, 0.00811150670051575
7, 0.00381634198129177
8, 0.00205884245224297
9, 0.0154324099421501
10, 0.00461286096833646
11, 0.00618472089990973
12, 0.00789706315845251
13, 0.00527051516110078
14, 0.00582150012875597
15, 0.00615723423349361
16, 0.00649202568456531
17, 0.00689768969702224
18, 0.00752398263042172
19, 0.00873939568797747
20, 0.0118279483479758
21, 0.013098715338856
22, 0.0107882227748632
23, 0.00687311977768938
24, 0.00376803334802389
25, 0.00210332179752489
26, 0.00141650770092383
27, 0.00128419269458391
28, 0.00123812093321855
29, 0.00183644657954574
30, 0.00237351256267478
31, 0.00283079214083652
32, 0.0032000505598262
33, 0.00349098067575445
34, 0.00372116143504779
35, 0.00390425060565273
36, 0.00405000740041335
37, 0.00416578693936269
38, 0.00425654447947939
39, 0.00432413552577297
40, 0.00437074216703574
41, 0.00439726165495813
42, 0.00441590727617343
43, 0.00448021835957964
44, 0.00458578253164887
45, 0.00472123827785254
46, 0.00488069048151374
47, 0.00505947538961967
48, 0.00525052659213543
49, 0.00544647344698509
50, 0.0056415533957382
51, 0.00582888893162211
52, 0.00600098787496487
53, 0.00614485889673233
54, 0.00628441944718361
55, 0.0063439435325563
56, 0.0063734888099134
57, 0.00642760051414371
58, 0.00649697287008166
59, 0.00657965460171302
60, 0.00667239803199967
61, 0.00676926070203384
62, 0.00686218217015266
63, 0.0069406502880156
64, 0.00699283306797345
65, 0.0070046706435581
66, 0.00696264517803987
67, 0.00685470721994837
68, 0.00667445873841643
69, 0.00642325263470411
70, 0.00611375722413262
71, 0.00577398715540767
72, 0.00544451937700311
73, 0.00515860272571445
74, 0.00497780817871292
75, 0.00496164305756489
76, 0.00512553316851457
77, 0.00540533444533745
78, 0.00573240034282207
79, 0.00606285315006971
80, 0.00635446670154731
81, 0.00658122713988026
82, 0.00673240702599287
83, 0.00680932185302178
84, 0.00682261927674214
85, 0.00678781901175777
86, 0.00672352500259876
87, 0.00664918574814995
88, 0.00658724084496498
89, 0.00656979406873385
90, 0.00665461318567395
91, 0.00700735750918587
92, 0.00729247636627406
93, 0.00709237763658166
94, 0.00603259121999145
95, 0.00559922913089395
96, 0.00530320731922984
97, 0.00506305570403735
98, 0.00484577023113767
99, 0.00464271412541469
100, 0.00445283095662792
101, 0.0042789145372808
102, 0.00412551236028473
103, 0.00399566954001784
104, 0.00389388172576825
105, 0.00383393528560797
106, 0.00381102686515078
107, 0.00378559036956479
108, 0.00376759919648369
109, 0.00373826932627708
110, 0.00368542996390412
111, 0.00360021619902303
112, 0.00347233920668562
113, 0.0032903685932979
114, 0.00303973176050931
115, 0.00270383529520283
116, 0.002270125822785
117, 0.00173989854132136
118, 0.00121276827606683
119, 0.00128689815755934
120, 0.00139710163057316
121, 0.00198850012384355
122, 0.00347572433141371
123, 0.00654834493373831
124, 0.0107388415684303
125, 0.0142913311719894
126, 0.0117829938729604
127, 0.00867590797133744
128, 0.00744738623810311
129, 0.00679121554518739
130, 0.00632793130353093
131, 0.00590857056279977
132, 0.00524661981035024
133, 0.0048881103284657
134, 0.00510192460690935
135, 0.00544999322543542
136, 0.00584682822227478
137, 0.00624345165366928
138, 0.00658958575998743
139, 0.00685389867673318
140, 0.00702431161577503
141, 0.00710366092001398
142, 0.00710579535613457
143, 0.0070489941475292
144, 0.00695166659230987
145, 0.00683133754258354
146, 0.00670150217289726
147, 0.00657384206230442
148, 0.00645611404130856
149, 0.00635360165809592
150, 0.00627177705367406
151, 0.00621223465229074
152, 0.00616802216973156
153, 0.00612993119284511
154, 0.00601014541462064
155, 0.00585205402846138
156, 0.00567258661612868
157, 0.00548154053588708
158, 0.00528569472953677
159, 0.00509176015233
160, 0.00490814726799726
161, 0.00474252520749966
162, 0.00460086747383078
163, 0.00448921338344614
164, 0.00441905064508319
165, 0.00140669289976358
166, 0.00204784741314749
167, 0.00360690841140846
168, 0.00654451455920935
169, 0.0107042404512564
170, 0.0142830333982905
171, 0.013094229856506
172, 0.0108278095722198
173, 0.00687546640013655
174, 0.00360336046045025
175, 0.00198368386675914
176, 0.00138546945527196
177, 0.0038391703274101
178, 0.00390752529104551
179, 0.00401767576113343
180, 0.00415627813587586
181, 0.00431972260897358
182, 0.00450539806236823
183, 0.0047095250338316
184, 0.00493060875063141
185, 0.00517537211999297
186, 0.00547271299486359
187, 0.00589751250421007
188, 0.00691852842768033
189, 0.00712049298454076
190, 0.00686049523452918
191, 0.00653652582938472
192, 0.00647792126983404
193, 0.0065236782344679
194, 0.00661762865881125
195, 0.00672941794618964
196, 0.00683557102456689
197, 0.00691399288674196
198, 0.00694150927787026
199, 0.00689661658058564
200, 0.00676258249829213
201, 0.00653187076871594
202, 0.00621236922840277
203, 0.00583245139569044
204, 0.00544495570162932
205, 0.00509865457812945
206, 0.00488718164463838
207, 0.00635660633755227
208, 0.00601214962080121
209, 0.00198546620473887
210, 0.00343785908383628
211, 0.0056863671168685
212, 0.00561326590832323
213, 0.00672315061092377
214, 0.0072237722730885
215, 0.00825733797890799
216, 0.00808715936727822
217, 0.00978262055044373
218, 0.00366660979177271
219, 0.0102250083970527
220, 0.00401763501577079
221, 0.00386459834408015
222, 0.00367429836963614
223, 0.00314502142524968
224, 0.00278446695301682
225, 0.0023461608022141
226, 0.0019417401802327
227, 0.00126735925247582
228, 0.00535015878267586
229, 0.00515463257518907
230, 0.00496747360254327
231, 0.00479622115381062
232, 0.00464733084663749
233, 0.00452326680533588
234, 0.00443681329488754
235, 0.00581536442041397
236, 0.00607933259258668
237, 0.00633370721091827
238, 0.00655087448346118
239, 0.00671487619789938
240, 0.00682074941384296
241, 0.00687083741649985
242, 0.00687306405355533
243, 0.00683794054202735
244, 0.00677674325803916
245, 0.00669985652590791
246, 0.00661608142157396
247, 0.00653290065626303
248, 0.00645616557449102
249, 0.00638926192186773
250, 0.00633317340786258
251, 0.0062967575310419
252, 0.00554705108515918
253, 0.00471084968497356
254, 0.00487589354937275
255, 0.00592212285846472
256, 0.00573969927305977
257, 0.00525574766409894
258, 0.00505998808269699
259, 0.00457263675828775
260, 0.00608832381355266
261, 0.00620488179847598
262, 0.00558132181564967
263, 0.00663916013824443
264, 0.00624244838642577
265, 0.00635473802685738
266, 0.00649666491275032
267, 0.00673459656536579
268, 0.00671695079654455
269, 0.00619488302618265
270, 0.00538326365252336
271, 0.0067442460761716
272, 0.00637714432862898
273, 0.00664650470328828
274, 0.00653165734062592
275, 0.006696625923117
276, 0.00657028006389737
277, 0.00642349780537188
278, 0.00629448960535228
279, 0.00414064875803888
280, 0.00375345566620429
281, 0.0043164804422607
282, 0.00423945269236962
283, 0.00406099615308146
284, 0.00304285273887217
285, 0.0039213567894573
286, 0.00276499301738416
287, 0.00436778506264091
288, 0.00439448673278093
289, 0.00331927156851937
290, 0.00355386512819678
291, 0.00661919801495969
292, 0.00763197351867954
293, 0.00588770902582577
294, 0.00627497218859692
295, 0.00703552543806533
296, 0.00444866823298591
297, 0.00619083004338401
298, 0.00334492581896484
299, 0.00738654769957066
300, 0.00615870781863729
301, 0.00884898751974106
302, 0.00450077438727021
303, 0.00565216201357543
304, 0.0058441860601306
305, 0.00601920004313191
306, 0.00516053622898956
307, 0.00496399798430502
308, 0.00461491011083126
309, 0.00478051439858973
310, 0.00545573304407299
311, 0.00653031204516689
312, 0.00660394970327616
313, 0.00669105987374981
314, 0.00666604866273701
315, 0.00671861212079724
316, 0.00670753000304103
317, 0.00623653068517645
318, 0.00617792907481392
319, 0.00613576755858958
320, 0.00630267981129388
321, 0.00645213442233702
322, 0.0066227683176597
323, 0.00637484427231054
324, 0.00651423982344568
325, 0.00600973012236257
326, 0.00611618282273412
327, 0.00417631305754185
328, 0.00440853865196307
329, 0.00435081155349811
330, 0.00397854309994727
331, 0.00409046199638397
332, 0.00419196952134371
333, 0.00385902270985146
334, 0.00362132489681244
335, 0.00373644505937894
336, 0.00427249229202668
337, 0.00863345599334155
338, 0.00738497575124105
339, 0.00694281708759566
340, 0.00655479090554374
341, 0.00620256289839745
342, 0.0023209501329499
343, 0.00380152270996145
344, 0.00449804249884827
345, 0.00596621971843498
346, 0.00556664052419364
347, 0.00486311401861409
348, 0.00506277056410909
349, 0.00575721372539798
350, 0.00467737554572523
351, 0.00536436059822639
352, 0.00679811206646264
353, 0.00682479251797001
354, 0.00680765269013743
355, 0.00617622366795937
356, 0.00674931774847209
357, 0.00610633978309731
358, 0.00600232571984331
359, 0.00604428785542647
360, 0.00645394336121778
361, 0.00655989224712054
362, 0.00666207525258263
363, 0.00625849918772777
364, 0.00635205737004677
365, 0.0063630686296771
366, 0.00428202732776602
367, 0.00794875637317697
368, 0.00439290345336
369, 0.0044140659738332
370, 0.00437688757665455
371, 0.00435604783706367
372, 0.00443020711342494
373, 0.00435318254555265
374, 0.00436053200004001
375, 0.00722506269812584
376, 0.00689342385157943
377, 0.0067024282955875
378, 0.00548080999093751
379, 0.00473792431876063
380, 0.00497164841120442
381, 0.00568824486496548
382, 0.00703674298711121
383, 0.00696676581477125
384, 0.00685322921102246
385, 0.00590138385693232
386, 0.00583387818187475
387, 0.00671043852344155
388, 0.00596682688531776
389, 0.00604942712622384
390, 0.0064058848656714
391, 0.00655642539883653
392, 0.00626893683026234
393, 0.00614989859362443
394, 0.00526929103458921
395, 0.00443048286251724
396, 0.00445886196879049
397, 0.00764646668297549
398, 0.0045448304930081
399, 0.00472177503009637
400, 0.00500211608596146
401, 0.00485299481078982
402, 0.00476572080515325
403, 0.00450724588396649
404, 0.00705567195213267
405, 0.0045684827491641
406, 0.00538978089268009
407, 0.00488859862089157
408, 0.00560212725152572
409, 0.00716704805381596
410, 0.00585245043039322
411, 0.00699546234682202
412, 0.00572818610817194
413, 0.0067915878413866
414, 0.00574669420408706
415, 0.00657962852468093
416, 0.0058238427930822
417, 0.00637609488330781
418, 0.00592213178363939
419, 0.00619552990732094
420, 0.00604422157630324
421, 0.0051706552815934
422, 0.00523206288926303
423, 0.0074326554313302
424, 0.00803962512873113
425, 0.00470497653198739
426, 0.00539507980768879
427, 0.00508329054961602
428, 0.00520750546517472
429, 0.00471220980398357
430, 0.00724979322403669
431, 0.00744205713272095
432, 0.00528634842485189
433, 0.00716323653856913
434, 0.00688922040474912
435, 0.00661501854968568
436, 0.00635375323084493
437, 0.00557689787819982
438, 0.00578720518387854
439, 0.00567199755460024
440, 0.00612459781890114
441, 0.00593600329011679
442, 0.00509365415200591
443, 0.00569316760326425
444, 0.00565568008460104
445, 0.0047185227740556
446, 0.00500366712609927
447, 0.00774178165011108
448, 0.00564472004771233
449, 0.0054557037850221
450, 0.00496012282868226
451, 0.00728082718948523
452, 0.00496436914961253
453, 0.00529235202286925
454, 0.00698513289292653
455, 0.0066401083022356
456, 0.00551570326622043
457, 0.00631609357272585
458, 0.00603740111303826
459, 0.00550605294605096
460, 0.00563823579189678
461, 0.00540111881370346
462, 0.00581188042027255
463, 0.00508976494893432
464, 0.0060217665353169
465, 0.00783785215268532
466, 0.00532119271034996
467, 0.00589743241046866
468, 0.0052253787095348
469, 0.00703991269692779
470, 0.00762825300917029
471, 0.00662061121935646
472, 0.00816042082650321
473, 0.00632323963301522
474, 0.00659178600956996
475, 0.00516429096460342
476, 0.00731646888224142
477, 0.00480166364771624
478, 0.00845596883445978
479, 0.00341537059284747
480, 0.0074444473721087
481, 0.00621990797420343
482, 0.00278267697431147
483, 0.00385011138860136
484, 0.00440087891183794
485, 0.00459918829922875
486, 0.00481269275769591
487, 0.00504098778280119
488, 0.00528855132870376
489, 0.00557141766572992
490, 0.00594988806794087
491, 0.00650685109818975
492, 0.00379646709188819
493, 0.00223298223378758
494, 0.0017586190175886
495, 0.00299642704582463
496, 0.002656438970007
497, 0.00128616778723275
498, 0.00821873731911182
499, 0.00558357953559607
500, 0.0107087848397593
501, 0.00350484853455176
502, 0.00206135786720552
503, 0.0053610991841803
504, 0.00664444415209194
505, 0.00669222806269924
506, 0.00673014367930591
507, 0.00674142005542914
508, 0.00671119064403077
509, 0.0066278794935594
510, 0.00648524371596674
511, 0.0062857725036641
512, 0.00604249855192999
513, 0.00790891183229784
514, 0.00599993097906311
515, 0.00669929773236314
516, 0.00716476025991142
517, 0.00422176245289544
518, 0.00564517561967174
519, 0.00534879951737821
520, 0.0050787094514817
521, 0.00482613802887499
522, 0.00458995757314066
523, 0.00406718448114892
524, 0.00393891738106807
525, 0.00598533816325168
526, 0.0037816046581914
527, 0.00374602406130483
528, 0.00368540082126856
529, 0.003257395971256
530, 0.00293720358361801
531, 0.00359033552619318
532, 0.00345121060187618
533, 0.00263435090892017
534, 0.00319433790476372
535, 0.0121341192473968
536, 0.00660426883647839
537, 0.006353604219233
538, 0.00578229051704208
539, 0.00661936503214141
540, 0.00666667885767917
541, 0.00659690680913627
542, 0.0066270639654249
543, 0.00673230954756339
544, 0.00693027302622795
545, 0.00659179594367743
546, 0.00658082496374846
547, 0.00649730682683488
548, 0.00665156496688724
549, 0.00665207595253984
550, 0.00634261725159983
551, 0.0075027645410349
552, 0.00567270601168275
553, 0.0069929868914187
554, 0.00648858790685024
555, 0.00936361402273178
556, 0.00586761101814253
557, 0.00629877829924226
558, 0.00417549178625147
559, 0.00508155076143642
560, 0.00481234847878416
561, 0.00536718467871348
562, 0.00566917541436851
563, 0.0060017016561081
564, 0.00437098268109063
565, 0.00386735521412144
566, 0.00340196319545309
567, 0.00382304203230888
568, 0.00368445246325185
569, 0.00376892811618745
570, 0.00359433734168609
571, 0.00366831458328913
572, 0.00356403373492261
573, 0.00236697190363581
574, 0.0038553912891075
575, 0.00654833344742656
576, 0.00554970915739735
577, 0.00655602663755417
578, 0.00653018344504138
579, 0.00668418733403087
580, 0.0066622836360087
581, 0.00661715624543528
582, 0.00656111988549431
583, 0.00667172910956045
584, 0.00650416671608885
585, 0.00661571393720806
586, 0.00617427627245585
587, 0.0065314417394499
588, 0.00659848377108574
589, 0.00737214228138328
590, 0.00625850857856373
591, 0.00401384445528189
592, 0.00387401589458542
593, 0.00881627947092056
594, 0.00599017765905176
595, 0.00773627743391054
596, 0.00396904083234923
597, 0.00630217424726912
598, 0.00410749421765407
599, 0.00432085238086681
600, 0.00565818293641011
601, 0.00535048102028668
602, 0.00596389531468352
603, 0.00505718542262912
604, 0.00455794110894203
605, 0.0083511588939776
606, 0.00401145416045828
607, 0.00383331463672221
608, 0.00397928679982821
609, 0.00394883736347159
610, 0.0037529517042761
611, 0.00389991328120232
612, 0.0043697125899295
613, 0.00399668922182173
614, 0.00359084127315631
615, 0.00645311060361564
616, 0.00380481560714543
617, 0.00679407633530597
618, 0.00683374602037172
619, 0.00650904855380456
620, 0.00672146103655299
621, 0.00662743952125311
622, 0.00652741772743563
623, 0.00598764295379321
624, 0.00643367134034634
625, 0.00638207622493307
626, 0.00641270307824016
627, 0.00693267614891132
628, 0.00654613286522882
629, 0.00618654899299145
630, 0.00396046116948128
631, 0.00635236462888618
632, 0.00424868000360827
633, 0.0045008473098278
634, 0.00594664438228522
635, 0.00560656127830346
636, 0.00531001738272607
637, 0.00477528036572039
638, 0.00425433402415365
639, 0.00423755830464264
640, 0.00421411256926755
641, 0.0042277160876741
642, 0.00419309680971007
643, 0.00429085708068063
644, 0.00452780195822318
645, 0.00635099426532785
646, 0.00697532622143626
647, 0.0068348473093162
648, 0.00681163572395841
649, 0.00622266577556729
650, 0.00667736826774975
651, 0.00651721431252857
652, 0.00637096616749962
653, 0.00627927590782444
654, 0.00725019467063248
655, 0.00690101841464639
656, 0.00618629464879632
657, 0.00670521768430869
658, 0.00471599516458809
659, 0.00581126371398568
660, 0.00557068269699812
661, 0.00464373901486397
662, 0.00500787569520374
663, 0.00523579601819317
664, 0.00479258224368095
665, 0.0045942321109275
666, 0.00467584934085608
667, 0.00452765356749296
668, 0.00445507148591181
669, 0.00496495747938752
670, 0.00624570498863856
671, 0.00698675021218757
672, 0.00707499698425333
673, 0.00674796236368517
674, 0.00779164815321565
675, 0.00651928130537271
676, 0.0063129011541605
677, 0.00613506945470969
678, 0.00708877122295754
679, 0.00440489553979465
680, 0.00415606163442135
681, 0.00492087642972668
682, 0.00583809115258711
683, 0.00524991052225232
684, 0.00567765192439159
685, 0.00489698792807758
686, 0.00517047010362148
687, 0.00538388430140913
688, 0.00501289839545886
689, 0.00476645173815389
690, 0.00567669561132789
691, 0.00605028867721558
692, 0.00613700598478317
693, 0.00721677765250206
694, 0.00679065442333619
695, 0.007533104546989
696, 0.00650311851253112
697, 0.006244058177496
698, 0.00599472100536029
699, 0.00464154668152332
700, 0.00552991330623627
701, 0.00730615872889757
702, 0.00753026618622243
703, 0.00643807416781783
704, 0.00516750364165221
705, 0.00596508663147688
706, 0.00551659194752574
707, 0.00529131813285251
708, 0.00567677135889729
709, 0.00545521018405755
710, 0.00607623641068737
711, 0.0060247116877387
712, 0.00706533621996641
713, 0.0064594636981686
714, 0.00786948297172785
715, 0.00613888376392424
716, 0.00585510612775882
717, 0.00574779165908694
718, 0.00764304781332612
719, 0.00567984425773223
720, 0.0058813764868925
721, 0.00657590506598353
722, 0.00821921167274316
723, 0.00684799316028754
724, 0.00633814519581695
725, 0.0068026101992776
726, 0.00726072782916682
727, 0.00728495312588555
728, 0.00733083598315716
729, 0.00776478733556966
730, 0.00781329469755292
731, 0.00554020997757713
732, 0.00931222767879566
733, 0.00826006219722331
734, 0.00652824124942223
735, 0.00684933108277619
736, 0.00695956731215119
737, 0.00694256989906232
738, 0.00685902312397957
739, 0.00670132840362688
740, 0.00647210772149265
741, 0.00618837727233768
742, 0.00588257323640088
743, 0.00560528816034396
744, 0.0053694189991802
745, 0.00664054773127039
746, 0.00675095850601792
747, 0.00692363029035429
748, 0.00481969063791136
749, 0.00453405788478752
750, 0.00466377994356056
751, 0.00499719241634011
752, 0.00518851634114981
753, 0.00538590573705733
754, 0.0055819001669685
755, 0.00576925960679849
756, 0.00594164563032488
757, 0.00608066508236031
758, 0.00444239533195893
759, 0.0106787808860342
760, 0.00814549306718012
761, 0.00378696613812021
762, 0.00555727409664541
763, 0.00205553506384604
764, 0.00423923049432536
765, 0.00431695735702912
766, 0.0038605317628632
767, 0.00366714006910721
768, 0.00312672163515041
769, 0.00275629522123685
770, 0.00230541503212104
771, 0.00180123624159023
772, 0.00128817528214616
773, 0.00414009128386776
774, 0.0043693872479101
775, 0.00401572363140682
776, 0.00342628212335209
777, 0.00708095030859113
778, 0.00785418561038872
779, 0.00642206713867684
780, 0.00624489916178087
781, 0.00660094230746229
782, 0.00640687354219456
783, 0.00676187709905207
784, 0.00676883182798823
785, 0.00680688217592736
786, 0.00631740759126842
787, 0.00666756896922986
788, 0.00632675193871061
789, 0.00681279809214175
790, 0.00611261899272601
791, 0.00618641086233159
792, 0.00615693461149931
793, 0.00651177461259067
794, 0.00650431013976534
795, 0.00668964379777511
796, 0.0058709024451673
797, 0.00549253006465733
798, 0.00458316698980828
799, 0.00490114092826843
800, 0.00472772330977023
801, 0.005091341988494
802, 0.00529066845774651
803, 0.0056905443004022
804, 0.0121030886657536
805, 0.00435160441944997
806, 0.00441125376770894
807, 0.00391217379365116
808, 0.00300356179165343
809, 0.00427144983162483
810, 0.0040558196293811
811, 0.0037392502805839
812, 0.00353270152118057
813, 0.00328888169800242
814, 0.00268563562228034
815, 0.00417435176980992
816, 0.00236548853960509
817, 0.00657139198544125
818, 0.00613178770678739
819, 0.00745278418374558
820, 0.00573471765965223
821, 0.00597053759598306
822, 0.00445415571864162
823, 0.00605139123009784
824, 0.0093613852125903
825, 0.00635042591020465
826, 0.0062313515227288
827, 0.00615575963941713
828, 0.00609738884183268
829, 0.00657276095201572
830, 0.00681653448070089
831, 0.00680565368384123
832, 0.00646976528999706
833, 0.00667019848090907
834, 0.00636806548573077
835, 0.00627183091516296
836, 0.00675195719425877
837, 0.0067720291359971
838, 0.00652633343512813
839, 0.0066704167984426
840, 0.0063145454817762
841, 0.00581376471867164
842, 0.00561091715159516
843, 0.00540160046269496
844, 0.0051936002758642
845, 0.00499140284955502
846, 0.00479833277252813
847, 0.00462474223847191
848, 0.00407750198307137
849, 0.00396188736582796
850, 0.00418326235376298
851, 0.00427790149115026
852, 0.0043595964089036
853, 0.00384042644873261
854, 0.0044318987056613
855, 0.00362759937221805
856, 0.00372258472877244
857, 0.00450261755447303
858, 0.00689212861470878
859, 0.00439715506508946
860, 0.00644646678119898
861, 0.00608212109655142
862, 0.0088017910408477
863, 0.0075679972900876
864, 0.00368575026125958
865, 0.00677430988954646
866, 0.00839385980119308
867, 0.00697365527351697
868, 0.00696904390739898
869, 0.00610596663318574
870, 0.00603455778521796
871, 0.00678130285814404
872, 0.00689725725290676
873, 0.00595931695508105
874, 0.00613228037642936
875, 0.00664291538608571
876, 0.00636322059047719
877, 0.00623975678657492
878, 0.0064997422353675
879, 0.00690199574455619
880, 0.00488246977329254
881, 0.0050945607945323
882, 0.00468816740127901
883, 0.0053079630403469
884, 0.00596506120637059
885, 0.00552888610400259
886, 0.00573879876174033
887, 0.00618335139006376
888, 0.0045063647441566
889, 0.00359943497460335
890, 0.00440037607525786
891, 0.00450552317003409
892, 0.00436089249948661
893, 0.00440245998712877
894, 0.00445267690035204
895, 0.00434063390518228
896, 0.00457509262487292
897, 0.00433511500402043
898, 0.00454883471441766
899, 0.00727082160301507
900, 0.00720052149457236
901, 0.0072391574891905
902, 0.00706201605498791
903, 0.0059656142257154
904, 0.00687284798671802
905, 0.0059021821555992
906, 0.00586691303178668
907, 0.00666396521652738
908, 0.00598993462820848
909, 0.0061192490781347
910, 0.00645949070652326
911, 0.00627603637985885
912, 0.00499353557825089
913, 0.00543601050352057
914, 0.00474946400416749
915, 0.00568751192518643
916, 0.00521433974305789
917, 0.00604059795538584
918, 0.00455538963433355
919, 0.00470830469081799
920, 0.00469616381451488
921, 0.0047063542685161
922, 0.00497232920800646
923, 0.00472287732797364
924, 0.00474433088675141
925, 0.00482554974344869
926, 0.00714772287756205
927, 0.00757727346249989
928, 0.00727651656294862
929, 0.00749316702907284
930, 0.00699918903410435
931, 0.00581458544669052
932, 0.00670725076148907
933, 0.00575139940095444
934, 0.00643114574874441
935, 0.00537176230656249
936, 0.00583930476568639
937, 0.00510063053419193
938, 0.0059948997416844
939, 0.00619117620711525
940, 0.00588714005425572
941, 0.00486647671399017
942, 0.00489853164181113
943, 0.00521410846461852
944, 0.00495500722900033
945, 0.00499513209797442
946, 0.00496275377060686
947, 0.00537535540449123
948, 0.00506972327517966
949, 0.00518966497232517
950, 0.00751286194038888
951, 0.00712735733638207
952, 0.00673690554685891
953, 0.00565234377669791
954, 0.00638190501679977
955, 0.00525496007564167
956, 0.00608380006936689
957, 0.00566769950091839
958, 0.0058473782458653
959, 0.00571861079273125
960, 0.00559119965570668
961, 0.00564710035299261
962, 0.00522929911191265
963, 0.00532507554938396
964, 0.00565283287627002
965, 0.00546050459767381
966, 0.00560036790557206
967, 0.00556939709931612
968, 0.00719210241610805
969, 0.00669968826696277
970, 0.00626690018301209
971, 0.0054198664480022
972, 0.00613280199468136
973, 0.00602646195329726
974, 0.00591788503030936
975, 0.00553261651657522
976, 0.00514961956068873
977, 0.00652054122959574
978, 0.00770938815549016
979, 0.00545746302232146
980, 0.00532038983268042
981, 0.0070871616092821
982, 0.00781455069469909
983, 0.00815530992778284
984, 0.0068558642330269
985, 0.00761341992765665
986, 0.00802873652428389
987, 0.0077978710954388
988, 0.00926768096784751
989, 0.00824310397729278
990, 0.00551489550465097
991, 0.00199372274801135
992, 0.00299147287538896
993, 0.00659242769082387
994, 0.00714016108152767
995, 0.00826488854363561
996, 0.00802290734524528
997, 0.00972980322937171
998, 0.00337527381877104
999, 0.0102236218129595
1000, 0.0035919634392485
1001, 0.00345132996638616
1002, 0.00325508466145645
1003, 0.00264778519825389
1004, 0.00221624431045105
1005, 0.00172658090014011
1006, 0.00123826217410776
1007, 0.00636288748743633
1008, 0.00582271853151421
1009, 0.00544483563862741
1010, 0.00515470126022895
1011, 0.00489913633403679
1012, 0.00466623320244253
1013, 0.00445268838666379
1014, 0.00426151882857084
1015, 0.00409700519715746
1016, 0.0039590986755987
1017, 0.00386095594149083
1018, 0.00536828984816869
1019, 0.00587537907995284
1020, 0.00617052575883766
1021, 0.00643540709279478
1022, 0.00663887701618175
1023, 0.0067682300383846
1024, 0.00682530047682424
1025, 0.00682105085191627
1026, 0.00677185536672672
1027, 0.00669644904943804
1028, 0.00661422001818816
1029, 0.00654423648181061
1030, 0.00650604899662236
1031, 0.00651818312083681
1032, 0.00660498548919956
1033, 0.00404478757021328
1034, 0.00442481436766684
1035, 0.00585875023777286
1036, 0.00519903431025644
1037, 0.00491803597348432
1038, 0.0055099295762678
1039, 0.00465971099523207
1040, 0.00421746315745016
1041, 0.00368937706419577
1042, 0.00379040189242611
1043, 0.00375237925133357
1044, 0.00368785702933868
1045, 0.00290898253054669
1046, 0.003805511786292
1047, 0.00381169496104121
1048, 0.00339531770441681
1049, 0.00260503167131295
1050, 0.00317904124191652
1051, 0.00356390901530782
1052, 0.00560227812578281
1053, 0.00649733034272989
1054, 0.00673787241491179
1055, 0.00663303614904483
1056, 0.00671235153762003
1057, 0.00671888825794061
1058, 0.00631420221179724
1059, 0.00660357406983773
1060, 0.00647813570685685
1061, 0.00644146798488994
1062, 0.00642377782302598
1063, 0.00653540917361776
1064, 0.00666928353408972
1065, 0.00643866222041349
1066, 0.00613889750093222
1067, 0.00693200419967373
1068, 0.00756759157714744
1069, 0.00635967895920788
1070, 0.00389197897831244
1071, 0.00370857558057954
1072, 0.00884370282292366
1073, 0.00581955414132348
1074, 0.00731926541775465
1075, 0.00437295351487895
1076, 0.00414855980003874
1077, 0.00462398491799831
1078, 0.0048991038929671
1079, 0.00519564639156063
1080, 0.00551675935275853
1081, 0.00586885501009723
1082, 0.00383567220220963
1083, 0.00388789099330703
1084, 0.0038736651573951
1085, 0.00356715188051263
1086, 0.00364255610232552
1087, 0.00374067450563113
1088, 0.00382969815594455
1089, 0.00390344807722916
1090, 0.00377613084856421
1091, 0.00399050563573837
1092, 0.00660802571413418
1093, 0.00651869496020178
1094, 0.0067564093042165
1095, 0.00669250660575926
1096, 0.00678331917151809
1097, 0.00675996982802947
1098, 0.0064341692874829
1099, 0.00630719936452806
1100, 0.00636198775221904
1101, 0.00626584126924475
1102, 0.00617912850741829
1103, 0.00667961679088573
1104, 0.00611331150867045
1105, 0.00859394576400518
1106, 0.00646317843347788
1107, 0.00678232377395034
1108, 0.002304207009729
1109, 0.00732140390512844
1110, 0.00597537382106696
1111, 0.00358383834827691
1112, 0.00404546053947083
1113, 0.00515704291562239
1114, 0.00485175172798336
1115, 0.00455789151601493
1116, 0.00429404309640328
1117, 0.0054851077341785
1118, 0.00581564730964601
1119, 0.00399156104928503
1120, 0.00402132126813134
1121, 0.00436917024975022
1122, 0.00423277639007817
1123, 0.00428340141661465
1124, 0.00425494830900182
1125, 0.00396105134859681
1126, 0.00617756200954318
1127, 0.00698778716226419
1128, 0.00653301629548271
1129, 0.006953123336037
1130, 0.00686271744780242
1131, 0.00673401689467331
1132, 0.00614923161144058
1133, 0.0064526394320031
1134, 0.00659116210105519
1135, 0.00604811748489738
1136, 0.00608652457594872
1137, 0.00623071612790227
1138, 0.00633141600216428
1139, 0.00679657608270645
1140, 0.00790942382688324
1141, 0.00573685243725777
1142, 0.00478081032633781
1143, 0.0050987977689753
1144, 0.00444807824013489
1145, 0.00541279464960098
1146, 0.00578343522335802
1147, 0.00422247910561661
1148, 0.0042104561192294
1149, 0.00495112873613834
1150, 0.00466656537416081
1151, 0.00479720633787413
1152, 0.00424349905612568
1153, 0.00721122960870465
1154, 0.00693318573758006
1155, 0.00703833221147458
1156, 0.00682945596054196
1157, 0.00661162061927219
1158, 0.00640783668495715
1159, 0.00588907099639376
1160, 0.00597533878559868
1161, 0.00622624438256025
1162, 0.00608871768539151
1163, 0.0063587699085474
1164, 0.00719338338822126
1165, 0.0075853099891295
1166, 0.0073174272131707
1167, 0.00469251993733148
1168, 0.00503228434051077
1169, 0.00536248328474661
1170, 0.00458486777331148
1171, 0.00419395146891475
1172, 0.00536765530705452
1173, 0.00521131644823721
1174, 0.00562766212970018
1175, 0.0045967330224812
1176, 0.00523962344353398
1177, 0.00724461170223852
1178, 0.00695719802752137
1179, 0.00665417856847246
1180, 0.00637575207899014
1181, 0.00564656187114971
1182, 0.00802083134961625
1183, 0.00612559060876568
1184, 0.00579917593859136
1185, 0.00592571108912428
1186, 0.00497030233964324
1187, 0.00529018867140015
1188, 0.00494310872939726
1189, 0.00565008046105504
1190, 0.00495058549568057
1191, 0.00460138990699003
1192, 0.00564294316185017
1193, 0.00745337875559926
1194, 0.00709679815918207
1195, 0.00770192500203848
1196, 0.00669662879469494
1197, 0.00633337503919999
1198, 0.00559442839585245
1199, 0.00571024238264986
1200, 0.00442820284515619
1201, 0.00748438062146306
1202, 0.00526797856825093
1203, 0.00607164848285417
1204, 0.00575040288579961
1205, 0.00783981972684463
1206, 0.00552924610674381
1207, 0.00732611631974578
1208, 0.00509085316055765
1209, 0.00667802655758957
1210, 0.008159183830555
1211, 0.0052832355722785
1212, 0.00744575875190397
1213, 0.00668840164629122
1214, 0.00844857394695282
1215, 0.00650645629502833
1216, 0.00712405974045396
1217, 0.00624730275012553
1218, 0.00589474166433016
1219, 0.00601868820376694
