1, 0.00936210621148348
2, 0.0214807228185236
3, 0.00253965018782765
4, 0.00937030557543039
5, 0.010658455081284
6, 0.0150617687031627
7, 0.00655735563486814
8, 0.00221257779048756
9, 0.0220796219073236
10, 0.00835368409752846
11, 0.00931583438068628
12, 0.0152687001973391
13, 0.00961817766074091
14, 0.00991424669822057
15, 0.0100942719727755
16, 0.0102383233606815
17, 0.0103420706776281
18, 0.0104128462262452
19, 0.0104616166402896
20, 0.0104989085036019
21, 0.0105380117893219
22, 0.0105985339420537
23, 0.0107138135160009
24, 0.0109498443392416
25, 0.0114517924375832
26, 0.0125899847286443
27, 0.0156298930135866
28, 0.0184550629928708
29, 0.0102466838434339
30, 0.00459771952591836
31, 0.00246673837924997
32, 0.00396375722872714
33, 0.0053406135023882
34, 0.00635827945855757
35, 0.00708513311110437
36, 0.00761274558802446
37, 0.00800476937244336
38, 0.00830278980235259
39, 0.0085343800795575
40, 0.008717506347845
41, 0.0088643804192543
42, 0.0089831172178189
43, 0.0090794504309694
44, 0.00915765669196844
45, 0.00922077397505442
46, 0.00927084498107433
47, 0.00930986506864429
48, 0.00933861297865709
49, 0.00935853986690442
50, 0.00937001407146454
51, 0.0093910051509738
52, 0.00943301214526097
53, 0.0094863660633564
54, 0.00954815497001012
55, 0.00961727214356264
56, 0.00969283593197664
57, 0.00977294736852249
58, 0.00985542684793472
59, 0.00993848747263352
60, 0.0100207775831223
61, 0.0101013584062457
62, 0.0101796512802442
63, 0.0102554056793451
64, 0.0103287187715371
65, 0.0104000953336557
66, 0.0104691299299399
67, 0.0105323726311326
68, 0.0106071818154305
69, 0.0106431469321251
70, 0.0106463385745883
71, 0.0106516604622205
72, 0.010656852585574
73, 0.0106614675993721
74, 0.0106649336715539
75, 0.0106661145885785
76, 0.0106631827851137
77, 0.0106543057287733
78, 0.0106373143692811
79, 0.0106100946043928
80, 0.0105705879007777
81, 0.0105170384049416
82, 0.0104483170434833
83, 0.0103640630841255
84, 0.0102650271728635
85, 0.0101531889910499
86, 0.0100318032006423
87, 0.00990553169200818
88, 0.00978072670598825
89, 0.00966567546129227
90, 0.00956543938567241
91, 0.00949075104047855
92, 0.0094220902149876
93, 0.00942153514673313
94, 0.00945766891042391
95, 0.00952923173705737
96, 0.00964046549052
97, 0.00980119655529658
98, 0.0100352475419641
99, 0.01039492773513
100, 0.010984289770325
101, 0.0121416843806704
102, 0.0130764492787421
103, 0.0127797368913889
104, 0.0105618524054686
105, 0.00987626643230518
106, 0.00954887550324202
107, 0.00937413610517979
108, 0.00926638736079136
109, 0.00918814850350221
110, 0.00911487142244975
111, 0.00902752391993999
112, 0.00890986962864796
113, 0.0087482196589311
114, 0.00853112557282051
115, 0.008253981359303
116, 0.00792363736157616
117, 0.00756136064107219
118, 0.00719087089722355
119, 0.00684855800742904
120, 0.00662570182854931
121, 0.0065339261200279
122, 0.00639698988137146
123, 0.0062364349141717
124, 0.0059532366382579
125, 0.00545960005062322
126, 0.00466392771340907
127, 0.0034932408016175
128, 0.00215161471472432
129, 0.00412399546864132
130, 0.0097395284101367
131, 0.0181167662764589
132, 0.016014184957991
133, 0.0128108000693222
134, 0.0114493592021366
135, 0.0106990404116611
136, 0.0100475948614379
137, 0.00910260109230876
138, 0.00889441533945501
139, 0.00911499746143818
140, 0.0097301776210467
141, 0.0103007722645998
142, 0.0107465510567029
143, 0.0110202425469955
144, 0.0111188826461633
145, 0.011075827293098
146, 0.0109375426545739
147, 0.0107482401654124
148, 0.0105407253528635
149, 0.0103361175085107
150, 0.0101468895251552
151, 0.00997877276192109
152, 0.00983355287462473
153, 0.00971100572496653
154, 0.00960946641862392
155, 0.00952667122085889
156, 0.00946035825957855
157, 0.00940895670404037
158, 0.00937081345667442
159, 0.00934320564071337
160, 0.00933735887520015
161, 0.00934603375693162
162, 0.00938000219563643
163, 0.00939202308654785
164, 0.00939121966560682
165, 0.00938345802326997
166, 0.00937288254499435
167, 0.0093629565089941
168, 0.00935775507241488
169, 0.00936268332103888
170, 0.00466201322463651
171, 0.0104188355617225
172, 0.018952915755411
173, 0.018338822449247
174, 0.00982501264661551
175, 0.00418839883059263
176, 0.00666380968565742
177, 0.00694979696224133
178, 0.00737162384515007
179, 0.00786378017316262
180, 0.00841421633958817
181, 0.00903368896494309
182, 0.00978207029402256
183, 0.0108269490301609
184, 0.0131247558941444
185, 0.0135799795389175
186, 0.0130193158984184
187, 0.0122051363190015
188, 0.0118578455100457
189, 0.0116283195093274
190, 0.0113684497773647
191, 0.0109987740094463
192, 0.01049394843479
193, 0.00988569358984629
194, 0.00922771667440732
195, 0.00895399367436767
196, 0.00785984148803566
197, 0.00349404765681053
198, 0.0105513986200094
199, 0.0106164707491795
200, 0.0107204637800654
201, 0.0109087067345778
202, 0.0112714141917725
203, 0.0120088883365194
204, 0.0130971778583314
205, 0.0135797173716128
206, 0.0170904989354312
207, 0.00869532131279508
208, 0.00850657171880206
209, 0.00826822811116775
210, 0.00796247754866878
211, 0.00756359185713033
212, 0.0070353876799345
213, 0.006326490547508
214, 0.00537635913739602
215, 0.00417922964940468
216, 0.0105050116156538
217, 0.0104360207915306
218, 0.0103657185100019
219, 0.0102934680568675
220, 0.0102190752513707
221, 0.0101421081150571
222, 0.0100626085574428
223, 0.00998096540570259
224, 0.00989791688819726
225, 0.00981458757693569
226, 0.00973253231495619
227, 0.00965373901029428
228, 0.00958051749815544
229, 0.00951451963434617
230, 0.00945564607779185
231, 0.0094089653963844
232, 0.00967660608390967
233, 0.00975103427966436
234, 0.00983274883280198
235, 0.0099309744934241
236, 0.010035329653571
237, 0.0101392276895543
238, 0.0102375773712993
239, 0.0103268409147859
240, 0.0104046169047554
241, 0.0104696433991194
242, 0.010521717214336
243, 0.0105614340864122
244, 0.0105900003885229
245, 0.0106090220312277
246, 0.0106202301879724
247, 0.0106254545971751
248, 0.0106263143631319
249, 0.0106242817516128
250, 0.0106206654260556
251, 0.0106161024111013
252, 0.0106100927417477
253, 0.01060696458444
254, 0.0105693791992962
255, 0.0105615545374652
256, 0.0105703317870696
257, 0.00995108780140678
258, 0.0100181908346713
259, 0.0100949959208568
260, 0.0104823492777844
261, 0.0101742938471337
262, 0.010251354581366
263, 0.0103227109648287
264, 0.0103858096214632
265, 0.0104391907031337
266, 0.0105155616377791
267, 0.0105396965518594
268, 0.010555953408281
269, 0.0105656863500675
270, 0.0105657827419539
271, 0.0105712260119617
272, 0.0105563150718808
273, 0.00884688878431916
274, 0.00906999610985319
275, 0.00839823189501961
276, 0.00896981684491038
277, 0.00875751270602147
278, 0.00787697437529763
279, 0.00859501430143913
280, 0.00816074735485017
281, 0.00754559691995382
282, 0.0071959230893602
283, 0.00692173729961117
284, 0.00915177104373773
285, 0.00927396661912402
286, 0.00934840676685174
287, 0.009383106790483
288, 0.00961361825466156
289, 0.00977440876886249
290, 0.00994283069546024
291, 0.0101065958539645
292, 0.0102599283369879
293, 0.0104715675115585
294, 0.00947903515771031
295, 0.00954197983567913
296, 0.00969199867298206
297, 0.00985860405489802
298, 0.010559644177556
299, 0.010184702463448
300, 0.010025798343122
301, 0.0103324064984918
302, 0.0104038027736048
303, 0.0109737526314954
304, 0.0107882240166267
305, 0.0103797572664917
306, 0.0105000970264276
307, 0.0118183405138552
308, 0.0127183239286145
309, 0.0112852651315431
310, 0.010002788156271
311, 0.0101669505238533
312, 0.0102897752076387
313, 0.0104466532357037
314, 0.0106699716610213
315, 0.00991743603455169
316, 0.0105455392705543
317, 0.00941743994397777
318, 0.0100564945489168
319, 0.0105248098261654
320, 0.0104380201858779
321, 0.0105241470349332
322, 0.0105195621338983
323, 0.0104701012993852
324, 0.0103972086993357
325, 0.0105098183266819
326, 0.0104937354723612
327, 0.010522732976824
328, 0.0103481579571962
329, 0.0105188007776936
330, 0.0102923442609608
331, 0.0105044458371898
332, 0.0105135740401844
333, 0.0105079393833876
334, 0.0102324375572304
335, 0.010170881015559
336, 0.0101111377589405
337, 0.0105060871690512
338, 0.0090039965386192
339, 0.00921889441087842
340, 0.00931504555046558
341, 0.00937163798759381
342, 0.009097245366623
343, 0.00917493784800172
344, 0.00892109672228495
345, 0.00882214587181807
346, 0.00872189458459616
347, 0.00863400691499313
348, 0.00894850810679297
349, 0.00864661911812921
350, 0.00858658676346143
351, 0.00889209269856413
352, 0.0104450341314077
353, 0.0103695240492622
354, 0.0100732094918688
355, 0.0103012318722904
356, 0.00999071340387066
357, 0.00981971311072508
358, 0.00990585749968886
359, 0.00973364664241672
360, 0.0101526025682688
361, 0.0102286158750455
362, 0.00964968496312698
363, 0.00956992975746592
364, 0.00949684654672941
365, 0.00631157699972391
366, 0.0105853740436335
367, 0.0101089384406805
368, 0.0102442326024175
369, 0.0103531160081426
370, 0.0104394146862129
371, 0.010853834139804
372, 0.0110444286838174
373, 0.0113282968911032
374, 0.0117589162352184
375, 0.0123568852432072
376, 0.0105133418304225
377, 0.00944412890821695
378, 0.0138849952879051
379, 0.0130522936582565
380, 0.00953415169247559
381, 0.0102034119356956
382, 0.00944005870925529
383, 0.0103054898791015
384, 0.010352267883718
385, 0.0102510259797176
386, 0.0104650426656008
387, 0.0103960159855584
388, 0.0104737269381682
389, 0.0104822091137369
390, 0.0104329151411851
391, 0.0104900455723206
392, 0.0104556304092209
393, 0.0104616242460907
394, 0.0104997196855644
395, 0.0104999477043748
396, 0.010496322841694
397, 0.0104941784714659
398, 0.0104818757002552
399, 0.00921698364739617
400, 0.00932538105795781
401, 0.00936864533772071
402, 0.00909549665326873
403, 0.00916840120529135
404, 0.0091863585015138
405, 0.00918173153574268
406, 0.00923227922370037
407, 0.0093380988885959
408, 0.0092954325179259
409, 0.010033530027916
410, 0.00901290851955613
411, 0.00939768428603808
412, 0.00923996930941939
413, 0.00956607113281886
414, 0.0101232531790932
415, 0.010200552487125
416, 0.00986935338005424
417, 0.0103997882455587
418, 0.00960291797916094
419, 0.0100419516675174
420, 0.00978008440385262
421, 0.00995699719836315
422, 0.00969052718331417
423, 0.00952005991712213
424, 0.0103440523768465
425, 0.010273903918763
426, 0.0120808933861554
427, 0.0116566747116546
428, 0.0110715481763085
429, 0.0113241641471783
430, 0.0107197208950917
431, 0.0103333028964698
432, 0.0104323794754843
433, 0.0105244846393665
434, 0.0106160348902146
435, 0.00983236823230982
436, 0.00945909429962436
437, 0.00980523321777582
438, 0.0103911468759179
439, 0.0104245923769971
440, 0.0104216379113495
441, 0.0104082228305439
442, 0.0104598097192744
443, 0.0104354688276847
444, 0.0104506189624468
445, 0.0104963416233659
446, 0.0105077925448616
447, 0.0104820161747436
448, 0.0104874212605258
449, 0.0105055919848382
450, 0.0105144837871194
451, 0.0104664362346133
452, 0.0105143461065988
453, 0.010094130722185
454, 0.00963172316551208
455, 0.0104500871772567
456, 0.0119760835543275
457, 0.00953124339381854
458, 0.00924765877425671
459, 0.00933864479884505
460, 0.00932656430328886
461, 0.00928706054886182
462, 0.00938720123044082
463, 0.00939678195863962
464, 0.00921196133519212
465, 0.0092882844619453
466, 0.0105521177562575
467, 0.010175766578565
468, 0.0100967866989473
469, 0.00992408643166224
470, 0.0100126334776481
471, 0.0103904929544244
472, 0.0102504023040334
473, 0.00964239488045374
474, 0.00983233330771327
475, 0.00954825958857934
476, 0.00973807259773215
477, 0.0103181898593903
478, 0.0115257503154377
479, 0.0118073156724373
480, 0.0112629413294295
481, 0.0108873491796354
482, 0.0104183137106399
483, 0.01052573028331
484, 0.0106312626351913
485, 0.0107467980124056
486, 0.0124554683764776
487, 0.0130490881080429
488, 0.0122790842183999
489, 0.010386244704326
490, 0.0101062577838699
491, 0.0104917220771313
492, 0.0105313560925424
493, 0.0103669782790045
494, 0.0103831513163944
495, 0.0105552336511513
496, 0.0105321149652203
497, 0.0104038170538843
498, 0.0104801220198472
499, 0.0104529651192327
500, 0.0105522416221599
501, 0.0104273265848557
502, 0.0105071860986451
503, 0.0105658699758351
504, 0.0105643908803662
505, 0.0107873591283957
506, 0.00991418088475863
507, 0.00945485926543673
508, 0.00940095291783412
509, 0.00945086575423678
510, 0.00945934078966578
511, 0.00942163728177547
512, 0.00936454115435481
513, 0.00947804904232422
514, 0.01032197419554
515, 0.0115492483600974
516, 0.0113569033953051
517, 0.0101541426653663
518, 0.0100729502737522
519, 0.0102270205194751
520, 0.00998474129786094
521, 0.00989115719373027
522, 0.0103038661181927
523, 0.00958662573248148
524, 0.010358521156013
525, 0.00969212129712105
526, 0.00979337282478809
527, 0.0112163281689088
528, 0.0110529465600848
529, 0.0119398603481906
530, 0.0105146798305213
531, 0.0106273389731844
532, 0.0107490583322942
533, 0.0108859062505265
534, 0.0106036065678511
535, 0.00948654099678
536, 0.0105342265839378
537, 0.0109119392000139
538, 0.0108714553837975
539, 0.0102847999272247
540, 0.0106311047760149
541, 0.0103475825550656
542, 0.0105306797971328
543, 0.0103770640368263
544, 0.0104890038880209
545, 0.0105707123875618
546, 0.0113054846102993
547, 0.0104483344281713
548, 0.0104104384469489
549, 0.0106051480397582
550, 0.0106387543492019
551, 0.0106293666176498
552, 0.00970227550715208
553, 0.00965039758011699
554, 0.00949296541512012
555, 0.0096225516560177
556, 0.00951699380363737
557, 0.00978581995392839
558, 0.00947410706430674
559, 0.0113441068679094
560, 0.0101377461105585
561, 0.010214322557052
562, 0.0100527172908187
563, 0.0102704200893641
564, 0.00995796204855045
565, 0.00985522987321019
566, 0.00975036916012565
567, 0.00964271121968826
568, 0.0111713991500437
569, 0.0116551732644439
570, 0.0112806957747255
571, 0.0107311808193723
572, 0.0108525549682478
573, 0.0105975902018448
574, 0.010506592070063
575, 0.0103156619394819
576, 0.010564853126804
577, 0.0103525873273611
578, 0.0104507932749887
579, 0.0107184597291052
580, 0.010399277942876
581, 0.0106215129295985
582, 0.0107076062510411
583, 0.010671257507056
584, 0.00996679409096638
585, 0.0101005540539821
586, 0.00987102556973696
587, 0.00980473697806398
588, 0.00961102514217297
589, 0.00961258402094245
590, 0.00961247660840551
591, 0.0111952087221046
592, 0.0102028644954165
593, 0.0101268901489675
594, 0.010277525787907
595, 0.0100363416907688
596, 0.009925518805782
597, 0.00980475793282191
598, 0.00970347821712494
599, 0.011002831471463
600, 0.0108591929698984
601, 0.0119850922375917
602, 0.0108258308221896
603, 0.0102212343675395
604, 0.0105306423890094
605, 0.0104570182350775
606, 0.0102824019268155
607, 0.0106076765805483
608, 0.01039013840879
609, 0.010329771010826
610, 0.0107965632341802
611, 0.0106836648968359
612, 0.010751803095142
613, 0.0103870957779388
614, 0.0103244447770218
615, 0.0100928962541123
616, 0.0111216297373176
617, 0.00999507944410046
618, 0.00974758900702
619, 0.00976495211943984
620, 0.0106999579817057
621, 0.0110771511016147
622, 0.0102589245885611
623, 0.0110623387930294
624, 0.0102057832603653
625, 0.0101259960792959
626, 0.0100199168858429
627, 0.00987483215119157
628, 0.0109409255286058
629, 0.0108067136523979
630, 0.0104402561361591
631, 0.010464468660454
632, 0.0105581001068155
633, 0.0103788312214116
634, 0.0102299121873719
635, 0.0106574616705378
636, 0.0103026214055717
637, 0.0107590688082079
638, 0.0108585810022695
639, 0.0102954826628168
640, 0.0106156507196526
641, 0.0101773864589632
642, 0.0110482087669273
643, 0.00988705890874068
644, 0.00992306011418501
645, 0.0109610124491155
646, 0.00972435732061664
647, 0.0101203468317787
648, 0.010007460291187
649, 0.0108778145164251
650, 0.0106033648674687
651, 0.0109476933255792
652, 0.0104622025974095
653, 0.0104686818085611
654, 0.0103648955312868
655, 0.0107629310029248
656, 0.0105838015054663
657, 0.0102749645399551
658, 0.0107092256657779
659, 0.0103388840022186
660, 0.0100042225793004
661, 0.0109335503851374
662, 0.0100825733194749
663, 0.0101335225626826
664, 0.0102328616194427
665, 0.0102152055129409
666, 0.0108364286522071
667, 0.0169159465779861
668, 0.0106641198508441
669, 0.0124984970316291
670, 0.00677788323567559
671, 0.0104030204626421
672, 0.0104573373682797
673, 0.0104946844900648
674, 0.0105282785370946
675, 0.0105758228649696
676, 0.0108399707823992
677, 0.0111960149370134
678, 0.0119124048699935
679, 0.013457257921497
680, 0.0101818304198484
681, 0.00997051394854983
682, 0.00981907919049263
683, 0.00971456865469615
684, 0.0096546762312452
685, 0.00961907953023911
686, 0.00669008555511634
687, 0.0070278566951553
688, 0.00744299582826595
689, 0.00785306111599008
690, 0.008236115022252
691, 0.00856191028530399
692, 0.00881777346755067
693, 0.00900669132048885
694, 0.0091420152845482
695, 0.00923866002509991
696, 0.00931350328028202
697, 0.00938715801263849
698, 0.009482199481378
699, 0.00962983289112647
700, 0.00988180004060268
701, 0.0103779557781915
702, 0.0113737907571097
703, 0.00598178268410265
704, 0.00550554917814831
705, 0.00479966774582863
706, 0.00384217104874551
707, 0.00315408410582071
708, 0.0104759767030676
709, 0.0100474225667616
710, 0.0108731593936682
711, 0.0103541637460391
712, 0.0101803864041964
713, 0.00995317474007607
714, 0.0113875176757574
715, 0.0120592435821891
716, 0.0090356624374787
717, 0.0094129975574712
718, 0.0100879240781069
719, 0.00959236702571313
720, 0.00831517142554124
721, 0.00974683137610555
722, 0.00734051216083268
723, 0.00783645284051696
724, 0.01044376163433
725, 0.00951803522184491
726, 0.00872155139222741
727, 0.009660254077365
728, 0.00925884473447998
729, 0.00987609258542458
730, 0.00627917144447565
731, 0.00642568889694909
732, 0.00649792227583627
733, 0.00652485270984471
734, 0.00660354442273577
735, 0.0103200490896901
736, 0.0108408088174959
737, 0.0100170820951462
738, 0.0101960653749605
739, 0.0105540140842398
740, 0.0106026199646294
741, 0.0116375125944614
742, 0.012464244539539
743, 0.00982622504234314
744, 0.0111259495218595
745, 0.0106862774118781
746, 0.0105168074369431
747, 0.0104733044281602
748, 0.00991856506360429
749, 0.00679950070168291
750, 0.0111709339544177
751, 0.0101111464202404
752, 0.0108182880406578
753, 0.0110950440478822
754, 0.010444895674785
755, 0.0103134480305016
756, 0.0102038218950232
757, 0.0105725654090444
758, 0.00676798486771683
759, 0.00835051185761889
760, 0.00985108921304345
761, 0.00978091654057304
762, 0.00967098555217187
763, 0.0100887188067039
764, 0.00990938860923052
765, 0.010251858116438
766, 0.00998196192085743
767, 0.00950071914121509
768, 0.0105200372636318
769, 0.00885340276484688
770, 0.0092394871947666
771, 0.00773458710561196
772, 0.00847813362876574
773, 0.0078499597342064
774, 0.00672427075915039
775, 0.00719441045075655
776, 0.0104087265208364
777, 0.0101602361537516
778, 0.0108609098630647
779, 0.0106387150784334
780, 0.0107207042165101
781, 0.0105882895489534
782, 0.0105475223002334
783, 0.0110988123342395
784, 0.0114910531168183
785, 0.0120924450457096
786, 0.0103079698358973
787, 0.0108466003090143
788, 0.00590997585095465
789, 0.0135655719786882
790, 0.00973631633678451
791, 0.0124749994526307
792, 0.0074850257619151
793, 0.0103025838200535
794, 0.0107962586251753
795, 0.0107411098045607
796, 0.0105040778095524
797, 0.0103966573563715
798, 0.0105890782239536
799, 0.00975914640973012
800, 0.00993608419472972
801, 0.0102606963676711
802, 0.0100359367206693
803, 0.0100887939333916
804, 0.0103814875086149
805, 0.0101843290030956
806, 0.0101287052966654
807, 0.0105519100713233
808, 0.00946034025400877
809, 0.00897919603933891
810, 0.00833840668201447
811, 0.00927504027883212
812, 0.0113199592257539
813, 0.0110385335671405
814, 0.0117147645602624
815, 0.0104971181911727
816, 0.0075784424940745
817, 0.0107322723294298
818, 0.0108518493361771
819, 0.0106601160950959
820, 0.0106147516829272
821, 0.0104236613648633
822, 0.00649489546194673
823, 0.0106678917072713
824, 0.0105424941118274
825, 0.0105972654807071
826, 0.0102316748040418
827, 0.01109782497709
828, 0.0100621857369939
829, 0.0103027711932858
830, 0.0113041183600823
831, 0.0103129842318594
832, 0.0104717132635415
833, 0.0104009049634139
834, 0.0103155416436493
835, 0.0105977961793542
836, 0.0103515492131313
837, 0.0109240325788657
838, 0.00972409484287103
839, 0.0090897155127355
840, 0.010574109852314
841, 0.0107945787409941
842, 0.0107093813518683
843, 0.0106597132980824
844, 0.0105206491425633
845, 0.00864313923132916
846, 0.012060576384621
847, 0.0103945878023903
848, 0.010453631542623
849, 0.0106395070130626
850, 0.0109129094829162
851, 0.0107075775042176
852, 0.0108441165648401
853, 0.0105552435852587
854, 0.0105978022329509
855, 0.0105806357848148
856, 0.0105569451781256
857, 0.0104651937261224
858, 0.0105087100528181
859, 0.010546611311535
860, 0.0105902006849647
861, 0.0104880134264628
862, 0.0104315544789036
863, 0.0107615996773044
864, 0.0106264498705665
865, 0.0106989677685002
866, 0.0106611900652448
867, 0.0100954677909613
868, 0.0114673625988265
869, 0.0105624189600348
870, 0.0105921658687294
871, 0.0115905722603202
872, 0.0114656845107675
873, 0.0105945024018486
874, 0.0105990450829268
875, 0.0106186105736664
876, 0.0108910347335041
877, 0.010611361078918
878, 0.0106250564567745
879, 0.0106381415389478
880, 0.0127253439277411
881, 0.00958796963095665
882, 0.0106013539868097
883, 0.00820567924529314
884, 0.0135433851475162
885, 0.00928238034248352
886, 0.0101465528520445
887, 0.00803476651864392
888, 0.00973465153947473
889, 0.0104252914898098
890, 0.0110914916731417
891, 0.0120412659210463
892, 0.0138194761238992
893, 0.00940773030743003
894, 0.00944798812270164
895, 0.00933813288186987
896, 0.00935181491076946
897, 0.00931547411407034
898, 0.00950023687134186
899, 0.00956590194255114
900, 0.00918444246053696
901, 0.00985971388096611
902, 0.00892683491110802
903, 0.0103144886282583
904, 0.00844705337658525
905, 0.0108197727240622
906, 0.0109490087876717
907, 0.0108546181581914
908, 0.0106240257931252
909, 0.0102731697261333
910, 0.00984257304420074
911, 0.00937756042306622
912, 0.00938817082593838
913, 0.00939398538321257
914, 0.0093903704546392
915, 0.00937167415395379
916, 0.00923916340495149
917, 0.00964661703134576
918, 0.00974409344295661
919, 0.00911585660651326
920, 0.00903102693458398
921, 0.00999406290551027
922, 0.00879897146175305
923, 0.00864173177008828
924, 0.0104913162067533
925, 0.0106659458639721
926, 0.00820307681957881
927, 0.00789249882412454
928, 0.0109258123363058
929, 0.00748989979426066
930, 0.0069590841109554
931, 0.00625325933409234
932, 0.00532155049343904
933, 0.00415333907585591
934, 0.00350684360212957
935, 0.00936619207883875
936, 0.00935494077081482
937, 0.00935714676355322
938, 0.0093825360139211
939, 0.00939438864588737
940, 0.00939918169751763
941, 0.0175805759305755
942, 0.0117026977241039
943, 0.0109542862822612
944, 0.0128316360836228
945, 0.00937951154386004
946, 0.00943843104566137
947, 0.010346297485133
948, 0.00964586033175389
949, 0.010798243029664
950, 0.0108875152654946
951, 0.0107885585166514
952, 0.00947482682143649
953, 0.0095205781981349
954, 0.0100574227981269
955, 0.0108904261142015
956, 0.0105441422201693
957, 0.00935947466641665
958, 0.00957719500487049
959, 0.0097274479145805
960, 0.00982283055782318
961, 0.00993273826315999
962, 0.0101960231550038
963, 0.0105041853773097
964, 0.0106603537375728
965, 0.0082649962666134
966, 0.00891495232159893
967, 0.00740419118665159
968, 0.00934575098965849
969, 0.00932849617674947
970, 0.00922464594865839
971, 0.00847224332392216
972, 0.0093030979235967
973, 0.00926855501408378
974, 0.0091692713710169
975, 0.00901655604441961
976, 0.00910053681582212
977, 0.00864649113888542
978, 0.00879269419237971
979, 0.00801945151761174
980, 0.00773166321838896
981, 0.0070822318084538
982, 0.00688792974688113
983, 0.00939128468079226
984, 0.0102460493466684
985, 0.0143149632960558
986, 0.00940868649631739
987, 0.00935565276692311
988, 0.00940527130539219
989, 0.00939076999202371
990, 0.0123419690256317
991, 0.0115003480265538
992, 0.00936833769083023
993, 0.00940996175631881
994, 0.0100486008450389
995, 0.00973716812829177
996, 0.0101975665117304
997, 0.00992568054546913
998, 0.00982302706688643
999, 0.00966478201250235
1000, 0.00960359489545226
1001, 0.00955201887215177
1002, 0.00950886852418383
1003, 0.00947413531442483
1004, 0.0103775267489254
1005, 0.0110384044237435
1006, 0.00944597910468777
1007, 0.0108248757508894
1008, 0.0111885749114056
1009, 0.0105903738488754
1010, 0.0112035176051514
1011, 0.00863577596222361
1012, 0.00875143675754468
1013, 0.00895891136800249
1014, 0.00886054228370388
1015, 0.00852198867748181
1016, 0.00923038087785244
1017, 0.00904482308154305
1018, 0.00911831498766939
1019, 0.00917985026414196
1020, 0.00927104645719131
1021, 0.00842788815498352
1022, 0.00930353021249175
1023, 0.00838844214255611
1024, 0.00932925939559937
1025, 0.00885707613391181
1026, 0.00847612236005565
1027, 0.00934110339730978
1028, 0.00635709650814533
1029, 0.00941781233996153
1030, 0.00961894641763398
1031, 0.00942244287580252
1032, 0.00940494410072764
1033, 0.0119403921999037
1034, 0.0093719990303119
1035, 0.0130785352417401
1036, 0.0100338282063603
1037, 0.0102609450307985
1038, 0.00975336770837506
1039, 0.00966880563646555
1040, 0.00960655137896538
1041, 0.00949189517026146
1042, 0.00986985675990582
1043, 0.00955918384715915
1044, 0.00952185597270727
1045, 0.00946697685867548
1046, 0.0105666007536153
1047, 0.00944698182865977
1048, 0.0109361320113142
1049, 0.00943264349674185
1050, 0.0108828799799085
1051, 0.011322533711791
1052, 0.00907023902982473
1053, 0.00933620426803827
1054, 0.00935309007763863
1055, 0.00896067482729753
1056, 0.00925896984214584
1057, 0.00929081812500954
1058, 0.00896249230330189
1059, 0.00900977042814096
1060, 0.0090656088044246
1061, 0.00922014145180583
1062, 0.0089382481140395
1063, 0.00912188567842046
1064, 0.0091740934488674
1065, 0.00986733799800277
1066, 0.00933148562908173
1067, 0.00931673186520735
1068, 0.00935490398357312
1069, 0.00938114911938707
1070, 0.00942310150712728
1071, 0.0121554996818304
1072, 0.0100962969784935
1073, 0.00980486068874598
1074, 0.00982142907256881
1075, 0.00964505799735586
1076, 0.00953701883554459
1077, 0.0094737905698518
1078, 0.00943801148484151
1079, 0.00941900412241618
1080, 0.00940869531283776
1081, 0.00940329193448027
1082, 0.00940010898436109
1083, 0.00939782662317157
1084, 0.0102637501743933
1085, 0.0105029066714148
1086, 0.00939713589226206
1087, 0.00951590032006303
1088, 0.0093527118054529
1089, 0.00927064164231221
1090, 0.0092388365107278
1091, 0.00924015479783217
1092, 0.0092952709334592
1093, 0.0092529789544642
1094, 0.00927351601421833
1095, 0.00931563569853703
1096, 0.0110600263190766
1097, 0.00933304475620389
1098, 0.00934777005265156
1099, 0.00936088671109506
1100, 0.0107656321488321
1101, 0.00940133600185315
1102, 0.012293858298411
1103, 0.0117500367341563
1104, 0.0108760429546237
1105, 0.0125089162960649
1106, 0.01156543828547
1107, 0.011182971453915
1108, 0.0105043615524968
1109, 0.00676871106649439
1110, 0.00306454655947164
1111, 0.00980241208647688
1112, 0.0121202177057664
1113, 0.0127310088719241
1114, 0.0138415390004714
1115, 0.0172451675559084
1116, 0.00550746452063322
1117, 0.00473369176809986
1118, 0.00370226606416206
1119, 0.0118167564893762
1120, 0.0105306253147622
1121, 0.00961068396766981
1122, 0.00888996788611015
1123, 0.00825337646529078
1124, 0.00768116465769708
1125, 0.0071643910681208
1126, 0.00676326795170705
1127, 0.010004246296982
1128, 0.0104763933146993
1129, 0.0109027209691703
1130, 0.0112361318121354
1131, 0.0114833189484974
1132, 0.0116938982779781
1133, 0.0119288739127417
1134, 0.0122554899814228
1135, 0.00815979476707677
1136, 0.00961733764658372
1137, 0.0104533336125314
1138, 0.00886247167363763
1139, 0.00752828929883738
1140, 0.0118700900735954
1141, 0.0128963429791232
1142, 0.0111136438014607
1143, 0.0112596503458917
1144, 0.0107361533058186
1145, 0.0115600052910546
1146, 0.00952675174921751
1147, 0.0110472335169713
1148, 0.0114757119057079
1149, 0.0113849377570053
1150, 0.0116931853505472
1151, 0.00601717255388697
1152, 0.00647489835197727
1153, 0.00632585740337769
1154, 0.0065397915430367
1155, 0.00646984274499118
1156, 0.00637361865180234
1157, 0.00689836531611426
1158, 0.0116281174123287
1159, 0.0103858332814915
1160, 0.0127396054565907
1161, 0.00734412614256144
1162, 0.00955654230589668
1163, 0.0103840072018405
1164, 0.00876373611390591
1165, 0.00797209516167641
1166, 0.0110595280304551
1167, 0.0117105433185186
1168, 0.0125070516951382
1169, 0.0114582291183372
1170, 0.0113156391307712
1171, 0.0110507772437164
1172, 0.011413898319006
1173, 0.0112227800612648
1174, 0.0113399336114526
1175, 0.00680769879060487
1176, 0.00686254391136269
1177, 0.00842485794176658
1178, 0.00667575141415
1179, 0.00572674130089581
1180, 0.00764512663174953
1181, 0.0096554072224535
1182, 0.00945344272380074
1183, 0.00860559288412333
1184, 0.0102521376684308
1185, 0.0111003695055842
1186, 0.0112518550207218
1187, 0.0107883229851723
1188, 0.0109580606222153
1189, 0.0115723159785072
1190, 0.0117956968024373
1191, 0.00772685177313785
1192, 0.0131918868670861
1193, 0.00797731739779313
1194, 0.00924118810022871
1195, 0.0106940766175588
1196, 0.0112013068671028
1197, 0.00902845910085099
1198, 0.0118597236328891
1199, 0.00949379817272226
1200, 0.00841959631070495
1201, 0.0124978267898162
1202, 0.0102488463744521
1203, 0.0102590612756709
1204, 0.0109556247480214
1205, 0.0101547891274095
1206, 0.0123630026355386
1207, 0.0141880767419934
1208, 0.00996188819408417
1209, 0.0121700314804912
1210, 0.0116455534783502
