1, 0.00851103011518717
2, 0.019527985714376
3, 0.00230877945432439
4, 0.00851848442107439
5, 0.00968953315168619
6, 0.0136925568804145
7, 0.00596124958246946
8, 0.00201144017046317
9, 0.0200724420137703
10, 0.00759428017772734
11, 0.00846896506845951
12, 0.0138806765899062
13, 0.00874382304027677
14, 0.00901297743742665
15, 0.00917663735647996
16, 0.00930759326244394
17, 0.00940190954133868
18, 0.00946625135838985
19, 0.009510587900877
20, 0.00954448943957686
21, 0.0095800383326908
22, 0.00963505854209264
23, 0.00973985840876897
24, 0.00995443249121308
25, 0.0104107504400114
26, 0.0114454737243553
27, 0.0142090343870223
28, 0.0167773781965176
29, 0.00931519394119581
30, 0.00417975708842278
31, 0.0022424958103026
32, 0.00360342588586112
33, 0.00485511713971694
34, 0.00578027086642881
35, 0.00644104865690072
36, 0.00692069778839747
37, 0.00727708428166807
38, 0.00754801269310216
39, 0.00775854956979553
40, 0.00792502860228221
41, 0.0080585510780414
42, 0.00816649353752534
43, 0.00825406952450673
44, 0.00832516637941202
45, 0.00838254578411579
46, 0.00842806495105227
47, 0.00846353794137637
48, 0.00848967271546523
49, 0.0085077880260845
50, 0.00851821945980191
51, 0.00853730210413535
52, 0.00857549036542575
53, 0.00862399395555258
54, 0.00868016605575879
55, 0.00874300021678209
56, 0.00881169488032659
57, 0.0088845236847798
58, 0.00895950508614381
59, 0.00903501485784849
60, 0.00910982396453619
61, 0.00918307900428772
62, 0.00925425533205271
63, 0.00932312322159608
64, 0.00938977145900329
65, 0.00945465949674447
66, 0.00951741822063923
67, 0.00957491155713797
68, 0.00964292045682669
69, 0.00967561608801285
70, 0.00967851746827364
71, 0.00968335537860791
72, 0.00968807532141606
73, 0.0096922709296147
74, 0.00969542190432549
75, 0.00969649540881316
76, 0.00969383058448633
77, 0.00968576005349557
78, 0.00967031344771385
79, 0.00964556851734718
80, 0.00960965299357971
81, 0.00956097183128198
82, 0.00949849716077248
83, 0.00942190270870924
84, 0.00933187020321687
85, 0.00923019864906867
86, 0.00911984747896592
87, 0.00900505483150482
88, 0.00889159552752972
89, 0.00878700303534667
90, 0.00869587870935599
91, 0.00862798032661279
92, 0.00856556122501691
93, 0.00856505675862233
94, 0.00859790574759245
95, 0.0086629626651605
96, 0.00876408473898967
97, 0.00891020428389311
98, 0.00912297827502092
99, 0.00944996159523726
100, 0.00998574681580067
101, 0.0110379268104831
102, 0.0118877156637609
103, 0.0116179765512546
104, 0.00960171191642682
105, 0.00897845004995664
106, 0.00868082108596961
107, 0.00852196663618088
108, 0.0084240132321914
109, 0.00835288657496373
110, 0.00828627062340578
111, 0.00820686357716719
112, 0.00809990521520376
113, 0.00795294996351004
114, 0.00775559122363726
115, 0.0075036408379674
116, 0.00720332733665903
117, 0.00687398388981819
118, 0.00653717418511709
119, 0.0062259795765082
120, 0.00602338245759408
121, 0.00593994988594204
122, 0.00581546213167409
123, 0.00566950261903306
124, 0.00541204897065957
125, 0.00496328722996016
126, 0.0042399464485546
127, 0.00317568254346649
128, 0.00195601904609551
129, 0.00374909761982659
130, 0.00885414223497113
131, 0.0164698353037238
132, 0.0145583919559916
133, 0.0116462153382599
134, 0.0104085382384559
135, 0.00972642842680216
136, 0.0091342031955719
137, 0.00827511578487853
138, 0.00808585551567376
139, 0.00828638502086202
140, 0.00884564158817132
141, 0.00936436528960864
142, 0.00976962006340424
143, 0.0100184312711159
144, 0.0101081042860945
145, 0.0100689632818103
146, 0.00994324932495753
147, 0.00977115550388893
148, 0.00958250525097052
149, 0.00939649747063716
150, 0.00922447101523479
151, 0.00907163756589095
152, 0.00893961948653062
153, 0.00882821219662825
154, 0.00873590322832266
155, 0.00866063497960567
156, 0.00860035046935081
157, 0.00855362166961034
158, 0.00851894604663054
159, 0.00849384814500809
160, 0.00848853238858283
161, 0.00849641859531403
162, 0.00852729907880227
163, 0.00853822752833366
164, 0.00853749706099431
165, 0.00853044105072816
166, 0.00852082669734955
167, 0.0085118031129241
168, 0.00850707447777192
169, 0.00851155507067839
170, 0.00423820588427285
171, 0.00947169602538149
172, 0.0172299733385444
173, 0.016671705370148
174, 0.00893185567110777
175, 0.00380764637763302
176, 0.00605802626038591
177, 0.00631801535685857
178, 0.00670149549841881
179, 0.00714891155560811
180, 0.00764930946752429
181, 0.00821246796598037
182, 0.0088928168018659
183, 0.00984270932773749
184, 0.0119316304723422
185, 0.012345471419394
186, 0.011835775958995
187, 0.011095610447228
188, 0.010779890542229
189, 0.0105712302029133
190, 0.0103349843993783
191, 0.00999891416480144
192, 0.00953998044133186
193, 0.00898701976984739
194, 0.00838885735720396
195, 0.00814001774415374
196, 0.00714533120792891
197, 0.00317641609581187
198, 0.00959220807999372
199, 0.00965136475861073
200, 0.00974590408926209
201, 0.00991703461234768
202, 0.0102467695251107
203, 0.0109172027247647
204, 0.0119065597121205
205, 0.0123452336216966
206, 0.0155368621150653
207, 0.00790486034626762
208, 0.00773326920655866
209, 0.00751659258579214
210, 0.00723863672465086
211, 0.00687601223277549
212, 0.00639582534010212
213, 0.00575137169410785
214, 0.00488761315743128
215, 0.00379931053612381
216, 0.00955003810425599
217, 0.00948731896157066
218, 0.00942340757076939
219, 0.00935772511487206
220, 0.00929009541869164
221, 0.00922012484321992
222, 0.00914785203834375
223, 0.00907363090664148
224, 0.00899813215558728
225, 0.00892237822214762
226, 0.00884778223310908
227, 0.00877615188558896
228, 0.00870958669111133
229, 0.00864958840732773
230, 0.00859606669594844
231, 0.00855362958585223
232, 0.00879693993677696
233, 0.00886460207402706
234, 0.00893888839830955
235, 0.00902818469330668
236, 0.00912305309126774
237, 0.00921750642980138
238, 0.00930691557005048
239, 0.00938806434472402
240, 0.00945876973370711
241, 0.0095178852789104
242, 0.00956522502625982
243, 0.00960133131593466
244, 0.00962730093548695
245, 0.00964459295695027
246, 0.00965478240201871
247, 0.00965953199192882
248, 0.00966031352678935
249, 0.00965846578280131
250, 0.00965517790367206
251, 0.00965102979292472
252, 0.0096455664994816
253, 0.00964272286122044
254, 0.00960855418816209
255, 0.0096014409015576
256, 0.00960942031815648
257, 0.00904646950463454
258, 0.00910747268547614
259, 0.00917729549109936
260, 0.0095294361623625
261, 0.0092493846702079
262, 0.00931944030647477
263, 0.00938430987298489
264, 0.00944167235866189
265, 0.00949020093927781
266, 0.00955962886412938
267, 0.00958156989266475
268, 0.00959634905060132
269, 0.0096051967702806
270, 0.00960528462504347
271, 0.00961023320754369
272, 0.00959667765224973
273, 0.00804264952118198
274, 0.00824547496934732
275, 0.00763477819661299
276, 0.00815440233175953
277, 0.00796139799058437
278, 0.00716090636948744
279, 0.00781367175901929
280, 0.00741888248982529
281, 0.00685965331892173
282, 0.00654176708000402
283, 0.00629250643153985
284, 0.00831981593122085
285, 0.00843090300137798
286, 0.00849857584883769
287, 0.00853012185543776
288, 0.00873967818915844
289, 0.00888585159555078
290, 0.00903896288946271
291, 0.0091878407013913
292, 0.00932723423466086
293, 0.00951963399226467
294, 0.00861732956642906
295, 0.00867455219849944
296, 0.00881093321368098
297, 0.00896239311744769
298, 0.0095997042953968
299, 0.00925884721800685
300, 0.00911438806603352
301, 0.00939312390983105
302, 0.00945802964270115
303, 0.00997616754223903
304, 0.00980750440309445
305, 0.00943617026011149
306, 0.00954557023942471
307, 0.0107439767258863
308, 0.0115621460912128
309, 0.0102593616272012
310, 0.00909346994012594
311, 0.00924270894999305
312, 0.00935436816265186
313, 0.00949698453769088
314, 0.00970000214874744
315, 0.00901587693286794
316, 0.00958688144705125
317, 0.00856133364140987
318, 0.00914229433983564
319, 0.00956803637867173
320, 0.00948913659279545
321, 0.00956743381296595
322, 0.00956326583400369
323, 0.00951830142488082
324, 0.00945203502972921
325, 0.00955440755933523
326, 0.0095397870366772
327, 0.00956614858781298
328, 0.00940744314963619
329, 0.00956257355088989
330, 0.00935670329878728
331, 0.00954952370375395
332, 0.0095578219431142
333, 0.00955269966895382
334, 0.00930224265903234
335, 0.009246282124271
336, 0.00919197018568715
337, 0.00955101568251848
338, 0.00818547482291857
339, 0.00838083727285266
340, 0.00846824732919534
341, 0.00851969529564182
342, 0.00827024690806866
343, 0.00834087701514363
344, 0.00811011126885811
345, 0.00802015575269858
346, 0.00792901800014079
347, 0.00784911975885431
348, 0.00813503058937689
349, 0.00786058519346019
350, 0.00780601023385922
351, 0.00808374397456646
352, 0.00949551284845386
353, 0.00942686727891366
354, 0.0091574895195663
355, 0.00936478298778335
356, 0.00908249290660024
357, 0.00892703762898842
358, 0.00900535099208355
359, 0.0088487952016294
360, 0.00922966531167428
361, 0.00929876836016774
362, 0.00877246617649992
363, 0.00869996131708225
364, 0.00863352200637261
365, 0.00573781388811767
366, 0.00962309539318085
367, 0.00918997048089902
368, 0.00931296559671561
369, 0.00941195075089733
370, 0.0094904041228195
371, 0.00986715018128355
372, 0.0100404185553392
373, 0.0102984816767275
374, 0.0106899545838435
375, 0.0112335641557972
376, 0.00955761099855105
377, 0.00858559664338827
378, 0.0126227595222493
379, 0.0118657557293773
380, 0.00866743543052248
381, 0.00927585576261793
382, 0.00858189644558089
383, 0.00936865387484431
384, 0.00941117946058512
385, 0.00931914119670788
386, 0.00951370255400737
387, 0.0094509506598115
388, 0.00952159753069282
389, 0.00952930841594934
390, 0.00948449550196528
391, 0.00953643256798387
392, 0.00950514602785309
393, 0.00951059473057588
394, 0.00954522704705596
395, 0.00954543426632881
396, 0.00954213909183939
397, 0.00954018952324986
398, 0.00952900511523088
399, 0.00837910020103057
400, 0.00847764328743021
401, 0.00851697459196051
402, 0.00826865729565422
403, 0.00833493424579501
404, 0.00835125893354416
405, 0.00834705277035634
406, 0.0083930054679513
407, 0.00848920519153277
408, 0.00845041762416562
409, 0.00912141722316543
410, 0.00819357670843601
411, 0.00854337370644013
412, 0.00839999628563722
413, 0.0086964531801641
414, 0.00920298416167498
415, 0.00927325617522001
416, 0.0089721653300027
417, 0.00945438016206026
418, 0.00872995052486658
419, 0.00912907331561049
420, 0.008891011433055
421, 0.00905184152846535
422, 0.00880959536880255
423, 0.00865462499981125
424, 0.00940371087441842
425, 0.00933993918200334
426, 0.0109826618184646
427, 0.0105970076595744
428, 0.0100650728369753
429, 0.0102947242558002
430, 0.00974522872517506
431, 0.00939393866186341
432, 0.00948400857547919
433, 0.00956774083897471
434, 0.00965096848085523
435, 0.00893854256719351
436, 0.00859920121729374
437, 0.00891387385005752
438, 0.00944652434970651
439, 0.00947692912692825
440, 0.00947424365828435
441, 0.0094620476787289
442, 0.00950894520307581
443, 0.0094868172891438
444, 0.0095005901530385
445, 0.00954215616608659
446, 0.00955256617938479
447, 0.00952913286164403
448, 0.00953404667476813
449, 0.00955056554327408
450, 0.00955864911278089
451, 0.00951496946314971
452, 0.0095585238498946
453, 0.00917650883396467
454, 0.00875613729779919
455, 0.00950010664140185
456, 0.010887380130589
457, 0.00866479147225618
458, 0.00840698679288228
459, 0.00848970143124461
460, 0.00847871927544475
461, 0.008442806545645
462, 0.00853384379297495
463, 0.00854255352169275
464, 0.00837453454732895
465, 0.00844391932090124
466, 0.00959286202366153
467, 0.00925072375684977
468, 0.00917892344295979
469, 0.0090219226355354
470, 0.00910242010528843
471, 0.00944592976676566
472, 0.00931857417648037
473, 0.0087658385746181
474, 0.00893851059178511
475, 0.00868026105066141
476, 0.00885281851515174
477, 0.00938019948080182
478, 0.0104779849449793
479, 0.0107339542979995
480, 0.0102390668665369
481, 0.0098976183993121
482, 0.00947122167175015
483, 0.00956887348244588
484, 0.0096648121252656
485, 0.00976984420170387
486, 0.0113231856375933
487, 0.0118628414347768
488, 0.0111628361046314
489, 0.00944206786031524
490, 0.00918753336494168
491, 0.00953795630484819
492, 0.00957398752992352
493, 0.00942455278709531
494, 0.00943925557658076
495, 0.0095956944860518
496, 0.00957467763995131
497, 0.00945804252599677
498, 0.00952741100142399
499, 0.00950272272651394
500, 0.00959297455847263
501, 0.00947941498210033
502, 0.00955201483642062
503, 0.00960536378746231
504, 0.00960401926810543
505, 0.00980671836684147
506, 0.00901291783278187
507, 0.00859535128499071
508, 0.0085463454015553
509, 0.008591720679154
510, 0.00859942520037293
511, 0.00856514945626259
512, 0.00851324355850617
513, 0.00861643285801013
514, 0.00938363969326019
515, 0.0104993466908733
516, 0.0103244871521989
517, 0.00923106539994478
518, 0.00915725373973449
519, 0.00929731829091907
520, 0.00907706360643109
521, 0.00899198713401953
522, 0.00936717806117875
523, 0.00871513939152161
524, 0.00941686425358057
525, 0.00881104450672865
526, 0.00890309177339077
527, 0.0101966915341715
528, 0.0100481620368858
529, 0.0108544497883746
530, 0.0095588273058335
531, 0.00966124500458439
532, 0.00977189932018518
533, 0.00989630678668618
534, 0.00963966987494911
535, 0.00862415305649241
536, 0.00957659709577759
537, 0.00991997340073188
538, 0.00988316986088951
539, 0.00934984488412738
540, 0.00966466854636868
541, 0.00940692021201054
542, 0.00957337270180384
543, 0.0094337216578424
544, 0.00953548541292548
545, 0.00960976614927252
546, 0.0102777428304156
547, 0.00949851299325625
548, 0.00946406212945779
549, 0.00964107147107522
550, 0.00967162273203333
551, 0.00966308840240041
552, 0.00882027562086781
553, 0.008773114066571
554, 0.00862999338035782
555, 0.00874779947722952
556, 0.00865183757351977
557, 0.00889622559770942
558, 0.00861284912874301
559, 0.010312853846699
560, 0.00921615942691763
561, 0.00928577439238628
562, 0.00913886042932669
563, 0.00933677237480879
564, 0.0090527191447715
565, 0.0089593258065482
566, 0.00886399733523528
567, 0.00876612635329366
568, 0.0101558465200166
569, 0.0105956422165036
570, 0.0102552074406828
571, 0.009755646965156
572, 0.00986598758026958
573, 0.00963420063878099
574, 0.00955147466932734
575, 0.00937790159756939
576, 0.00960443929458658
577, 0.00941147018844883
578, 0.00950074832265576
579, 0.00974408257752657
580, 0.0094539161461095
581, 0.00965594872832298
582, 0.00973421568050981
583, 0.00970117111379902
584, 0.0090607477662464
585, 0.00918234869216879
586, 0.00897368555888534
587, 0.00891342324515184
588, 0.00873732070128123
589, 0.00873873801901937
590, 0.0087386400749286
591, 0.0101774916984141
592, 0.00927535785983006
593, 0.00920629020159443
594, 0.00934323202818632
595, 0.00912397323797146
596, 0.00902322477971514
597, 0.00891344187160333
598, 0.00882136933505535
599, 0.0100026028230786
600, 0.0098720220848918
601, 0.0108955701813102
602, 0.00984169247870644
603, 0.00929205802579721
604, 0.00957333870852987
605, 0.00950640750428041
606, 0.00934766512364149
607, 0.0096433701304098
608, 0.0094456075069805
609, 0.00939072808250785
610, 0.00981508583451311
611, 0.00971245067194104
612, 0.00977439464380344
613, 0.00944284163415432
614, 0.00938588598122199
615, 0.00917538659026225
616, 0.0101106017827988
617, 0.00908646220341325
618, 0.00886147003620863
619, 0.00887725502252579
620, 0.00972726251929998
621, 0.0100701661514384
622, 0.00932632181793451
623, 0.0100567007126908
624, 0.00927801119784514
625, 0.00920547731220722
626, 0.00910904149835308
627, 0.00897714588791132
628, 0.00994632455209891
629, 0.00982431335640805
630, 0.00949116920431455
631, 0.00951318070292473
632, 0.00959830063705643
633, 0.00943532818928361
634, 0.00929994668279375
635, 0.00968862961356839
636, 0.00936604632685582
637, 0.00978099973872304
638, 0.00987146581922259
639, 0.00935955640549461
640, 0.00965061939011017
641, 0.00925219617784023
642, 0.0100438551356395
643, 0.00898826137805978
644, 0.00902098991597692
645, 0.00996458576992154
646, 0.00884035043418407
647, 0.00920034168908993
648, 0.0090977173919479
649, 0.00988895073533058
650, 0.00963945019369324
651, 0.00995247717946768
652, 0.00951112061738968
653, 0.00951701092223326
654, 0.00942265940830112
655, 0.00978451066960891
656, 0.00962166550258795
657, 0.00934090372174978
658, 0.00973568779105941
659, 0.00939901250724991
660, 0.0090947737917304
661, 0.00993961949522297
662, 0.00916600211833914
663, 0.00921231960611684
664, 0.00930262838179866
665, 0.00928657688200474
666, 0.00985132701074084
667, 0.0153781773212055
668, 0.00969468227898081
669, 0.0113623028488031
670, 0.0061617298439766
671, 0.00945731873313586
672, 0.00950669807692369
673, 0.00954064959660172
674, 0.00957118968168894
675, 0.00961441220715642
676, 0.009854547213763
677, 0.0101782249597212
678, 0.0108294902990262
679, 0.0122339059598744
680, 0.00925623594472806
681, 0.00906412955373526
682, 0.00892646129553517
683, 0.00883145164698362
684, 0.00877700373530388
685, 0.00874464275936286
686, 0.00608191336505115
687, 0.0063889791102459
688, 0.00676637934520841
689, 0.0071391670498997
690, 0.00748739880509675
691, 0.00778357723417381
692, 0.00801618086795012
693, 0.00818792497739196
694, 0.00831094694634279
695, 0.00839880590016643
696, 0.00846684553350011
697, 0.00853380483264724
698, 0.00862020642186205
699, 0.00875441885242859
700, 0.00898348058884343
701, 0.00943453252936403
702, 0.0103398395391802
703, 0.00543800004137059
704, 0.00500505914290746
705, 0.00436334676730136
706, 0.00349289275861035
707, 0.00286735743672277
708, 0.00952364255984624
709, 0.00913404704382022
710, 0.00988471896077196
711, 0.0094129031834503
712, 0.00925492340077957
713, 0.00904836676393946
714, 0.0103523186407983
715, 0.0109629802405834
716, 0.00821426215892037
717, 0.00855729511628548
718, 0.00917086657136679
719, 0.00872035852322976
720, 0.00755926873534918
721, 0.0088607813231647
722, 0.00667321216315031
723, 0.00712406860354046
724, 0.00949435619016488
725, 0.00865278408552209
726, 0.00792870577424765
727, 0.0087820744762818
728, 0.00841715590407451
729, 0.00897829188033938
730, 0.00570835405960679
731, 0.00584155220227937
732, 0.00590721898091336
733, 0.00593170127831399
734, 0.00600323950250943
735, 0.00938188967605432
736, 0.00985530903562903
737, 0.00910646437356869
738, 0.00926917682712277
739, 0.00959458574652672
740, 0.0096387731221815
741, 0.010579587581257
742, 0.0113311641228696
743, 0.00893295723944902
744, 0.0101145287044346
745, 0.00971482569972674
746, 0.00956076150760055
747, 0.00952121320491036
748, 0.00901690311729908
749, 0.00618138210847974
750, 0.0101554235443473
751, 0.00919197797775268
752, 0.00983483577147126
753, 0.0100864328754445
754, 0.00949538700903455
755, 0.00937588900948564
756, 0.0092762284912169
757, 0.00961145060136914
758, 0.00615273121123513
759, 0.00759139649259547
760, 0.00895556124548117
761, 0.00889176782220602
762, 0.00879183039069176
763, 0.00917158896724383
764, 0.00900856110577782
765, 0.00931989774107933
766, 0.00907453708350658
767, 0.00863704240570466
768, 0.00956369781245788
769, 0.00804857110294203
770, 0.008399557787925
771, 0.00703146300899486
772, 0.00770741631276906
773, 0.00713634754841526
774, 0.00611299105609457
775, 0.00654039196670055
776, 0.00946250604465604
777, 0.00923660475139817
778, 0.00987358298152685
779, 0.00967158687611421
780, 0.00974612295006712
781, 0.00962574562678734
782, 0.00958868411059181
783, 0.0100898582798739
784, 0.0104464418254793
785, 0.010993163411816
786, 0.00937090860679746
787, 0.00986057408154011
788, 0.00537272072397172
789, 0.0123323736091455
790, 0.00885122211184353
791, 0.0113409411472579
792, 0.00680458851690803
793, 0.00936601217836142
794, 0.00981480881039585
795, 0.00976467334354917
796, 0.00954918889328837
797, 0.00945153366774321
798, 0.00962646227950851
799, 0.00887197675183415
800, 0.00903282997508844
801, 0.0093279325713714
802, 0.00912360536555449
803, 0.00917165726423264
804, 0.00943774310871959
805, 0.00925850759570797
806, 0.00920794034997622
807, 0.00959267280995846
808, 0.00860033401598533
809, 0.00816292913320164
810, 0.00758039167461296
811, 0.00843187887221575
812, 0.0102909017975132
813, 0.010035059414804
814, 0.0106498165987432
815, 0.00954286210859815
816, 0.00688951307286819
817, 0.00975663913413882
818, 0.00986534605423609
819, 0.00969104267035921
820, 0.00964980199933052
821, 0.00947608317558964
822, 0.00590446731075644
823, 0.00969811140870055
824, 0.009584112758083
825, 0.00963390509908398
826, 0.00930154928937554
827, 0.0100889607953529
828, 0.00914746786778172
829, 0.00936618261039257
830, 0.0102765009117623
831, 0.0093754674308002
832, 0.00951976701617241
833, 0.00945539539679885
834, 0.00937779216716687
835, 0.00963438807853631
836, 0.00941052660346031
837, 0.00993096719806393
838, 0.00884011170516411
839, 0.00826340155409915
840, 0.0096128547253708
841, 0.00981328170746565
842, 0.00973582935209076
843, 0.00969067635014653
844, 0.00956425396725535
845, 0.00785742187872529
846, 0.0109641919178622
847, 0.00944965224092205
848, 0.0095033286139369
849, 0.00967230694368482
850, 0.00992085505276918
851, 0.00973418932408094
852, 0.00985831596578161
853, 0.00959570364405712
854, 0.00963439311211308
855, 0.00961878740539153
856, 0.00959725052650486
857, 0.00951384026557207
858, 0.00955340048919121
859, 0.00958785616482298
860, 0.00962748322635889
861, 0.00953458528965712
862, 0.00948325855036577
863, 0.00978330057114363
864, 0.00966043661658963
865, 0.00972636245811979
866, 0.00969201869641741
867, 0.00917772436514497
868, 0.0104249049909413
869, 0.00960222644997495
870, 0.00962926944096883
871, 0.0105369143188
872, 0.0104233795776963
873, 0.00963139347732067
874, 0.00963552358249823
875, 0.00965331015842301
876, 0.00990096914271514
877, 0.00964671950787306
878, 0.00965917017310858
879, 0.00967106564591328
880, 0.0115685276687145
881, 0.00871636103838682
882, 0.00963762231792013
883, 0.00745973000302911
884, 0.0123122037122292
885, 0.00843855179846287
886, 0.00922416523098946
887, 0.00730435417166778
888, 0.00884970851863424
889, 0.00947756490980585
890, 0.0100832033591966
891, 0.0109466367090742
892, 0.0125631961661081
893, 0.00855250703170896
894, 0.00858910474926233
895, 0.00848923608039816
896, 0.00850167460739613
897, 0.00846863724291325
898, 0.00863660375277201
899, 0.00869629920149843
900, 0.0083495172051092
901, 0.00896340205023686
902, 0.00811532776181897
903, 0.00937683476756016
904, 0.00767916153805951
905, 0.00983618541310231
906, 0.00995367299765348
907, 0.00986786310871442
908, 0.00965823310737809
909, 0.00933927219981948
910, 0.00894781947135925
911, 0.00852507958188653
912, 0.00853472560023268
913, 0.00854001132150491
914, 0.00853672499457995
915, 0.00851972820237279
916, 0.00839926348999143
917, 0.00876967671016852
918, 0.00885829220836361
919, 0.00828716609006127
920, 0.0082100477690498
921, 0.00908553771053751
922, 0.00799908799429735
923, 0.00785614224150777
924, 0.00953758740797639
925, 0.00969634220624963
926, 0.0074573641953369
927, 0.00717501963178317
928, 0.00993258537103732
929, 0.00680901932840546
930, 0.00632645841687918
931, 0.00568479765206575
932, 0.00483778693402807
933, 0.00377577353113641
934, 0.003188048741625
935, 0.00851474469527602
936, 0.00850451613465945
937, 0.00850652158260345
938, 0.00852960317085187
939, 0.00854037795215845
940, 0.00854473514482379
941, 0.0159823880530894
942, 0.0106388467053572
943, 0.00995847086111704
944, 0.0116651573528846
945, 0.00852685359617074
946, 0.0085804167514046
947, 0.00940575186784069
948, 0.0087689890836676
949, 0.00981661289309462
950, 0.00989776942878962
951, 0.00980780879035592
952, 0.00861350353807211
953, 0.00865509593859315
954, 0.00914313783869147
955, 0.00990041578188539
956, 0.00958561152219772
957, 0.00850863810628653
958, 0.00870656579112013
959, 0.0088431597687304
960, 0.00892987164358298
961, 0.00902978812033931
962, 0.00926913848767678
963, 0.00954928699259957
964, 0.0096912585819761
965, 0.00751365465112031
966, 0.00810452550649643
967, 0.00673110239828626
968, 0.0084961618163756
969, 0.00848047543937961
970, 0.00838606602822741
971, 0.00770206151840587
972, 0.00845738609010975
973, 0.00842598328987757
974, 0.00833572540432215
975, 0.00819689268246293
976, 0.00827323893706004
977, 0.007860469010969
978, 0.00799338131522139
979, 0.00729043145353595
980, 0.00702880501436691
981, 0.0064384110737592
982, 0.00626177216569583
983, 0.00853755631084953
984, 0.00931461714208126
985, 0.0130136404186487
986, 0.00855337586253881
987, 0.00850516355906924
988, 0.00855027123664816
989, 0.00853708836560448
990, 0.0112200039438903
991, 0.0104548917151988
992, 0.00851669519518813
993, 0.00855453545227647
994, 0.0091351179095606
995, 0.00885199662297964
996, 0.00927054152513544
997, 0.00902337208390236
998, 0.00893005045751731
999, 0.0087861909220616
1000, 0.0087305661290884
1001, 0.00868367869406939
1002, 0.00864445076634487
1003, 0.00861287489533424
1004, 0.00943414214998484
1005, 0.0100349419129392
1006, 0.00858727858091394
1007, 0.00984082433084647
1008, 0.0101714609190822
1009, 0.00962764024734497
1010, 0.0101850451901555
1011, 0.00785072792011003
1012, 0.00795587447161476
1013, 0.00814448855817318
1014, 0.00805506172279517
1015, 0.00774728467998405
1016, 0.00839127957200011
1017, 0.00822259020060301
1018, 0.00828940079857906
1019, 0.00834534224122763
1020, 0.00842824842159947
1021, 0.00766173843294382
1022, 0.00845777910823623
1023, 0.00762587840047975
1024, 0.00848116925252335
1025, 0.00805191059286396
1026, 0.0077055882041653
1027, 0.00849193651229143
1028, 0.0057791952509433
1029, 0.00856167217716575
1030, 0.0087445221309151
1031, 0.00856588195477213
1032, 0.00854997398952643
1033, 0.0108549332556625
1034, 0.0085200237420698
1035, 0.0118896117699998
1036, 0.00912168808281422
1037, 0.00932815841709574
1038, 0.00886672378207246
1039, 0.00878984884669383
1040, 0.00873325377081831
1041, 0.00862902030348778
1042, 0.0089726229198277
1043, 0.00869019220893582
1044, 0.00865625760828455
1045, 0.00860636712362369
1046, 0.0096060282861193
1047, 0.0085881898800532
1048, 0.00994196689377228
1049, 0.00857515508929888
1050, 0.00989355556666851
1051, 0.0102932420559227
1052, 0.00824569538235664
1053, 0.00848748294326166
1054, 0.00850283354520798
1055, 0.00814609136432409
1056, 0.00841726952542861
1057, 0.00844622263684869
1058, 0.00814774353057146
1059, 0.00819072406738997
1060, 0.00824148658042153
1061, 0.00838197069242597
1062, 0.0081257033161819
1063, 0.00829264738907417
1064, 0.00834010898446043
1065, 0.00897033310805758
1066, 0.00848319306969643
1067, 0.00846978059659402
1068, 0.00850448260704676
1069, 0.00852834184964498
1070, 0.00856648068875074
1071, 0.0110504861921072
1072, 0.00917847796032826
1073, 0.00891353546952208
1074, 0.00892859759430091
1075, 0.00876825985809167
1076, 0.00867004211371144
1077, 0.00861256181572874
1078, 0.0085800353748103
1079, 0.00856275577098131
1080, 0.00855338418235382
1081, 0.00854847192143401
1082, 0.00854557830219468
1083, 0.00854350331549843
1084, 0.00933070899918675
1085, 0.00954812454680602
1086, 0.00854287544886271
1087, 0.00865084336449703
1088, 0.00850248988717794
1089, 0.00842788008352121
1090, 0.00839896670853098
1091, 0.00840016485502323
1092, 0.00845027078563968
1093, 0.00841182346145312
1094, 0.00843049352988601
1095, 0.00846878423665961
1096, 0.010054598407199
1097, 0.00848461082205176
1098, 0.00849799734229843
1099, 0.00850992130913905
1100, 0.00978696656723817
1101, 0.00854669356097778
1102, 0.0111762671731412
1103, 0.0106818825006485
1104, 0.00988734029233456
1105, 0.0113717747852206
1106, 0.0105140650644898
1107, 0.0101663667398194
1108, 0.00954944702486197
1109, 0.00615339151894053
1110, 0.00278595953326051
1111, 0.00891130945334832
1112, 0.0110184114115934
1113, 0.0115736778825521
1114, 0.0125832534395158
1115, 0.0156774702481925
1116, 0.00500680048329135
1117, 0.00430336862336844
1118, 0.00336570614793648
1119, 0.0107425367459655
1120, 0.00957332334170739
1121, 0.00873701041564345
1122, 0.00808181217871606
1123, 0.00750309089198709
1124, 0.00698289709786574
1125, 0.00651310151442885
1126, 0.00614844309166074
1127, 0.00909479536737005
1128, 0.00952402098725239
1129, 0.0099115928945442
1130, 0.0102146946204205
1131, 0.0104394111161431
1132, 0.0106308474205434
1133, 0.0108444622407357
1134, 0.0111413868144155
1135, 0.00741801667027175
1136, 0.00874305935576558
1137, 0.00950305769219995
1138, 0.00805681548081338
1139, 0.0068439191672951
1140, 0.0107910220200817
1141, 0.0117239818597833
1142, 0.0101033416576684
1143, 0.0102360753032068
1144, 0.00976016729449232
1145, 0.0105091261987885
1146, 0.00866070836782456
1147, 0.0100429682061076
1148, 0.0104324955803653
1149, 0.0103499732601146
1150, 0.0106301992200315
1151, 0.0054701726573209
1152, 0.00588628820454081
1153, 0.00575079598153631
1154, 0.00594528215005994
1155, 0.0058816922052453
1156, 0.00579421536531299
1157, 0.00627125932701996
1158, 0.0105710463332278
1159, 0.00944169384560415
1160, 0.0115814929828048
1161, 0.00667649758979678
1162, 0.00868779063845674
1163, 0.00944003385181228
1164, 0.00796705577522516
1165, 0.00724738013620178
1166, 0.0100541455671191
1167, 0.0106459792171206
1168, 0.0113700797470907
1169, 0.0104166019397477
1170, 0.010286974410216
1171, 0.0100461901830775
1172, 0.0103763014388581
1173, 0.010202556848526
1174, 0.0103090602594117
1175, 0.00618883486216267
1176, 0.00623869430273771
1177, 0.00765898373598854
1178, 0.00606888245480756
1179, 0.00520614348351955
1180, 0.00695013520973069
1181, 0.00877766829216853
1182, 0.00859406342109044
1183, 0.00782328890636563
1184, 0.0093201519921422
1185, 0.0100912740454078
1186, 0.0102289887145162
1187, 0.00980759467929602
1188, 0.00996190200870236
1189, 0.0105203175917268
1190, 0.0107233917030195
1191, 0.00702443090267479
1192, 0.0119926587988933
1193, 0.00725212747541567
1194, 0.00840110440428058
1195, 0.00972191585848729
1196, 0.0101830355512599
1197, 0.00820771365293435
1198, 0.0107815981443439
1199, 0.00863075031278034
1200, 0.00765420068055391
1201, 0.0113616934977472
1202, 0.00931716005184821
1203, 0.00932644602532188
1204, 0.00995968747884035
1205, 0.00923165306448936
1206, 0.0112391255795956
1207, 0.012898288667202
1208, 0.00905628819018602
1209, 0.0110636970028281
1210, 0.0105868973769248
