1, 0.00556253176182508
2, 0.0120845618657768
3, 0.00201691474649124
4, 0.00540275871753693
5, 0.00645344192162156
6, 0.00853633694350719
7, 0.00486676720902324
8, 0.00223023619037122
9, 0.0120039796456695
10, 0.00577073078602552
11, 0.00633735628798604
12, 0.00873949937522411
13, 0.00568878534249961
14, 0.00585067675759395
15, 0.00595448678359389
16, 0.00603178927364449
17, 0.00610231142491102
18, 0.00618291964444021
19, 0.00630055073027809
20, 0.00652169118014475
21, 0.00704322235348324
22, 0.00862168986350298
23, 0.0095759715186432
24, 0.00446301751071587
25, 0.00198644906049594
26, 0.00305985003554573
27, 0.00386923155747354
28, 0.00440139742568135
29, 0.00475259427912533
30, 0.00498740413847069
31, 0.00514687481336296
32, 0.00525586361375948
33, 0.00532949428694944
34, 0.005378191669782
35, 0.00540203686493139
36, 0.00541900470852852
37, 0.00547890660042564
38, 0.00555690843611956
39, 0.00565402985860904
40, 0.00575833410645525
41, 0.00586238068838914
42, 0.00596081387872497
43, 0.0060516328861316
44, 0.00613541916633646
45, 0.00621416124825676
46, 0.00628759618848562
47, 0.0063818636117503
48, 0.00642978524168332
49, 0.00642731894428531
50, 0.00641989645858606
51, 0.00640364767362674
52, 0.00637505839889248
53, 0.00633035305266579
54, 0.00626630258436004
55, 0.0061818165704608
56, 0.00607873871922493
57, 0.00596230089043577
58, 0.00584160552049677
59, 0.00572545997177561
60, 0.00567543029319495
61, 0.00562651734799147
62, 0.00562172274415692
63, 0.00568450071538488
64, 0.00575243433316549
65, 0.00581523186216752
66, 0.00586518490066131
67, 0.00589698382342855
68, 0.00591011236732205
69, 0.00590825856973728
70, 0.00589779516061147
71, 0.00588678677255909
72, 0.00588526949286461
73, 0.00590534430618087
74, 0.00596553646028042
75, 0.00609915998453895
76, 0.00636558467522264
77, 0.00695577341442307
78, 0.00745881383772939
79, 0.00729607154304783
80, 0.00606149155646563
81, 0.00564801009992758
82, 0.00542489004631837
83, 0.00528444784382979
84, 0.00518188175434868
85, 0.00510147384678324
86, 0.0050360046637555
87, 0.00498369336128235
88, 0.00494276670118173
89, 0.00491258113955458
90, 0.00488546257838607
91, 0.0049183702794835
92, 0.00501586124300957
93, 0.00509844091720879
94, 0.00517627689987421
95, 0.00524082671230038
96, 0.00528771104291081
97, 0.00531350829017659
98, 0.00531327080292006
99, 0.00528018525801599
100, 0.00520479578214387
101, 0.00507247052155435
102, 0.00485979587150117
103, 0.00452756974846125
104, 0.00400920685691138
105, 0.00321165123023093
106, 0.00217463677593817
107, 0.00461390195414424
108, 0.00955596752464771
109, 0.0086675319665422
110, 0.00708726273539166
111, 0.00657258190525075
112, 0.00636542052961886
113, 0.0062682987190783
114, 0.00621537584811449
115, 0.00618087585705022
116, 0.00615350211349626
117, 0.00612757595566412
118, 0.00609975735036035
119, 0.00606775276052455
120, 0.00602920431022843
121, 0.00598161194163064
122, 0.00592245650477707
123, 0.00584240716749004
124, 0.00582182127982378
125, 0.00586211401969194
126, 0.00591177896906932
127, 0.00596649448076884
128, 0.00602405363072952
129, 0.0060814986936748
130, 0.00613619790722926
131, 0.0061859218403697
132, 0.00622898681710164
133, 0.00626437303920587
134, 0.00629231349254648
135, 0.00631363115583857
136, 0.00631671701557934
137, 0.00630680688967307
138, 0.00626918394118547
139, 0.00624837866052985
140, 0.00623601131762068
141, 0.0062264798519512
142, 0.00621548139800628
143, 0.00619882314155499
144, 0.00617244529227416
145, 0.00613276644920309
146, 0.00607713234300415
147, 0.00600431471442183
148, 0.0059153630087773
149, 0.00581316960354646
150, 0.00570325320586562
151, 0.00559579534456134
152, 0.00550646148622036
153, 0.00543071411084384
154, 0.0043695163136969
155, 0.00947046202297012
156, 0.00955923118939002
157, 0.00459679130775233
158, 0.00487690418958664
159, 0.00489088861892621
160, 0.00490784489860137
161, 0.00493292339767019
162, 0.00496461257959406
163, 0.00500193719441692
164, 0.00504287580649058
165, 0.00508693481485049
166, 0.00513457910468181
167, 0.0051870831909279
168, 0.00524699393038948
169, 0.00531907208884756
170, 0.00541325146332383
171, 0.00554772295678655
172, 0.00577115422735612
173, 0.00619522420068582
174, 0.00745622285952171
175, 0.00762328016571701
176, 0.00709600824241837
177, 0.00646622277175387
178, 0.00617117993533611
179, 0.00601123568291465
180, 0.00592177733778954
181, 0.00587173225358129
182, 0.00584385745848219
183, 0.00582763490577539
184, 0.00581688868502776
185, 0.00580796894306938
186, 0.00579852890223265
187, 0.00578811081747214
188, 0.00577756265799205
189, 0.00576830670858423
190, 0.00576186009372274
191, 0.00576080630222956
192, 0.00578798772767186
193, 0.00581743498332798
194, 0.00658382512629032
195, 0.00236049363156781
196, 0.00609192236637076
197, 0.00617220082009832
198, 0.00628038410407801
199, 0.00645724148489535
200, 0.00680056501490374
201, 0.00762282948320111
202, 0.0100410673767328
203, 0.00540635315701365
204, 0.00472087707991401
205, 0.00438783108256757
206, 0.00390542942720155
207, 0.00321469890574614
208, 0.00617784704081714
209, 0.00609777681529522
210, 0.00601138810937603
211, 0.00591695650170247
212, 0.00581472910319765
213, 0.00570783678752681
214, 0.00560344522818923
215, 0.00550843270805975
216, 0.00586057151667774
217, 0.00627663941122591
218, 0.00631979177705944
219, 0.00634835497476161
220, 0.00636564078740776
221, 0.00637309160083532
222, 0.00637798019063969
223, 0.00495460714834432
224, 0.00482165922100345
225, 0.00500019360333681
226, 0.00537276888887088
227, 0.00523563466655711
228, 0.00511923292651772
229, 0.00490260062118371
230, 0.00531863397918642
231, 0.00648458294260005
232, 0.00601787120103836
233, 0.00676687806844711
234, 0.00726291335498293
235, 0.00631021390048166
236, 0.00619425616847972
237, 0.00621696802166601
238, 0.00629108096472919
239, 0.00630611646920443
240, 0.00605235380741457
241, 0.00614109534459809
242, 0.0057744650170207
243, 0.00595550006255507
244, 0.00627168430946767
245, 0.00630202904964487
246, 0.00625529621417324
247, 0.00588012284909685
248, 0.00606703432276845
249, 0.00597852064917485
250, 0.00565810361877084
251, 0.00555193540640175
252, 0.00631943484768271
253, 0.00577155911984543
254, 0.006147683908542
255, 0.00593161319072048
256, 0.00629967051957335
257, 0.00591809468876038
258, 0.0052121733315289
259, 0.00529590994119644
260, 0.00536334910430014
261, 0.0057869249333938
262, 0.00555274565704167
263, 0.00633101242904862
264, 0.00705561755845944
265, 0.00672905403189361
266, 0.00649234186857939
267, 0.00610319447393219
268, 0.0051107177666078
269, 0.00544954417273402
270, 0.00624022935517132
271, 0.00599020704006155
272, 0.0061372930649668
273, 0.00625552415537337
274, 0.00625924222792188
275, 0.00626005884259939
276, 0.00619528349488974
277, 0.00607038956756393
278, 0.00621968205086887
279, 0.00604478688910604
280, 0.00612260028719902
281, 0.00595431138450901
282, 0.00559693807736039
283, 0.0058482731692493
284, 0.00572736957110465
285, 0.00625606086105108
286, 0.0046642775248204
287, 0.00779885539252843
288, 0.00541251191558937
289, 0.0060201216644297
290, 0.0061994588800839
291, 0.00611286230074863
292, 0.00550968758761883
293, 0.00543753593228757
294, 0.00646666887526711
295, 0.00544883691084882
296, 0.00547321117483079
297, 0.00621873714650671
298, 0.00685942483445009
299, 0.00621249744047721
300, 0.00663954376553496
301, 0.00549746491014957
302, 0.00611423760918634
303, 0.00625527293110887
304, 0.00621661404147744
305, 0.0062355431728065
306, 0.00620885216630995
307, 0.00623894987317423
308, 0.0061652020085603
309, 0.00567535512770216
310, 0.0061157929400603
311, 0.00581664615310729
312, 0.00603594087685148
313, 0.00593830714933574
314, 0.00545769378853341
315, 0.00705518472629289
316, 0.00736681185662746
317, 0.00603216411545873
318, 0.0054473826661706
319, 0.00677138939499855
320, 0.00560596566647291
321, 0.00575618647659818
322, 0.00653952321348091
323, 0.00567345918777088
324, 0.00563311654453476
325, 0.00666424802814921
326, 0.00632650110249718
327, 0.00625124177895486
328, 0.0062664495781064
329, 0.0062652825533102
330, 0.00618653697893023
331, 0.00620817616581917
332, 0.00624796111757557
333, 0.00577064836397767
334, 0.00616941703483462
335, 0.00612232927232981
336, 0.00592695851810277
337, 0.00603673762331406
338, 0.00591673562303185
339, 0.00608528405427933
340, 0.00592821106935541
341, 0.00582573004066944
342, 0.00648516815687929
343, 0.00621639052405953
344, 0.00641628028824925
345, 0.0062622618196266
346, 0.00630096423750122
347, 0.00622925190255046
348, 0.00631434020275871
349, 0.0063017870166472
350, 0.00614581295909981
351, 0.00669394819332021
352, 0.00603984862876435
353, 0.00634051153125862
354, 0.0070674073882401
355, 0.00602980433031917
356, 0.00620599797305961
357, 0.00615976556825141
358, 0.006327138049528
359, 0.00601632373097042
360, 0.00643629642824332
361, 0.00630538081750274
362, 0.00636122492142022
363, 0.00654234308749437
364, 0.0061920214710491
365, 0.00637115035206079
366, 0.00591643983498216
367, 0.00631629750132561
368, 0.00624901172704995
369, 0.00634453864768147
370, 0.00674075135611929
371, 0.00578026931422452
372, 0.00590425768556694
373, 0.00599910784512758
374, 0.00608041991169254
375, 0.00616648940679928
376, 0.00627802809079488
377, 0.00645751552656293
378, 0.0068131696122388
379, 0.00762203110692402
380, 0.00598463198790948
381, 0.0050625641985486
382, 0.0052308082425346
383, 0.00528852144877116
384, 0.00594977770621578
385, 0.00595016148872674
386, 0.00592529765951137
387, 0.0058929279136161
388, 0.00584877313425144
389, 0.0057972571036468
390, 0.00574544041107098
391, 0.00493561740343769
392, 0.00496949612473448
393, 0.00501045499307414
394, 0.00515742033409576
395, 0.00512888096272945
396, 0.00521007475132744
397, 0.00531125379105409
398, 0.0054440947715193
399, 0.00563254494530459
400, 0.0059526797849685
401, 0.00653295909675459
402, 0.00507102448803683
403, 0.00595788766319553
404, 0.00532743769387404
405, 0.00534363525609175
406, 0.00594998523592949
407, 0.00533239566721022
408, 0.00528770661912858
409, 0.00594356609508395
410, 0.00520097278058529
411, 0.00505944706189136
412, 0.00484418558577697
413, 0.00452916075785955
414, 0.00408639475548019
415, 0.00349399629825105
416, 0.00318095943657681
417, 0.00937747031760713
418, 0.00630529853515327
419, 0.00607591797597706
420, 0.00648454615535835
421, 0.00677389705864092
422, 0.00727436031835775
423, 0.00617940219429632
424, 0.00597935651118557
425, 0.0057218341777722
426, 0.00554129318334162
427, 0.00520938953074316
428, 0.00507807754911482
429, 0.00529783172532916
430, 0.00540572505754729
431, 0.00597484658161799
432, 0.00513531011529267
433, 0.0052211950533092
434, 0.0050670182875668
435, 0.00540795635121564
436, 0.00536590674892068
437, 0.00535729193749527
438, 0.00514192568759124
439, 0.00530240676986674
440, 0.00523124371344845
441, 0.005393322945262
442, 0.00539936552134653
443, 0.00512045451129476
444, 0.0053062386966
445, 0.00503250809075932
446, 0.00604244143081208
447, 0.00599170786639055
448, 0.00596591628467043
449, 0.00593281886540353
450, 0.0060062095678101
451, 0.00588799865605931
452, 0.00605521933175623
453, 0.00601813693841298
454, 0.0060124103911221
455, 0.00632056562850873
456, 0.00614922439369063
457, 0.00657032329278688
458, 0.00691745895892382
459, 0.00602946826256812
460, 0.00601461886738737
461, 0.00585355084123356
462, 0.00642508042177984
463, 0.00503938418946096
464, 0.00606548367068172
465, 0.00618599673422674
466, 0.00708137809609373
467, 0.00674387253820896
468, 0.00649750574181477
469, 0.00632246234454215
470, 0.00622549373656511
471, 0.00547878195842107
472, 0.00536943684952954
473, 0.00561257094765703
474, 0.00527619974066814
475, 0.00519389977368216
476, 0.00577824306674302
477, 0.0059975558736672
478, 0.00795582849532366
479, 0.00552122248336673
480, 0.0055115926079452
481, 0.00548907315048079
482, 0.00539562463139494
483, 0.00545060890726745
484, 0.00552375350768367
485, 0.00552928672793011
486, 0.00532571490233143
487, 0.00524039859218257
488, 0.00556018583786984
489, 0.00592058695231875
490, 0.00566017767414451
491, 0.00610227867340048
492, 0.00640022001850108
493, 0.00627428588146965
494, 0.00607009620095293
495, 0.00607184825154642
496, 0.00608458563995858
497, 0.00608369180311759
498, 0.00607517144332329
499, 0.00608116985919575
500, 0.00603298530248659
501, 0.00605691263141731
502, 0.00607772924316426
503, 0.00617707466396193
504, 0.00517768859863281
505, 0.00569845791906118
506, 0.00499011212959886
507, 0.00741784538452824
508, 0.00619727000594139
509, 0.00617445663859447
510, 0.00630887388251722
511, 0.00688414586087068
512, 0.00646869869281848
513, 0.00665609321246545
514, 0.0058119335056593
515, 0.00565900529424349
516, 0.00542415003292263
517, 0.00532559662436446
518, 0.00553448537054161
519, 0.00598622012572984
520, 0.00596517371013761
521, 0.00513454806059599
522, 0.00582680176012218
523, 0.00597711753410598
524, 0.00574136416738232
525, 0.00568929702664415
526, 0.00550708554995557
527, 0.00565010363546511
528, 0.00561176279249291
529, 0.00556573978004356
530, 0.00535189975053072
531, 0.00543392333202064
532, 0.00623318646103144
533, 0.00611526425927877
534, 0.00613677431829274
535, 0.0061096396141996
536, 0.00617659953422844
537, 0.006141456682235
538, 0.00609422366445263
539, 0.00609963503666222
540, 0.00619598454795778
541, 0.00614706675211589
542, 0.00617292368163665
543, 0.00615757300208012
544, 0.00652387884578535
545, 0.00707003676022093
546, 0.00641145436093211
547, 0.00654270042044421
548, 0.0066924742422998
549, 0.00598970155364701
550, 0.00582046752485136
551, 0.00546124411214675
552, 0.0055707769934088
553, 0.00568988857169946
554, 0.00613132615884145
555, 0.00597531503687302
556, 0.006374248303473
557, 0.00587592188579341
558, 0.00580851873382926
559, 0.00575034444530805
560, 0.00569504910769562
561, 0.00563231521906952
562, 0.00555306401414176
563, 0.00615736027248204
564, 0.00609742167095343
565, 0.00612066818090777
566, 0.00628045181344662
567, 0.00611155945807695
568, 0.00609379836047689
569, 0.0061049434201171
570, 0.0062016062438488
571, 0.00658420575782657
572, 0.00627129843148092
573, 0.00624264815511803
574, 0.00611784206703305
575, 0.00671255834666746
576, 0.00605522895542284
577, 0.00619936198927462
578, 0.00603929767385125
579, 0.00636715455246823
580, 0.00588981326048573
581, 0.00595768711840113
582, 0.00583086418919265
583, 0.005680153456827
584, 0.00640182117266314
585, 0.00569785999444624
586, 0.00576261570677161
587, 0.00604024583784242
588, 0.00652336158479253
589, 0.00582464916321139
590, 0.00558981038630009
591, 0.00613621203228831
592, 0.00607444858178496
593, 0.00609291872630517
594, 0.00617498718202114
595, 0.00627388417099913
596, 0.0063268163241446
597, 0.00656482530757785
598, 0.00613509590870568
599, 0.00582218456215092
600, 0.00636327107037817
601, 0.006024136540613
602, 0.00588363921269774
603, 0.00615977154423793
604, 0.00595594862742083
605, 0.00593741340562701
606, 0.0059429882094264
607, 0.00601340411230922
608, 0.00605058188860615
609, 0.00627232082188129
610, 0.00606493139639497
611, 0.00593410888686776
612, 0.00609214389696717
613, 0.0062459073184679
614, 0.00603467086330056
615, 0.00598019873723388
616, 0.00497334256457786
617, 0.00513616173217694
618, 0.00533058028668165
619, 0.00525055134979387
620, 0.00474187467868129
621, 0.00441455670321981
622, 0.00343104005636026
623, 0.00315462626167573
624, 0.00616019172593951
625, 0.00611526107725998
626, 0.00588232395239174
627, 0.00623353066233297
628, 0.00619994228084882
629, 0.0060669743300726
630, 0.00601739382060866
631, 0.00939031845579545
632, 0.00617601497409244
633, 0.00621104069675008
634, 0.00650643239108225
635, 0.00596897125554581
636, 0.00611994268062214
637, 0.0061473329551518
638, 0.00626156851649284
639, 0.00634580237480501
640, 0.00759126944467425
641, 0.00546913826838136
642, 0.00564804176489512
643, 0.00576153940831621
644, 0.00587015296332538
645, 0.00596680367986361
646, 0.006048031616956
647, 0.00611166818998754
648, 0.00615820366268357
649, 0.00618983502499759
650, 0.00620987522415817
651, 0.00622225847716133
652, 0.00623117239835362
653, 0.00624075322411954
654, 0.00625572570910056
655, 0.00628096998358766
656, 0.00655433405855937
657, 0.00537019180289159
658, 0.00395886685388784
659, 0.0054190147202462
660, 0.00524266801464061
661, 0.00538630418789883
662, 0.00538619048893452
663, 0.00503545665803055
664, 0.00514397560618818
665, 0.00532392559883495
666, 0.00626056866409878
667, 0.00617942757283648
668, 0.00628066846790413
669, 0.00596889760345221
670, 0.00610867460879187
671, 0.00614599348045886
672, 0.00606899933579067
673, 0.00620814591335754
674, 0.00629643853753805
675, 0.00683619012124836
676, 0.00609077777092655
677, 0.00615331212369104
678, 0.00637812555457155
679, 0.00622938356051842
680, 0.00628794760753711
681, 0.0060576042936494
682, 0.00591846583411098
683, 0.00601823123482366
684, 0.00618744804523885
685, 0.00652657286264002
686, 0.00554093703006705
687, 0.00582906619335214
688, 0.00602550416563948
689, 0.00609689857810736
690, 0.00614951030972103
691, 0.00618528031433622
692, 0.00624341502164801
693, 0.0062204353356113
694, 0.00570920187359055
695, 0.00593494189282258
696, 0.00620761187747121
697, 0.00622793023164074
698, 0.00623428130832811
699, 0.00592502074626585
700, 0.00626226567796298
701, 0.00596102260585342
702, 0.00547366502827832
703, 0.00548584782518446
704, 0.00547127223884066
705, 0.00548203964717686
706, 0.00550182140432298
707, 0.00543382437899709
708, 0.00494538953838249
709, 0.00678998907096684
710, 0.00624983532664676
711, 0.00611237778017918
712, 0.00614396684492628
713, 0.0061723207278798
714, 0.006196653470397
715, 0.00602880461762349
716, 0.00623119839777549
717, 0.00601425836794078
718, 0.00612175324931741
719, 0.00624932798867424
720, 0.00631312017018596
721, 0.00620166515000165
722, 0.00640556386982401
723, 0.00654437416233122
724, 0.00608976876052717
725, 0.00605446876337131
726, 0.00495395145844668
727, 0.00558968633413315
728, 0.00614837231114507
729, 0.0060898185086747
730, 0.00623032838727037
731, 0.00600973749533296
732, 0.00618738238699734
733, 0.00622804059336583
734, 0.00622285002221664
735, 0.00621067422131697
736, 0.00590690388344228
737, 0.00623413547873497
738, 0.00578996973733107
739, 0.00723089541619023
740, 0.00624198140576482
741, 0.00599017622880638
742, 0.00705094881621855
743, 0.00573437404818833
744, 0.00606261109933257
745, 0.00623014136882765
746, 0.00604382087476552
747, 0.0057145735869805
748, 0.00578931090421975
749, 0.00567395527226229
750, 0.00551776207673053
751, 0.00555492153701683
752, 0.00675072078593075
753, 0.0061511960811913
754, 0.00617482629604638
755, 0.00619565765373409
756, 0.00607819692231715
757, 0.00621638827336331
758, 0.00605782946305616
759, 0.00612767941008012
760, 0.00653050125886997
761, 0.0062613309516261
762, 0.00609444656098882
763, 0.00641035839604835
764, 0.00616280214550595
765, 0.00632499887918433
766, 0.00564233719238213
767, 0.00706764139855901
768, 0.00623045396059752
769, 0.00623081368394196
770, 0.00623284831332664
771, 0.0061564634864529
772, 0.00609089309970538
773, 0.00622107399006685
774, 0.00619812146760523
775, 0.00599971134215593
776, 0.00622786325402558
777, 0.00587621354497969
778, 0.00779027297782401
779, 0.00601195897907019
780, 0.00655247643589973
781, 0.00616142782382667
782, 0.00608970092919966
783, 0.00689885400546094
784, 0.00598581018857658
785, 0.00588271697051823
786, 0.00552468141540885
787, 0.00564776399793724
788, 0.00592700717970729
789, 0.00669469133329888
790, 0.00618662328148882
791, 0.00620251583556334
792, 0.00612278399057686
793, 0.0062112861002485
794, 0.00617117116538187
795, 0.00613412734431525
796, 0.00648886803537607
797, 0.00621188338845968
798, 0.00632235268130898
799, 0.0063968679557244
800, 0.00575503557920456
801, 0.00623509931998948
802, 0.0062424229302754
803, 0.00624596141278744
804, 0.00621923392949005
805, 0.00622456467577389
806, 0.00617482916762431
807, 0.00624047576760252
808, 0.00609854081024726
809, 0.00599224904241661
810, 0.00743652088567615
811, 0.00583130221015641
812, 0.00666818302124739
813, 0.00635130990607043
814, 0.00674541915456454
815, 0.00613914184006197
816, 0.00611090194433928
817, 0.00612981159550448
818, 0.00621388237923384
819, 0.0066062945406884
820, 0.00616465353717407
821, 0.00622173612937331
822, 0.00621590002750357
823, 0.00621621194295585
824, 0.00610350361093879
825, 0.00617670935268203
826, 0.007035151855754
827, 0.00626402410368125
828, 0.00636979200256367
829, 0.00644232363750537
830, 0.00624258234165609
831, 0.00625836414595445
832, 0.00622975546866655
833, 0.00626926954525212
834, 0.00627043711331983
835, 0.00610731837029258
836, 0.00625182781368494
837, 0.00620384995515148
838, 0.00662821042351425
839, 0.00640563666820526
840, 0.0065662224910089
841, 0.00598718514665961
842, 0.00622785192293425
843, 0.00620852803279247
844, 0.00651859631761909
845, 0.00622976325186236
846, 0.00621453098331888
847, 0.00625932131273051
848, 0.00631002228086193
849, 0.00638806587085128
850, 0.00684325015172362
851, 0.00625645897040765
852, 0.00628072543380161
853, 0.00630134856328368
854, 0.00624180228138963
855, 0.00631242757663131
856, 0.00629781497021516
857, 0.00623902049846947
858, 0.0064099101194491
859, 0.00647494867444038
860, 0.00618028789758682
861, 0.00625009617457787
862, 0.00644177881379922
863, 0.00629258994013071
864, 0.00633896561339498
865, 0.00627351350461443
866, 0.00630841652552287
867, 0.00634142686612904
868, 0.00636351807042956
869, 0.00636613400032123
870, 0.00627431469038129
871, 0.00587004430902501
872, 0.00674339084071107
873, 0.00317362007141734
874, 0.00612123062213262
875, 0.0061519315931946
876, 0.00618319973970453
877, 0.00622017782491942
878, 0.00627199265485009
879, 0.00635702496704956
880, 0.00651495026734968
881, 0.00684653602850934
882, 0.00761034758761525
883, 0.00936057387540738
884, 0.0050550257631888
885, 0.00484186713583767
886, 0.00452760187909007
887, 0.00408540526404977
888, 0.00349083049998929
889, 0.00666798961659272
890, 0.00576253530258934
891, 0.0055746897123754
892, 0.00544986012391746
893, 0.00535942676166693
894, 0.00528709008358419
895, 0.00522549861731629
896, 0.00517065147869289
897, 0.00512043270282447
898, 0.00507388201852639
899, 0.00503080307195584
900, 0.00499228527769446
901, 0.00496104662306607
902, 0.00493696075864136
903, 0.00491779328634342
904, 0.0058199471483628
905, 0.00591675502558549
906, 0.00595094302358727
907, 0.00600394792854786
908, 0.00608729897066951
909, 0.00621754745952785
910, 0.00641454081051052
911, 0.00668782826202611
912, 0.0068180236654977
913, 0.00615918799303472
914, 0.00624537793919444
915, 0.00640005804598331
916, 0.00604859855957329
917, 0.00608766924900313
918, 0.00600149288463096
919, 0.00619902275502682
920, 0.00630727976871033
921, 0.00655269514148434
922, 0.00729227454091112
923, 0.00608489328684906
924, 0.00502676920344432
925, 0.0051037990488112
926, 0.00520459438363711
927, 0.00532270610953371
928, 0.00586325380330284
929, 0.00546915107406676
930, 0.00568559695966542
931, 0.00556414357076089
932, 0.00515209588532646
933, 0.00526121996032695
934, 0.00539078765238325
935, 0.00506079383194447
936, 0.00519381766207516
937, 0.00521652315122386
938, 0.00507107136460642
939, 0.0053184701440235
940, 0.00527729683866103
941, 0.00530743940422932
942, 0.00526706098268429
943, 0.00520945293828845
944, 0.00513716018758714
945, 0.00505382078699768
946, 0.00497736744582653
947, 0.0051194290475299
948, 0.00503415513473252
949, 0.00589368725195527
950, 0.00581560625384251
951, 0.00581135107204318
952, 0.00582762116876741
953, 0.00586274887124697
954, 0.00587680897054573
955, 0.00637657342789074
956, 0.00604095038337012
957, 0.00609116675332189
958, 0.00616098195314407
959, 0.00625533827890952
960, 0.00652152843152483
961, 0.00500883108803204
962, 0.00594250221426288
963, 0.00589590719235795
964, 0.00607851784055432
965, 0.00603041184755663
966, 0.00626877695322037
967, 0.00621416458549599
968, 0.00711288613577684
969, 0.00633800704963505
970, 0.0067981977481395
971, 0.00657758326269686
972, 0.00643471837975085
973, 0.00612039227659504
974, 0.00611662957817316
975, 0.00591954635456204
976, 0.00541020875486235
977, 0.00548278447240591
978, 0.00534344324842095
979, 0.00528163323178887
980, 0.00556416848363976
981, 0.00577463465742767
982, 0.00522421556524932
983, 0.00517177768051624
984, 0.00565907211663822
985, 0.00512227967071037
986, 0.0050849418155849
987, 0.00534935900941491
988, 0.00532633865562578
989, 0.00531558979613086
990, 0.00510485703125596
991, 0.00537561842550834
992, 0.00525966682471335
993, 0.00518954785851141
994, 0.00593346535849075
995, 0.00566775126693149
996, 0.00556149077601731
997, 0.00656209367194346
998, 0.00600477067443232
999, 0.00589450340097149
1000, 0.00590297409022848
1001, 0.00584982871077955
1002, 0.00583784670258562
1003, 0.0059571599898239
1004, 0.00624518585391343
1005, 0.00618672642546395
1006, 0.00613818371978899
1007, 0.00630769956236084
1008, 0.00635429782172044
1009, 0.0059780729158471
1010, 0.00529609077299635
1011, 0.00796538842841983
1012, 0.0051779035013169
1013, 0.00597513637815913
1014, 0.0051777124005769
1015, 0.00600813034301003
1016, 0.00635087676346302
1017, 0.0064411589410156
1018, 0.00611873615222673
1019, 0.00628068996593356
1020, 0.0060674202007552
1021, 0.0061660447002699
1022, 0.00656375025088588
1023, 0.00693038137008746
1024, 0.00672508139784137
1025, 0.0061565648897418
1026, 0.00597208311470846
1027, 0.00584237820779284
1028, 0.00522986939176917
1029, 0.00535175235321124
1030, 0.00541731932510932
1031, 0.00548809790052474
1032, 0.00528985789666573
1033, 0.00556327604378263
1034, 0.00564531345541279
1035, 0.00573722676684459
1036, 0.00550665481326481
1037, 0.00549300185715159
1038, 0.00637486530467868
1039, 0.00526086334139109
1040, 0.00533151719719172
1041, 0.00535588874481618
1042, 0.00537683543128272
1043, 0.00625453982502222
1044, 0.00609976208458344
1045, 0.00599192641675472
1046, 0.00593974503378073
1047, 0.00552212493494153
1048, 0.00591182305167119
1049, 0.00621718657203019
1050, 0.00619083774896959
1051, 0.00597560252728207
1052, 0.00624059544255336
1053, 0.00623604034384092
1054, 0.00604576361365616
1055, 0.00606976884106795
1056, 0.0059246866342922
1057, 0.00743668821329872
1058, 0.00653769501617977
1059, 0.00595138147473335
1060, 0.00705853207036853
1061, 0.00642512800792853
1062, 0.00634648689689736
1063, 0.00652090770502885
1064, 0.00675858060518901
1065, 0.00616731486904124
1066, 0.00611165165901184
1067, 0.0062216358880202
1068, 0.00663836851405601
1069, 0.0060008509705464
1070, 0.00563368573784828
1071, 0.00534804384889347
1072, 0.00541292744067808
1073, 0.00571487129976352
1074, 0.0060987557284534
1075, 0.00589734199456871
1076, 0.00548212548407416
1077, 0.00555712357163429
1078, 0.00580207964715858
1079, 0.00573149284658333
1080, 0.00539109817085167
1081, 0.00566348169619838
1082, 0.0053462195986261
1083, 0.0061644243542105
1084, 0.00710002379491925
1085, 0.00547120603732765
1086, 0.00543761835433543
1087, 0.00602568251391252
1088, 0.00641107310851415
1089, 0.00597894447855651
1090, 0.00583077897317708
1091, 0.00618940374503533
1092, 0.00618533906526864
1093, 0.00612007942982018
1094, 0.00613359315320849
1095, 0.00660858200863004
1096, 0.00600813693987827
1097, 0.00599214240598182
1098, 0.0061407220394661
1099, 0.00526715544983745
1100, 0.00605221434185902
1101, 0.00639526235560576
1102, 0.00646801642142236
1103, 0.00621968368068337
1104, 0.00661066399576763
1105, 0.00616290839388967
1106, 0.00654298556037247
1107, 0.00627996299105386
1108, 0.00577537630063792
1109, 0.00585770350880921
1110, 0.00603401125408709
1111, 0.00594263973956307
1112, 0.00569542652616898
1113, 0.00553478680861493
1114, 0.00598776247352362
1115, 0.00561734863246481
1116, 0.00675277544983796
1117, 0.00586553771669666
1118, 0.00542500529748698
1119, 0.00618830144715806
1120, 0.00560686589839558
1121, 0.00555163047586878
1122, 0.00610190109970669
1123, 0.00549227247635524
1124, 0.00602988470345736
1125, 0.00615900413443645
1126, 0.00613527472264
1127, 0.00610989201813936
1128, 0.00617252794715265
1129, 0.0060675364608566
1130, 0.00608484268498917
1131, 0.00604927097447217
1132, 0.00618192312928538
1133, 0.00609745810340558
1134, 0.0064115587156266
1135, 0.00626868304486076
1136, 0.00646130981234213
1137, 0.00620863089958827
1138, 0.00649120464610557
1139, 0.00632963647755484
1140, 0.00590713834390044
1141, 0.00582924834452569
1142, 0.00606894477580984
1143, 0.00598334342551728
1144, 0.00605592356684307
1145, 0.00546280471608043
1146, 0.00622859589445094
1147, 0.0057474422113349
1148, 0.005664996492366
1149, 0.0066247726790607
1150, 0.00577152885186176
1151, 0.00544718202824394
1152, 0.00617367844097316
1153, 0.00616244180127978
1154, 0.00569142067494492
1155, 0.00643173565289804
1156, 0.00561651214957237
1157, 0.00553654367104173
1158, 0.00611770641990006
1159, 0.00613765565988918
1160, 0.00619737004550795
1161, 0.00618778510640065
1162, 0.00615143333561718
1163, 0.00630471032733719
1164, 0.00638320723858972
1165, 0.00639256602153182
1166, 0.00625121593475342
1167, 0.00635891151614487
1168, 0.00624944855059896
1169, 0.00595338083803654
1170, 0.00615741387009621
1171, 0.0060229788068682
1172, 0.0058762077242136
1173, 0.00578455169064303
1174, 0.00637340191751719
1175, 0.00557411029668791
1176, 0.00594596735512217
1177, 0.00620131784429153
1178, 0.00584471644833684
1179, 0.00575665516468386
1180, 0.0056656077504158
1181, 0.00618942461109587
1182, 0.00619398631776373
1183, 0.00619718145268659
1184, 0.00620243380156656
1185, 0.00608530671646198
1186, 0.00611379998736084
1187, 0.00615733835314001
1188, 0.00606545557578405
1189, 0.00599747826345265
1190, 0.006230407472079
1191, 0.00591320629852514
1192, 0.00580909555511815
1193, 0.00631926426043113
1194, 0.00623494349420071
1195, 0.00635746672439079
1196, 0.00630877842195332
1197, 0.0061067040078342
1198, 0.00599333201535046
1199, 0.00589719989026586
1200, 0.00569878052920103
1201, 0.00621478787312905
1202, 0.00624491221138409
1203, 0.00627542550986012
1204, 0.00630392467913528
1205, 0.00628227732765178
1206, 0.00616055161559156
1207, 0.00631514098495245
1208, 0.0061091003784289
1209, 0.00611216342076659
1210, 0.00603938049503735
1211, 0.00602196754577259
1212, 0.00620451724777619
1213, 0.0059346804395318
1214, 0.00616956120356917
1215, 0.00623369147069752
1216, 0.00612937929108739
1217, 0.0062543375728031
1218, 0.00625525481466736
1219, 0.00620092591270804
1220, 0.0061616157181561
1221, 0.00625513643026352
1222, 0.00622164730780891
1223, 0.00621746769174933
1224, 0.00611609257757664
1225, 0.00621027806773782
