1, 0.00638894690200686
2, 0.0167842612136155
3, 0.0017191160004586
4, 0.00501008611172438
5, 0.00938777253031731
6, 0.00997130945324898
7, 0.00585825508460402
8, 0.00181587459519506
9, 0.0169107685796916
10, 0.00738110998645425
11, 0.00827431585639715
12, 0.0113328760489821
13, 0.00703236786648631
14, 0.00766263001908859
15, 0.00806239852681756
16, 0.00858972268179059
17, 0.00957386816541354
18, 0.0120127188662688
19, 0.0152231464162469
20, 0.00961554981768131
21, 0.00470965743685762
22, 0.00235124138028671
23, 0.00126039985722552
24, 0.00225166976451874
25, 0.00313770794309676
26, 0.00382526024865607
27, 0.00432471185922623
28, 0.00466965891731282
29, 0.00489670146877567
30, 0.00501328008249402
31, 0.00509080880632003
32, 0.00535136694088578
33, 0.00576936515669028
34, 0.00625744322314858
35, 0.00676420594876011
36, 0.00726012450953325
37, 0.00773088618492087
38, 0.00817733040700356
39, 0.00861912220716476
40, 0.00908874037365119
41, 0.00922560761682689
42, 0.00929047850271066
43, 0.00926052375386159
44, 0.00919863923142354
45, 0.00906724451730649
46, 0.0088350505878528
47, 0.00849368640532096
48, 0.00805613988389572
49, 0.00757225758085648
50, 0.00709750580911835
51, 0.00675417498374979
52, 0.00662558867285649
53, 0.00682353864734371
54, 0.00717092491686344
55, 0.0075387810356915
56, 0.0078607431302468
57, 0.00808104717483123
58, 0.00818311174710592
59, 0.00817685481160879
60, 0.00808757885048787
61, 0.00794449293365081
62, 0.00777470025544365
63, 0.00759965678056081
64, 0.00743605739747484
65, 0.00729646099110444
66, 0.0071920370683074
67, 0.00713409607609113
68, 0.00714027772968014
69, 0.00724391934151451
70, 0.00751391192898154
71, 0.00817004482572277
72, 0.00874645239673555
73, 0.00856079782048861
74, 0.00715852699552973
75, 0.00669060073172053
76, 0.00643461849540472
77, 0.00627039031436046
78, 0.00614964263513684
79, 0.00605569655696551
80, 0.00598294241353869
81, 0.00592880882322788
82, 0.00588452241693934
83, 0.00591352646006271
84, 0.00601662757496039
85, 0.00610178057104349
86, 0.00617377025385698
87, 0.00622693635523319
88, 0.00625717973647018
89, 0.00625823220858971
90, 0.00622585493450363
91, 0.00615631548377375
92, 0.00604363724899789
93, 0.00587931221040587
94, 0.00565040522875885
95, 0.00533681308540205
96, 0.00490889395587146
97, 0.00432334219415983
98, 0.00354145533250024
99, 0.00255364195133249
100, 0.00139560296277826
101, 0.00256322495018442
102, 0.00511834607459605
103, 0.0100898027109603
104, 0.0155572012687723
105, 0.0123545555397868
106, 0.00986573550229271
107, 0.00884389582400521
108, 0.00836696134259303
109, 0.00812982146938642
110, 0.00800670217722654
111, 0.00793919572606683
112, 0.00789913255721331
113, 0.00787150378649434
114, 0.00784752595548829
115, 0.00782153305287162
116, 0.00778916555767258
117, 0.00774665991775692
118, 0.00768921423392991
119, 0.00761051049145559
120, 0.0074919035126056
121, 0.00745655472079913
122, 0.00751915372287234
123, 0.00760277484854062
124, 0.00769795011729002
125, 0.00780020623157422
126, 0.00790336231390635
127, 0.00800094753503799
128, 0.00808884793271621
129, 0.00816208558777968
130, 0.00821951776742935
131, 0.00823725503869355
132, 0.00822731262693802
133, 0.00818130870660146
134, 0.00817723510166009
135, 0.00819595747937759
136, 0.00822645425796509
137, 0.00826085824519396
138, 0.00829062548776468
139, 0.00830581101278464
140, 0.00829456560313702
141, 0.00824290979653597
142, 0.00813502011199792
143, 0.00795496844997009
144, 0.00769085173184673
145, 0.0073413522914052
146, 0.00691528463115295
147, 0.00643388150880734
148, 0.00594278099015355
149, 0.0055224549335738
150, 0.00515151373110712
151, 0.00241498420170198
152, 0.00485616930139561
153, 0.00977776541064183
154, 0.0153447597598036
155, 0.0154073486725489
156, 0.00982782353336612
157, 0.00492047945347925
158, 0.00251225153139482
159, 0.00586910266429186
160, 0.00588843676572045
161, 0.00591981038451195
162, 0.00596564325193564
163, 0.00602124041567246
164, 0.00608642073348165
165, 0.00615895508478085
166, 0.00623666060467561
167, 0.0063181328587234
168, 0.00640287871162097
169, 0.00649124337360263
170, 0.00658485277866324
171, 0.00668707365791003
172, 0.00680339631314079
173, 0.00694452412426472
174, 0.00713052026306589
175, 0.00739879456038276
176, 0.00782578919703762
177, 0.00939455744810402
178, 0.0100757184748848
179, 0.00913133844733238
180, 0.008435959306856
181, 0.00807347521185875
182, 0.00788324807460109
183, 0.00778364514311155
184, 0.00773239725579818
185, 0.00770719023421407
186, 0.00769473534698288
187, 0.00768670812249184
188, 0.00767740467563272
189, 0.00766273634508252
190, 0.00764030730351806
191, 0.0076096171202759
192, 0.00757164337361852
193, 0.00752866206069787
194, 0.00748469835768143
195, 0.00744433406119545
196, 0.00741164914021889
197, 0.00739009166136384
198, 0.00741733587346971
199, 0.00838606199249625
200, 0.00793098262511194
201, 0.00361250522213855
202, 0.00155365944374353
203, 0.00755365863442421
204, 0.00741007245544876
205, 0.00905641416708628
206, 0.0110594729582469
207, 0.0103929343943795
208, 0.0134057722364863
209, 0.00426706508733332
210, 0.00375154447586586
211, 0.0031027914568161
212, 0.00231759265686075
213, 0.00883104745298624
214, 0.00840757802749673
215, 0.00797272527900835
216, 0.00751968286931515
217, 0.00703310042930146
218, 0.00652191213642557
219, 0.00601018980766336
220, 0.00553193703914682
221, 0.00517319507586459
222, 0.00726389481375615
223, 0.00797395873814821
224, 0.00832370932524403
225, 0.00861273100599647
226, 0.0088193758080403
227, 0.00894486454005043
228, 0.00900365272536874
229, 0.00902897616227468
230, 0.00786572761301483
231, 0.00463724687385062
232, 0.00486557092517614
233, 0.0044119304123645
234, 0.00450036727956363
235, 0.00498780952766538
236, 0.00467764159354071
237, 0.00734268377224604
238, 0.00628688132079939
239, 0.00821664510294795
240, 0.00576124829240143
241, 0.00780565772826473
242, 0.00683153513818979
243, 0.00761322351172566
244, 0.00870275792355339
245, 0.00833365631600221
246, 0.00864129234105349
247, 0.00869833414132396
248, 0.00852099806070328
249, 0.00869169815753897
250, 0.00832025427371264
251, 0.00883396559705337
252, 0.00523492780381015
253, 0.00509882617431382
254, 0.00552301434800029
255, 0.0049248159242173
256, 0.00601176785615583
257, 0.00663417306107779
258, 0.00719670454661051
259, 0.0076878130591164
260, 0.00810226953277985
261, 0.0086659664022071
262, 0.00839104370347091
263, 0.00851168421407541
264, 0.00859305107345184
265, 0.00862932981302341
266, 0.00859780997658769
267, 0.00809476299521824
268, 0.00960385551055272
269, 0.0087133969313332
270, 0.00549098653718829
271, 0.00993536366149783
272, 0.0067573730678608
273, 0.00828228797763586
274, 0.0056308411460902
275, 0.00706685714734097
276, 0.00802480825223029
277, 0.00762359883325795
278, 0.00641854153946042
279, 0.0055144501850009
280, 0.00552078491697709
281, 0.00841122400015593
282, 0.0090725364163518
283, 0.00677705729114158
284, 0.00874544649074475
285, 0.00860287342220545
286, 0.00842544715851545
287, 0.00828825440257788
288, 0.00848490574086706
289, 0.00927108883236845
290, 0.0106285007980963
291, 0.00861813621595502
292, 0.00936785604183873
293, 0.0080118722149304
294, 0.00614976016804576
295, 0.00691167717533452
296, 0.0075839477746437
297, 0.00807476828673056
298, 0.00636014652748903
299, 0.00867702982698878
300, 0.0083761482189099
301, 0.0088087961388131
302, 0.00907330941408873
303, 0.00984992630158862
304, 0.00770457461476326
305, 0.00833020685240626
306, 0.00929224384682519
307, 0.00896712175259987
308, 0.00804233103990555
309, 0.00882568225885431
310, 0.00887442231178284
311, 0.00806802910353456
312, 0.00718936054036021
313, 0.006498490460217
314, 0.011334768574064
315, 0.00617632401796679
316, 0.00725594644124309
317, 0.00832794063414137
318, 0.00901857980837425
319, 0.0103777536811928
320, 0.00733358475069205
321, 0.00725998349177341
322, 0.00608992824951808
323, 0.00599874500185251
324, 0.00624211939672629
325, 0.00730411809248229
326, 0.00628471638386448
327, 0.00764704976851742
328, 0.00792791321873665
329, 0.00558293238282204
330, 0.00809370446950197
331, 0.00799899703512589
332, 0.00781645035992066
333, 0.00757172680459917
334, 0.00732103129848838
335, 0.0071032860626777
336, 0.00617794599384069
337, 0.00629825222616394
338, 0.00645782961510122
339, 0.00668112382603188
340, 0.00705052679404616
341, 0.00770409273294111
342, 0.00628559671652814
343, 0.00630126536513368
344, 0.00739245861768723
345, 0.00751023879274726
346, 0.00623330730013549
347, 0.00614392594434321
348, 0.00779119902290404
349, 0.00601160541797678
350, 0.00582864259680112
351, 0.00803854720046123
352, 0.0081012846591572
353, 0.00525731546804309
354, 0.00482887029647827
355, 0.00426337285898626
356, 0.00350556817526619
357, 0.00398412433319858
358, 0.00292575891528811
359, 0.00181494581047446
360, 0.00777795036057276
361, 0.00608391112958391
362, 0.00708951653602223
363, 0.00600739281314115
364, 0.00639996669876079
365, 0.00594726554118097
366, 0.00656505130852262
367, 0.00678714457899332
368, 0.0135039834616085
369, 0.0048930982593447
370, 0.0054567843520393
371, 0.00627565779723227
372, 0.00633760363173981
373, 0.00607624623392309
374, 0.00618834374472499
375, 0.00634668751930197
376, 0.00628679951963325
377, 0.00570420331011216
378, 0.00637485661233465
379, 0.00637142911242942
380, 0.00619474891573191
381, 0.00590688455849886
382, 0.00606909984101852
383, 0.00516957153255741
384, 0.00749510169650118
385, 0.00797201902605593
386, 0.00810688020040592
387, 0.00799039487416545
388, 0.00738262672287722
389, 0.00733439158648252
390, 0.00776155238660673
391, 0.00814166627824306
392, 0.0074362272862345
393, 0.00733698011996845
394, 0.00775702476191024
395, 0.00736993233052393
396, 0.00752714594515661
397, 0.00763663106287519
398, 0.00787929259240627
399, 0.00782254128716886
400, 0.00807416501144568
401, 0.00807311742876967
402, 0.00785569249031444
403, 0.00747227938845754
404, 0.00957006200527151
405, 0.00875427589441339
406, 0.00760817467900259
407, 0.00769228641209858
408, 0.00713375536724925
409, 0.0100884586572647
410, 0.007394696213305
411, 0.00616178545169532
412, 0.00684263363170127
413, 0.00663201906718314
414, 0.00711611146107316
415, 0.00627002709855636
416, 0.00809152564033866
417, 0.00644931748198966
418, 0.00648489027904967
419, 0.00648040813393891
420, 0.00623577212293943
421, 0.00640528214474519
422, 0.00646032090298831
423, 0.0063952993756781
424, 0.00632263184525073
425, 0.00614166484835247
426, 0.00605530858350297
427, 0.00600498759498199
428, 0.0060608423470209
429, 0.00631483217390875
430, 0.00620761010795832
431, 0.0043132355902344
432, 0.0074662269713978
433, 0.00732595310546458
434, 0.00749462121166289
435, 0.00735812090958158
436, 0.00741401539805035
437, 0.00759800981419782
438, 0.00772349544179936
439, 0.00802271192272504
440, 0.00786906620487571
441, 0.00816466240212321
442, 0.00731829235640665
443, 0.00733499686854581
444, 0.00826730206608772
445, 0.00829890510067344
446, 0.00824235193431377
447, 0.00759721640497446
448, 0.00819666481887301
449, 0.0050144899636507
450, 0.00891063082963228
451, 0.0106682723077635
452, 0.00922225089743733
453, 0.00645427475683391
454, 0.00736340714086379
455, 0.00831036541300515
456, 0.00947140769234725
457, 0.00857268034347466
458, 0.00986908003687859
459, 0.00685748434625566
460, 0.00647073735793432
461, 0.00737328959318499
462, 0.00659365556202829
463, 0.00656163785606623
464, 0.00653044669888914
465, 0.00661747755172352
466, 0.00662458587127427
467, 0.00660837146764
468, 0.00656202629519006
469, 0.00652767252177
470, 0.00651207465368013
471, 0.0068202232165883
472, 0.00661226936305563
473, 0.00646797311492264
474, 0.00634018797427416
475, 0.00834743461261193
476, 0.00863027339801192
477, 0.00854148187985023
478, 0.00811543144906561
479, 0.00725536327809095
480, 0.00728571539123853
481, 0.00742026007113357
482, 0.00733873892265062
483, 0.00788662008320292
484, 0.00753380358219147
485, 0.00768826754453282
486, 0.00724230357445776
487, 0.00724175417174896
488, 0.00708734391567608
489, 0.0093155222545777
490, 0.00665711735685666
491, 0.00725530721247196
492, 0.00677846798983713
493, 0.00677874567918479
494, 0.00678276053319375
495, 0.00680913217365742
496, 0.0068769328451405
497, 0.00678437909421821
498, 0.00678760620454947
499, 0.00701730023138225
500, 0.00727036595344543
501, 0.00674811735128363
502, 0.00725853365535537
503, 0.0066760369975652
504, 0.00858868223925432
505, 0.00890044417853157
506, 0.00823221153890093
507, 0.00724137869353096
508, 0.00790196501960357
509, 0.0076307519339025
510, 0.00721385353244841
511, 0.00713285431265831
512, 0.00716085957052807
513, 0.00730065908282995
514, 0.00743340041177968
515, 0.00711860344745219
516, 0.00710918676729004
517, 0.00705073847036277
518, 0.00897245816886425
519, 0.00683087110519409
520, 0.00832363000760476
521, 0.00887725249465023
522, 0.00699305169594785
523, 0.00704074425933262
524, 0.00712692264157037
525, 0.00727514930379887
526, 0.00697148257556061
527, 0.00696291277805964
528, 0.00751471542753279
529, 0.00695468725947042
530, 0.00693843218808373
531, 0.00768496344486872
532, 0.00689604831859469
533, 0.00786504390028616
534, 0.00709595259589454
535, 0.00800188677385449
536, 0.00881040825818976
537, 0.00826955097727478
538, 0.00652090199291706
539, 0.0091689161490649
540, 0.00326298639023056
541, 0.00245040573645383
542, 0.0043356594008704
543, 0.00385237698598454
544, 0.00162038367707282
545, 0.00808842262874047
546, 0.0078210715825359
547, 0.00784895739828547
548, 0.00787347741425037
549, 0.00789985107257962
550, 0.00793518343319496
551, 0.00799119922642907
552, 0.00826671300455928
553, 0.00860655711342891
554, 0.00927025281513731
555, 0.0106403310783207
556, 0.0136069874279201
557, 0.00795814441516995
558, 0.00787160607675711
559, 0.00755098400016626
560, 0.00778322682405512
561, 0.00769768593211969
562, 0.00810787718122204
563, 0.00568909950864812
564, 0.00669553293846548
565, 0.0071585134913524
566, 0.00754897428366045
567, 0.00785425786549846
568, 0.00807055815433463
569, 0.00820748896027605
570, 0.00828072459747394
571, 0.00830685518061121
572, 0.0083008692599833
573, 0.00827543235694369
574, 0.00824113329872489
575, 0.00820688825721542
576, 0.00818056706339121
577, 0.00817024676750104
578, 0.00618980724054078
579, 0.00818784705673655
580, 0.011174851640438
581, 0.00752692120814962
582, 0.0037848217512614
583, 0.00494429756266375
584, 0.00467864575330168
585, 0.00488702417351305
586, 0.00509753567166626
587, 0.00469186025050779
588, 0.00483751754897336
589, 0.00778570608235896
590, 0.0085465582087636
591, 0.00812127720564604
592, 0.00796856327603261
593, 0.00789631313333909
594, 0.00767650059424341
595, 0.007739712872232
596, 0.00760539527982473
597, 0.0078664553972582
598, 0.00802744412794709
599, 0.00900196485842268
600, 0.00827821996062994
601, 0.00792813052733739
602, 0.00803818926215172
603, 0.00816138368099928
604, 0.00793892315899332
605, 0.00779650057666004
606, 0.00762068061158061
607, 0.00819987710565329
608, 0.00786707845206062
609, 0.00534368781372905
610, 0.00743274367414415
611, 0.00777969788759947
612, 0.0082741134489576
613, 0.00818579116215309
614, 0.00831008159245054
615, 0.00830996362492442
616, 0.00828717990467946
617, 0.00821440620347857
618, 0.00802691824113329
619, 0.0082523498373727
620, 0.00818111437062422
621, 0.00815962891404827
622, 0.0059393288102001
623, 0.00648446660488844
624, 0.0069991343965133
625, 0.00815700460225344
626, 0.00997230131179094
627, 0.00702782945397
628, 0.00767160479777626
629, 0.00537560560873577
630, 0.00520861924936374
631, 0.00579090152556698
632, 0.00503604114055634
633, 0.00779211039965351
634, 0.00974196940660477
635, 0.00774199391404788
636, 0.0083253076300025
637, 0.00808139036719998
638, 0.00817758170887828
639, 0.00801593142872055
640, 0.00796782551333308
641, 0.00792860612273216
642, 0.00855430324251453
643, 0.00890186661854386
644, 0.00783318467438221
645, 0.00772503996267915
646, 0.00800784754877289
647, 0.00793775574614604
648, 0.00787426112219691
649, 0.0080687782416741
650, 0.00812041418006023
651, 0.00832208665087819
652, 0.00832188579564293
653, 0.00828343769535422
654, 0.00814719048018257
655, 0.00818858730296294
656, 0.00817893166095018
657, 0.00801529285187523
658, 0.00821940197298924
659, 0.00829842283080021
660, 0.00826160842552781
661, 0.00773900685211023
662, 0.00734219506072501
663, 0.00686172589970132
664, 0.00622895991961871
665, 0.00813354086130857
666, 0.00872190510854125
667, 0.00620579478951792
668, 0.00837497320026159
669, 0.00950554696222146
670, 0.00810466294309923
671, 0.00567885542598863
672, 0.00569928421949347
673, 0.00855663993085424
674, 0.00882538283864657
675, 0.00785264908336103
676, 0.00780390909252067
677, 0.00800805150841673
678, 0.00806244664515058
679, 0.00813198757047454
680, 0.00836281680191557
681, 0.00822731293737888
682, 0.00789202408244213
683, 0.00939608473951618
684, 0.00698255064586798
685, 0.00799933867529035
686, 0.00781828218272754
687, 0.00565334213897586
688, 0.0079447734169662
689, 0.00805608664328853
690, 0.00804504550372561
691, 0.00773573837553461
692, 0.0083112302236259
693, 0.0082694919159015
694, 0.00822573310385148
695, 0.00831672580291828
696, 0.00834781769663095
697, 0.00834094127640128
698, 0.0081360749900341
699, 0.00817560187230507
700, 0.0082229437927405
701, 0.00725685254049798
702, 0.00675810938701034
703, 0.00714512290433049
704, 0.00775314290076494
705, 0.00791692214884928
706, 0.00993132203196486
707, 0.0065648138212661
708, 0.00873352137083809
709, 0.00792016321793199
710, 0.00853474096705516
711, 0.00787430520479878
712, 0.00810105989997586
713, 0.00837829041605194
714, 0.00817098701372743
715, 0.00826028129085898
716, 0.00796284091969331
717, 0.00916431766624252
718, 0.00800271518528461
719, 0.00805493801211317
720, 0.00827631074935198
721, 0.00830490592246254
722, 0.00832682956630985
723, 0.00837973117207487
724, 0.00839167988548676
725, 0.00822375776867072
726, 0.00836845301091671
727, 0.00812232246001562
728, 0.00811672423567091
729, 0.00817333782712618
730, 0.00776357017457485
731, 0.00713743156354342
732, 0.00901450247814258
733, 0.0079531108494848
734, 0.0063389065520217
735, 0.00863277213647962
736, 0.00949143742521604
737, 0.0107283115697404
738, 0.00799420941621065
739, 0.00849475587407748
740, 0.00819714988271395
741, 0.00837532912070552
742, 0.00827752379700541
743, 0.00804279589404663
744, 0.00895752757787704
745, 0.00801064120605588
746, 0.00809391979128122
747, 0.00806695983434717
748, 0.00828168153141936
749, 0.00821984512731433
750, 0.00834447595601281
751, 0.00847599127640327
752, 0.00845497070501248
753, 0.00840514836211999
754, 0.00816226191818714
755, 0.00843009632080793
756, 0.00812066458165646
757, 0.00824914057739079
758, 0.00783636793494225
759, 0.00794906355440617
760, 0.00788849517703056
761, 0.00911658583208919
762, 0.0073127007111907
763, 0.00853689884146055
764, 0.0080689424648881
765, 0.00844865075002114
766, 0.00828316885357102
767, 0.00836210480580727
768, 0.00876763074969252
769, 0.00812968332320452
770, 0.0082125342451036
771, 0.00814896666755279
772, 0.00860562392820915
773, 0.00808700626449925
774, 0.008604747398446
775, 0.00845049399261673
776, 0.0080219192430377
777, 0.00883536133915186
778, 0.0086786507939299
779, 0.00753932368631164
780, 0.00387860876175442
781, 0.00171323695685714
782, 0.00790345606704553
783, 0.00794471163923542
784, 0.00800730955476562
785, 0.00811212540914615
786, 0.00829834537580609
787, 0.00863850846265753
788, 0.00929407930622498
789, 0.0112671666623404
790, 0.010664210965236
791, 0.0136587449039022
792, 0.00763452365728361
793, 0.00560173951089382
794, 0.00527529402946432
795, 0.00483282182055215
796, 0.00424536693996439
797, 0.00352696736808866
798, 0.0025937309449849
799, 0.00781760256116589
800, 0.00741223680476348
801, 0.00716466604111095
802, 0.00698568640897671
803, 0.00684535402494172
804, 0.00672707101330161
805, 0.0066218456098189
806, 0.00652427148694793
807, 0.00643144416001936
808, 0.00634227235180636
809, 0.00625680154189467
810, 0.00617582281120121
811, 0.00610131700523198
812, 0.00603602291084826
813, 0.00598168179082374
814, 0.00593794245893757
815, 0.00590938655659556
816, 0.00777861910561721
817, 0.00781382713466883
818, 0.00787116268960138
819, 0.00796477597517272
820, 0.00811561165998379
821, 0.00834767504905661
822, 0.00868010505413016
823, 0.00906632499148448
824, 0.00861259627466401
825, 0.00815814516196648
826, 0.00798020930960774
827, 0.00784125784412026
828, 0.0078714635844032
829, 0.00833007072408994
830, 0.00906387468179067
831, 0.00805101512620846
832, 0.0060365772806108
833, 0.00616035928639273
834, 0.00624121461684505
835, 0.00642445768850545
836, 0.00662634187998871
837, 0.00684898944261173
838, 0.00788464381669958
839, 0.00838520582765341
840, 0.00755018042400479
841, 0.0073079700426509
842, 0.00712490508643289
843, 0.00697610061615705
844, 0.00633005083849033
845, 0.0067341406053553
846, 0.00652334249267976
847, 0.00609156489372253
848, 0.00584157711515824
849, 0.004953721150135
850, 0.00551252144699295
851, 0.00613567978143692
852, 0.00601507086927692
853, 0.00575290077055494
854, 0.00605341506057552
855, 0.00597023759037256
856, 0.00522941327653825
857, 0.00502053937608642
858, 0.0077555023599416
859, 0.00827225561564167
860, 0.00844270984331767
861, 0.00813906360417604
862, 0.00789762746232251
863, 0.00749997864477336
864, 0.00769799722669025
865, 0.00771944706017772
866, 0.00773749966174364
867, 0.0079533706108729
868, 0.00803187225634853
869, 0.00763786910101771
870, 0.00599258633640905
871, 0.0084317039166178
872, 0.00713228566261629
873, 0.010112326592207
874, 0.00788616202771664
875, 0.00780746689997613
876, 0.00776575280663868
877, 0.00810393178835511
878, 0.00838429589445392
879, 0.00821757921949029
880, 0.00863553366313378
881, 0.00900731918712457
882, 0.00792876429234942
883, 0.00980043488865097
884, 0.00793025301148494
885, 0.00741575239226222
886, 0.00763734057545662
887, 0.00649706615755955
888, 0.00660449041364094
889, 0.00639489168922106
890, 0.0067162310394148
891, 0.00683256999279062
892, 0.00621221330948174
893, 0.00723607869197925
894, 0.0062988786958158
895, 0.00614222891939183
896, 0.006955064755554
897, 0.00708699955915411
898, 0.00594338417674104
899, 0.0062123629419754
900, 0.0061338582697014
901, 0.00625965682168802
902, 0.0062519582764556
903, 0.00619161136758824
904, 0.00609256249542038
905, 0.00607257088025411
906, 0.00613169038357834
907, 0.00608789556038876
908, 0.00609668177951659
909, 0.00785825642136236
910, 0.00767149108772476
911, 0.00747805957992872
912, 0.00746043426916003
913, 0.0075302766636014
914, 0.00763973267748952
915, 0.0076036542498817
916, 0.00778178311884403
917, 0.00780492159537971
918, 0.00803883404781421
919, 0.00798603457709154
920, 0.00810124647493164
921, 0.00819069519639015
922, 0.00817591433102886
923, 0.00782913761213422
924, 0.00822815001010895
925, 0.00887747583910823
926, 0.00771152678256234
927, 0.00758060473682625
928, 0.00961182332996811
929, 0.00838126909608642
930, 0.00893736071884632
931, 0.00780021127623816
932, 0.00863858126103878
933, 0.00795888233308991
934, 0.00826176768168807
935, 0.00841979139174024
936, 0.00802233365053932
937, 0.00784522388130426
938, 0.0108158381966253
939, 0.00948887939254443
940, 0.00732539664022624
941, 0.00749060278758407
942, 0.00625206786207855
943, 0.00644978485070169
944, 0.00655944071089228
945, 0.00769119376006226
946, 0.00634588114917278
947, 0.00791814768066009
948, 0.00667461729608476
949, 0.00679393345490098
950, 0.00691689527593553
951, 0.00717983084420363
952, 0.00704470044001937
953, 0.00620896128627161
954, 0.00625877749795715
955, 0.00612374013289809
956, 0.00687044602818787
957, 0.00669954810291529
958, 0.00623905154255529
959, 0.00619474759635826
960, 0.0062992525442193
961, 0.00633760999577741
962, 0.0062931643333286
963, 0.00628083711490035
964, 0.00774649841090043
965, 0.00794424597794811
966, 0.00775732154337068
967, 0.00761159517181416
968, 0.00758835743181407
969, 0.00802281110857924
970, 0.00756591736959914
971, 0.00770016519042353
972, 0.00786407353977362
973, 0.00807005663712819
974, 0.00805168397103747
975, 0.00773022052211066
976, 0.00788675062358379
977, 0.00791237394635876
978, 0.00768092499735455
979, 0.010026929123948
980, 0.00618075455228488
981, 0.0071534214541316
982, 0.00779324498338004
983, 0.00805648338670532
984, 0.00883907017608484
985, 0.00785107941677173
986, 0.0086083603091538
987, 0.00842400314286351
988, 0.00814566606034835
989, 0.00790412630885839
990, 0.00933452462777495
991, 0.00771384546533227
992, 0.00755166999685268
993, 0.00637711227561037
994, 0.00740021994958321
995, 0.00649309818012019
996, 0.00673373338455955
997, 0.00661080858359734
998, 0.00686037043730418
999, 0.00698895961977541
1000, 0.00725600604588787
1001, 0.00711980718187988
1002, 0.00723370832080642
1003, 0.00662383576855063
1004, 0.00637498358264565
1005, 0.00628171294617156
1006, 0.00737377558834851
1007, 0.00638310168869793
1008, 0.00657478525924186
1009, 0.00639068878566225
1010, 0.00624331211050351
1011, 0.00659060633430878
1012, 0.00799493553737799
1013, 0.00784192855159442
1014, 0.00766830588690937
1015, 0.00799180148169398
1016, 0.0079863304272294
1017, 0.00793521866823236
1018, 0.00795233404884736
1019, 0.0077925903412203
1020, 0.00781851975868146
1021, 0.00763736960167686
1022, 0.00797165806094805
1023, 0.00772471042970816
1024, 0.00769247374098216
1025, 0.00765616605058312
1026, 0.00792540357049022
1027, 0.00781453664725026
1028, 0.00618599150329828
1029, 0.00785208524515232
1030, 0.00636232597753406
1031, 0.0081679243594408
1032, 0.00791749885926644
1033, 0.00871994812041521
1034, 0.00854803140585621
1035, 0.00828077939028541
1036, 0.00798302718127767
1037, 0.0091102123260498
1038, 0.00775118668874105
1039, 0.00760930846445262
1040, 0.00652119889855385
1041, 0.00718454217227797
1042, 0.00731888506561518
1043, 0.00678193491573135
1044, 0.00665083395627638
1045, 0.00745940425743659
1046, 0.00691667067197462
1047, 0.00705115621288617
1048, 0.00775843051572641
1049, 0.00713815198590358
1050, 0.00626978953368962
1051, 0.00656219284671048
1052, 0.00635572445268432
1053, 0.00618403738675018
1054, 0.00651635920318464
1055, 0.00631714138823251
1056, 0.00688801504050692
1057, 0.00654503462525706
1058, 0.00698829380174478
1059, 0.00799611769616604
1060, 0.00791845858717958
1061, 0.00776415651974579
1062, 0.00770712899975479
1063, 0.00798557341719667
1064, 0.00787970811749498
1065, 0.00789925168889264
1066, 0.00799036677926779
1067, 0.00790049352993568
1068, 0.00799460693572958
1069, 0.00773450941778719
1070, 0.0080852884799242
1071, 0.00786856720224023
1072, 0.00792390030498306
1073, 0.00778233275438348
1074, 0.00827484671026468
1075, 0.00799585956459244
1076, 0.00858971786995729
1077, 0.00839985503504674
1078, 0.00807587616145611
1079, 0.00889174205561479
1080, 0.00933942970420633
1081, 0.00780259199174387
1082, 0.00737426189395289
1083, 0.00764291035011411
1084, 0.00724153880340358
1085, 0.00667789011883239
1086, 0.00750595703721046
1087, 0.00681791959019999
1088, 0.00696304029164215
1089, 0.00710459635592997
1090, 0.00802559071841339
1091, 0.00766927112514774
1092, 0.00638163914637906
1093, 0.00681351249416669
1094, 0.00646552606485784
1095, 0.00625699611070255
1096, 0.00776235871016979
1097, 0.00669328410488864
1098, 0.00640485752373934
1099, 0.00724432159525653
1100, 0.00675155703599254
1101, 0.00742313615046442
1102, 0.00779434658276538
1103, 0.00793928078686198
1104, 0.00797945555920402
1105, 0.00785509077832103
1106, 0.00800647089878718
1107, 0.00795842241495848
1108, 0.00799251161515713
1109, 0.00797067939614256
1110, 0.00797341593230764
1111, 0.00782632967457175
1112, 0.00784523199711527
1113, 0.0065315988446985
1114, 0.00885292561724782
1115, 0.00799445776889721
1116, 0.00835448844979207
1117, 0.00807885592803359
1118, 0.0084711240294079
1119, 0.00816978917767604
1120, 0.00869471626356244
1121, 0.0089953748198847
1122, 0.00851347590131419
1123, 0.00742537699018915
1124, 0.00766905979253352
1125, 0.00755071709863842
1126, 0.00729161935547988
1127, 0.00811724721764525
1128, 0.00683475697102646
1129, 0.00699866330251098
1130, 0.00714942129949729
1131, 0.00710915696496765
1132, 0.00662024241561691
1133, 0.00783179172625144
1134, 0.00690533965826035
1135, 0.00760007929056883
1136, 0.00699946012658377
1137, 0.00801708021511634
1138, 0.00794127319628994
1139, 0.00788137642666698
1140, 0.00799196554968754
1141, 0.00802372489124537
1142, 0.00795247809340557
1143, 0.0080232919814686
1144, 0.00791609240695834
1145, 0.00779196371634801
1146, 0.00838531119128068
1147, 0.00815405184403062
1148, 0.00806840881705284
1149, 0.00824949005618691
1150, 0.00847137300297618
1151, 0.00853245193138719
1152, 0.00872902510066827
1153, 0.0079260990023613
1154, 0.0089105112478137
1155, 0.00969808418303728
1156, 0.00842379368841648
1157, 0.00747364557658633
1158, 0.00759946128043036
1159, 0.00771040640150507
1160, 0.00733792354973654
1161, 0.00741718344700833
1162, 0.00702004965084295
1163, 0.00718731929858526
1164, 0.00669557936489582
1165, 0.00818313751369715
1166, 0.00682527851313353
1167, 0.00713170001593729
1168, 0.00792417698539793
1169, 0.0077868870459497
1170, 0.00726610732575258
1171, 0.00802329167102774
1172, 0.0080187264829874
1173, 0.00794301880523562
1174, 0.00807060316825906
1175, 0.00797925171043192
1176, 0.00805063173174858
1177, 0.00790254150827726
1178, 0.00800208033372959
1179, 0.00784959205027137
1180, 0.00821018870919943
1181, 0.00835325522348285
1182, 0.00812369693691532
1183, 0.0082972568149368
1184, 0.00838531771053871
1185, 0.0084788425426398
1186, 0.0076477606780827
1187, 0.00775501287231843
1188, 0.00752099812962115
1189, 0.0077117031129698
1190, 0.00738370263328155
1191, 0.00721710946943079
1192, 0.00701274173334241
1193, 0.00818803454084056
1194, 0.00736669955464701
1195, 0.00799432583153248
1196, 0.00807975822438796
1197, 0.00753474134641389
1198, 0.00787685283770164
1199, 0.00808922993019223
1200, 0.00804471084848046
1201, 0.00805332902818918
1202, 0.00808541184025151
1203, 0.00788803615917762
1204, 0.00823509863888224
1205, 0.00816621740038196
1206, 0.00825715390965343
1207, 0.00830036339660486
1208, 0.00837559401988983
1209, 0.00780229829251766
1210, 0.00770047175077101
1211, 0.00796727028985818
1212, 0.00756882037967443
1213, 0.00812060587729017
1214, 0.00761718948238662
1215, 0.00777700520120561
1216, 0.00799301266670227
1217, 0.00807585225751003
1218, 0.007941316626966
1219, 0.00821852404624224
1220, 0.00817413612579306
1221, 0.0079285497777164
1222, 0.00825006421655416
1223, 0.00785540657428404
1224, 0.00776144621583323
1225, 0.00743378642946482
1226, 0.00814225644405399
1227, 0.00781323313713074
1228, 0.00796920278420051
1229, 0.00802643519515792
1230, 0.00812828596681356
1231, 0.00816759979352355
1232, 0.00812931864389351
1233, 0.00812106374651194
1234, 0.00810699444264174
1235, 0.00794128135644964
1236, 0.00806865406533082
1237, 0.0079659141600132
1238, 0.00829522723021607
