1, 0.0096566453576088
2, 0.0239104297943413
3, 0.00213818741030991
4, 0.00713885528966784
5, 0.0124183772131801
6, 0.0160591658204794
7, 0.0081287557259202
8, 0.00216604577144608
9, 0.0233059492893517
10, 0.0105487909168005
11, 0.0110974032431841
12, 0.0170739851891994
13, 0.0100580654772265
14, 0.0105173479144772
15, 0.0107683888636529
16, 0.0109658050350845
17, 0.0111685760008792
18, 0.0114605979373058
19, 0.0120160365477204
20, 0.0133458462854226
21, 0.0168603590379159
22, 0.0213154926896095
23, 0.0137776313349605
24, 0.00696601408223311
25, 0.00342822847111771
26, 0.00225621865441402
27, 0.00394654693081975
28, 0.00532830700588723
29, 0.00626610894687474
30, 0.00684232994293173
31, 0.00715936470078304
32, 0.00733851237843434
33, 0.0078858882188797
34, 0.00866200247158607
35, 0.00945671492566665
36, 0.0101666984458764
37, 0.0107415147746603
38, 0.0111597978199522
39, 0.0114374443267783
40, 0.0116164075831572
41, 0.0117481180156271
42, 0.0118837642172972
43, 0.0121426410041749
44, 0.0122941778972745
45, 0.0121863937626282
46, 0.0119829475879669
47, 0.0117018688470125
48, 0.0113543722157677
49, 0.010962919332087
50, 0.0105633934338888
51, 0.0101820090785623
52, 0.0100081160198897
53, 0.00976695617039998
54, 0.00983292454232772
55, 0.00999907186875741
56, 0.0102090798318386
57, 0.0104304980486631
58, 0.0106333214789629
59, 0.0107970647513866
60, 0.0109159033745527
61, 0.0109961231549581
62, 0.0110516225298246
63, 0.0111030045275887
64, 0.0111782892296712
65, 0.0113180006543795
66, 0.0115850766499837
67, 0.0120965779448549
68, 0.0130578062186639
69, 0.0143165634945035
70, 0.0132705576252192
71, 0.0109705505892634
72, 0.0102920861293872
73, 0.0098276004816095
74, 0.00947529853632053
75, 0.00918749750902255
76, 0.00894176835815112
77, 0.00872692683090766
78, 0.00853828309724728
79, 0.00837939294675986
80, 0.00826112863918146
81, 0.00817564339376986
82, 0.00816256393279348
83, 0.0082277450710535
84, 0.00828354510789116
85, 0.00831955128038923
86, 0.00832202952976028
87, 0.00827571315069993
88, 0.00816214208801587
89, 0.00795813106621305
90, 0.00763125182129443
91, 0.0071350351596872
92, 0.00640749651938677
93, 0.00536812997112672
94, 0.00394598565374811
95, 0.0022447684702153
96, 0.00353446028505762
97, 0.00730340524266164
98, 0.0140462415292859
99, 0.0219764988869429
100, 0.0168417265328268
101, 0.0135193656509121
102, 0.0122580922519167
103, 0.0117196867552896
104, 0.0114774663622181
105, 0.0113702241020898
106, 0.0113249338852863
107, 0.011307611130178
108, 0.0113006740187605
109, 0.0112942817310492
110, 0.0112824236663679
111, 0.011261201929301
112, 0.0112281117277841
113, 0.0111813315500816
114, 0.0111193615011871
115, 0.0110408601661523
116, 0.0109426948862771
117, 0.0108190293734272
118, 0.0106597535001735
119, 0.0106528648175299
120, 0.0106868545214335
121, 0.0107599167774121
122, 0.0108319108063976
123, 0.0109023690844576
124, 0.0109687686587373
125, 0.0110249783222874
126, 0.0110686138893167
127, 0.0110960726160556
128, 0.0111124437923233
129, 0.0111578494931261
130, 0.0112302486474315
131, 0.011318606014053
132, 0.0114176388209065
133, 0.0115244804571072
134, 0.0116368302454551
135, 0.0117513655374447
136, 0.0118638351559639
137, 0.0119682922959328
138, 0.0120560384045045
139, 0.0121142156422138
140, 0.0121242869645357
141, 0.012061070650816
142, 0.011893494365116
143, 0.0115892173101505
144, 0.0111226066946983
145, 0.0104863612602154
146, 0.00971298882116874
147, 0.0088573939477404
148, 0.00802254599208633
149, 0.00739817290256421
150, 0.00334709603339434
151, 0.00665317118788759
152, 0.0135900573804975
153, 0.0213813291241725
154, 0.0215234054873387
155, 0.0138353013123075
156, 0.00686339661478996
157, 0.00338146672584116
158, 0.00814584270119667
159, 0.0081960977986455
160, 0.00828008136401574
161, 0.00838814210146666
162, 0.00851299582670132
163, 0.00864857062697411
164, 0.0087872085471948
165, 0.00892350046585003
166, 0.00905409300078948
167, 0.00917704030871391
168, 0.00929186400026083
169, 0.00939963012933731
170, 0.00950272101908922
171, 0.0096049498145779
172, 0.00971193704754114
173, 0.0098317318285505
174, 0.00997611011068026
175, 0.0101651422058543
176, 0.0104315672069788
177, 0.010841963502268
178, 0.0115179174269239
179, 0.0139849833212793
180, 0.0150742459421357
181, 0.0135450769836704
182, 0.0123751203839978
183, 0.0117100082958738
184, 0.0113180574650566
185, 0.0110713702936967
186, 0.0109077543020248
187, 0.0107938212653001
188, 0.0107102729380131
189, 0.010647127404809
190, 0.010598604567349
191, 0.0105618421609203
192, 0.010537461998562
193, 0.0105247174700101
194, 0.0105208630363146
195, 0.0105252002055446
196, 0.0105768332723528
197, 0.0107159408119818
198, 0.0104137435555458
199, 0.0155608571755389
200, 0.00551722263584712
201, 0.00233432829845697
202, 0.0109342117793858
203, 0.0111292111687362
204, 0.0113758460308115
205, 0.0117842305141191
206, 0.0125962269182007
207, 0.0144347343593836
208, 0.0186546922971805
209, 0.01068572620196
210, 0.00621727248653769
211, 0.00531064967314402
212, 0.00382304684414218
213, 0.0118103843803207
214, 0.0116895424822966
215, 0.0115519864484668
216, 0.011342901426057
217, 0.0110100523258249
218, 0.0105188962382575
219, 0.00986545517419775
220, 0.00909258844330907
221, 0.00825049650544921
222, 0.00752351681391398
223, 0.0112121892161667
224, 0.0115081331071754
225, 0.0117631821582715
226, 0.0119517945374052
227, 0.0120818380576869
228, 0.0147869518647591
229, 0.0112977006162206
230, 0.00873307728519042
231, 0.0103506254963577
232, 0.0117393325393399
233, 0.0116515389333169
234, 0.0115234272864958
235, 0.0109178471999864
236, 0.0119422437623143
237, 0.00959348290537794
238, 0.0108931901243826
239, 0.0114175706791381
240, 0.0105822581487397
241, 0.0103074882179499
242, 0.0116096638763944
243, 0.0117614037978152
244, 0.0133709350290398
245, 0.0111711397767067
246, 0.0114171857324739
247, 0.0117714491983255
248, 0.012369088207682
249, 0.0109624306981762
250, 0.00679708419678112
251, 0.00709145786240697
252, 0.00725631734045843
253, 0.00722654543018767
254, 0.0138777550309896
255, 0.00968690160661936
256, 0.00768100636612092
257, 0.0118490299209952
258, 0.0107066920027137
259, 0.0137313284600774
260, 0.0116579208212594
261, 0.0117018261613945
262, 0.0108941264140109
263, 0.0115543397453924
264, 0.0113247556922336
265, 0.0102276707378527
266, 0.0092857526615262
267, 0.0111978040076792
268, 0.011679010199649
269, 0.0115794489781062
270, 0.0109397846584519
271, 0.0114748242000739
272, 0.0112227024510503
273, 0.0117934547985593
274, 0.0129571142606437
275, 0.0122583994331459
276, 0.00743999751284719
277, 0.0133939553052187
278, 0.0109306362768014
279, 0.0114344549365342
280, 0.0101135716152688
281, 0.0117106513741116
282, 0.0117254621970157
283, 0.0116632464341819
284, 0.0117421839386225
285, 0.00881292351654598
286, 0.0114332760373751
287, 0.0116747356951237
288, 0.0112626390265567
289, 0.0110227428376675
290, 0.0125930388458073
291, 0.0115047039774557
292, 0.0121400815745195
293, 0.0117809410827855
294, 0.00837156260386109
295, 0.0121931689791381
296, 0.0131192216649652
297, 0.0116328356477122
298, 0.0109898660642405
299, 0.0117634010634252
300, 0.0118475123308599
301, 0.0118527702676753
302, 0.0116272973828018
303, 0.0115069614723325
304, 0.012295253885289
305, 0.0117300458784614
306, 0.0120075514229635
307, 0.0123611656682832
308, 0.0105856965916852
309, 0.0119222548479835
310, 0.0121394298039377
311, 0.0125291806956132
312, 0.0120365264204641
313, 0.011893055960536
314, 0.00918341218493879
315, 0.0110166554028789
316, 0.0100441664457321
317, 0.010988157785808
318, 0.00634616644432147
319, 0.0156816322622555
320, 0.0100893311512967
321, 0.0128496868225435
322, 0.0123481970901291
323, 0.0119039723649621
324, 0.0115777601798375
325, 0.0113692150140802
326, 0.0112399344022075
327, 0.0111554342632492
328, 0.0110887371314069
329, 0.0110190859995782
330, 0.0109308642956118
331, 0.0108142720224957
332, 0.0106673881721993
333, 0.00336600279357905
334, 0.00831453440090021
335, 0.00759583525359631
336, 0.0070757750266542
337, 0.00838716064269344
338, 0.00837846115852396
339, 0.00829936315615972
340, 0.00835635668287675
341, 0.00817889533936977
342, 0.00794969910445313
343, 0.00635086465626955
344, 0.00538633181713521
345, 0.00425690672515581
346, 0.00824813600629568
347, 0.00917834074546893
348, 0.00946901692077518
349, 0.00981906227146586
350, 0.0102698641518752
351, 0.0109326583333313
352, 0.0200056985020638
353, 0.0106437510500352
354, 0.0113738829580446
355, 0.0118122588222226
356, 0.012723118532449
357, 0.0150413581480583
358, 0.0110206900474926
359, 0.0111474441364408
360, 0.0104988698537151
361, 0.0103286841573815
362, 0.0112780475368102
363, 0.0119195627048612
364, 0.0115196149175366
365, 0.0117045113195976
366, 0.0113789030971626
367, 0.010933308241268
368, 0.01120549471428
369, 0.0110897893706957
370, 0.0082251465258499
371, 0.00794003151046733
372, 0.00853723644589384
373, 0.00853391224518418
374, 0.00843439266706506
375, 0.0084825426650544
376, 0.00760592939332128
377, 0.00849980690206091
378, 0.00819615802417199
379, 0.00837384909391403
380, 0.00723003890986244
381, 0.00892692788814505
382, 0.00994453967238466
383, 0.0109886528613667
384, 0.00870640420665344
385, 0.00851422796646754
386, 0.00835340640818079
387, 0.00957976514473557
388, 0.010407283436507
389, 0.0111076445318758
390, 0.0117923306922118
391, 0.0103829020634294
392, 0.0108880774738888
393, 0.0124834924936295
394, 0.013796219203089
395, 0.0134948038363031
396, 0.0104530383832753
397, 0.0118721039699657
398, 0.0101887142906586
399, 0.0105116859610592
400, 0.00835771725646087
401, 0.00690721650607884
402, 0.0106983285707732
403, 0.0112678619722525
404, 0.0113192449013392
405, 0.0111943433682124
406, 0.0114714948770901
407, 0.0113899673645695
408, 0.0115326112136245
409, 0.0112363930481176
410, 0.0112160456677278
411, 0.0111608835868537
412, 0.0108241320898136
413, 0.00877527225141724
414, 0.00880233679587642
415, 0.00880319609617194
416, 0.00862931072091063
417, 0.00872359486917655
418, 0.00877759326249361
419, 0.00873328869541486
420, 0.00874514513028165
421, 0.00870347674936056
422, 0.00926372051859895
423, 0.00874651658038298
424, 0.0100188556437691
425, 0.010435791220516
426, 0.0110344696523888
427, 0.00899109228824576
428, 0.0085342382080853
429, 0.0113941826857626
430, 0.0108423434818784
431, 0.0123342308215797
432, 0.0111047102448841
433, 0.0117960019037127
434, 0.0105763479756812
435, 0.0109056096213559
436, 0.00674597053633382
437, 0.00899015949107707
438, 0.0113063355286916
439, 0.0113340889414152
440, 0.0110260330451032
441, 0.0112305964964132
442, 0.0112326477343837
443, 0.0112085679235558
444, 0.0112242754548788
445, 0.0112710713098447
446, 0.0112424663578471
447, 0.0111086828013261
448, 0.00918799421439568
449, 0.00910900440067053
450, 0.0097652190985779
451, 0.00926548118392626
452, 0.011547177284956
453, 0.00902464768538872
454, 0.00890165210391084
455, 0.00935933801035086
456, 0.00950745772570372
457, 0.00852216184139252
458, 0.0117929563857615
459, 0.00964786655580004
460, 0.010829503275454
461, 0.0104649018806716
462, 0.00903133877242605
463, 0.00875722683433976
464, 0.00931718402231733
465, 0.0110926228974547
466, 0.0114210123817126
467, 0.0107765413820744
468, 0.0102177462540567
469, 0.0114216127743324
470, 0.0113187694611649
471, 0.0113300966719786
472, 0.0110713903171321
473, 0.0110146049410105
474, 0.0108691215781229
475, 0.0111364270560443
476, 0.0112194476338724
477, 0.0113449166528881
478, 0.00952593687300881
479, 0.0093972651908795
480, 0.00966449299206336
481, 0.00927898048290185
482, 0.0098286559805274
483, 0.0103895370848477
484, 0.0100552090443671
485, 0.0100551539411147
486, 0.0121866861979167
487, 0.00932761452471217
488, 0.00968380412086844
489, 0.0114207768812776
490, 0.0117366397753358
491, 0.011237560150524
492, 0.0110008066209654
493, 0.011364994260172
494, 0.0115782464854419
495, 0.0108756246045232
496, 0.0108084954942266
497, 0.0109106615806619
498, 0.0111893705713252
499, 0.0115118658480545
500, 0.0110365229969223
501, 0.0098219394373397
502, 0.0099964989349246
503, 0.00963002815842628
504, 0.01019035341839
505, 0.00904791951179504
506, 0.0126914024973909
507, 0.0107431946322322
508, 0.0104369988354544
509, 0.0107664217551549
510, 0.00968757132068276
511, 0.0100720867825051
512, 0.0116116090544633
513, 0.0120136582603057
514, 0.00956672554214795
515, 0.011717151850462
516, 0.0115666041771571
517, 0.0111209143263598
518, 0.011548757708321
519, 0.0105587107439836
520, 0.0107162116716305
521, 0.0108996238559484
522, 0.0112077398225665
523, 0.0102856655915578
524, 0.0100737662453737
525, 0.0123917344026268
526, 0.0131145268678665
527, 0.0104777446637551
528, 0.0104460848184923
529, 0.010472288976113
530, 0.010707904274265
531, 0.0109955621883273
532, 0.0118323952580492
533, 0.0118869645521045
534, 0.0122221096729239
535, 0.0124917417498572
536, 0.0116652402405938
537, 0.0113810563149552
538, 0.0117425794402758
539, 0.0131294128174583
540, 0.0113574098795652
541, 0.0126591790467501
542, 0.0118219031553183
543, 0.0122539345175028
544, 0.0122669744305313
545, 0.0120896375738084
546, 0.0136319786310196
547, 0.0132858745753765
548, 0.0113669672670464
549, 0.00605542360184093
550, 0.0155852435467144
551, 0.0107817342504859
552, 0.0109046280073623
553, 0.0110085606575012
554, 0.0110934842377901
555, 0.0111639788374305
556, 0.0112204658798873
557, 0.0112641432012121
558, 0.0112962171745797
559, 0.0113185325947901
560, 0.0113340600704153
561, 0.0113475459317366
562, 0.0114061056325833
563, 0.0114897458503644
564, 0.0116670910889904
565, 0.0120413958405455
566, 0.0128328964735071
567, 0.0146193496572475
568, 0.010973349524041
569, 0.0109150429877142
570, 0.0108548564215501
571, 0.0107958959415555
572, 0.00763016333803535
573, 0.00840898711855213
574, 0.00930916129921873
575, 0.0101473854544262
576, 0.0108658196404576
577, 0.0114126967576643
578, 0.0117859059634308
579, 0.0120074693113565
580, 0.0121098252323767
581, 0.012126623497655
582, 0.0120860335106651
583, 0.0120092576059202
584, 0.011911214950184
585, 0.0118019750031332
586, 0.0116883354882399
587, 0.011575049875925
588, 0.0114656039513648
589, 0.0113625042140484
590, 0.0112684263537327
591, 0.0111864036880434
592, 0.0111261134346326
593, 0.00689174506502847
594, 0.00630169990472496
595, 0.00534423169059058
596, 0.00418152869679034
597, 0.0032857497377942
598, 0.0104586902695398
599, 0.0187784167937934
600, 0.00657579539498935
601, 0.012035587336868
602, 0.0112142154636482
603, 0.00982650136575103
604, 0.0117106737258534
605, 0.0119719508414467
606, 0.0120996022596955
607, 0.0121040823869407
608, 0.0119435020412008
609, 0.011838472293069
610, 0.0117274907728036
611, 0.0116153180909654
612, 0.0115054429819187
613, 0.0112787345424294
614, 0.0114000118337572
615, 0.00890117775027951
616, 0.0106516168452799
617, 0.0121330792705218
618, 0.0113010227990647
619, 0.011415084823966
620, 0.0125968521460891
621, 0.0120503154272834
622, 0.0115897453700503
623, 0.0115007366985083
624, 0.0113553750949601
625, 0.0112731074914336
626, 0.0109835138233999
627, 0.0111511422631641
628, 0.0110724315357705
629, 0.011217583126078
630, 0.0135478970284263
631, 0.0117520303465426
632, 0.0114492777114113
633, 0.0113861762608091
634, 0.011318542684118
635, 0.0110265775583684
636, 0.0110138058662415
637, 0.0109129951645931
638, 0.0110675279671947
639, 0.0109656847392519
640, 0.0110919354483485
641, 0.00717384368181229
642, 0.00753596510427694
643, 0.00721607233087222
644, 0.00677303217040996
645, 0.0136231373374661
646, 0.0106339285017124
647, 0.0111310839919107
648, 0.0149277130452295
649, 0.00780361012688705
650, 0.0119609395042062
651, 0.0118597376470764
652, 0.0120497749497493
653, 0.0117525326398512
654, 0.012116302891324
655, 0.0116434212153157
656, 0.0121448736948272
657, 0.0115352516683439
658, 0.0121108670718968
659, 0.0119766920494537
660, 0.00945743933940927
661, 0.0116894827224314
662, 0.0114300865679979
663, 0.0112012708559632
664, 0.0113287911129495
665, 0.0112330413733919
666, 0.0104779821510116
667, 0.0118649094365537
668, 0.0117075713351369
669, 0.0116084626254936
670, 0.0114888243066768
671, 0.0115409987047315
672, 0.0114420872802536
673, 0.0113943504790465
674, 0.0113420293976863
675, 0.0112829441204667
676, 0.011215661962827
677, 0.0111397686414421
678, 0.0110527838890751
679, 0.0121217304840684
680, 0.013157261069864
681, 0.0125333474328121
682, 0.0108688634687236
683, 0.011059960971276
684, 0.011066910965989
685, 0.0110319343262485
686, 0.0110989377523462
687, 0.00941096991300583
688, 0.00891427206806839
689, 0.00889881726886545
690, 0.0115494068711996
691, 0.013801384717226
692, 0.00848825350403786
693, 0.0103336532289783
694, 0.0114509430713952
695, 0.0112566209087769
696, 0.0113507937639952
697, 0.0115536288358271
698, 0.011657723536094
699, 0.0117620957704882
700, 0.0118650877848268
701, 0.0119640269937615
702, 0.0120544726960361
703, 0.0121286249098678
704, 0.0121722533367574
705, 0.0121592415186266
706, 0.0120421688382824
707, 0.0117413712044557
708, 0.0111932074651122
709, 0.011210146980981
710, 0.0128585291095078
711, 0.0112891608538727
712, 0.0111276058790584
713, 0.0113609850717088
714, 0.0114277407216529
715, 0.0114914031388859
716, 0.0115547797953089
717, 0.0117029009076456
718, 0.0118071148172021
719, 0.0116226070870956
720, 0.0119532351382077
721, 0.01073606479913
722, 0.0111634079366922
723, 0.0124692182677488
724, 0.0121653163805604
725, 0.0109718156978488
726, 0.0111117751027147
727, 0.0111179690808058
728, 0.0111563529020974
729, 0.0102853230200708
730, 0.0107276019019385
731, 0.0123931071055787
732, 0.0130664935956399
733, 0.0112737119197845
734, 0.0113643544415633
735, 0.0114621648875376
736, 0.0112669135754307
737, 0.0115592796355486
738, 0.0116569084736208
739, 0.0117550720460713
740, 0.0118537787348032
741, 0.0119528180609147
742, 0.0120509779080749
743, 0.0121442602636913
744, 0.0122218178585172
745, 0.0112880712064604
746, 0.0111969124215345
747, 0.0118840904906392
748, 0.0122569465699295
749, 0.0121885668486357
750, 0.0113716754131019
751, 0.0114511040349801
752, 0.0115284969409307
753, 0.0116059329981605
754, 0.0116864071848492
755, 0.0118788820691407
756, 0.0117748977305988
757, 0.0120080071501434
758, 0.0132212488291164
759, 0.0121735009985665
760, 0.012614752476414
761, 0.0123819763151308
762, 0.0111760223018272
763, 0.0127690834924579
764, 0.0114596597850323
765, 0.0113725654470424
766, 0.0112792649306357
767, 0.0114625872423251
768, 0.0115511771291494
769, 0.0116399411732952
770, 0.0117302732542157
771, 0.0118244709447026
772, 0.0119256532440583
773, 0.0120373515722652
774, 0.0121616401399175
775, 0.0121115495761236
776, 0.0122939778181414
777, 0.0124335000291467
778, 0.0124097050478061
779, 0.0111913692206144
780, 0.0112851620651782
781, 0.0107297648986181
782, 0.00564113608561456
783, 0.00235777597408742
784, 0.0112056055416663
785, 0.0112441857345402
786, 0.011269764509052
787, 0.0112943022201459
788, 0.0113029320103427
789, 0.0113198524340987
790, 0.0113594848662615
791, 0.0114474925212562
792, 0.011632421053946
793, 0.0120146075884501
794, 0.0128145352937281
795, 0.0157132667178909
796, 0.0146114017503957
797, 0.0188269019126892
798, 0.0105337849042068
799, 0.00791105759950976
800, 0.00756387505680323
801, 0.00704865925945342
802, 0.00630179823686679
803, 0.0053208451718092
804, 0.00392820204918583
805, 0.0114666939092179
806, 0.0108414624507229
807, 0.0104713483403126
808, 0.010223342726628
809, 0.0100455372594297
810, 0.00990505904580156
811, 0.00978558324277401
812, 0.00967622424165408
813, 0.00956926541402936
814, 0.00945952472587427
815, 0.00934336287900805
816, 0.00921855835864941
817, 0.0090843653306365
818, 0.00894200941547751
819, 0.008794113372763
820, 0.00864502585803469
821, 0.00850182957947254
822, 0.00837402620042364
823, 0.00826583600913485
824, 0.0081883380189538
825, 0.010918941659232
826, 0.0110362572595477
827, 0.011195066695412
828, 0.0114157940261066
829, 0.0117286349025865
830, 0.0121739076760908
831, 0.0127588262160619
832, 0.0134242077668508
833, 0.0108303407517572
834, 0.011189969877402
835, 0.0117439143359661
836, 0.0107102429804703
837, 0.0107623119838536
838, 0.0115163268831869
839, 0.0113341359732052
840, 0.0120195283864935
841, 0.0123310666531324
842, 0.0106212912127376
843, 0.0083940791276594
844, 0.00869393566002448
845, 0.00886388200645646
846, 0.00903335322315494
847, 0.0102490231705209
848, 0.00974454202999671
849, 0.00949224301924308
850, 0.0093503052679201
851, 0.00997890656193097
852, 0.00919664573545257
853, 0.0085327474710842
854, 0.0123595122247934
855, 0.0106646240067979
856, 0.0110174507523576
857, 0.0115259415470064
858, 0.0104284392048915
859, 0.0101043926551938
860, 0.00986144070823987
861, 0.00962284191822012
862, 0.00813489826396108
863, 0.00789368315599859
864, 0.00826630787923932
865, 0.00832851945112149
866, 0.00834116075808803
867, 0.00812912476249039
868, 0.00758008930521707
869, 0.00722852481218676
870, 0.00746030280632632
871, 0.00831677112728357
872, 0.00826261782397827
873, 0.00820511691272259
874, 0.0112945459162196
875, 0.0125545620297392
876, 0.0119894014981886
877, 0.01123872709771
878, 0.0113284179630379
879, 0.0114034969980518
880, 0.0114971253400048
881, 0.0110802262400587
882, 0.011151595817258
883, 0.010989507039388
884, 0.0116721965993444
885, 0.0112718450836837
886, 0.011311364825815
887, 0.0113546196371317
888, 0.0108343163239104
889, 0.0136608139922222
890, 0.0123711587595088
891, 0.00827984578375305
892, 0.0108723300509155
893, 0.0107859498155969
894, 0.0135243403104444
895, 0.0109876031056046
896, 0.010672540559123
897, 0.0106364178160826
898, 0.0109174723426501
899, 0.0106305486212174
900, 0.0106491991318762
901, 0.0115348290031155
902, 0.0116887736755113
903, 0.0119731590772669
904, 0.0113977896980941
905, 0.0118472357280552
906, 0.0110767455771565
907, 0.010156802367419
908, 0.00977342622354627
909, 0.0108206166575352
910, 0.011106351390481
911, 0.010601863420258
912, 0.0100327910234531
913, 0.0115832993760705
914, 0.0104298950172961
915, 0.0102862659841776
916, 0.00990691144640247
917, 0.00962809581930439
918, 0.00946836685761809
919, 0.00929427798837423
920, 0.00910969373459617
921, 0.00872639085476597
922, 0.00891789840534329
923, 0.00854133643830816
924, 0.00829170240710179
925, 0.00843536465739211
926, 0.00843960124378403
927, 0.00835373485460877
928, 0.00841183572386702
929, 0.00864469803248843
930, 0.00872659310698509
931, 0.00864582733872036
932, 0.00839040288701653
933, 0.011191724644353
934, 0.0120368367061019
935, 0.0114579491006831
936, 0.0110441124998033
937, 0.0112812657219668
938, 0.0113636427558959
939, 0.0113374912180007
940, 0.0113995573483407
941, 0.0113122900947928
942, 0.0115578014714022
943, 0.0117283264795939
944, 0.0120111772169669
945, 0.0111277926092347
946, 0.0124533389074107
947, 0.00840547569096088
948, 0.0109400705744823
949, 0.00852072917457138
950, 0.0149374417960644
951, 0.0110034951940179
952, 0.0131048643961549
953, 0.0111843255969385
954, 0.0108270000976821
955, 0.0111042312346399
956, 0.0116061588438849
957, 0.0115138913194338
958, 0.0116755020183822
959, 0.0108052863118549
960, 0.0108642244401077
961, 0.0112811697957416
962, 0.00873518083244562
963, 0.00937924347817898
964, 0.00957521035646399
965, 0.00917329577108224
966, 0.00991300183037917
967, 0.0097532745761176
968, 0.0101903749940296
969, 0.0104478043504059
970, 0.0100572307904561
971, 0.0103181013837457
972, 0.0105879229182998
973, 0.0114401038736105
974, 0.01074695152541
975, 0.0111877446373304
976, 0.0109384485209982
977, 0.00895457885538538
978, 0.00968575617298484
979, 0.00866135597849886
980, 0.00857953804855545
981, 0.00862917816266418
982, 0.00866096730654438
983, 0.00867061441143354
984, 0.0112390692035357
985, 0.0115955010987818
986, 0.01136327891921
987, 0.0114369881339371
988, 0.0113956417577962
989, 0.0114985136315227
990, 0.0113314442957441
991, 0.0111057022586465
992, 0.0111818475027879
993, 0.00940051861107349
994, 0.011748840721945
995, 0.011986900276194
996, 0.0123346862383187
997, 0.0110820362654825
998, 0.0113349783544739
999, 0.0109899775125086
1000, 0.0115534292223553
1001, 0.0109549365006387
1002, 0.0115245459601283
1003, 0.01125794959565
1004, 0.0101899456543227
1005, 0.0107871152771016
1006, 0.0117169062917431
1007, 0.0110394163057208
1008, 0.0114205605350435
1009, 0.00896012024687869
1010, 0.00922195132200917
1011, 0.00945158985753854
1012, 0.00967302607993285
1013, 0.0114819150684135
1014, 0.0112259960733354
1015, 0.0100443985623618
1016, 0.00987052358686924
1017, 0.0101983544106285
1018, 0.0104654333554208
1019, 0.0103367965978881
1020, 0.0105916683872541
1021, 0.0107238413766026
1022, 0.0108718695119023
1023, 0.0110377937865754
1024, 0.0127688815506796
1025, 0.00922198484962185
1026, 0.00880877099310358
1027, 0.00900236703455448
1028, 0.00891216394181053
1029, 0.011292687151581
1030, 0.0116018516321977
1031, 0.0114594682430228
1032, 0.0115168490447104
1033, 0.0114185423590243
1034, 0.0113838645629585
1035, 0.0111720769976576
1036, 0.00909899454563856
1037, 0.0112413850923379
1038, 0.0117285068457325
1039, 0.0102703901939094
1040, 0.0119108562357724
1041, 0.0121605653936664
1042, 0.0108973873779178
1043, 0.0111584744549223
1044, 0.0131983056974908
1045, 0.0109453568501132
1046, 0.0111344416315357
1047, 0.0114267656269173
1048, 0.0114474641159177
1049, 0.0107975400363406
1050, 0.00916833057999611
1051, 0.0113668986596167
1052, 0.0110877219898005
1053, 0.0114830134746929
1054, 0.0111909078744551
1055, 0.00925484243780375
1056, 0.0114195028319955
1057, 0.00998210518931349
1058, 0.0094985969675084
1059, 0.00976269583528241
1060, 0.0101709800461928
1061, 0.0104759531095624
1062, 0.0103337387554348
1063, 0.0106028816662729
1064, 0.0107226894857983
1065, 0.0108432855146627
1066, 0.0112825656930606
1067, 0.0109742134809494
1068, 0.0111264797548453
1069, 0.0087044345214963
1070, 0.00990265763054291
1071, 0.00927594412739078
1072, 0.00911245789999763
1073, 0.0094369233896335
1074, 0.0124617743616303
1075, 0.0113479990201692
1076, 0.0115799351284901
1077, 0.0115130450576544
1078, 0.0114664734962086
1079, 0.0114309734975298
1080, 0.01124467762808
1081, 0.0113032250665128
1082, 0.0116745460157593
1083, 0.00963796240588029
1084, 0.0118035959700743
1085, 0.0119571449855963
1086, 0.0137898679822683
1087, 0.0112528124824166
1088, 0.0127089801244438
1089, 0.0110306533363958
1090, 0.0112586730780701
1091, 0.0114598316140473
1092, 0.0114256438488762
1093, 0.0112043921835721
1094, 0.0114646746466557
1095, 0.0113066306027273
1096, 0.0110462022945285
1097, 0.0115122439650198
1098, 0.0100916712544858
1099, 0.0102983332859973
1100, 0.00983575917780399
1101, 0.0104677601096531
1102, 0.0107347893839081
1103, 0.0106123434379697
1104, 0.0108451864992579
1105, 0.010951647379746
1106, 0.0110623172173897
1107, 0.0111850711206595
1108, 0.0113420747220516
1109, 0.0110823698341846
1110, 0.00968759491418799
1111, 0.0113972816616297
1112, 0.0115364453134437
1113, 0.0114924575512608
1114, 0.0114607997238636
1115, 0.0113113548917075
1116, 0.0121210083986322
1117, 0.011361731061091
1118, 0.00992576715846856
1119, 0.0105943367816508
1120, 0.011599322160085
1121, 0.0116777075454593
1122, 0.0117638033504287
1123, 0.0102209961041808
1124, 0.0131320639823874
1125, 0.0103919383138418
1126, 0.0124381784615772
1127, 0.0113374164327979
1128, 0.011438037113597
1129, 0.0116725779759387
1130, 0.0122570376843214
1131, 0.0104270383405189
1132, 0.0101995581228818
1133, 0.0113848722539842
1134, 0.00950381040040936
1135, 0.01060249718527
1136, 0.0108640895535549
1137, 0.010749535014232
1138, 0.0109619197125236
1139, 0.0110516916029155
1140, 0.0111412758318086
1141, 0.0112377166127165
1142, 0.0112031561632951
1143, 0.0114342784509063
1144, 0.0114808847817282
1145, 0.0101095782592893
1146, 0.0114605984029671
1147, 0.0113719507741431
1148, 0.0114071240338186
1149, 0.011511472829928
1150, 0.0118329062437018
1151, 0.0115546295419335
1152, 0.0104139770070712
1153, 0.011595330045869
1154, 0.0107682266583045
1155, 0.0113412598147988
1156, 0.0116959810256958
1157, 0.0113135095951813
1158, 0.0113865750442658
1159, 0.0114282450328271
1160, 0.010566296055913
1161, 0.0107414177618921
1162, 0.011420866008848
1163, 0.0117353455030492
1164, 0.0108905939074854
1165, 0.0109923464866976
1166, 0.0110747607735296
1167, 0.0111459260806441
1168, 0.0112127504932384
1169, 0.0112830072951814
1170, 0.0114460756691794
1171, 0.0114190823708971
1172, 0.0114212518868347
1173, 0.0114314118400216
1174, 0.0114087359979749
1175, 0.0115477843210101
1176, 0.0114266043528914
1177, 0.0113575172921022
1178, 0.0114349798920254
1179, 0.0112020939898988
1180, 0.0108536609138052
1181, 0.012205514125526
1182, 0.0113747504850229
1183, 0.0114268460310996
1184, 0.0108979378959962
1185, 0.0110386679880321
1186, 0.0114167455051626
1187, 0.0111241714718441
1188, 0.0111872043150167
1189, 0.0112376141672333
1190, 0.0113256236848732
1191, 0.011282246094197
1192, 0.0115481773391366
1193, 0.00985560771077871
1194, 0.0114208365169664
1195, 0.0114231219825645
1196, 0.0114204769954085
1197, 0.0105092210384707
1198, 0.0112141155016919
1199, 0.0112203204383453
1200, 0.0114198345690966
1201, 0.0112665796962877
1202, 0.011304357709984
1203, 0.0113297919742763
1204, 0.0113521615664164
1205, 0.0113738177654644
1206, 0.011390964128077
1207, 0.0114094926044345
