1, 0.00972230592742562
2, 0.0255412547849119
3, 0.00261604483239353
4, 0.00762404082342982
5, 0.0142857348546386
6, 0.0151737248525023
7, 0.00891473144292831
8, 0.00276328611653298
9, 0.0257337670773268
10, 0.0112321185879409
11, 0.0125913443043828
12, 0.0172456726431847
13, 0.0107014244422317
14, 0.0116605184351405
15, 0.0122688614452879
16, 0.0130713111720979
17, 0.0145689227307836
18, 0.0182802155613899
19, 0.023165646319588
20, 0.0146323513860504
21, 0.00716686652352413
22, 0.00357797423688074
23, 0.00191799888852984
24, 0.00342645220613728
25, 0.00477477062183122
26, 0.00582104556572934
27, 0.00658108006852369
28, 0.0071059992381682
29, 0.0074514988809824
30, 0.0076289009968085
31, 0.00774687932183345
32, 0.00814338059475025
33, 0.00877946491042773
34, 0.00952219186971585
35, 0.0102933517967661
36, 0.0110480102399985
37, 0.0117643866688013
38, 0.0124437582368652
39, 0.0131160498907169
40, 0.0138306859880686
41, 0.0140389618463814
42, 0.0141376778483391
43, 0.0140920948858062
44, 0.0139979229619106
45, 0.0137979745243986
46, 0.013444636327525
47, 0.0129251688097914
48, 0.012259337430199
49, 0.0115229956184824
50, 0.010800547276934
51, 0.0102780874197682
52, 0.0100824128215512
53, 0.0103836407264074
54, 0.0109122721478343
55, 0.0114720528945327
56, 0.0119619950031241
57, 0.0122972403963407
58, 0.0124525558203459
59, 0.0124430345992247
60, 0.012307179470857
61, 0.0120894399782022
62, 0.011831060051918
63, 0.0115646896883845
64, 0.0113157344361146
65, 0.0111033053447803
66, 0.0109443990513682
67, 0.0108562279492617
68, 0.0108656352385879
69, 0.0110233506808678
70, 0.0114342082912723
71, 0.0124326711520553
72, 0.0133098128717393
73, 0.0130272951597969
74, 0.0108934057255586
75, 0.0101813444246848
76, 0.00979180634021759
77, 0.00954189368834098
78, 0.00935814715921879
79, 0.00921518603960673
80, 0.00910447289546331
81, 0.00902209617197514
82, 0.00895470380783081
83, 0.00899884023237973
84, 0.00915573304519057
85, 0.0092853136981527
86, 0.00939486346518
87, 0.00947576854377985
88, 0.00952179062490662
89, 0.00952339234451453
90, 0.0094741228967905
91, 0.00936830152447025
92, 0.00919683479393522
93, 0.00894677514831225
94, 0.0085984383088847
95, 0.0081212332782646
96, 0.00747005245648324
97, 0.00657899600143234
98, 0.00538916862569749
99, 0.00388597502994041
100, 0.00212374263598273
101, 0.00390055806686481
102, 0.00778878387063742
103, 0.0153540403892597
104, 0.0236739907413721
105, 0.0188004017497102
106, 0.0150130686039726
107, 0.0134580962670346
108, 0.0127323263635238
109, 0.012371461528043
110, 0.0121841059687237
111, 0.0120813792260985
112, 0.0120204134533803
113, 0.011978369516631
114, 0.011941881539921
115, 0.0119023273388545
116, 0.0118530724818508
117, 0.0117883899559577
118, 0.011700972293814
119, 0.0115812059181432
120, 0.0114007173106074
121, 0.0113469259813428
122, 0.0114421850691239
123, 0.0115694344664613
124, 0.0117142666131258
125, 0.0118698735410968
126, 0.0120268495132526
127, 0.0121753485873342
128, 0.0123091101025542
129, 0.0124205593019724
130, 0.0125079558541377
131, 0.0125349471345544
132, 0.0125198174888889
133, 0.0124498118336002
134, 0.0124436132609844
135, 0.0124721033498645
136, 0.0125185114641984
137, 0.0125708651418487
138, 0.0126161631196737
139, 0.0126392717162768
140, 0.0126221586639682
141, 0.012543552244703
142, 0.0123793728028735
143, 0.012105381116271
144, 0.0117034642025828
145, 0.0111716178556283
146, 0.0105232543622454
147, 0.00979068440695604
148, 0.00904335795591275
149, 0.008403731820484
150, 0.00783925631549209
151, 0.00367497408296913
152, 0.00738981940473119
153, 0.0148792015388608
154, 0.023350711291035
155, 0.0234459545463324
156, 0.0149553765853246
157, 0.00748768278087179
158, 0.00382298972302427
159, 0.00893123882512251
160, 0.00896066023657719
161, 0.00900840293616056
162, 0.00907814844201008
163, 0.00916275288909674
164, 0.00926194029549758
165, 0.00937231878439585
166, 0.00949056601772706
167, 0.00961454554150502
168, 0.00974350639929374
169, 0.00987797416746616
170, 0.010020423370103
171, 0.0101759769022465
172, 0.0103529893482725
173, 0.0105677486086885
174, 0.010850786541899
175, 0.0112590296193957
176, 0.0119088037560383
177, 0.0142960587982088
178, 0.0153326075524092
179, 0.0138955082123478
180, 0.0128373233601451
181, 0.0122857177630067
182, 0.0119962415968378
183, 0.0118446719522278
184, 0.011766686104238
185, 0.0117283274109165
186, 0.0117093743756413
187, 0.0116971588383118
188, 0.0116830014934142
189, 0.0116606801748276
190, 0.0116265487546722
191, 0.0115798466528455
192, 0.0115220605706175
193, 0.0114566540966431
194, 0.0113897528499365
195, 0.011328329021732
196, 0.011278591118753
197, 0.0112457865228256
198, 0.0112872449681163
199, 0.0127613926306367
200, 0.0120688808771471
201, 0.00549728782581432
202, 0.00236426321789622
203, 0.011494692414999
204, 0.0112761915661395
205, 0.0137814932192365
206, 0.0168296247720718
207, 0.0158153272544344
208, 0.0204000783463319
209, 0.00649335701018572
210, 0.00570886946904163
211, 0.00472163692271958
212, 0.0035267696948722
213, 0.013438544391344
214, 0.0127941345175107
215, 0.0121324025094509
216, 0.0114429901974897
217, 0.0107025389249126
218, 0.00992464413866401
219, 0.00914593661824862
220, 0.00841816126679381
221, 0.00787224954304596
222, 0.0110537478079398
223, 0.0121342794348796
224, 0.0126665079345306
225, 0.0131063237786293
226, 0.0134207831385235
227, 0.0136117438475291
228, 0.0137012040552994
229, 0.0137397395446897
230, 0.0119695800489613
231, 0.00705667670505742
232, 0.00740412614929179
233, 0.00671380416800578
234, 0.00684838183224201
235, 0.00759014133363962
236, 0.0071181469441702
237, 0.011173643792669
238, 0.00956698864077528
239, 0.0125035845364134
240, 0.0087671127791206
241, 0.0118781692969302
242, 0.0103958093871673
243, 0.0115853349367778
244, 0.013243320863694
245, 0.0126816450307767
246, 0.013149786585321
247, 0.0132365891089042
248, 0.0129667300110062
249, 0.0132264906230072
250, 0.0126612507738173
251, 0.0134429844717185
252, 0.00796619070959943
253, 0.00775907964756091
254, 0.00840458328214785
255, 0.00749428158936401
256, 0.0091483381887277
257, 0.0100954758624236
258, 0.0109515016277631
259, 0.0116988403412203
260, 0.0123295349379381
261, 0.0131873336753675
262, 0.0127689735963941
263, 0.0129525568336248
264, 0.0130763760146995
265, 0.0131315824886163
266, 0.0130836175133785
267, 0.0123181118008991
268, 0.0146145555190742
269, 0.0132595106427159
270, 0.00835584523156285
271, 0.0151190247076253
272, 0.010282954123492
273, 0.0126034760847688
274, 0.0085686672079776
275, 0.0107539080393811
276, 0.0122116586814324
277, 0.0116011231827239
278, 0.00976734127228459
279, 0.00839155055582523
280, 0.00840119039639831
281, 0.0127996824681759
282, 0.013806027173996
283, 0.0103129083290696
284, 0.0133082816998164
285, 0.0130913226554791
286, 0.0128213264979422
287, 0.0126125548034906
288, 0.012911806969593
289, 0.0141081716865301
290, 0.0161737981252372
291, 0.0131145490333438
292, 0.014255426513652
293, 0.0121919738927058
294, 0.00935832615941763
295, 0.0105177647035037
296, 0.0115407848109802
297, 0.0122876851154225
298, 0.00967847928404808
299, 0.013204169459641
300, 0.0127463062914709
301, 0.0134046833651761
302, 0.0138072034344077
303, 0.0149890111448864
304, 0.0117243469382326
305, 0.0126763956310848
306, 0.0141403643148286
307, 0.0136456137212614
308, 0.0122383238747716
309, 0.0134303797967732
310, 0.0135045493021607
311, 0.0122774297903691
312, 0.0109403260052204
313, 0.00988900251686573
314, 0.0172485527582467
315, 0.00939874940862258
316, 0.0110416525664429
317, 0.0126729477196932
318, 0.0137239197889964
319, 0.0157922262636324
320, 0.0111597979751726
321, 0.0110477960358063
322, 0.0092672777051727
323, 0.00912852045148611
324, 0.00949887279421091
325, 0.0111149572767317
326, 0.00956369455282887
327, 0.0116368092906972
328, 0.0120642099839946
329, 0.00849576263378064
330, 0.0123165007680655
331, 0.0121723810831706
332, 0.0118945930153131
333, 0.011522187696149
334, 0.0111406945313017
335, 0.0108093431529899
336, 0.0094012178791066
337, 0.00958429214855035
338, 0.0098271273697416
339, 0.0101669228946169
340, 0.0107290577143431
341, 0.0117236141425868
342, 0.00956503410513202
343, 0.00958887751524647
344, 0.0112493885681033
345, 0.0114286188036203
346, 0.00948546314612031
347, 0.00934944798549016
348, 0.0118561668011049
349, 0.00914809107780457
350, 0.00886966940015554
351, 0.0122325660971304
352, 0.0123280359742542
353, 0.00800025889960428
354, 0.00734827752845983
355, 0.00648773841870328
356, 0.00533455773256719
357, 0.00606279520850096
358, 0.00445223975527499
359, 0.00276187281124294
360, 0.0118360056408814
361, 0.00925812125205994
362, 0.0107883896368245
363, 0.0091416803188622
364, 0.00973907532170415
365, 0.00905018237729867
366, 0.00999029073864222
367, 0.0103282585429649
368, 0.0205495304738482
369, 0.00744601571932435
370, 0.0083037984247009
371, 0.00954990942652027
372, 0.00964417479311427
373, 0.00924645723508937
374, 0.0094170404287676
375, 0.00965799825886885
376, 0.00956686415399114
377, 0.00868030513326327
378, 0.00970086408779025
379, 0.00969564837093155
380, 0.0094267874956131
381, 0.0089887329377234
382, 0.0092355824696521
383, 0.00786673564774295
384, 0.0114055842471619
385, 0.0121313277631998
386, 0.0123365505908926
387, 0.0121592907235026
388, 0.0112344267157217
389, 0.0111610253031055
390, 0.011811052604268
391, 0.0123894866555929
392, 0.0113159927229087
393, 0.0111649646423757
394, 0.0118041625246406
395, 0.0112151090676586
396, 0.0114543470554054
397, 0.0116209547656278
398, 0.0119902221485972
399, 0.0119038616927962
400, 0.0122867670531074
401, 0.0122851727840801
402, 0.0119543091083566
403, 0.0113708546385169
404, 0.0145631313013534
405, 0.0133217180458208
406, 0.0115776519690241
407, 0.0117056474887899
408, 0.010855709357808
409, 0.0153519948944449
410, 0.0112527932971716
411, 0.00937662568564216
412, 0.0104126983011762
413, 0.0100921980726222
414, 0.0108288599488636
415, 0.00954134125883381
416, 0.0123131854459643
417, 0.00981417422493299
418, 0.00986830657348037
419, 0.00986148603260517
420, 0.00948921373734871
421, 0.00974716385826468
422, 0.00983091831828157
423, 0.0097319729005297
424, 0.00962139200419188
425, 0.00934600705901782
426, 0.00921459542587399
427, 0.00913802022114396
428, 0.00922301667742431
429, 0.00960952260841926
430, 0.0094463586807251
431, 0.00656361635774374
432, 0.0113616444480916
433, 0.0111481839170059
434, 0.0114048531589409
435, 0.0111971350076298
436, 0.0112821920774877
437, 0.0115621833441158
438, 0.0117531398621698
439, 0.0122084690568348
440, 0.0119746602140367
441, 0.0124244803252319
442, 0.011136526397119
443, 0.011161946070691
444, 0.0125806711924573
445, 0.012628762361904
446, 0.0125427038098375
447, 0.0115609761948387
448, 0.0124731798035403
449, 0.00763074215501547
450, 0.0135596491396427
451, 0.0162343198123078
452, 0.0140338533868392
453, 0.00982171786017716
454, 0.0112051794837628
455, 0.0126462019979954
456, 0.0144130048741187
457, 0.0130453769649778
458, 0.0150181582818429
459, 0.0104352971538901
460, 0.00984676973894238
461, 0.0112202176824212
462, 0.0100338188931346
463, 0.00998509659742316
464, 0.00993763158718745
465, 0.0100700696930289
466, 0.0100808870047331
467, 0.0100562125444412
468, 0.00998568721115589
469, 0.00993340990195672
470, 0.00990967405959964
471, 0.0103785955968002
472, 0.0100621441379189
473, 0.00984256295487285
474, 0.00964810752442905
475, 0.012702611895899
476, 0.0131330185880264
477, 0.0129979012223581
478, 0.0123495636507869
479, 0.0110407650160293
480, 0.0110869528725743
481, 0.0112916948273778
482, 0.0111676409530143
483, 0.0120013728737831
484, 0.0114644784480333
485, 0.0116995320034524
486, 0.0110208913683891
487, 0.0110200551959376
488, 0.0107850832864642
489, 0.0141757881002767
490, 0.0101303911457459
491, 0.011040679551661
492, 0.0103150551828245
493, 0.0103154776928325
494, 0.0103215874793629
495, 0.0103617181691031
496, 0.0104648930331071
497, 0.010324050206691
498, 0.0103289612258474
499, 0.0106784955908855
500, 0.0110635951471825
501, 0.0102688691889246
502, 0.0110455894221862
503, 0.0101591818300741
504, 0.0130697279237211
505, 0.0135441481446226
506, 0.0125272725708783
507, 0.0110194839847585
508, 0.0120247240799169
509, 0.0116120083257556
510, 0.0109775982176264
511, 0.0108543384509782
512, 0.0108969549958905
513, 0.01110969344154
514, 0.0113116907887161
515, 0.010832652139167
516, 0.0108183223443727
517, 0.0107293795528156
518, 0.0136537343263626
519, 0.010394798964262
520, 0.0126663877939185
521, 0.0135088564295854
522, 0.0106415956591566
523, 0.0107141711438696
524, 0.0108453119173646
525, 0.0110708742092053
526, 0.010608772902439
527, 0.0105957319028676
528, 0.0114354312730332
529, 0.0105832146170239
530, 0.0105584785342216
531, 0.0116945041033129
532, 0.0104939814967414
533, 0.0119685397172968
534, 0.0107981835802396
535, 0.0121767785400152
536, 0.0134071367792785
537, 0.0125840934924781
538, 0.0099231069907546
539, 0.0139526918064803
540, 0.00496541165436308
541, 0.00372887639484058
542, 0.00659773941151798
543, 0.00586230990787347
544, 0.00246580003295094
545, 0.0123084634542465
546, 0.0119016252768536
547, 0.011944059903423
548, 0.0119813730319341
549, 0.0120215069813033
550, 0.0120752736305197
551, 0.012160514947027
552, 0.0125797747944792
553, 0.0130969285964966
554, 0.0141068994998932
555, 0.0161918002801637
556, 0.0207062757884463
557, 0.0121102137491107
558, 0.0119785253579418
559, 0.0114906225353479
560, 0.0118440355484684
561, 0.011713864436994
562, 0.012338068181028
563, 0.00865732133388519
564, 0.0101888496428728
565, 0.0108933850812415
566, 0.0114875639167925
567, 0.0119521260882417
568, 0.0122812786139548
569, 0.0124896514850358
570, 0.0126010964935025
571, 0.0126408603973687
572, 0.0126317515969276
573, 0.0125930428815385
574, 0.0125408489257097
575, 0.0124887369262675
576, 0.0124486833810806
577, 0.0124329786437253
578, 0.00941926737626394
579, 0.0124597613078853
580, 0.0170052012739082
581, 0.0114540053930666
582, 0.00575950859846281
583, 0.0075239276047796
584, 0.0071196750116845
585, 0.00743677254234042
586, 0.00775711579869191
587, 0.00713978389588495
588, 0.00736143610750635
589, 0.0118478078705569
590, 0.0130056257670124
591, 0.0123584594887992
592, 0.0121260688950618
593, 0.012016122850279
594, 0.0116816256195307
595, 0.0117778183581928
596, 0.0115734219551086
597, 0.0119706873471538
598, 0.0122156700429817
599, 0.0136986353124181
600, 0.0125972850558658
601, 0.0120645409139494
602, 0.0122320212734242
603, 0.0124194913854202
604, 0.0120809647875528
605, 0.011864234538128
606, 0.0115966824814677
607, 0.0124780680984259
608, 0.0119716360544165
609, 0.00813169497996569
610, 0.0113106916348139
611, 0.0118386653872828
612, 0.0125910368127127
613, 0.0124566329953571
614, 0.0126457704852025
615, 0.012645590895166
616, 0.0126109197735786
617, 0.012500177603215
618, 0.0122148700368901
619, 0.0125579175849756
620, 0.0124495158282419
621, 0.012416820662717
622, 0.00903810498615106
623, 0.00986766194303831
624, 0.0106508519190053
625, 0.0124128274619579
626, 0.0151752339055141
627, 0.0106945183749
628, 0.0116741757041642
629, 0.00818026564749224
630, 0.00792615612347921
631, 0.00881223722050587
632, 0.00766353728249669
633, 0.0118575535404185
634, 0.0148247291023533
635, 0.0117812895526489
636, 0.0126689402386546
637, 0.0122977622474233
638, 0.0124441400791208
639, 0.0121981507788102
640, 0.0121249458752573
641, 0.0120652643963695
642, 0.0130174116541942
643, 0.0135463120726248
644, 0.01192005785803
645, 0.0117554898994664
646, 0.0121858495598038
647, 0.0120791879793008
648, 0.0119825657457113
649, 0.0122785700174669
650, 0.0123571464791894
651, 0.0126640389983853
652, 0.0126637335245808
653, 0.012605225512137
654, 0.0123978921522697
655, 0.0124608877425392
656, 0.0124461945767204
657, 0.0121971794093649
658, 0.0125077799893916
659, 0.0126280289453765
660, 0.0125720069433252
661, 0.0117767439223826
662, 0.011172900442034
663, 0.0104417518402139
664, 0.00947884749621153
665, 0.0123771212995052
666, 0.0132724585011601
667, 0.0094435962382704
668, 0.012744518617789
669, 0.0144649563978116
670, 0.0123331768970404
671, 0.00864173239096999
672, 0.0086728196280698
673, 0.0130209679094454
674, 0.0134299242248138
675, 0.0119496774859726
676, 0.0118755083531141
677, 0.0121861593797803
678, 0.01226893455411
679, 0.0123747576338549
680, 0.0127260194470485
681, 0.0125198181097706
682, 0.0120095961416761
683, 0.0142983828360836
684, 0.0106256155607601
685, 0.0121729009163876
686, 0.0118973803307329
687, 0.00860290788114071
688, 0.0120898669896026
689, 0.0122592562499146
690, 0.0122424547250072
691, 0.0117717700389524
692, 0.0126475182672342
693, 0.0125840037750701
694, 0.0125174140557647
695, 0.0126558810782929
696, 0.0127031949038307
697, 0.0126927310290436
698, 0.0123809777821104
699, 0.0124411278714736
700, 0.0125131697083513
701, 0.0110430313895146
702, 0.010284074768424
703, 0.0108730079606175
704, 0.0117982553318143
705, 0.0120474843840514
706, 0.0151128740981221
707, 0.00998992954070369
708, 0.0132901353451113
709, 0.0120524163357913
710, 0.01298764316986
711, 0.0119826323352754
712, 0.0123276938684285
713, 0.0127495662309229
714, 0.012434104612718
715, 0.0125699872151017
716, 0.0121173608737687
717, 0.0139456940814853
718, 0.0121780391782522
719, 0.0122575086231033
720, 0.0125943799503148
721, 0.0126378944454094
722, 0.0126712562826773
723, 0.0127517591851453
724, 0.0127699420166512
725, 0.0125144083673755
726, 0.0127345967727403
727, 0.0123600498773158
728, 0.012351531402341
729, 0.0124376824436088
730, 0.0118141230195761
731, 0.0108613040564316
732, 0.013717714852343
733, 0.0121025545522571
734, 0.00964615757887562
735, 0.0131368211780985
736, 0.0144434849110742
737, 0.016325683798641
738, 0.0121650955018898
739, 0.0129267959855497
740, 0.0124739177214603
741, 0.0127450598714252
742, 0.0125962259868781
743, 0.0122390311832229
744, 0.0136310136877
745, 0.0121901007369161
746, 0.0123168287798762
747, 0.0122758029028773
748, 0.0126025527715683
749, 0.0125084542669356
750, 0.0126981095721324
751, 0.0128982417906324
752, 0.0128662538093825
753, 0.0127904374773304
754, 0.0124208275228739
755, 0.0128284014451007
756, 0.0123575272038579
757, 0.0125530338846147
758, 0.0119249024428427
759, 0.0120963953169329
760, 0.0120042258873582
761, 0.0138730586816867
762, 0.0111280178651214
763, 0.0129909268580377
764, 0.0122788196119169
765, 0.0128566361963749
766, 0.0126048161958655
767, 0.0127249363188942
768, 0.0133420407461623
769, 0.0123712512043615
770, 0.0124973288426797
771, 0.0124005956264834
772, 0.0130955087952316
773, 0.0123063082407628
774, 0.0130941746756434
775, 0.0128594413399696
776, 0.0122072625905275
777, 0.0134451086632907
778, 0.0132066363779207
779, 0.0114728785119951
780, 0.00590222799551806
781, 0.00260709847789258
782, 0.0120269923160473
783, 0.0120897729260226
784, 0.0121850301511586
785, 0.0123445324910184
786, 0.0126279106674095
787, 0.0131455501541495
788, 0.0141431575951477
789, 0.0171456801084181
790, 0.0162281389348209
791, 0.0207850368072589
792, 0.0116177478006908
793, 0.00852438202127814
794, 0.00802761743155619
795, 0.00735429061266283
796, 0.00646033797723552
797, 0.00536712173682948
798, 0.00394698007342716
799, 0.0118963462300599
800, 0.0112794856540859
801, 0.0109027475118637
802, 0.0106303871919711
803, 0.0104168380300204
804, 0.0102368420921266
805, 0.0100767166974644
806, 0.00992823454240958
807, 0.00978697572524349
808, 0.00965127954259515
809, 0.00952121553321679
810, 0.00939798712109526
811, 0.00928460853174329
812, 0.009185248054564
813, 0.00910255499184132
814, 0.00903599507485827
815, 0.00899254033962885
816, 0.0118370234655837
817, 0.0118906010563175
818, 0.0119778507699569
819, 0.0121203055605292
820, 0.0123498380805055
821, 0.0127029780608912
822, 0.013208849200358
823, 0.0137965749017894
824, 0.013106118577222
825, 0.0124145625159144
826, 0.0121437911875546
827, 0.0119323430893322
828, 0.0119783082045615
829, 0.012676188411812
830, 0.013792846351862
831, 0.0122515388454
832, 0.00918609152237574
833, 0.00937445554882288
834, 0.00949749629944563
835, 0.00977634421239297
836, 0.0100835592796405
837, 0.010422370241334
838, 0.0119983657884101
839, 0.0127600898966193
840, 0.0114893998640279
841, 0.0111208188657959
842, 0.0108422416572769
843, 0.0106158000417054
844, 0.00963268180688222
845, 0.0102476005752881
846, 0.00992682094996174
847, 0.00926976837217808
848, 0.0088893521266679
849, 0.00753826772173246
850, 0.00838861575660606
851, 0.00933689950034022
852, 0.00915336438144247
853, 0.00875441016008457
854, 0.00921171411339726
855, 0.00908513963222504
856, 0.0079577990497152
857, 0.00763994774648121
858, 0.0118018458597362
859, 0.0125882091621558
860, 0.0128475960033635
861, 0.0123855254302422
862, 0.0120181234863897
863, 0.0114130056463182
864, 0.0117143380145232
865, 0.0117469793185592
866, 0.0117744505405426
867, 0.0121029495882491
868, 0.0122224084722499
869, 0.0116228388311962
870, 0.00911914883181453
871, 0.0128308480073299
872, 0.0108534732523064
873, 0.0153883155435324
874, 0.0120006754683952
875, 0.0118809224416812
876, 0.011817444426318
877, 0.0123320647204916
878, 0.0127587049889068
879, 0.0125050058898826
880, 0.0131410233055552
881, 0.0137067840745052
882, 0.0120655049880346
883, 0.014913697882245
884, 0.0120677704301973
885, 0.0112848351709545
886, 0.011622034634153
887, 0.00988683508088191
888, 0.0100503065623343
889, 0.00973135263969501
890, 0.0102203468171259
891, 0.0103973844088614
892, 0.0094533635613819
893, 0.0110114187312623
894, 0.00958524582286676
895, 0.00934686573843161
896, 0.0105837892430524
897, 0.0107845595727364
898, 0.00904427608475089
899, 0.00945359126975139
900, 0.00933412772913774
901, 0.00952555999780695
902, 0.00951384504636129
903, 0.0094220129152139
904, 0.00927128619514406
905, 0.0092408643104136
906, 0.00933082882935802
907, 0.00926418447246154
908, 0.00927755489413227
909, 0.0119582107290626
910, 0.011674002589037
911, 0.0113796504835288
912, 0.0113528294488788
913, 0.0114591113912563
914, 0.0116256747084359
915, 0.0115707727770011
916, 0.0118418382480741
917, 0.0118770492263138
918, 0.0122330024217566
919, 0.0121526555158198
920, 0.0123279779218137
921, 0.0124640953061836
922, 0.0124416026907663
923, 0.0119138993322849
924, 0.0125210918486118
925, 0.01350919585675
926, 0.0117349262970189
927, 0.0115356974835907
928, 0.0146266806072422
929, 0.0127540994435549
930, 0.013600325367103
931, 0.0118698811468979
932, 0.0131456609815359
933, 0.0121113369241357
934, 0.0125722497080763
935, 0.0128127203012506
936, 0.0122078934994837
937, 0.0119383786804974
938, 0.016458875965327
939, 0.0144395922931532
940, 0.0111473373447855
941, 0.0113987380949159
942, 0.00951401159788171
943, 0.00981488544493914
944, 0.00998175283893943
945, 0.0117039851223429
946, 0.00965677077571551
947, 0.0120493494905531
948, 0.0101570215386649
949, 0.0103385895490646
950, 0.0105257054480414
951, 0.0109258242882788
952, 0.0107201913682123
953, 0.00944841497888168
954, 0.00952422215292851
955, 0.00931873060762882
956, 0.0104550214794775
957, 0.0101949594294031
958, 0.00949420438458522
959, 0.00942678563296795
960, 0.00958581439529856
961, 0.0096441845720013
962, 0.00957654975354671
963, 0.00955779105424881
964, 0.0117881442420185
965, 0.0120890643447638
966, 0.0118046142160892
967, 0.0115828566874067
968, 0.0115474949901303
969, 0.012208619620651
970, 0.0115133472718298
971, 0.0117176370695233
972, 0.0119670626396934
973, 0.0122805153951049
974, 0.0122525570914149
975, 0.011763373700281
976, 0.0120015715559324
977, 0.0120405633933842
978, 0.0116883587713043
979, 0.0152583629824221
980, 0.00940549140796065
981, 0.0108856363222003
982, 0.0118592800572515
983, 0.0122598600573838
984, 0.0134507523228725
985, 0.0119472892644505
986, 0.0130996725832423
987, 0.0128191293527683
988, 0.0123955731590589
989, 0.0120280130455891
990, 0.0142047048235933
991, 0.0117384552334746
992, 0.0114916662375132
993, 0.009704296477139
994, 0.011261198669672
995, 0.00988079685096939
996, 0.0102469806248943
997, 0.0100599213813742
998, 0.010439689271152
999, 0.0106353683707615
1000, 0.0110417432151735
1001, 0.0108344843611121
1002, 0.0110078117189308
1003, 0.0100797452032566
1004, 0.00970105733722448
1005, 0.00955912393207351
1006, 0.0112209573077659
1007, 0.00971341086551547
1008, 0.010005103268971
1009, 0.00972495662669341
1010, 0.00950068809712926
1011, 0.010029178733627
1012, 0.0121662002056837
1013, 0.011933363818874
1014, 0.0116691555206974
1015, 0.01216143121322
1016, 0.0121531058102846
1017, 0.0120753270263473
1018, 0.0121013722382486
1019, 0.0118582840077579
1020, 0.0118977419721584
1021, 0.0116220787167549
1022, 0.0121307781276604
1023, 0.0117549888479213
1024, 0.0117059327395899
1025, 0.01165068205446
1026, 0.0120603910514287
1027, 0.0118916806144019
1028, 0.0094134608283639
1029, 0.0119488197378814
1030, 0.0096817958013465
1031, 0.0124294439641138
1032, 0.012048362288624
1033, 0.0132694801626106
1034, 0.0130078679261108
1035, 0.0126011800020933
1036, 0.0121480794623494
1037, 0.0138633598883947
1038, 0.0117952784833809
1039, 0.0115793769558271
1040, 0.00992355883742372
1041, 0.0109329939198991
1042, 0.0111374288486938
1043, 0.0103203308147689
1044, 0.0101208294120928
1045, 0.0113512622192502
1046, 0.010525363497436
1047, 0.0107300154243906
1048, 0.011806301617374
1049, 0.0108623999791841
1050, 0.00954097944001357
1051, 0.00998594099655747
1052, 0.00967174985756477
1053, 0.00941048733269175
1054, 0.00991619409372409
1055, 0.00961303679893414
1056, 0.0104817572670678
1057, 0.00995983059207598
1058, 0.0106343550918003
1059, 0.0121679990552366
1060, 0.012049822602421
1061, 0.0118150150713821
1062, 0.011728234278659
1063, 0.0121519537642598
1064, 0.0119908548270663
1065, 0.0120205944404006
1066, 0.0121592480378846
1067, 0.0120224848700066
1068, 0.012165700395902
1069, 0.0117698999432226
1070, 0.0123036943376064
1071, 0.0119739009067416
1072, 0.0120581033018728
1073, 0.0118426747309665
1074, 0.0125921520714959
1075, 0.0121676069684327
1076, 0.0130713035662969
1077, 0.0127823818475008
1078, 0.0122893711862465
1079, 0.0135309055137138
1080, 0.0142121687531471
1081, 0.0118735037477953
1082, 0.0112216975539923
1083, 0.0116305102904638
1084, 0.0110197278360526
1085, 0.0101620020965735
1086, 0.0114221031156679
1087, 0.010375089943409
1088, 0.0105959259284039
1089, 0.0108113372698426
1090, 0.0122128495325645
1091, 0.0116706246820589
1092, 0.00971118533717734
1093, 0.0103683839552104
1094, 0.00983883937199911
1095, 0.00952151138335466
1096, 0.0118122793734074
1097, 0.0101854276532928
1098, 0.00974651761353016
1099, 0.0110239625597994
1100, 0.0102741036874553
1101, 0.0112960715778172
1102, 0.0118609564378858
1103, 0.012081508214275
1104, 0.0121426441085835
1105, 0.0119533933078249
1106, 0.0121837545496722
1107, 0.0121106376561026
1108, 0.0121625121682882
1109, 0.012129289098084
1110, 0.0121334531965355
1111, 0.0119096264243126
1112, 0.0119383911203061
1113, 0.00993938504585198
1114, 0.0134718371555209
1115, 0.0121654734636346
1116, 0.0127133460094531
1117, 0.0122939057958623
1118, 0.0128908345165352
1119, 0.0124322820144395
1120, 0.0132310839059452
1121, 0.0136886074518164
1122, 0.012955283213939
1123, 0.0112994813049833
1124, 0.0116703027548889
1125, 0.0114902160130441
1126, 0.0110959371862312
1127, 0.0123523270400862
1128, 0.0104007121796409
1129, 0.0106501348006229
1130, 0.0108795490426322
1131, 0.0108182774856687
1132, 0.010074277408421
1133, 0.011917938478291
1134, 0.0105081206808488
1135, 0.0115653326114019
1136, 0.0106513472273946
1137, 0.0121998991817236
1138, 0.0120845404453576
1139, 0.0119933931467434
1140, 0.0121616811181108
1141, 0.0122100105509162
1142, 0.0121015914094945
1143, 0.0122093517954151
1144, 0.0120462214884659
1145, 0.0118573304886619
1146, 0.0127602503634989
1147, 0.0124083339857558
1148, 0.0122780078090727
1149, 0.0125535659802457
1150, 0.0128912137200435
1151, 0.012984160023431
1152, 0.0132832929181556
1153, 0.0120614491403103
1154, 0.0135594671592116
1155, 0.0147579470649362
1156, 0.0128188099712133
1157, 0.0113729334746798
1158, 0.0115643919756015
1159, 0.0117332215110461
1160, 0.0111664002761245
1161, 0.0112870129135748
1162, 0.0106826794023315
1163, 0.0109372199513018
1164, 0.0101889204233885
1165, 0.0124525946254532
1166, 0.0103862886982305
1167, 0.0108525821318229
1168, 0.012058524414897
1169, 0.0118496051058173
1170, 0.0110571145390471
1171, 0.0122093513297538
1172, 0.0122024041290085
1173, 0.0120871965773404
1174, 0.012281347066164
1175, 0.0121423337342484
1176, 0.0122509558374683
1177, 0.0120256009201209
1178, 0.0121770727758606
1179, 0.0119450257292816
1180, 0.012493759393692
1181, 0.0127114692392449
1182, 0.0123621417830388
1183, 0.0126262546206514
1184, 0.012760260142386
1185, 0.012902580467718
1186, 0.011637891177088
1187, 0.0118011011121174
1188, 0.0114449914544821
1189, 0.0117351951388021
1190, 0.0112360638255874
1191, 0.0109825528093747
1192, 0.0106715589761734
1193, 0.0124600467139057
1194, 0.0112101898218195
1195, 0.012165272453179
1196, 0.0122952782548964
1197, 0.0114659052342176
1198, 0.0119865092759331
1199, 0.0123096920239429
1200, 0.0122419454467793
1201, 0.012255060300231
1202, 0.0123038818793637
1203, 0.0120035277990003
1204, 0.0125316656194627
1205, 0.0124268466606736
1206, 0.012565228001525
1207, 0.0126309818588197
1208, 0.0127454632893205
1209, 0.0118730569568773
1210, 0.0117181036621332
1211, 0.0121241011656821
1212, 0.0115177645348012
1213, 0.0123574378279348
1214, 0.0115913698183639
1215, 0.0118345675679545
1216, 0.0121632742562464
1217, 0.0122893347094456
1218, 0.0120846064761281
1219, 0.0125064433862766
1220, 0.0124388968882461
1221, 0.0120651787146926
1222, 0.0125544395608207
1223, 0.0119538738702734
1224, 0.0118108907093604
1225, 0.0113122783601284
1226, 0.0123903841844627
1227, 0.0118896966800094
1228, 0.012127041661491
1229, 0.0122141350681583
1230, 0.0123691251501441
1231, 0.0124289505183697
1232, 0.0123706965574196
1233, 0.0123581344261765
1234, 0.0123367251828313
1235, 0.0120845527521202
1236, 0.0122783811142047
1237, 0.0121220380067825
1238, 0.0126231658893327
