1, 0.0117184217087924
2, 0.0278478967957199
3, 0.00266401877161115
4, 0.0111124217510223
5, 0.0136629641056061
6, 0.0195278581231833
7, 0.00886502582579851
8, 0.00243382534245029
9, 0.0280118356458843
10, 0.0112750614061952
11, 0.013517253100872
12, 0.019468892365694
13, 0.0119878385836879
14, 0.0123517077105741
15, 0.0126032675616443
16, 0.0127836049844821
17, 0.0129184637529155
18, 0.0130228609777987
19, 0.0131100689371427
20, 0.0131974299438298
21, 0.0133104342967272
22, 0.013492600992322
23, 0.0138326551144322
24, 0.0145241064019501
25, 0.0160792272848388
26, 0.020098392230769
27, 0.0256620751072963
28, 0.0164351329828302
29, 0.00818556624775132
30, 0.00408698168272773
31, 0.00271399117385348
32, 0.00475080613978207
33, 0.00649131461977959
34, 0.00780214866002401
35, 0.00875505680839221
36, 0.00944240329166253
37, 0.00993975686530272
38, 0.0103038203281661
39, 0.0105716550412277
40, 0.0107673395735522
41, 0.0109097052675982
42, 0.0110101824005445
43, 0.0110780821802715
44, 0.0111162976827472
45, 0.0111520914360881
46, 0.0112548619508743
47, 0.0114085975413521
48, 0.0115919578820467
49, 0.0117928187052409
50, 0.0120024199907978
51, 0.0122094107791781
52, 0.0124044570450981
53, 0.0125818730642398
54, 0.012739349467059
55, 0.0128773146619399
56, 0.0129984188824892
57, 0.0131072932854295
58, 0.0132101522758603
59, 0.013314272587498
60, 0.013429488055408
61, 0.0135681545361876
62, 0.0136074861511588
63, 0.013618353754282
64, 0.0135915835077564
65, 0.0135547397658229
66, 0.0135021833702922
67, 0.0134295234456658
68, 0.0133342128247023
69, 0.0132141535480817
70, 0.013068945457538
71, 0.0129005756850044
72, 0.0127139898637931
73, 0.012517205439508
74, 0.0123208065827688
75, 0.012135430239141
76, 0.0119686390583714
77, 0.0119239503983408
78, 0.0118572891224176
79, 0.0118230519195398
80, 0.0119218242665132
81, 0.0120482270916303
82, 0.0122022669141491
83, 0.0123839514950911
84, 0.0125921679039796
85, 0.0128382515783111
86, 0.0131521706158916
87, 0.0136016147832076
88, 0.0143289671589931
89, 0.0157791459932923
90, 0.0169856254942715
91, 0.0166028275464972
92, 0.0136746571709712
93, 0.0126841633270184
94, 0.0121558597311378
95, 0.0118253470088045
96, 0.0115779632081588
97, 0.011366014679273
98, 0.011161624143521
99, 0.0109476177021861
100, 0.0107128992676735
101, 0.0104530782749256
102, 0.0101709595570962
103, 0.00987568000952403
104, 0.00958351821949085
105, 0.00930922043820222
106, 0.00907342694699764
107, 0.00891908692816893
108, 0.00887531903572381
109, 0.00884440168738365
110, 0.00879731153448423
111, 0.00867660793786248
112, 0.00842429681991537
113, 0.00798474717885256
114, 0.00726874537455539
115, 0.00614898504378895
116, 0.00452948074477414
117, 0.002546736660103
118, 0.00387700297869742
119, 0.00788988048831622
120, 0.0162241393700242
121, 0.0255480948835611
122, 0.0202390945826968
123, 0.016153776862969
124, 0.0145465576400359
125, 0.0138086150400341
126, 0.0134151436698933
127, 0.0131648609725138
128, 0.0129634668119252
129, 0.012759945821017
130, 0.0125157075623671
131, 0.0121787370493015
132, 0.0116660976782441
133, 0.011562290834263
134, 0.0116389865676562
135, 0.0119158622498314
136, 0.0122169532502691
137, 0.0125187893087665
138, 0.0127983788649241
139, 0.0130369042356809
140, 0.013224639929831
141, 0.0133597323050102
142, 0.0134470025077462
143, 0.0134947765618563
144, 0.0135131378968557
145, 0.0135116338108977
146, 0.0135022715354959
147, 0.0134940178443988
148, 0.0134617337025702
149, 0.0134096344312032
150, 0.0132333114743233
151, 0.0130607041840752
152, 0.0128882462158799
153, 0.0127099466820558
154, 0.0125222361336152
155, 0.0123247134809693
156, 0.0121195794393619
157, 0.0119118041669329
158, 0.0117080975323915
159, 0.0115166762843728
160, 0.0113478039080898
161, 0.0112145307163397
162, 0.0111361524711053
163, 0.00413882623737057
164, 0.00818395800888538
165, 0.0163803001244863
166, 0.025661151856184
167, 0.0256559823950132
168, 0.0161916259676218
169, 0.0079217169744273
170, 0.00384554798559596
171, 0.00892445538192987
172, 0.00908535812050104
173, 0.00932707109798988
174, 0.00961122568696737
175, 0.00992180065562328
176, 0.0102470427130659
177, 0.0105754667893052
178, 0.0109042376279831
179, 0.0112395513181885
180, 0.011603392350177
181, 0.0120442959790428
182, 0.0126728822166721
183, 0.0137414988130331
184, 0.0166226541623473
185, 0.0170235713012516
186, 0.0159091542785366
187, 0.0145591407393416
188, 0.0139062016581496
189, 0.0134924696758389
190, 0.0131773063912988
191, 0.0128933781137069
192, 0.0126119184618195
193, 0.0123253654067715
194, 0.0120401112362742
195, 0.0117716814080874
196, 0.0115396293501059
197, 0.0115186509210616
198, 0.0122345693719884
199, 0.00669506611302495
200, 0.00286042827647179
201, 0.0129799398904045
202, 0.0130818708178898
203, 0.0131792891770601
204, 0.0132933684314291
205, 0.0134571303303043
206, 0.0137309307853381
207, 0.0142358398685853
208, 0.0152298991257946
209, 0.0186627130024135
210, 0.0174102280288935
211, 0.0224592092757424
212, 0.0124489474110305
213, 0.00933914228032033
214, 0.0086339577101171
215, 0.00766132888384163
216, 0.00641299830749631
217, 0.00470095806910346
218, 0.013486225468417
219, 0.013261915029337
220, 0.0131614512453477
221, 0.0130580790961782
222, 0.0129452543333173
223, 0.0128174107521772
224, 0.0126707046292722
225, 0.0125034600496292
226, 0.0123163495833675
227, 0.0121130850166082
228, 0.011901030006508
229, 0.0116911960455279
230, 0.0114955478347838
231, 0.0113201147566239
232, 0.011188439403971
233, 0.0122292794597646
234, 0.0132483548174302
235, 0.0133393052965403
236, 0.0134105117370685
237, 0.0134633712780972
238, 0.0135010470015307
239, 0.0135275858143965
240, 0.00985594761247436
241, 0.011121816188097
242, 0.0092327402283748
243, 0.0105265029706061
244, 0.0102393037329117
245, 0.00969627189139525
246, 0.00871460939136644
247, 0.00874498692740287
248, 0.0107426188575725
249, 0.0108913470370074
250, 0.0110833114013076
251, 0.0133686807627479
252, 0.0113957442032794
253, 0.0118026010071238
254, 0.0120235097905
255, 0.0122376267487804
256, 0.0124358013272285
257, 0.0127682983875275
258, 0.0132158945004145
259, 0.013017659385999
260, 0.0129020853588978
261, 0.0126131838187575
262, 0.0115883018200596
263, 0.0131201931896309
264, 0.0128585884037117
265, 0.014206235917906
266, 0.0127054530506333
267, 0.014923983408759
268, 0.0132000339217484
269, 0.013334380928427
270, 0.013511982280761
271, 0.0137774207008382
272, 0.0130816137728592
273, 0.0131365332442025
274, 0.0134161966852844
275, 0.0121008677408099
276, 0.0123706767335534
277, 0.0125296036712825
278, 0.0126934787258506
279, 0.0128547800704837
280, 0.0130043978181978
281, 0.0132626607082784
282, 0.0133202861373623
283, 0.0133634634936849
284, 0.0133925258802871
285, 0.0124568495278557
286, 0.0160715795521225
287, 0.0112102368314351
288, 0.0125016036132971
289, 0.0124102801616703
290, 0.0160834441582362
291, 0.010078260054191
292, 0.0110074649564922
293, 0.0109691554680467
294, 0.0108299742763241
295, 0.010633474526306
296, 0.0105065535753965
297, 0.0105207127829393
298, 0.0103876202677687
299, 0.0129896022068957
300, 0.0130900881874065
301, 0.0131799384641151
302, 0.012377947413673
303, 0.0121650545236965
304, 0.0128717276578148
305, 0.0125674563460052
306, 0.0116972050939997
307, 0.0119347325526178
308, 0.0127319674938917
309, 0.0114654825689892
310, 0.0133103706563512
311, 0.012819007349511
312, 0.0133822169154882
313, 0.0132277579978108
314, 0.0135771995410323
315, 0.0138449580408633
316, 0.0142354805332919
317, 0.0148124291251103
318, 0.0129595277830958
319, 0.0112948352470994
320, 0.0134283968114427
321, 0.0131890980216364
322, 0.012503775767982
323, 0.0127495438791811
324, 0.0128745967522264
325, 0.0129931421640019
326, 0.0132980008299152
327, 0.0132706073733668
328, 0.0133151194701592
329, 0.0133165537512728
330, 0.0126285152509809
331, 0.0130989775061607
332, 0.0126508929145833
333, 0.0113010273448059
334, 0.010636814404279
335, 0.0127875835945209
336, 0.0177513531719645
337, 0.0117778526619077
338, 0.0111785507095712
339, 0.0110473839255671
340, 0.0109167268189291
341, 0.0156326407256226
342, 0.0111535228788853
343, 0.011065179326882
344, 0.0107776058527331
345, 0.0127094780715803
346, 0.0125331102559964
347, 0.0131576317362487
348, 0.0130741832156976
349, 0.0118363822499911
350, 0.0123276117568215
351, 0.0120929807114104
352, 0.0115715709204475
353, 0.0128563839631776
354, 0.0129759715249141
355, 0.013267583368967
356, 0.0134107007955511
357, 0.0129495191698273
358, 0.0130902656043569
359, 0.0136109820256631
360, 0.0142152956686914
361, 0.0138706450040142
362, 0.0146817431474725
363, 0.0133448731154203
364, 0.0132310854581495
365, 0.012753788514861
366, 0.013265287814041
367, 0.0129336325141291
368, 0.0130274199570219
369, 0.0132656601878504
370, 0.0132683683186769
371, 0.0128339740137259
372, 0.0131095664886137
373, 0.0131776242827376
374, 0.0126274043694139
375, 0.013554154895246
376, 0.0114028050253789
377, 0.0115030496381223
378, 0.012425563564258
379, 0.0113683767616749
380, 0.0113786372045676
381, 0.0111742248758674
382, 0.0113655482418835
383, 0.0152568998746574
384, 0.0113937598653138
385, 0.0131471160178383
386, 0.0127013646997511
387, 0.0125089469365776
388, 0.0130743159291645
389, 0.0122822082291047
390, 0.0117151344505449
391, 0.0120140380846957
392, 0.0128579310451945
393, 0.012980650489529
394, 0.0132309789769351
395, 0.0130949101100365
396, 0.0136052224164208
397, 0.0132469986565411
398, 0.0141365261127551
399, 0.0138410651125014
400, 0.0144877072113256
401, 0.0132576827891171
402, 0.0130935488268733
403, 0.0132381871032218
404, 0.0129211120307446
405, 0.0132163385195392
406, 0.0131572509805361
407, 0.0130115064481894
408, 0.0132052791304886
409, 0.0132385296747088
410, 0.0115617605236669
411, 0.0131212246293823
412, 0.0105030298233032
413, 0.0125209833495319
414, 0.0158413106886049
415, 0.011769204666572
416, 0.0118307593899469
417, 0.0119486660696566
418, 0.0131616777119537
419, 0.0127078057266772
420, 0.0124943157037099
421, 0.0130985562379162
422, 0.0148935311784347
423, 0.0128791054400305
424, 0.0122369911211232
425, 0.011915081491073
426, 0.0132532310672104
427, 0.0130061359765629
428, 0.0121626663021743
429, 0.0134144853800535
430, 0.0137702274757127
431, 0.0129403982621928
432, 0.0140109436276058
433, 0.0142844445072114
434, 0.0132609449016551
435, 0.0132347742716471
436, 0.013199295476079
437, 0.0132653419859707
438, 0.0131735446241995
439, 0.0130901882158858
440, 0.0132794952951372
441, 0.0132776281485955
442, 0.0124751942542692
443, 0.0132316016991224
444, 0.0165182069564859
445, 0.0134414642428358
446, 0.0141251663056513
447, 0.0152391212371488
448, 0.0121939188490311
449, 0.0123316626995802
450, 0.0131971468217671
451, 0.012728097072492
452, 0.0129218081322809
453, 0.0124825759169956
454, 0.0133900584963461
455, 0.0121815116144717
456, 0.0131435338407755
457, 0.0129363282273213
458, 0.0130557655356824
459, 0.0125755500048399
460, 0.0145512303958337
461, 0.0135688438701133
462, 0.0138596661078433
463, 0.0140547840856016
464, 0.0147446009020011
465, 0.0133557071288427
466, 0.0133498742555579
467, 0.0133414655657751
468, 0.0133265775317947
469, 0.0132818968656162
470, 0.0132523810490966
471, 0.0132629800587893
472, 0.0159291533753276
473, 0.0139414815232158
474, 0.014095945438991
475, 0.0150866717366236
476, 0.0146757849891271
477, 0.0135807460173965
478, 0.0125874037233492
479, 0.0129891190057
480, 0.0127509735258562
481, 0.0132566468479733
482, 0.0131326378323138
483, 0.0127970823086798
484, 0.0132188300291697
485, 0.0142491121465961
486, 0.0131502579897642
487, 0.0136771023583909
488, 0.0138357832717399
489, 0.0134430914185941
490, 0.0134486313909292
491, 0.0133972315428158
492, 0.013331617494779
493, 0.0147717114537954
494, 0.0141039422402779
495, 0.0130951359557609
496, 0.0132481601710121
497, 0.013347913355877
498, 0.0133264929366608
499, 0.0135934907011688
500, 0.013509612220029
501, 0.0132411175540515
502, 0.0138981664287192
503, 0.0137146048558255
504, 0.0134980821361144
505, 0.0135608314137374
506, 0.0140089062042534
507, 0.0134025267325342
508, 0.0134707658241192
509, 0.0135846355929971
510, 0.0136551380467912
511, 0.0136471094253163
512, 0.0143636520951986
513, 0.0135873319581151
514, 0.0134791811662061
515, 0.0134116867557168
516, 0.0129064379259944
517, 0.0124378610402346
518, 0.0185946069347362
519, 0.0134468741404514
520, 0.00711375738804539
521, 0.0122074716103574
522, 0.012503808674713
523, 0.01272442114229
524, 0.0128844389691949
525, 0.0130064000065128
526, 0.0131030317085485
527, 0.0131913965257506
528, 0.0132944596310457
529, 0.0137100148325165
530, 0.0142074814066291
531, 0.0152040791387359
532, 0.0173931218062838
533, 0.0129621434025466
534, 0.0127240487684806
535, 0.0125236312548319
536, 0.0123557754171391
537, 0.0122183337807655
538, 0.0121110216714442
539, 0.00898427547266086
540, 0.00981618774433931
541, 0.0101405517198145
542, 0.0104544109975298
543, 0.0107449336598317
544, 0.0110056560176114
545, 0.011238693104436
546, 0.011454193542401
547, 0.011669102900972
548, 0.0119076523308953
549, 0.01221054730316
550, 0.0126472609117627
551, 0.0134009534182648
552, 0.0147761679254472
553, 0.00889036214600007
554, 0.00795645561690132
555, 0.00721447635442019
556, 0.00612612495509287
557, 0.00479279609862715
558, 0.00376857737622534
559, 0.0124361842560271
560, 0.0224204799160361
561, 0.00768263801001012
562, 0.00950164006402095
563, 0.0128660458140075
564, 0.0114788847664992
565, 0.00920956302434206
566, 0.0105637387993435
567, 0.0101937299283842
568, 0.0119425477460027
569, 0.010907751818498
570, 0.0112129198387265
571, 0.0117160864174366
572, 0.0121838155513008
573, 0.0124738896265626
574, 0.0134373608355721
575, 0.0126761673018336
576, 0.0130133349448442
577, 0.0141460080631077
578, 0.0132325530673067
579, 0.0133450088712076
580, 0.0148462355136871
581, 0.0160343705986937
582, 0.0134983959918221
583, 0.0137401558458805
584, 0.0131298311365147
585, 0.0128646541076402
586, 0.0132550202930967
587, 0.0141451012653609
588, 0.0136362727110585
589, 0.0131301862808565
590, 0.012920159380883
591, 0.0127409151755273
592, 0.0125964796170592
593, 0.0124659421853721
594, 0.0148081340206166
595, 0.00884593371301889
596, 0.00858675967901945
597, 0.00870189489796758
598, 0.00842533369238178
599, 0.00822283366384606
600, 0.00783363869413733
601, 0.0125552783720195
602, 0.0161629465098182
603, 0.0177462178592881
604, 0.00981099143003424
605, 0.0119542395696044
606, 0.0116954538971186
607, 0.01139425408716
608, 0.0121897463686764
609, 0.0124255504148702
610, 0.0110406009480357
611, 0.0126936822198331
612, 0.01063923475643
613, 0.0134885455481708
614, 0.0130268959328532
615, 0.0134100335029264
616, 0.0135666276328266
617, 0.0132866034594675
618, 0.0130282541116079
619, 0.0128448479808867
620, 0.0131671680137515
621, 0.0137949427589774
622, 0.0154758652982612
623, 0.0146853753055135
624, 0.0141472239047289
625, 0.0123854373980846
626, 0.0110158154275268
627, 0.0133759104646742
628, 0.0156658468768001
629, 0.0143705508671701
630, 0.0139926527626812
631, 0.0132367662154138
632, 0.0130645792620877
633, 0.0129101953158776
634, 0.0128055205568671
635, 0.0136665012687445
636, 0.0088612399995327
637, 0.00911593157798052
638, 0.0102643519639969
639, 0.00993097092335423
640, 0.00911225316425165
641, 0.00904208018134038
642, 0.00945024999479453
643, 0.00909559867743935
644, 0.0144786581929241
645, 0.0135744169354439
646, 0.0163052643959721
647, 0.00974532822147012
648, 0.0102080496338507
649, 0.013149573157231
650, 0.0124130599821607
651, 0.0128696770407259
652, 0.0126370865230759
653, 0.0134791817205648
654, 0.0121733909472823
655, 0.0118958743599554
656, 0.0115580900261799
657, 0.011149938373516
658, 0.0139970112591982
659, 0.0134623697958887
660, 0.0133347045630217
661, 0.0145142488181591
662, 0.0150305012551447
663, 0.0136112257217367
664, 0.0130424578674138
665, 0.0132018200432261
666, 0.0120163310319185
667, 0.0138129075057805
668, 0.014103163809826
669, 0.0126484235748649
670, 0.0134222709263364
671, 0.00978326626742879
672, 0.0138962121148195
673, 0.0130341399461031
674, 0.0133121747833987
675, 0.0131713063456118
676, 0.013819414190948
677, 0.0136166393446426
678, 0.0088917201384902
679, 0.00958132717226233
680, 0.0116325061147412
681, 0.00964408103997509
682, 0.00972514475385348
683, 0.0154206459410489
684, 0.0101736128951112
685, 0.0135058290990336
686, 0.0128269974763195
687, 0.013231198148181
688, 0.0130229064573844
689, 0.010676928019772
690, 0.0126205066529413
691, 0.0123831974342465
692, 0.0120909921824932
693, 0.0117118069902062
694, 0.0093731114640832
695, 0.0125135712636014
696, 0.0134948659688234
697, 0.0136254536919296
698, 0.0133740324527025
699, 0.0132361244676369
700, 0.0146355970452229
701, 0.0155267212539911
702, 0.0137856286019087
703, 0.014292907435447
704, 0.014005074587961
705, 0.0110436974403759
706, 0.0134510234929621
707, 0.0136653926844398
708, 0.0137232845649123
709, 0.0133654670789838
710, 0.0135748280833165
711, 0.0100834522396326
712, 0.0104636496731213
713, 0.0106689313737055
714, 0.0145107471783246
715, 0.014913196520259
716, 0.010640026225398
717, 0.0143423257395625
718, 0.0132963295715551
719, 0.0134525222703815
720, 0.013163224949191
721, 0.0130049586296082
722, 0.0133201006489495
723, 0.0112370108254254
724, 0.0128217656165361
725, 0.0125936735421419
726, 0.0122935040853918
727, 0.0136147779412568
728, 0.0135101994189123
729, 0.0137294847518206
730, 0.012372506937633
731, 0.0142327157470087
732, 0.014052869596829
733, 0.0138714498219391
734, 0.0134162036702037
735, 0.0134755802961687
736, 0.0135428292366366
737, 0.011718319884191
738, 0.0135138955499445
739, 0.0138888227132459
740, 0.0112921199761331
741, 0.0132966083474457
742, 0.0135035993797438
743, 0.0134004874465366
744, 0.0131773298295836
745, 0.0118699306622148
746, 0.0128110003036757
747, 0.0135901672765613
748, 0.0130270913553735
749, 0.0136594236828387
750, 0.0137360620622834
751, 0.0138884610496461
752, 0.0135776212749382
753, 0.0138128730468452
754, 0.0135433441027999
755, 0.0135157612551536
756, 0.0112221088260412
757, 0.012701530319949
758, 0.0142348377034068
759, 0.0135228762403131
760, 0.013496805381562
761, 0.0135505545352186
762, 0.0120460377740008
763, 0.0135073862038553
764, 0.0133491428568959
765, 0.0135923569489803
766, 0.0125280989644428
767, 0.0135633043634395
768, 0.0133826876325267
769, 0.0129006396358212
770, 0.0130964037962258
771, 0.0135994620621204
772, 0.0134012935683131
773, 0.0131933702155948
774, 0.0136588275432587
775, 0.0186412640226384
776, 0.0120152051871022
777, 0.0123846277905007
778, 0.0126628108943502
779, 0.012885638512671
780, 0.0130952913314104
781, 0.0133333052508533
782, 0.0136670089947681
783, 0.0142221019292871
784, 0.0152638031480213
785, 0.0174963145206372
786, 0.0133865320434173
787, 0.013334440998733
788, 0.0132474692848821
789, 0.0131198149174452
790, 0.0129491752013564
791, 0.0127403147829076
792, 0.0125051809785267
793, 0.0122594696780046
794, 0.0120312715880573
795, 0.0111593301407993
796, 0.0120198625760774
797, 0.012228323922803
798, 0.0124304207662741
799, 0.012622823783507
800, 0.0128050142278274
801, 0.0129782810496787
802, 0.01314974281316
803, 0.0133154106636842
804, 0.0110645894892514
805, 0.0109878474225601
806, 0.0108756657379369
807, 0.0107190851122141
808, 0.0105071607977152
809, 0.0102218580432236
810, 0.00983815484990676
811, 0.00931924985100826
812, 0.00861446326598525
813, 0.00767517400284608
814, 0.00646510223547618
815, 0.00733682936212669
816, 0.00507586852957805
817, 0.00399299829344576
818, 0.0126006215965996
819, 0.0225239448870222
820, 0.0118116595161458
821, 0.0130676878616214
822, 0.0129042340752979
823, 0.0127300863775114
824, 0.0114253523449103
825, 0.0116106614780923
826, 0.0121399823886653
827, 0.011267589405179
828, 0.012348023088028
829, 0.0125450532262524
830, 0.0141584125036995
831, 0.0133454543538392
832, 0.0149081672231356
833, 0.0160912458474437
834, 0.0128530720248818
835, 0.0126078855246305
836, 0.0136742402488987
837, 0.0130890834455689
838, 0.0091907709526519
839, 0.00965742859989405
840, 0.0111090241310497
841, 0.0110312884983917
842, 0.0109239478285114
843, 0.0107797812670469
844, 0.0105924614084264
845, 0.0103515905017654
846, 0.0100442422553897
847, 0.00867783278226852
848, 0.0134108044827978
849, 0.0134092634543777
850, 0.0132411639206111
851, 0.0130861235472063
852, 0.0127987281108896
853, 0.0124287412812312
854, 0.0134024370151261
855, 0.0134097093716264
856, 0.0132754893663029
857, 0.0129575304066141
858, 0.0131799662485719
859, 0.0126236852568885
860, 0.0134155678873261
861, 0.0122853862121701
862, 0.0161039218572634
863, 0.0132521559883441
864, 0.0122752921389682
865, 0.0131423002108932
866, 0.00822639946515361
867, 0.0117155550979078
868, 0.0115110226906836
869, 0.0124789527617395
870, 0.0122748500046631
871, 0.0126670971512794
872, 0.0130083632345001
873, 0.012841651837031
874, 0.0177781867484252
875, 0.0119260672169427
876, 0.0130972719440858
877, 0.0128317095028857
878, 0.0133728195602695
879, 0.0155957743215064
880, 0.0147800132011374
881, 0.014148969668895
882, 0.0137039464898407
883, 0.0111688238435558
884, 0.0110684738804897
885, 0.0111490950609247
886, 0.011203251623859
887, 0.0109712900593877
888, 0.0107330855292579
889, 0.0108585362322628
890, 0.0106074505796035
891, 0.0105118279655774
892, 0.0105059902804593
893, 0.0132884257473052
894, 0.0132738373552759
895, 0.0132653188581268
896, 0.0132241938263178
897, 0.0131973847746849
898, 0.0131410911368827
899, 0.0130478028828899
900, 0.0132226122853657
901, 0.0129208082022766
902, 0.0127962944763047
903, 0.0132850071725746
904, 0.0113290084215502
905, 0.0118289481848478
906, 0.0131193602989827
907, 0.0164782831755777
908, 0.011389342003635
909, 0.0079622984242936
910, 0.0107185924425721
911, 0.0127926883287728
912, 0.0118360264847676
913, 0.012619343586266
914, 0.0116230039857328
915, 0.0129500801364581
916, 0.012425456661731
917, 0.0146144878429671
918, 0.0130924025240044
919, 0.0140973807622989
920, 0.0152832265011966
921, 0.0120581588707864
922, 0.0112287709489465
923, 0.0112974165628354
924, 0.0133753481010596
925, 0.011314427635322
926, 0.013699228875339
927, 0.011364021183302
928, 0.0113441247182588
929, 0.0113004149558643
930, 0.0117335116180281
931, 0.0114678363315761
932, 0.0113437489295999
933, 0.0125940905883908
934, 0.013210356545945
935, 0.0132701521118482
936, 0.0131838259597619
937, 0.0132846731382112
938, 0.0132630858570337
939, 0.0130595207214355
940, 0.0132311132426063
941, 0.0131558305583894
942, 0.0131844179704785
943, 0.0111054440960288
944, 0.0115363325923681
945, 0.0113260746002197
946, 0.0119819529354572
947, 0.012922131922096
948, 0.0127657229701678
949, 0.0117382227132718
950, 0.0125899279179672
951, 0.015891675837338
952, 0.0122130867093801
953, 0.0148713076487184
954, 0.0144020092363159
955, 0.0133391099848918
956, 0.011605855387946
957, 0.0139916402598222
958, 0.0116089978920562
959, 0.0116492697658638
960, 0.0117306644096971
961, 0.0136564167526861
962, 0.0122109342676898
963, 0.0118675821771224
964, 0.0120935298812886
965, 0.0124599176148574
966, 0.0131784129577378
967, 0.0133753820943336
968, 0.0130515975345458
969, 0.0134330661967397
970, 0.0134259064992269
971, 0.0132894303339223
972, 0.0131199055661758
973, 0.0130404949188232
974, 0.0158354085870087
975, 0.0153053124834384
976, 0.0143606720181803
977, 0.0135910021141171
978, 0.0130436139491697
979, 0.0121590886265039
980, 0.0119087373216947
981, 0.0127612031064928
982, 0.0119111915118992
983, 0.0141441187200447
984, 0.0144555452279747
985, 0.012034788262099
986, 0.0138373547233641
987, 0.0122162081922094
988, 0.0130102660817405
989, 0.0123898891421656
990, 0.0124775385484099
991, 0.0128501962559919
992, 0.0131901234077911
993, 0.0135367706728478
994, 0.0136458477271455
995, 0.0133928586728871
996, 0.0130230881273746
997, 0.0130914497810105
998, 0.0146932283726831
999, 0.0123802480908732
1000, 0.0137475637408594
1001, 0.0122397360391915
1002, 0.0138981294197341
1003, 0.0140866809524596
1004, 0.0124346315860748
1005, 0.0125839458778501
1006, 0.0129072420919935
1007, 0.0133683755993843
1008, 0.0126912862372895
1009, 0.0146728741625945
1010, 0.0121082106072988
1011, 0.0130324692775806
1012, 0.0132353080747028
1013, 0.0136953400447965
1014, 0.0135272049034635
1015, 0.012931357270905
1016, 0.0130814909934998
1017, 0.0118156453594565
1018, 0.0140208108350635
1019, 0.0146441500633955
1020, 0.0140665942536933
1021, 0.0126304321789316
1022, 0.0125686766890188
1023, 0.0134899055895706
1024, 0.0128027329531809
1025, 0.0130906216800213
1026, 0.0133048958765964
1027, 0.0137428705181394
1028, 0.0129030873067677
1029, 0.0130913238972425
1030, 0.0127605831250548
1031, 0.0123793125152588
1032, 0.012859225894014
1033, 0.0134427755450209
1034, 0.0133898390146593
1035, 0.0131019966987272
1036, 0.0138187384232879
1037, 0.0120008680969477
1038, 0.00652648799587041
1039, 0.00267106546089053
1040, 0.0129158599302173
1041, 0.0131251368050774
1042, 0.0133576180475454
1043, 0.0136817488819361
1044, 0.0142250486339132
1045, 0.0152617399580777
1046, 0.0186209369761248
1047, 0.0174971362575889
1048, 0.0225829823563496
1049, 0.0122941657124708
1050, 0.00796516751870513
1051, 0.00721163457880418
1052, 0.00614998753493031
1053, 0.00453308504074812
1054, 0.014853247286131
1055, 0.0125954113900661
1056, 0.012051763633887
1057, 0.0116306934505701
1058, 0.0112631449786325
1059, 0.010911212147524
1060, 0.0105591729904215
1061, 0.0102047227943937
1062, 0.00985533030082782
1063, 0.0095277753037711
1064, 0.0092284403120478
1065, 0.00899618041391174
1066, 0.0119606878918906
1067, 0.013222698122263
1068, 0.0135239652978877
1069, 0.013883753058811
1070, 0.0143445720896125
1071, 0.0149570661596954
1072, 0.0134390853345394
1073, 0.00984976890807351
1074, 0.0106601744579772
1075, 0.0114517149825891
1076, 0.0127808811763922
1077, 0.0122704288611809
1078, 0.0118451838692029
1079, 0.0102526964619756
1080, 0.0110611775889993
1081, 0.00948135880753398
1082, 0.0126881978164117
1083, 0.014168535048763
1084, 0.014909542320917
1085, 0.0133972192804019
1086, 0.0137090440839529
1087, 0.0131503894614677
1088, 0.0129472200448314
1089, 0.0117725206539035
1090, 0.0121770954380433
1091, 0.0124237217629949
1092, 0.0126814803419014
1093, 0.0141324599583944
1094, 0.0135702113620937
1095, 0.0138406994131704
1096, 0.0144756925292313
1097, 0.00844241740802924
1098, 0.00864619707378248
1099, 0.00886540083835522
1100, 0.00872204561407367
1101, 0.0089064206307133
1102, 0.00890165809541941
1103, 0.00833891130362948
1104, 0.00865393032186798
1105, 0.0161373998659352
1106, 0.0126280855121357
1107, 0.00911881335611854
1108, 0.0123959911676745
1109, 0.0122754661632436
1110, 0.00941156353801489
1111, 0.0161234601400793
1112, 0.0124440702299277
1113, 0.0129070162462691
1114, 0.0111795783353349
1115, 0.012021249315391
1116, 0.0116084835802515
1117, 0.0107268130717178
1118, 0.00978814049934348
1119, 0.0102637656964362
1120, 0.0134505444827179
1121, 0.0134563148021698
1122, 0.0137632191181183
1123, 0.0141746050988634
1124, 0.0147542155658205
1125, 0.0129132055056592
1126, 0.0145650442157473
1127, 0.0133239286951721
1128, 0.0124370778600375
1129, 0.00890822351599733
1130, 0.0128662105028828
1131, 0.013748648421218
1132, 0.013912059366703
1133, 0.013947419822216
1134, 0.0126552980703612
1135, 0.0130912888174256
1136, 0.0126516660675406
1137, 0.00914852926507592
1138, 0.00915013890092572
1139, 0.0100328219123185
1140, 0.00908278425534566
1141, 0.00962680352053472
1142, 0.0129154059104621
1143, 0.0178356117879351
1144, 0.0155682040688892
1145, 0.0107536447855333
1146, 0.0112712363091608
1147, 0.0125824127656718
1148, 0.0121733235816161
1149, 0.01300576236099
1150, 0.0102264803523819
1151, 0.0117426927511891
1152, 0.0137868607416749
1153, 0.0134721503903468
1154, 0.0131925471747915
1155, 0.0141386940764884
1156, 0.0145877556254466
1157, 0.00984996076052388
1158, 0.0140456572175026
1159, 0.0135850108539065
1160, 0.0128901949418443
1161, 0.0137293046961228
1162, 0.0137484608218074
1163, 0.013049095403403
1164, 0.0132358991540968
1165, 0.0134150044371684
1166, 0.00969100308914979
1167, 0.0126469256356359
1168, 0.00977822082738082
1169, 0.0157722305506468
1170, 0.0163805837122103
1171, 0.0107018393464386
1172, 0.0127110422278444
1173, 0.0113356040480236
1174, 0.0151240372409423
1175, 0.0123141546112796
1176, 0.0130710965022445
1177, 0.0118610750262936
1178, 0.0134394766452412
1179, 0.0134938647970557
1180, 0.0140574740556379
1181, 0.0143843412709733
1182, 0.013691532270362
1183, 0.0111224592352907
1184, 0.0132082227617502
1185, 0.0134725059781756
1186, 0.0135160897237559
1187, 0.0133776871177057
1188, 0.0136190045935412
1189, 0.0105148358270526
1190, 0.0107244978037973
1191, 0.0132191452818612
1192, 0.0154406030972799
1193, 0.0156117156147957
1194, 0.0113617999789615
1195, 0.0131792169995606
1196, 0.0128531698137522
1197, 0.0119782888020078
1198, 0.0124639909093579
1199, 0.0147379022091627
1200, 0.013773368516316
1201, 0.010133745521307
1202, 0.0141715429102381
1203, 0.0117948070789377
1204, 0.0136188824350635
1205, 0.0135001520227109
1206, 0.0136275114491582
1207, 0.0136822238564491
1208, 0.0136682100904485
1209, 0.0112755537033081
1210, 0.0117789003998041
1211, 0.0121091578954032
1212, 0.0132991848513484
1213, 0.0126449579062561
1214, 0.0130185754969716
1215, 0.0150091067577402
1216, 0.0134046031162143
1217, 0.0143764203724762
1218, 0.0139343126987418
1219, 0.0124866901896894
1220, 0.0106160102101664
1221, 0.0138000903118934
1222, 0.0137477356940508
1223, 0.0136981507142385
1224, 0.0135263549163938
1225, 0.0145700314481344
1226, 0.0143264168873429
1227, 0.0134768079345425
1228, 0.0132473302073777
1229, 0.0144659865957995
1230, 0.0140535806616147
1231, 0.0128153775197764
1232, 0.0129032423719764
1233, 0.013414924343427
1234, 0.0127778379246593
1235, 0.0137402163818479
1236, 0.0135794997215271
1237, 0.0136912567541003
1238, 0.0135695488591279
1239, 0.0137227022399505
1240, 0.0141256809234619
1241, 0.013939349912107
1242, 0.0136287150904536
1243, 0.0120463879778981
