1, 0.00849402789026499
2, 0.0217893039807677
3, 0.00184111983980983
4, 0.00515126467992862
5, 0.0126477787271142
6, 0.0134173054248095
7, 0.0076373340561986
8, 0.00211741664679721
9, 0.0218748357146978
10, 0.00975515367463231
11, 0.0100174327380955
12, 0.0153895756229758
13, 0.00925165275111794
14, 0.00995840302978953
15, 0.0103836200820903
16, 0.0109728508008023
17, 0.0122304273148378
18, 0.0154204092298945
19, 0.0190577314545711
20, 0.0118482755497098
21, 0.00568363605998456
22, 0.00280094771490743
23, 0.00174532710419347
24, 0.00298874215998997
25, 0.00401654179828862
26, 0.00470509320231421
27, 0.00499261571094394
28, 0.00538668525405228
29, 0.00637691483522455
30, 0.00743213342502713
31, 0.008564293384552
32, 0.00955687339107195
33, 0.0103416405618191
34, 0.0109358672052622
35, 0.0114141770948966
36, 0.0120629980228841
37, 0.0124124074354768
38, 0.012261833374699
39, 0.0119501569618781
40, 0.0114837205037475
41, 0.0108825570593278
42, 0.0102015919983387
43, 0.00951931128899256
44, 0.00899801185975472
45, 0.00873200160761674
46, 0.00894516396025817
47, 0.00934452842921019
48, 0.00976594599584738
49, 0.0101232112695773
50, 0.0103489154328903
51, 0.0104292848457893
52, 0.0103846173733473
53, 0.0102512942006191
54, 0.0100683498506745
55, 0.0098687798405687
56, 0.00967917963862419
57, 0.0095201659326752
58, 0.0094089029977719
59, 0.00936431065201759
60, 0.00941252801567316
61, 0.00960020193209251
62, 0.0100193864976366
63, 0.0108404560014606
64, 0.011935759956638
65, 0.0110987015068531
66, 0.00922974850982428
67, 0.00871790759265423
68, 0.00838909080872933
69, 0.00815744667003552
70, 0.00798435788601637
71, 0.0078517651806275
72, 0.00775773683562875
73, 0.00769515277352184
74, 0.00769855793831604
75, 0.0078254595088462
76, 0.00792996026575565
77, 0.00801530682171384
78, 0.00807399892558654
79, 0.00809830815220873
80, 0.00808135559782386
81, 0.0080168996937573
82, 0.00789718904222051
83, 0.00771153368987143
84, 0.00744370394386351
85, 0.00706830147343377
86, 0.00654625395933787
87, 0.00582150765694678
88, 0.00482494205546876
89, 0.003525729640387
90, 0.00205361014620091
91, 0.0034746256036063
92, 0.00700396004443367
93, 0.0130777514229218
94, 0.0202561188489199
95, 0.0157121930581828
96, 0.0124905132688582
97, 0.0112432297319174
98, 0.0107509386725724
99, 0.0105440068679551
100, 0.0104585715259115
101, 0.0104252323508263
102, 0.0104130641557276
103, 0.0104066052784522
104, 0.0103982520910601
105, 0.010383953495572
106, 0.0103617254644632
107, 0.0103306046997507
108, 0.0102902463016411
109, 0.0102406996302307
110, 0.0101821093509595
111, 0.0101142100368937
112, 0.0100363541084031
113, 0.00994886597618461
114, 0.00984092761895486
115, 0.00980537260572116
116, 0.00983456335961819
117, 0.00986792147159576
118, 0.00990250085790952
119, 0.00993575310955445
120, 0.00996449403464794
121, 0.00998737569898367
122, 0.0100027052685618
123, 0.0100393844768405
124, 0.0100946889724582
125, 0.0101852125177781
126, 0.010267940039436
127, 0.0103630445276697
128, 0.0104661878819267
129, 0.0105758036176364
130, 0.0106918349241217
131, 0.0108139145498474
132, 0.0109408600255847
133, 0.0110699164991577
134, 0.0111955764393012
135, 0.0113076266522209
136, 0.0113883841161927
137, 0.0114092168708642
138, 0.0113273734847705
139, 0.0110859144479036
140, 0.0106208963940541
141, 0.00988838666429122
142, 0.00891393702477217
143, 0.00775991116339962
144, 0.00657153114055594
145, 0.0056481552310288
146, 0.0030364873042951
147, 0.00628883562361201
148, 0.0123620849723617
149, 0.0197897789378961
150, 0.0195427096138398
151, 0.0124664328371485
152, 0.0061514872747163
153, 0.00313467544037849
154, 0.00764558060715596
155, 0.00766538285339872
156, 0.0077020808433493
157, 0.00775773295511802
158, 0.00782808754593134
159, 0.0079097164173921
160, 0.0079979682341218
161, 0.00808963272720575
162, 0.00818245609601339
163, 0.00827475544065237
164, 0.00836549916615089
165, 0.00845451187342405
166, 0.00854245200753212
167, 0.0086309015750885
168, 0.00872247293591499
169, 0.00882099351535241
170, 0.00893237565954526
171, 0.00906634579102198
172, 0.00923988098899523
173, 0.00948092869172494
174, 0.00984821499635776
175, 0.0104488485182325
176, 0.0126455796416849
177, 0.0136114706595739
178, 0.0122576213131348
179, 0.0112330199529727
180, 0.0106617460648219
181, 0.0103359414885441
182, 0.0101404174541434
183, 0.010019582696259
184, 0.00994268152862787
185, 0.00989221440007289
186, 0.00985728669911623
187, 0.00983171972135703
188, 0.00981150815884272
189, 0.00979439324388901
190, 0.00977938684324423
191, 0.00976623718937238
192, 0.00975543322662512
193, 0.00974796898663044
194, 0.00974568941940864
195, 0.0097492424150308
196, 0.00978098879568279
197, 0.0102941477671266
198, 0.00989027600735426
199, 0.0138225257396698
200, 0.0046577716545601
201, 0.00187809183262289
202, 0.0107768027422329
203, 0.0115530886687338
204, 0.0132302398172518
205, 0.0169237662727634
206, 0.00898967400037994
207, 0.00520773720927536
208, 0.00477702155088385
209, 0.00411239530270298
210, 0.00303906155750155
211, 0.0112124010920525
212, 0.0107060967323681
213, 0.0100483332450191
214, 0.00915896380320191
215, 0.00806988325590889
216, 0.00685562123544514
217, 0.011146806490918
218, 0.0115406584615509
219, 0.0118073139650126
220, 0.0119786999809245
221, 0.0106600009215375
222, 0.0112699602420131
223, 0.0114228911697865
224, 0.00961881146455804
225, 0.0101379699384173
226, 0.005880457504342
227, 0.00625375887778189
228, 0.00986283272504807
229, 0.0110399193751315
230, 0.0116099597886205
231, 0.0105795191290478
232, 0.00884354688848058
233, 0.00764189187126855
234, 0.0103169054325138
235, 0.0107818227261305
236, 0.0113445282913744
237, 0.0120561774820089
238, 0.00928257598674723
239, 0.0114600179450853
240, 0.00612838473170996
241, 0.0106717751671871
242, 0.0112480789422989
243, 0.0112612950615585
244, 0.0110140363685787
245, 0.0122306837389867
246, 0.00853960867971182
247, 0.0110376137974007
248, 0.00978002930060029
249, 0.0105540986793737
250, 0.0108082616701722
251, 0.0112625661173037
252, 0.00593124367296696
253, 0.0134279454747836
254, 0.00722371814772487
255, 0.0112362168729305
256, 0.0118498572458824
257, 0.0107219954952598
258, 0.00981357367709279
259, 0.0110572792589664
260, 0.0110814639677604
261, 0.0123773681310316
262, 0.00806498733748283
263, 0.0115977730602026
264, 0.0110667169404527
265, 0.0113724247951593
266, 0.0113751057845851
267, 0.0115234864254793
268, 0.00978336095189055
269, 0.0118084764108062
270, 0.0112436409108341
271, 0.00870217266492546
272, 0.00582908105570823
273, 0.0104738518462649
274, 0.0144821310948048
275, 0.00976372013489405
276, 0.0102244115745028
277, 0.00953960263480743
278, 0.00963194854557514
279, 0.00991936648885409
280, 0.0100804598381122
281, 0.0103234403456251
282, 0.0107251453834275
283, 0.0102903397443394
284, 0.00991879108672341
285, 0.00966707275559505
286, 0.00953689326221744
287, 0.00950201212738951
288, 0.0103469031552474
289, 0.0102697120358547
290, 0.010083621678253
291, 0.00981227261945605
292, 0.00953030601764719
293, 0.00929038816442092
294, 0.00766885761792461
295, 0.00644742503451804
296, 0.00803463176513712
297, 0.00811323228602608
298, 0.00816145166754723
299, 0.00788125263837477
300, 0.00792732012147705
301, 0.00815755920484662
302, 0.0081200251976649
303, 0.0080285348619024
304, 0.00737644786325594
305, 0.00698104694796105
306, 0.00573535216972232
307, 0.00481640795866648
308, 0.00378998287487775
309, 0.0030904272183155
310, 0.00817539682611823
311, 0.00840354509030779
312, 0.00872066291049123
313, 0.00921704076851408
314, 0.00787019869312644
315, 0.00777779445052147
316, 0.0106958756223321
317, 0.0115904770791531
318, 0.013730127364397
319, 0.0183277620002627
320, 0.0102828959934413
321, 0.00977828834826748
322, 0.00960805732756853
323, 0.0100477207452059
324, 0.010378634557128
325, 0.00982308434322476
326, 0.00960779655724764
327, 0.00999401587372025
328, 0.00968879880383611
329, 0.0103082840020458
330, 0.00958257867023349
331, 0.00990584741036097
332, 0.0101889409124851
333, 0.00967604185764988
334, 0.0103744158210854
335, 0.0101188590439657
336, 0.00779164450553556
337, 0.00778018465886513
338, 0.00724427231277029
339, 0.00807868828997016
340, 0.00828169782956441
341, 0.00821355342244109
342, 0.00689837988466024
343, 0.00797042817187806
344, 0.0081825718904535
345, 0.00825152716909846
346, 0.00826964372148116
347, 0.00811404921114445
348, 0.00753967541580399
349, 0.00652199805093308
350, 0.00800521485507488
351, 0.00852340289081136
352, 0.00928272384529313
353, 0.00794358857508217
354, 0.0088494042865932
355, 0.0101619406292836
356, 0.00972888972610235
357, 0.011277600346754
358, 0.0124844818242959
359, 0.0129909550771117
360, 0.00922749827926358
361, 0.00997775566897222
362, 0.00996277215225356
363, 0.00617243706559141
364, 0.0104484982788563
365, 0.00963942303011815
366, 0.00987162673845887
367, 0.00957728394617637
368, 0.00973777178054055
369, 0.0100382616122564
370, 0.0105762275246282
371, 0.00955131525794665
372, 0.00960413863261541
373, 0.00956102041527629
374, 0.0102283963933587
375, 0.00966983738665779
376, 0.00971359868223468
377, 0.010420601349324
378, 0.0106559589815636
379, 0.0106274446782966
380, 0.00796479708515108
381, 0.00807268894277513
382, 0.00836896554877361
383, 0.00842440547421575
384, 0.00828702251116435
385, 0.00818490888923407
386, 0.00844672042876482
387, 0.00836897858728965
388, 0.00842850577707092
389, 0.00826831550026933
390, 0.00789184658788145
391, 0.00790592314054569
392, 0.00828305243824919
393, 0.0105781865616639
394, 0.00888983812183142
395, 0.00933730389390673
396, 0.00809236864248911
397, 0.00989437680691481
398, 0.0110870457387396
399, 0.0059831419105952
400, 0.0080849362226824
401, 0.010898784113427
402, 0.0110726036752264
403, 0.0106304239792128
404, 0.00849396005893747
405, 0.00947422456617157
406, 0.00944538585220774
407, 0.00944185939927896
408, 0.0094729367022713
409, 0.00954642426222563
410, 0.00947769188011686
411, 0.0096595191086332
412, 0.00982527900487185
413, 0.00945594332491358
414, 0.00864213053137064
415, 0.00863696991776427
416, 0.00852197563896577
417, 0.00854238588362932
418, 0.00858236569911242
419, 0.00851453483725587
420, 0.00861944242691
421, 0.00858956885834535
422, 0.0103268511593342
423, 0.0100491922348738
424, 0.00879255045826236
425, 0.00859758847703536
426, 0.00972156431525946
427, 0.00859573297202587
428, 0.00813243426382542
429, 0.00919648818671703
430, 0.00834410517875637
431, 0.00849958796364566
432, 0.0113238928218683
433, 0.0108944059660037
434, 0.00917102722451091
435, 0.0104424520395696
436, 0.00924123171716928
437, 0.00927649034808079
438, 0.00875584020589789
439, 0.00928747281432152
440, 0.00927640047545234
441, 0.00927903642877936
442, 0.00885762165610989
443, 0.00883290963247418
444, 0.0093260551802814
445, 0.00940523824344079
446, 0.00885568823044499
447, 0.00884447665885091
448, 0.00884031333650152
449, 0.00885919388383627
450, 0.0089231887832284
451, 0.00954080978408456
452, 0.0100508294999599
453, 0.00975095651422938
454, 0.00906344999869665
455, 0.00932012343158325
456, 0.00891109755528825
457, 0.0104147428646684
458, 0.0111272012193998
459, 0.0104961053778728
460, 0.00979066717748841
461, 0.00907568943997224
462, 0.00906884375338753
463, 0.0090318308211863
464, 0.00907609735925992
465, 0.00973951428507765
466, 0.00998085256045063
467, 0.00908624473959208
468, 0.0091237456848224
469, 0.00920603703707457
470, 0.0086090549826622
471, 0.00960607764621576
472, 0.00935716802875201
473, 0.011316835082003
474, 0.0103671977606912
475, 0.0116132971209784
476, 0.0117391254752874
477, 0.0122850496055824
478, 0.011567801857988
479, 0.0118486184626818
480, 0.00557754126687845
481, 0.00971563478621344
482, 0.0141986597861562
483, 0.00998878432437778
484, 0.0099618147748212
485, 0.0099046208585302
486, 0.00987428970014056
487, 0.0100272006044785
488, 0.00602171709761024
489, 0.00718986297336717
490, 0.0105152904676894
491, 0.0104096798847119
492, 0.0103100791263084
493, 0.0102170064734916
494, 0.0101478824391961
495, 0.00841273864110311
496, 0.00949108445396026
497, 0.0103504707415899
498, 0.0109271602705121
499, 0.0112519456694523
500, 0.0113900490105152
501, 0.0114043564535677
502, 0.0113440221175551
503, 0.0112429349683225
504, 0.0111224249315759
505, 0.0109951474393407
506, 0.0108680731306473
507, 0.0107448127431174
508, 0.0106270196847618
509, 0.0183294922113419
510, 0.0104590815802415
511, 0.0101591303634147
512, 0.0102241286076605
513, 0.0102811140629152
514, 0.0103705680618683
515, 0.0104028425800304
516, 0.0104272433867057
517, 0.0104450344418486
518, 0.0104750568668048
519, 0.0105046868945161
520, 0.0105705518896381
521, 0.0107218838917712
522, 0.0110651180148125
523, 0.011874210399886
524, 0.0139589700847864
525, 0.0103300165695449
526, 0.002891577333988
527, 0.0046189621090889
528, 0.00423027380990485
529, 0.00342429448695232
530, 0.0100093797470133
531, 0.00993249689539274
532, 0.0100380356113116
533, 0.0100408672975997
534, 0.00522572617046535
535, 0.00661992072127759
536, 0.010252445936203
537, 0.0103482760799428
538, 0.0104488007103403
539, 0.0101561277572598
540, 0.00915199192240834
541, 0.0113569110011061
542, 0.0113728314948579
543, 0.0108263866665463
544, 0.0105544729158282
545, 0.0111495514089862
546, 0.00797138852067292
547, 0.0107819034407536
548, 0.0109028525960942
549, 0.0106655374790231
550, 0.0110266764337818
551, 0.0112640553464492
552, 0.0101567821887632
553, 0.0114054523097972
554, 0.0112038436345756
555, 0.0100868929487964
556, 0.0106143150478601
557, 0.0108283020866414
558, 0.0116443702330192
559, 0.0102086981448034
560, 0.0104308319278061
561, 0.0104701570235193
562, 0.0100057817374667
563, 0.00993183944374323
564, 0.0102744721807539
565, 0.0105042532086372
566, 0.0105355742077033
567, 0.010333264246583
568, 0.0105692073702812
569, 0.0103853748490413
570, 0.0111003833202024
571, 0.0106895621865988
572, 0.0126837349629828
573, 0.00594523382772292
574, 0.0122419679537416
575, 0.00950453822900142
576, 0.00997390265443495
577, 0.00541037313329677
578, 0.0100907678715885
579, 0.00577243968533973
580, 0.0100161928373078
581, 0.010687668963025
582, 0.0105805851829549
583, 0.0107988632904987
584, 0.0109139281945924
585, 0.0110316340190669
586, 0.0101903981218735
587, 0.0104778511449695
588, 0.0102842560348411
589, 0.0111489567595224
590, 0.0103792316901187
591, 0.0112598799169064
592, 0.0113530769012868
593, 0.0114077621450027
594, 0.00874570283728341
595, 0.0113856832807263
596, 0.0112218325957656
597, 0.0100441323593259
598, 0.0100592807866633
599, 0.00749437417834997
600, 0.0108224314947923
601, 0.0101365838199854
602, 0.0105165089480579
603, 0.0104606252474089
604, 0.0105695421807468
605, 0.0106216113393505
606, 0.0104006348798672
607, 0.010676980484277
608, 0.0103361972918113
609, 0.0107427639886737
610, 0.0102665239634613
611, 0.0108324865189691
612, 0.0109686747503777
613, 0.0111912034141521
614, 0.0100614847615361
615, 0.0115644646187623
616, 0.00998944944391648
617, 0.00803246841366802
618, 0.00572054274380207
619, 0.0100697649953266
620, 0.00997326197102666
621, 0.0109414109028876
622, 0.0100745027884841
623, 0.0100989838441213
624, 0.0101275486605508
625, 0.0103095153657099
626, 0.0102222672042747
627, 0.0105906378788253
628, 0.0106896275343994
629, 0.0107916922618945
630, 0.0108972877884905
631, 0.0104004829190671
632, 0.0110064352241655
633, 0.010494294265906
634, 0.0111184205549459
635, 0.0101210240274668
636, 0.01123092090711
637, 0.011338220598797
638, 0.0114255310036242
639, 0.0101895496870081
640, 0.0106998301732043
641, 0.010627806186676
642, 0.0104844961315393
643, 0.0107755127052466
644, 0.0105565823614597
645, 0.010410588234663
646, 0.0108594978228211
647, 0.0103342941341301
648, 0.010959972627461
649, 0.0110892614660164
650, 0.0114536529096464
651, 0.0113367396406829
652, 0.0115115707740188
653, 0.0112665711591641
654, 0.0101091798084478
655, 0.0100395437330008
656, 0.00989457716544469
657, 0.0101617089073573
658, 0.00796513482928276
659, 0.011206871829927
660, 0.0117894479384025
661, 0.0101685516536236
662, 0.0102384126124283
663, 0.0105824981195231
664, 0.0106694051064551
665, 0.0107583333738148
666, 0.0103250397369266
667, 0.0104965766270955
668, 0.0108508331080278
669, 0.0104109540892144
670, 0.0109490241544942
671, 0.0110560075069467
672, 0.011175744390736
673, 0.0102540020210048
674, 0.0113124802398185
675, 0.0114633427001536
676, 0.0115661957922081
677, 0.0115887814511855
678, 0.0116122565232217
679, 0.0120945524734755
680, 0.0119090521087249
681, 0.0123335456475616
682, 0.0103822774253786
683, 0.00988331064581871
684, 0.00512373715173453
685, 0.00219694622792304
686, 0.0103049790486693
687, 0.0103391278535128
688, 0.0103644893194238
689, 0.0103945919933418
690, 0.0104052359238267
691, 0.0104210500915845
692, 0.0104542388580739
693, 0.0105278848980864
694, 0.0106861105499168
695, 0.0110231327513854
696, 0.0117644458077848
697, 0.0143216696257393
698, 0.0134772998280823
699, 0.0172685612924397
700, 0.00954177680735787
701, 0.0078547370309631
702, 0.00765910604968667
703, 0.00737969786860049
704, 0.00699128489941359
705, 0.00645450665615499
706, 0.0057128860304753
707, 0.004783610929735
708, 0.00354865366049732
709, 0.0104122754807274
710, 0.00985230614120761
711, 0.00951783343528708
712, 0.00929164281114936
713, 0.00912704955165585
714, 0.00899546826258302
715, 0.00888340206195911
716, 0.00878252151111762
717, 0.00868751915792624
718, 0.00859466847032309
719, 0.00850156415253878
720, 0.00840682443231344
721, 0.00831003316367666
722, 0.00821170831720034
723, 0.00811336670691768
724, 0.00801711979632576
725, 0.00792573376869162
726, 0.00784335991678139
727, 0.00777568621560931
728, 0.00772507403356334
729, 0.00769255108510454
730, 0.00999413415168723
731, 0.0100535651048025
732, 0.0101370636063317
733, 0.0102571855920056
734, 0.0104328895298143
735, 0.0106919206057986
736, 0.0110702266295751
737, 0.0115755444082121
738, 0.0121549476558963
739, 0.00995049408326546
740, 0.011208231250445
741, 0.0098116060718894
742, 0.0101850535720587
743, 0.0107137793675065
744, 0.00989023549482226
745, 0.0099170363197724
746, 0.0105261358742913
747, 0.0103803516055147
748, 0.0102693089284003
749, 0.0109433505373696
750, 0.00809387878204385
751, 0.00830899241069953
752, 0.00873542996123433
753, 0.0085269029562672
754, 0.00916932243853807
755, 0.00894096943860253
756, 0.00790722326685985
757, 0.00947600075354179
758, 0.00969467451795936
759, 0.0100172629269461
760, 0.0112062718719244
761, 0.00930741584549348
762, 0.0104764001443982
763, 0.00904968846589327
764, 0.00883748087411126
765, 0.0086323778765897
766, 0.0078391262019674
767, 0.00799472645545999
768, 0.00819977698847651
769, 0.00841879192739725
770, 0.0105021903291345
771, 0.0107441823929548
772, 0.0115434833181401
773, 0.0102082161853711
774, 0.0102614150382578
775, 0.0103597189299762
776, 0.0100702904164791
777, 0.0103845799652239
778, 0.0104055480721096
779, 0.010426739230752
780, 0.0103283156640828
781, 0.0104550897764663
782, 0.011029607616365
783, 0.0105873824407657
784, 0.00798375764861703
785, 0.00728429349449774
786, 0.00777943346959849
787, 0.00808450983216365
788, 0.00805759414409598
789, 0.00793780642561615
790, 0.00756309204734862
791, 0.00693999525780479
792, 0.00655598309822381
793, 0.00676008453592658
794, 0.0080714492748181
795, 0.00802560305843751
796, 0.00795237331961592
797, 0.00785670103505254
798, 0.00776391616091132
799, 0.00995032349601388
800, 0.0125360684469342
801, 0.00780105910130909
802, 0.0112320545262524
803, 0.00998221260185043
804, 0.0099180205059903
805, 0.0124362733525534
806, 0.0100706930582722
807, 0.00986818006883065
808, 0.00981530454009771
809, 0.009815055411309
810, 0.00982261169701815
811, 0.0098497262224555
812, 0.0100306700915098
813, 0.00983445656796296
814, 0.0106654381379485
815, 0.0108947912231088
816, 0.010793830268085
817, 0.010541102848947
818, 0.010433344480892
819, 0.0103439618833363
820, 0.0101207696522276
821, 0.00963014457374811
822, 0.00908681315680345
823, 0.00983555071676771
824, 0.00946502527222037
825, 0.00920138709867994
826, 0.00897613074630499
827, 0.0101001101235549
828, 0.00932505292197069
829, 0.00886571609104673
830, 0.0105361639122878
831, 0.00875313254073262
832, 0.00863715292265018
833, 0.00851793788994352
834, 0.00839683568725983
835, 0.00827751231069366
836, 0.00805669371038675
837, 0.0081627342539529
838, 0.00796211448808511
839, 0.0080449894691507
840, 0.0102885938249528
841, 0.0101448486869534
842, 0.0103621700157722
843, 0.0103950508249303
844, 0.0104253700313469
845, 0.0104576949961483
846, 0.0104988298068444
847, 0.0106568709015846
848, 0.0105595737695694
849, 0.010816253721714
850, 0.0102395759895444
851, 0.0110764699056745
852, 0.00791243324056268
853, 0.00811578969781598
854, 0.00812928983941674
855, 0.00807315142204364
856, 0.00800466056292256
857, 0.00810050995399555
858, 0.00816895191868146
859, 0.00802421135207017
860, 0.00810718272502224
861, 0.0114817537056903
862, 0.00798689775789777
863, 0.00796825989770393
864, 0.00789726674556732
865, 0.0109416533261538
866, 0.0100285389150182
867, 0.00800850681428398
868, 0.0120653885727127
869, 0.0137194041162729
870, 0.00892279778296749
871, 0.010212414432317
872, 0.00997140460337202
873, 0.0101637677289546
874, 0.0104482878620426
875, 0.0105179368207852
876, 0.0105885112037261
877, 0.0106405466794968
878, 0.00993124814704061
879, 0.00991766356552641
880, 0.00994922205184897
881, 0.0106678564722339
882, 0.00810558116063476
883, 0.00898567928622166
884, 0.00834653231625756
885, 0.00860781377802292
886, 0.00886418499673406
887, 0.00873814104124904
888, 0.00847521750256419
889, 0.00933768957232436
890, 0.00921971801047524
891, 0.00946208353464802
892, 0.00910353303576509
893, 0.0101752535750469
894, 0.00959830684587359
895, 0.00994135625660419
896, 0.00975547870621085
897, 0.00822166757037242
898, 0.0099982110162576
899, 0.0102714680445691
900, 0.00821773878609141
901, 0.0103237197423975
902, 0.0105351715659102
903, 0.0106031817073623
904, 0.01044466237848
905, 0.0104853707986573
906, 0.0104065234772861
907, 0.0107030846799413
908, 0.0102774181092779
909, 0.00854299264028668
910, 0.00809670270731052
911, 0.00816598550106088
912, 0.00821609562262893
913, 0.0101807792671025
914, 0.008242001136144
915, 0.00824238856633504
916, 0.010854076128453
917, 0.00870896860336264
918, 0.00860258486742775
919, 0.0110788176146646
920, 0.0113998227752745
921, 0.0101098967716098
922, 0.00998561438173056
923, 0.00991070317104459
924, 0.0126853712523977
925, 0.0101585562030474
926, 0.0118048273337384
927, 0.00934815375755231
928, 0.0103286180334787
929, 0.0100893443450332
930, 0.0100606186315417
931, 0.0105255041271448
932, 0.0104844121572872
933, 0.0104536754744393
934, 0.0105124170271059
935, 0.0102793690748513
936, 0.0100365149167677
937, 0.0100163398310542
938, 0.00854240947713455
939, 0.00826618022152356
940, 0.00840393391748269
941, 0.00909635828187068
942, 0.00896637964372834
943, 0.00922074758758148
944, 0.00883020010466377
945, 0.00868828423942129
946, 0.0102101822073261
947, 0.0100234430283308
948, 0.00934111435587207
949, 0.00946042345215877
950, 0.0104096682742238
951, 0.00958288197095195
952, 0.00971325005715092
953, 0.00985583662986755
954, 0.0103848030169805
955, 0.01012340032806
956, 0.00850326490278045
957, 0.0103664436998467
958, 0.0106251511412362
959, 0.0102220896321038
960, 0.0105567844584584
961, 0.0105037178533773
962, 0.0107182947297891
963, 0.0104583653931816
964, 0.0103213485951225
965, 0.00822068983688951
966, 0.00830770811686913
967, 0.00837376884495219
968, 0.00842497777193785
969, 0.00846677537386616
970, 0.0108493252967795
971, 0.00902326637879014
972, 0.00950824158887068
973, 0.00922098523005843
974, 0.0110319576536616
975, 0.0112672226193051
976, 0.0100736108475498
977, 0.0100002920565506
978, 0.0121038916210334
979, 0.0101440379396081
980, 0.0121904724898438
981, 0.00832697671527664
982, 0.00996619649231434
983, 0.0102053242735565
984, 0.0101987918217977
985, 0.0104077082748214
986, 0.0104314402366678
987, 0.0101656198191146
988, 0.0104545300515989
989, 0.0101366612749795
990, 0.0103678703308105
991, 0.00844621621072292
992, 0.00858930156876644
993, 0.0101126205796997
994, 0.00919915285582344
995, 0.00932969447846214
996, 0.00875770285104712
997, 0.00906045579661926
998, 0.010262872358518
999, 0.00891308191542824
1000, 0.00945284295206269
1001, 0.00957215825716654
1002, 0.00969054348145922
1003, 0.0100781895841161
1004, 0.0098122819326818
1005, 0.00994122804452976
1006, 0.0104476381093264
1007, 0.0102364916043977
1008, 0.011546590210249
1009, 0.00812924560159445
1010, 0.0102686712828775
1011, 0.0104149870264033
1012, 0.010625507372121
1013, 0.010562721795092
1014, 0.0107064826103548
1015, 0.0105110964116951
1016, 0.00838606773565213
1017, 0.00849448330700397
1018, 0.0103697854404648
1019, 0.00858475205798944
1020, 0.00867420388385653
1021, 0.00888122012838721
1022, 0.00877058443923791
1023, 0.0108114363004764
1024, 0.00954629775757591
1025, 0.0109478749024371
1026, 0.00985284770528475
1027, 0.0111142311555644
1028, 0.0117852610225479
1029, 0.0101825519065772
1030, 0.0100886104628444
1031, 0.00985096096992493
1032, 0.0106927964038083
1033, 0.0102739872721334
1034, 0.010293979352961
1035, 0.0104423084606727
1036, 0.0102601296578844
1037, 0.010363315542539
1038, 0.00880958822866281
1039, 0.0104216739224891
1040, 0.0102286549905936
1041, 0.0102000638532142
1042, 0.0094329083027939
1043, 0.00929571455344558
1044, 0.00898718896011511
1045, 0.00914832639197508
1046, 0.00955758414541682
1047, 0.00967548896248142
1048, 0.00978931675975521
1049, 0.0099010377501448
1050, 0.0101361686053375
1051, 0.0100148562341928
1052, 0.0103951752185822
1053, 0.0104551434827348
1054, 0.0103298750085135
1055, 0.0103191528469324
1056, 0.0104648342045645
1057, 0.0106084393337369
1058, 0.0105551144418617
1059, 0.00872056217243274
1060, 0.0106729941132168
1061, 0.0104194978872935
1062, 0.00884228153154254
1063, 0.00897522130981088
1064, 0.0102609655198952
1065, 0.0107529351177315
1066, 0.00912712654098868
1067, 0.0093104784997801
1068, 0.0112774834657709
1069, 0.0108434975457688
1070, 0.0100394178492328
1071, 0.0109418164938688
1072, 0.0117087083247801
1073, 0.0114042403486868
1074, 0.00939011871814728
1075, 0.0108629129827023
1076, 0.0103694282782575
1077, 0.0104282194127639
1078, 0.0103402868844569
1079, 0.00904920218246324
1080, 0.00860721870724644
1081, 0.0104352016933262
1082, 0.00953334818283717
1083, 0.00938692937294642
1084, 0.00923010241240263
1085, 0.00965829069415728
1086, 0.0102789479618271
1087, 0.0103098147859176
1088, 0.00977374178667863
1089, 0.010238216817379
1090, 0.00988189022367199
1091, 0.00998581138749917
1092, 0.010084949589024
1093, 0.0101798955971996
1094, 0.0104036154225469
1095, 0.0103968551071982
1096, 0.0103730293922126
1097, 0.010508477066954
1098, 0.0105789944839974
1099, 0.00896949243421356
1100, 0.0106262030700843
1101, 0.0104646778975924
1102, 0.00913203476617734
1103, 0.00930092654501398
1104, 0.0106798841928442
1105, 0.0103163957329733
1106, 0.010740272856007
1107, 0.0103859544421236
1108, 0.00974450927848617
1109, 0.0110404207371175
1110, 0.0107406702203055
1111, 0.00950020256762703
1112, 0.0107930203278859
1113, 0.0102474726736546
1114, 0.0114399863407016
1115, 0.0110837249085307
1116, 0.00997266250972947
1117, 0.010293667071632
1118, 0.010402316848437
1119, 0.00930770095437765
1120, 0.0104627121860782
1121, 0.00882142428308725
1122, 0.0106491413898766
1123, 0.0103714700477819
1124, 0.0103483971518775
1125, 0.010629009300222
1126, 0.00947249199574192
1127, 0.0104206533481677
1128, 0.0104979223882159
1129, 0.0104319962362448
1130, 0.00943440695603689
1131, 0.0106017080446084
1132, 0.0105711650103331
1133, 0.0100658230173091
1134, 0.0101576535962522
1135, 0.0102360439486802
1136, 0.0104064162199696
1137, 0.0104197810093562
1138, 0.01053720805794
1139, 0.00987043278291821
1140, 0.0103791801569362
1141, 0.00963395911579331
1142, 0.00975757682075103
1143, 0.00986294106890758
1144, 0.00961695906395713
1145, 0.0107698010812913
1146, 0.0101466064030925
1147, 0.0103423933809002
1148, 0.00954963878861495
1149, 0.00985736524065336
1150, 0.0097343442030251
1151, 0.0104429647326469
1152, 0.010430910003682
1153, 0.00996692602833112
1154, 0.0104437065310776
1155, 0.0104147696069309
1156, 0.0100657686901589
1157, 0.0101455712380509
1158, 0.0102187547211846
1159, 0.0103060846616115
1160, 0.0104319805589815
1161, 0.0105416313745081
1162, 0.0104596403737863
1163, 0.0105120857867102
1164, 0.00923984590917826
1165, 0.00968311112374067
1166, 0.0105193369090557
1167, 0.010803633214285
1168, 0.0104776509106159
1169, 0.0105252812306086
1170, 0.0106477299705148
1171, 0.00991541317974528
1172, 0.01051634332786
1173, 0.0101870815269649
1174, 0.0102936228737235
1175, 0.00994103848934174
1176, 0.0100627527572215
1177, 0.0104653018837174
1178, 0.0104600274935365
1179, 0.0104366975526015
1180, 0.0104544343426824
1181, 0.010163467998306
1182, 0.0102325867240628
1183, 0.0102894382240872
1184, 0.010329500772059
1185, 0.0103953081804017
1186, 0.0103785909712315
1187, 0.0104827027147015
1188, 0.0105132227763534
1189, 0.0105014801956713
1190, 0.0104165117566784
1191, 0.0104437222970384
1192, 0.00988032801875046
1193, 0.0107323925942183
1194, 0.010386753672113
1195, 0.0101822069846094
1196, 0.0101662542937057
1197, 0.0104824151577694
1198, 0.0102648554990689
1199, 0.0103939998274048
1200, 0.0104481012870868
1201, 0.0103218806907535
1202, 0.0103639272662501
1203, 0.0104006015296493
1204, 0.0104392836801708
1205, 0.0104557711941501
1206, 0.0103529764339328
1207, 0.0104658395051956
