1, 0.00655209901742637
2, 0.0152750010602176
3, 0.00180226791417226
4, 0.00609738053753972
5, 0.00788140017539263
6, 0.0106595326215029
7, 0.00549802230671048
8, 0.00175312688224949
9, 0.0152904191054404
10, 0.00677595450542867
11, 0.00775328511372209
12, 0.0109036481007934
13, 0.00674350852412837
14, 0.00697253706554572
15, 0.00711046749105056
16, 0.00721744409141441
17, 0.00730711501091719
18, 0.00739554882360001
19, 0.00750781347354253
20, 0.00768630051364501
21, 0.00803324409450094
22, 0.00881630290920536
23, 0.0108659487838546
24, 0.0132533389454087
25, 0.00759897893294692
26, 0.00351784805146356
27, 0.00198537724403044
28, 0.00314881873782724
29, 0.00412059583080312
30, 0.00480774999596179
31, 0.00527389564861854
32, 0.00559287463935713
33, 0.0058121372324725
34, 0.00595777675819894
35, 0.00604990194551647
36, 0.00610079389298335
37, 0.00612885629137357
38, 0.00622172141447663
39, 0.0063665706353883
40, 0.00653457455337048
41, 0.00670977775007486
42, 0.00688167537252108
43, 0.00704010203480721
44, 0.00717937511702379
45, 0.00729836678753297
46, 0.00739970601474245
47, 0.00748985384901365
48, 0.00757783899704615
49, 0.00767474854364991
50, 0.00779589079320431
51, 0.00782985147088766
52, 0.00783585694928964
53, 0.00780290768792232
54, 0.00775554481272896
55, 0.00768923169622819
56, 0.00760130072012544
57, 0.00749038190891345
58, 0.00735786091536283
59, 0.00720870619018873
60, 0.0070518204011023
61, 0.00689836917445064
62, 0.00675711594521999
63, 0.00670297327451408
64, 0.00660707382485271
65, 0.00663194106891751
66, 0.00669870820517341
67, 0.00678626090909044
68, 0.00688307670255502
69, 0.00697791902348399
70, 0.0070629237840573
71, 0.00713635220502814
72, 0.00720099390794833
73, 0.00726489257067442
74, 0.00734127918258309
75, 0.00745288546507557
76, 0.00764186338831981
77, 0.00798348678896824
78, 0.00871686358004808
79, 0.00932029564864933
80, 0.00909849628806114
81, 0.00752918841317296
82, 0.00697939936071634
83, 0.00666802407552799
84, 0.0064590477074186
85, 0.00629504149158796
86, 0.00615529048567017
87, 0.00602996380378803
88, 0.00591416719059149
89, 0.00580756288642685
90, 0.00571182432274024
91, 0.00562951884542902
92, 0.0055648242123425
93, 0.00551922060549259
94, 0.00553101906552911
95, 0.00559001586710413
96, 0.00564148440025747
97, 0.00568010432956119
98, 0.00569784090233346
99, 0.005684826678286
100, 0.0056289992450426
101, 0.00551513799776634
102, 0.00532204494811594
103, 0.00501888315193355
104, 0.00455964310094714
105, 0.00387899631944795
106, 0.0029317825489367
107, 0.00184555338152374
108, 0.00347107757503788
109, 0.00764888990670443
110, 0.0133292973041534
111, 0.0109629137441516
112, 0.0088171501023074
113, 0.00804843117172519
114, 0.00772144342772663
115, 0.00756471534259617
116, 0.00748095180218418
117, 0.00742805741416911
118, 0.00738648038047055
119, 0.00734560533116261
120, 0.00729842057141165
121, 0.00723852155109247
122, 0.00716174960446854
123, 0.00706860679201782
124, 0.00691378529882059
125, 0.00685916173582276
126, 0.00692184564347068
127, 0.00700470805168152
128, 0.00709832288945715
129, 0.00719865721960862
130, 0.007299836880217
131, 0.00739640897760789
132, 0.00748451597367724
133, 0.00756068077559272
134, 0.00762383763988813
135, 0.00767335342243314
136, 0.00771116527418296
137, 0.00771665922366083
138, 0.00769903852293889
139, 0.00763136226062973
140, 0.00759245455265045
141, 0.00756761400649945
142, 0.00754701687643925
143, 0.00752318960924943
144, 0.00748889753594995
145, 0.00743730009223024
146, 0.00736247484261791
147, 0.00726020227496823
148, 0.00712876301258802
149, 0.00697007061292728
150, 0.00679095291222135
151, 0.0066035408526659
152, 0.00641924096271396
153, 0.00625561131164432
154, 0.00614206648121278
155, 0.0034152806426088
156, 0.00751442198331157
157, 0.0132239898666739
158, 0.0132892647137245
159, 0.00739265823115905
160, 0.00329803714218239
161, 0.00552031607367098
162, 0.005554907489568
163, 0.00561069728185733
164, 0.00568533859526118
165, 0.00577029880757133
166, 0.0058603227759401
167, 0.00595312286168337
168, 0.00604694616049528
169, 0.00614086150502165
170, 0.00623602901274959
171, 0.00633590326954921
172, 0.00644705863669515
173, 0.00658111631249388
174, 0.00675616801405946
175, 0.00701351293052236
176, 0.00743545188258092
177, 0.00898520438931882
178, 0.00965747206161419
179, 0.00872068665921688
180, 0.00802555059393247
181, 0.00763427140191197
182, 0.00740971757719914
183, 0.00727032916620374
184, 0.00717545192067822
185, 0.00710321202253302
186, 0.00704191563030084
187, 0.00698574151222904
188, 0.00693275267258286
189, 0.00688336587821444
190, 0.00684030338500937
191, 0.00680853007361293
192, 0.00679235517357786
193, 0.00679927319288254
194, 0.00690396432764828
195, 0.00953608245721885
196, 0.0026929165275457
197, 0.00728486253259083
198, 0.00737583582910399
199, 0.00748169352300465
200, 0.00763456624311705
201, 0.00789529411122203
202, 0.00840769583980242
203, 0.00950881745666265
204, 0.0120742013677955
205, 0.0058933106317584
206, 0.00522157091957827
207, 0.00476569340874751
208, 0.00412302398278068
209, 0.00325044384226203
210, 0.00772254013766845
211, 0.0075349659503748
212, 0.00744938369219502
213, 0.00735657468127708
214, 0.00724849586064617
215, 0.00712043000385165
216, 0.0069710174575448
217, 0.00680353376083076
218, 0.00662581156939268
219, 0.00644974961566428
220, 0.00628429053661724
221, 0.0061581387805442
222, 0.00693872625318666
223, 0.00752912811003625
224, 0.00761102861724794
225, 0.00767452153377235
226, 0.00772146989280979
227, 0.00775272453514238
228, 0.0076235169544816
229, 0.00707338307984173
230, 0.00750030437484384
231, 0.00732407121298214
232, 0.00673271801012258
233, 0.00654405790070693
234, 0.00636285993581017
235, 0.00721063076828917
236, 0.00741834635846317
237, 0.00691238899404804
238, 0.00742866285145283
239, 0.00763518533979853
240, 0.00754922426616152
241, 0.00683284504339099
242, 0.00718449242413044
243, 0.00731195354213317
244, 0.00705523408638934
245, 0.00759862417665621
246, 0.00766078747498492
247, 0.00718776074548562
248, 0.00897119271879395
249, 0.00750444255148371
250, 0.00789721643862625
251, 0.0073895047729214
252, 0.00828834933539232
253, 0.00765917085421582
254, 0.00554857154687246
255, 0.00577922887168825
256, 0.00533183050962786
257, 0.00514518826579054
258, 0.00593954309200247
259, 0.00554531898039083
260, 0.00603881431743503
261, 0.00617633493883269
262, 0.00474288342520595
263, 0.0099237609654665
264, 0.00703141924792102
265, 0.00915797134595258
266, 0.00691106596163341
267, 0.00627149734646082
268, 0.00740013535444935
269, 0.00747367561173936
270, 0.0073068900189052
271, 0.00718717890170713
272, 0.00703869271092117
273, 0.00686095204825203
274, 0.00644567733009656
275, 0.00666226198275884
276, 0.00757616828195751
277, 0.00767249893397093
278, 0.00748555323419472
279, 0.00721421263491114
280, 0.00731478670301537
281, 0.00758184120059013
282, 0.00759499915875494
283, 0.00756056536920369
284, 0.00740673656885823
285, 0.00711332052014768
286, 0.00728727683114509
287, 0.00706589175388217
288, 0.00753177446313202
289, 0.0076880258663247
290, 0.0087039681772391
291, 0.00823687001441916
292, 0.00790744577534497
293, 0.00574397365562618
294, 0.00608915807679296
295, 0.00611464741329352
296, 0.00602969907534619
297, 0.00625028988967339
298, 0.00646473839879036
299, 0.00590982497669756
300, 0.00630138608227883
301, 0.00680921886426707
302, 0.00730733309562008
303, 0.00701430005331834
304, 0.00717996604119738
305, 0.00740177471501132
306, 0.00746954162605107
307, 0.00658213215259214
308, 0.00754563470504114
309, 0.00760816307738423
310, 0.00752879780096312
311, 0.0073465205108126
312, 0.00755646506634851
313, 0.00755183647076289
314, 0.00742261608441671
315, 0.00725898519158363
316, 0.0074836357186238
317, 0.00769131312457224
318, 0.00741341019359728
319, 0.0078814597800374
320, 0.00717967050150037
321, 0.00847147249927123
322, 0.00813586870208383
323, 0.00620744307525456
324, 0.0071184562984854
325, 0.00624780224946638
326, 0.00876336731016636
327, 0.00622117022673289
328, 0.00717484867200255
329, 0.00771579045491914
330, 0.00778014874085784
331, 0.00730223381625755
332, 0.00699411728419363
333, 0.00673550887343784
334, 0.00732992558429639
335, 0.0071875744809707
336, 0.00742285116575658
337, 0.00748322849782805
338, 0.00751297445967793
339, 0.00755613832734525
340, 0.0074654210669299
341, 0.00752646921734725
342, 0.00738965393975377
343, 0.00751526211388409
344, 0.00754224710787336
345, 0.00782439686978857
346, 0.00754264555871487
347, 0.00801078928634524
348, 0.00821424182504416
349, 0.00859327055513859
350, 0.00683529667245845
351, 0.00660873789872442
352, 0.00667365842188398
353, 0.00837637685860197
354, 0.00788887902828199
355, 0.00696836280015608
356, 0.00720438493105272
357, 0.00737574393860996
358, 0.00747466638373832
359, 0.00752194450857739
360, 0.00755842581080894
361, 0.00648883804678917
362, 0.00753352245582002
363, 0.00757463928312063
364, 0.00758585535610716
365, 0.00758139261355003
366, 0.00767098444824417
367, 0.00743687450885773
368, 0.00788194934527079
369, 0.00800220435485244
370, 0.00856583314016461
371, 0.00693682329729199
372, 0.00738361841067672
373, 0.00720602912562234
374, 0.00805948177973429
375, 0.00753977233543992
376, 0.00838394816964865
377, 0.00721582258120179
378, 0.00744552592126032
379, 0.00755578411432604
380, 0.00759321140746276
381, 0.00764111168682575
382, 0.00766709639823863
383, 0.00774835942623516
384, 0.00762391369789839
385, 0.00782903625319401
386, 0.00783262013768156
387, 0.00767171499319375
388, 0.00769449817016721
389, 0.00758961727842689
390, 0.00776416397032638
391, 0.00767560047097504
392, 0.0075388514281561
393, 0.00766404718160629
394, 0.00596816012901919
395, 0.00763794042480489
396, 0.00789661651166777
397, 0.00840986240655184
398, 0.0095185493119061
399, 0.00739889211642245
400, 0.00731704772139589
401, 0.00724687644590934
402, 0.00717788189649582
403, 0.00710440427064896
404, 0.00702491115468244
405, 0.00694222018743555
406, 0.00686386926099658
407, 0.00680319669966896
408, 0.00676036579534411
409, 0.00556243979372084
410, 0.00591991383892794
411, 0.00604143676658471
412, 0.00617205103238424
413, 0.00631556318451961
414, 0.00647941875892381
415, 0.00667886777470509
416, 0.00694595766253769
417, 0.00737783685326576
418, 0.00813436453851561
419, 0.00563646433874965
420, 0.0056872241354237
421, 0.00572141531544427
422, 0.00573182129301131
423, 0.00570865262610217
424, 0.00564064287270109
425, 0.00551316188648343
426, 0.00530681425395111
427, 0.00499463034793735
428, 0.00454383498678605
429, 0.00393286312464625
430, 0.00321069771113495
431, 0.00275028849137016
432, 0.00961857980915478
433, 0.00511370676880081
434, 0.00571464677341282
435, 0.00577096221968532
436, 0.00581078603863716
437, 0.00581592158414423
438, 0.00568196177482605
439, 0.00555229722522199
440, 0.00582779144557814
441, 0.00576903096710642
442, 0.00538684776984155
443, 0.00521685252897441
444, 0.00580884989661475
445, 0.00704708827349047
446, 0.00625733907024066
447, 0.00658910217074056
448, 0.00571013156635066
449, 0.0056254668161273
450, 0.00679221694978575
451, 0.00611300277523696
452, 0.00641401694156229
453, 0.00739096725980441
454, 0.00750746546934048
455, 0.00719704758375883
456, 0.00745805950524906
457, 0.00732285001625617
458, 0.00789243417481581
459, 0.00766521863018473
460, 0.00820811015243332
461, 0.00864143949002028
462, 0.00699981177846591
463, 0.00712953872668246
464, 0.00738635379821062
465, 0.00726100398848454
466, 0.00706072229271134
467, 0.00748426575834552
468, 0.00790327865009507
469, 0.0072787917063882
470, 0.00899149058386683
471, 0.00717413448728621
472, 0.00737505072417359
473, 0.00828912761062384
474, 0.00704432822143038
475, 0.0069077949039638
476, 0.0121120482993623
477, 0.00798813559647117
478, 0.00996747221797705
479, 0.0069725249361779
480, 0.00599764660000801
481, 0.00595686646799246
482, 0.00590042405140897
483, 0.00582976274502774
484, 0.00602133106440306
485, 0.00638455695783099
486, 0.00616209728953739
487, 0.00607056318161388
488, 0.00604187681650122
489, 0.00603265431709588
490, 0.00564730892490063
491, 0.00771537069231272
492, 0.00585177106161912
493, 0.00667472726975878
494, 0.00649410587114592
495, 0.0063300720260789
496, 0.00687717273831367
497, 0.00711210863664746
498, 0.0074097349618872
499, 0.00597872297900418
500, 0.00525090761948377
501, 0.0075466811346511
502, 0.00795720191672444
503, 0.00779431709088385
504, 0.00723593852793177
505, 0.00716860328490535
506, 0.0072966917262723
507, 0.00734953380500277
508, 0.00739699400340517
509, 0.00744225371939441
510, 0.00748957134783268
511, 0.00766094781768819
512, 0.00750781215416888
513, 0.00726771067517499
514, 0.00738393538631499
515, 0.00714279245585203
516, 0.00824376412977775
517, 0.00870600389316678
518, 0.00766679861893256
519, 0.00573923306850096
520, 0.00735285570845008
521, 0.00919088069349527
522, 0.00767420365342072
523, 0.0062389209245642
524, 0.00631708356862267
525, 0.00588077286790524
526, 0.00598104437813163
527, 0.00607489965235194
528, 0.0061610274327298
529, 0.00641195670080682
530, 0.00710050490063926
531, 0.00654711139698823
532, 0.00675798199760417
533, 0.00575111787766218
534, 0.00715328543446958
535, 0.00693477985138694
536, 0.00602616315397124
537, 0.00738983725508054
538, 0.00674201129004359
539, 0.00656103668734431
540, 0.00617572401339809
541, 0.00754280605663856
542, 0.00733237992972136
543, 0.00739994683923821
544, 0.0074432787951082
545, 0.00747486421217521
546, 0.00749732848877708
547, 0.00710495691746473
548, 0.00847415362174312
549, 0.00767277685614924
550, 0.0075155848171562
551, 0.00769959157332778
552, 0.00753348538031181
553, 0.00760411649631957
554, 0.00725848101345556
555, 0.00739883173567553
556, 0.00792108080349863
557, 0.00558151267468929
558, 0.00604634135961533
559, 0.00874895043671131
560, 0.00653285851391653
561, 0.00641256244853139
562, 0.00616840148965518
563, 0.00667112374988695
564, 0.00629469271128376
565, 0.00684976197468738
566, 0.00742197517926494
567, 0.00709294822687904
568, 0.0073967252724937
569, 0.00716737114513914
570, 0.0069803591662397
571, 0.0068000101018697
572, 0.00622930397678699
573, 0.00639611459337175
574, 0.00764796820779641
575, 0.00683540664613247
576, 0.00753333675675094
577, 0.00755887338891625
578, 0.00751102236764772
579, 0.00755896000191569
580, 0.00790230145988365
581, 0.00754491426050663
582, 0.00756074449357887
583, 0.00815131949881713
584, 0.00877694956337412
585, 0.00754483509808779
586, 0.00753721043777962
587, 0.00770322831037144
588, 0.00741060357540846
589, 0.00754938266860942
590, 0.00756535502150655
591, 0.00669133896008134
592, 0.0068496644962579
593, 0.00654447241686285
594, 0.00638804452804228
595, 0.00703699591880043
596, 0.00727357909393807
597, 0.00757112703286111
598, 0.00733392229303718
599, 0.00719712783272068
600, 0.00702274101786315
601, 0.00661601902296146
602, 0.00785761365356545
603, 0.00752525365290542
604, 0.00804216818263133
605, 0.00824986584484577
606, 0.00834820259894643
607, 0.00758584045494596
608, 0.00763244119783243
609, 0.0078462737146765
610, 0.00763713093474507
611, 0.00765553388434152
612, 0.00749828356007735
613, 0.00845483963244728
614, 0.00697305418240527
615, 0.00680430303327739
616, 0.00665326117138777
617, 0.0071537954111894
618, 0.00736248136187593
619, 0.00761069427244365
620, 0.00737710922424282
621, 0.00722108913275103
622, 0.00645677326247096
623, 0.0068472190760076
624, 0.00793162787643572
625, 0.00746951663556198
626, 0.0075267735713472
627, 0.00805351370945573
628, 0.00791400810703635
629, 0.00767787033692002
630, 0.00764353899285197
631, 0.00772321961509685
632, 0.00776060191648347
633, 0.00746401321763794
634, 0.00834163911640644
635, 0.00782940909266472
636, 0.00704249685319761
637, 0.00813445579260588
638, 0.00744027566785614
639, 0.00760310523522397
640, 0.00688042556867003
641, 0.00740389440519114
642, 0.00788835358495514
643, 0.007225380356734
644, 0.00771621149033308
645, 0.00754488888196647
646, 0.00736623285338283
647, 0.00726456494469728
648, 0.00704925647005439
649, 0.00742138604012628
650, 0.00756987471443911
651, 0.00781009048223495
652, 0.00755127410714825
653, 0.00606717967561313
654, 0.00737787286440531
655, 0.00742229485573868
656, 0.00747508966984848
657, 0.0076797097766151
658, 0.0079221457708627
659, 0.00841881381347775
660, 0.00952409549305836
661, 0.00744002700472871
662, 0.00736123230308294
663, 0.00727678532712162
664, 0.00719092522437374
665, 0.0071085246745497
666, 0.00703598458009462
667, 0.00696866718741755
668, 0.00618179879772166
669, 0.00670107073771457
670, 0.00688952502484123
671, 0.00706103901999692
672, 0.00720671867020428
673, 0.00732276254954437
674, 0.00740956196871897
675, 0.00747049056614439
676, 0.00751096359454095
677, 0.00753756426274776
678, 0.00755741881827513
679, 0.00757773383520544
680, 0.00760672412191828
681, 0.0076528685943534
682, 0.00605226812573771
683, 0.00523798765304188
684, 0.00478208561738332
685, 0.00416253177293887
686, 0.00341343743881832
687, 0.00288171827560291
688, 0.00953934481367469
689, 0.00650998073009153
690, 0.00758412208718558
691, 0.00755015877075493
692, 0.00681501471747955
693, 0.00739117960135142
694, 0.00745969886581103
695, 0.0075045945122838
696, 0.00753238176306089
697, 0.00756514064657191
698, 0.00729349302127957
699, 0.00716385555764039
700, 0.00632656939948599
701, 0.00700271137369176
702, 0.00751012695642809
703, 0.0076172830692182
704, 0.0074170104538401
705, 0.007352607169499
706, 0.00721783967067798
707, 0.00765268473575513
708, 0.00768055850639939
709, 0.00715452603374918
710, 0.00728514123087128
711, 0.00756940330999593
712, 0.0120932535889248
713, 0.00733298521178464
714, 0.00829282759999236
715, 0.00721674583231409
716, 0.00728131139961382
717, 0.00713190475168328
718, 0.0070419680327177
719, 0.00758582842536271
720, 0.00743933557532728
721, 0.0077151827669392
722, 0.00750147302945455
723, 0.0079279780232658
724, 0.00892505701631308
725, 0.0059534195655336
726, 0.00579226583552857
727, 0.00556235791494449
728, 0.00542339123785496
729, 0.00528128255003442
730, 0.00559873172702889
731, 0.00710933356146727
732, 0.00543139611060421
733, 0.00761935660349471
734, 0.00751163391396403
735, 0.00727667581910888
736, 0.00755727081559598
737, 0.0073854054013888
738, 0.0071318174401919
739, 0.00695070422564944
740, 0.00756719421284894
741, 0.00754892453551292
742, 0.00753468632077177
743, 0.00746022188104689
744, 0.0075074282164375
745, 0.00661107820148269
746, 0.00752519024536014
747, 0.00756529982512196
748, 0.00759777675072352
749, 0.00741558172740042
750, 0.00736282781387369
751, 0.00730709762622913
752, 0.00725066972275575
753, 0.00719831567257643
754, 0.00747510589038332
755, 0.00758283017203212
756, 0.00973616261035204
757, 0.00738643497849504
758, 0.00720682460814714
759, 0.00727672308372955
760, 0.00775413665299614
761, 0.00794975715689361
762, 0.00762357671434681
763, 0.00753189770815273
764, 0.00824358112489184
765, 0.00866126843417684
766, 0.00733501021750271
767, 0.00614335589731733
768, 0.00577655822659532
769, 0.00651029613800347
770, 0.00633814721368253
771, 0.00593270089787741
772, 0.00605870946310461
773, 0.00641256563055019
774, 0.00620584582377757
775, 0.00898313662037253
776, 0.00728020896869046
777, 0.0075621850389455
778, 0.00911969148243467
779, 0.00650155699501435
780, 0.00754669223291179
781, 0.00755609874613583
782, 0.00755676386567454
783, 0.00755580010203024
784, 0.00739519546429316
785, 0.00711080214629571
786, 0.00727389248398443
787, 0.00752287435655793
788, 0.00747542626534899
789, 0.0075054798896114
790, 0.00742998618322114
791, 0.00738576015767952
792, 0.0073324735276401
793, 0.00753907168594499
794, 0.00673851673491299
795, 0.00746421795338392
796, 0.00746135553345084
797, 0.00764430384151638
798, 0.00793601588035623
799, 0.00776712285975615
800, 0.00816535018384457
801, 0.00844761123880744
802, 0.00734476240662237
803, 0.00740109135707219
804, 0.00687412801198661
805, 0.00624906419155498
806, 0.00634402828291059
807, 0.00730486234117832
808, 0.00624972690517704
809, 0.00610226513817906
810, 0.00628257046143214
811, 0.00843407226992505
812, 0.00869524230559667
813, 0.00664980647464593
814, 0.00756418262608349
815, 0.00755037626783763
816, 0.00757202319800854
817, 0.00757176297095915
818, 0.00728684772426883
819, 0.00742375516953568
820, 0.00750490301288664
821, 0.00750860307986538
822, 0.00755403951431314
823, 0.00741756534469979
824, 0.00753029955861469
825, 0.00745613880765935
826, 0.00631118100136518
827, 0.00689917670873304
828, 0.00747006456367671
829, 0.00755232945084572
830, 0.00775238227409621
831, 0.00741273661454519
832, 0.00788892122606436
833, 0.00805529067292809
834, 0.00823358182484905
835, 0.00747869582846761
836, 0.00688531373937925
837, 0.0065287790261209
838, 0.00659128976985812
839, 0.00669300400962432
840, 0.00735874827951193
841, 0.0083443196490407
842, 0.00682933149593217
843, 0.00755876284092665
844, 0.00751673406921327
845, 0.00757817272096872
846, 0.00747450185008347
847, 0.00760094122961164
848, 0.00748577602207661
849, 0.00761205757347246
850, 0.00756263251726826
851, 0.00753794765720765
852, 0.00760328591180344
853, 0.00754715232178569
854, 0.00710238330066204
855, 0.00749003243011733
856, 0.00813811163728436
857, 0.007645340791593
858, 0.00782369659282267
859, 0.00793847115710378
860, 0.008039691640685
861, 0.00755963699581722
862, 0.00740634715184569
863, 0.0069519029930234
864, 0.00717097148299217
865, 0.00790330992701153
866, 0.00711555993184447
867, 0.00753445159643888
868, 0.00760576998194059
869, 0.00763998297043145
870, 0.00806819880381227
871, 0.00764263910241425
872, 0.00766746901596586
873, 0.00767317150409023
874, 0.00731418211944401
875, 0.00752095645293593
876, 0.00772004489166041
877, 0.00748729566112161
878, 0.00783017712334792
879, 0.00788751717967292
880, 0.00763408436129491
881, 0.00735904249761786
882, 0.00766497936898044
883, 0.00757703585550189
884, 0.00755547412804195
885, 0.00757984444499016
886, 0.0075608952237027
887, 0.00776611998056372
888, 0.00764189474284649
889, 0.00769346300512552
890, 0.00773966025250653
891, 0.00754599420664211
892, 0.00788857617105047
893, 0.00775537934775154
894, 0.00767977628856897
895, 0.00774545540722708
896, 0.00761978216469288
897, 0.00765037452802062
898, 0.00951083679683506
899, 0.00258709733801273
900, 0.00733282719738781
901, 0.00738081002297501
902, 0.007426646615689
903, 0.00747961814825733
904, 0.00755518201428155
905, 0.00768285035155714
906, 0.00792291356871525
907, 0.00841250518957774
908, 0.00953298201784492
909, 0.0121786836534739
910, 0.00582703342661262
911, 0.0055627697147429
912, 0.00562440510839224
913, 0.00567446843100091
914, 0.00570837827399373
915, 0.00571875064633787
916, 0.00569528543079893
917, 0.00562710058875382
918, 0.00549986842088401
919, 0.00529413872087995
920, 0.00498462375253439
921, 0.00454024147863189
922, 0.00392153634068867
923, 0.00309482767867545
924, 0.00702530060273906
925, 0.00678773876279593
926, 0.0066199687620004
927, 0.00648947735317051
928, 0.00637706896911065
929, 0.00627313709507386
930, 0.00617195665836334
931, 0.00607088363418976
932, 0.00596952795361479
933, 0.00586969265714288
934, 0.00577352079562843
935, 0.00568517895104984
936, 0.0056090340949595
937, 0.00689706004535158
938, 0.00690294646968444
939, 0.00692201390241583
940, 0.00695704738609493
941, 0.00700155001444121
942, 0.00705276631439726
943, 0.00710978351222972
944, 0.00717412517406046
945, 0.00724991356643538
946, 0.00734497637798389
947, 0.00747244176454842
948, 0.00765377865172923
949, 0.00791651057079434
950, 0.00826120407631
951, 0.00864890931795041
952, 0.00504298655626674
953, 0.00578889173145096
954, 0.00565527278619508
955, 0.00552347263631721
956, 0.00578592694364488
957, 0.00574739455866317
958, 0.00569462799467146
959, 0.0058015341249605
960, 0.00574234298740824
961, 0.00535918058206638
962, 0.00519334540391962
963, 0.00741586283159753
964, 0.00592463455783824
965, 0.00571479291344682
966, 0.00615569894822935
967, 0.00692432932555676
968, 0.00797516778111458
969, 0.00638578901998699
970, 0.00627131240131954
971, 0.0071550893286864
972, 0.00675844121724367
973, 0.00662203730704884
974, 0.00650087332663437
975, 0.00603891466744244
976, 0.00581436394713819
977, 0.00727276992984116
978, 0.00704197391557197
979, 0.00706978165544569
980, 0.007109322041894
981, 0.00715666163402299
982, 0.0072109034905831
983, 0.00734484715697666
984, 0.00743109111984571
985, 0.0075367174576968
986, 0.00766808842308819
987, 0.00782796468896171
988, 0.00800670155634483
989, 0.00829879132409891
990, 0.00727564337042471
991, 0.00738928071223199
992, 0.00744646795404454
993, 0.00759336243694027
994, 0.00710653583519161
995, 0.00720224886511763
996, 0.00793256602870921
997, 0.00750979975176354
998, 0.00772062689065933
999, 0.00892086404686173
1000, 0.00563324056565762
1001, 0.00976568056891362
1002, 0.00800616420539362
1003, 0.00885707365038494
1004, 0.00910350975270073
1005, 0.00595723938507338
1006, 0.0059189194192489
1007, 0.00598257904251416
1008, 0.00586626290654143
1009, 0.0057966619109114
1010, 0.00604705698788166
1011, 0.00601094743857781
1012, 0.00599732979511221
1013, 0.00617923323685924
1014, 0.00643118214793503
1015, 0.00470471908338368
1016, 0.00673771339158217
1017, 0.00687526818364859
1018, 0.00703411215605835
1019, 0.00722586084157228
1020, 0.0066105710187306
1021, 0.00622800023605426
1022, 0.00609438843093812
1023, 0.00635803599531452
1024, 0.00596740197700759
1025, 0.00648535757015149
1026, 0.00584270811772772
1027, 0.00747440157768627
1028, 0.00729592066879074
1029, 0.00724692502990365
1030, 0.00720238662324846
1031, 0.00779080437496305
1032, 0.00716324693833788
1033, 0.00772702119623621
1034, 0.00763977474222581
1035, 0.00735025146665672
1036, 0.00755486784813305
1037, 0.00747835830164452
1038, 0.00741050943421821
1039, 0.00704077065789274
1040, 0.00732928273888926
1041, 0.00716918357647955
1042, 0.00763360573910177
1043, 0.00754240100892882
1044, 0.00746890770581861
1045, 0.00776132731698453
1046, 0.00866483182956775
1047, 0.00824363560726245
1048, 0.00795271503739059
1049, 0.00725760427303612
1050, 0.00555834472179413
1051, 0.00860160573696097
1052, 0.00726054109899061
1053, 0.00676492423129578
1054, 0.00618795631453395
1055, 0.00627099839039147
1056, 0.00593889434821904
1057, 0.006109486023585
1058, 0.00603037769906223
1059, 0.00637317984364927
1060, 0.00652091926895082
1061, 0.00572570040822029
1062, 0.00694221085203545
1063, 0.00657247883888582
1064, 0.00643159953566889
1065, 0.00697248638607562
1066, 0.00711865808504323
1067, 0.00729066195587317
1068, 0.00628436512003342
1069, 0.00599832460284233
1070, 0.0061284628075858
1071, 0.00670668350843092
1072, 0.0068383877320836
1073, 0.00753158537138786
1074, 0.00781110981479287
1075, 0.00759730224187175
1076, 0.00727757260513802
1077, 0.00762727468584975
1078, 0.00763772699671487
1079, 0.00755348266102374
1080, 0.00750712545899053
1081, 0.00732510630041361
1082, 0.00736844407704969
1083, 0.00746055087074637
1084, 0.00741412444040179
1085, 0.00712982043623924
1086, 0.00740046457697948
1087, 0.00815825893854102
1088, 0.00843718042597175
1089, 0.00765532480242352
1090, 0.00756381630587081
1091, 0.00793769676238298
1092, 0.00777478648039202
1093, 0.00723781516509397
1094, 0.00733006116934121
1095, 0.00700914794579148
1096, 0.00647671047287683
1097, 0.00635351000043253
1098, 0.00735793896019459
1099, 0.00613672306228961
1100, 0.00706484075635672
1101, 0.00661944776463012
1102, 0.006235188494126
1103, 0.00680536388730009
1104, 0.00762050356715918
1105, 0.00664708662467698
1106, 0.00648603813412289
1107, 0.00732695443245272
1108, 0.00719100516289473
1109, 0.00631775334477425
1110, 0.00705924086893598
1111, 0.00679203510905306
1112, 0.00745449308305979
1113, 0.00692707610627015
1114, 0.00755939477433761
1115, 0.0075585402858754
1116, 0.00749723340517708
1117, 0.00755068186360101
1118, 0.00743146892637014
1119, 0.00739658783589091
1120, 0.00746988947503269
1121, 0.00753179960884154
1122, 0.00750403734855354
1123, 0.00869923736900091
1124, 0.0074850235444804
1125, 0.00821954974283775
1126, 0.00804710884888967
1127, 0.00765711658944686
1128, 0.00775962028031548
1129, 0.00789029539252321
1130, 0.00740564668861528
1131, 0.0082029002563407
1132, 0.00662865055104097
1133, 0.00646401662379503
1134, 0.00679222866892815
1135, 0.00764243038637297
1136, 0.00725403404794633
1137, 0.00699269911274314
1138, 0.00632483158260584
1139, 0.00670293361569444
1140, 0.00650385984530052
1141, 0.0068696360103786
1142, 0.00737675333706041
1143, 0.00726230683115621
1144, 0.00713675088870029
1145, 0.00700854176344971
1146, 0.00746755171567202
1147, 0.00750128622166812
1148, 0.00753483750546972
1149, 0.00748195378109813
1150, 0.00755563750863075
1151, 0.00752017678072055
1152, 0.0075582693486164
1153, 0.00754561896125476
1154, 0.00833475403487682
1155, 0.00733336750417948
1156, 0.00757070770487189
1157, 0.00802045625944932
1158, 0.00792324271363517
1159, 0.00772614676194886
1160, 0.00781855514893929
1161, 0.00749036677492162
1162, 0.00790884322486818
1163, 0.00673487310164741
1164, 0.00690352940000594
1165, 0.0076069637046506
1166, 0.0071008192996184
1167, 0.00733322316470246
1168, 0.00693639251403511
1169, 0.0074384257064334
1170, 0.00708779265793661
1171, 0.00731797772459686
1172, 0.00721151567995548
1173, 0.00752395826081435
1174, 0.0075638302867966
1175, 0.00756668330480655
1176, 0.00758761974672476
1177, 0.00758983932125072
1178, 0.00805756348806123
1179, 0.00764490252671142
1180, 0.0078250086600227
1181, 0.0078037001658231
1182, 0.00774708700676759
1183, 0.00715860701166093
1184, 0.00759409406843285
1185, 0.00736576171281437
1186, 0.00717116632897939
1187, 0.00697692260146141
1188, 0.00728768746679028
1189, 0.00738321260238687
1190, 0.00751753484031984
1191, 0.00762967886403203
1192, 0.00759145982253055
1193, 0.00763905766819205
1194, 0.00788828264921904
1195, 0.00768352121425172
1196, 0.00771535094827414
1197, 0.00768962615568723
1198, 0.00744997533038259
1199, 0.00736573912824194
1200, 0.00755948876030743
1201, 0.00736959856003523
1202, 0.00744729900422196
1203, 0.00755505161359906
1204, 0.00762691488489509
1205, 0.00753211383042591
1206, 0.00769252981990576
