1, 0.00597002496942878
2, 0.0194426644593477
3, 0.00165906781330705
4, 0.00457625649869442
5, 0.00962518528103828
6, 0.00958516728132963
7, 0.00560018140822649
8, 0.00181703682756051
9, 0.0190389389172196
10, 0.00711413333192468
11, 0.00917482562363148
12, 0.0112603157758713
13, 0.00682006004665579
14, 0.00779115540596346
15, 0.00846708876391252
16, 0.00931196721891562
17, 0.0108887795358896
18, 0.0140969888307154
19, 0.0174290177722772
20, 0.0116303342704972
21, 0.00644371782739957
22, 0.00320978493740161
23, 0.00196202689160903
24, 0.0010427374606176
25, 0.00167371588759124
26, 0.00245541120724132
27, 0.00312407314777374
28, 0.00364482069077591
29, 0.0040323769984146
30, 0.00430571792336802
31, 0.00448872645696004
32, 0.00459187658270821
33, 0.0046610957942903
34, 0.00492084678262472
35, 0.00534081614265839
36, 0.00585527593890826
37, 0.00642095118140181
38, 0.00700761300201217
39, 0.00759323360398412
40, 0.00815758916238944
41, 0.00866647623479366
42, 0.00924442405812442
43, 0.00951823312789202
44, 0.00956618258108695
45, 0.00964804086834192
46, 0.00972115527838469
47, 0.00975724837432305
48, 0.00972190095732609
49, 0.00957629146675269
50, 0.00928249148031076
51, 0.00882497150450945
52, 0.00822498618314664
53, 0.00755035939315955
54, 0.00687822854767243
55, 0.00660936848726124
56, 0.00631582209219535
57, 0.0066118569423755
58, 0.00712578417733312
59, 0.00768386308724682
60, 0.00819383002817631
61, 0.00857771964122852
62, 0.0087999797736605
63, 0.00886539711306492
64, 0.00880242822070917
65, 0.00864624852935473
66, 0.00843276021381219
67, 0.00819110622008642
68, 0.00794507811466853
69, 0.00771259935572743
70, 0.00750669557601213
71, 0.00733839239304264
72, 0.00721952815850576
73, 0.00716774646813671
74, 0.00721415101240079
75, 0.00742255446190635
76, 0.00791854861502846
77, 0.00861331742877761
78, 0.0080617080675438
79, 0.00681630568578839
80, 0.0064817286717395
81, 0.00625600138058265
82, 0.00608556143318613
83, 0.00594935100525618
84, 0.00583505149309834
85, 0.00574135609592001
86, 0.00567446354155739
87, 0.00563100446015596
88, 0.00563433287399156
89, 0.0057003537658602
90, 0.00575605818691353
91, 0.00579845020547509
92, 0.00582070004505416
93, 0.00581727588238815
94, 0.00578279801023503
95, 0.00571192475035787
96, 0.00559941935352981
97, 0.00543915651117762
98, 0.00522251605677108
99, 0.00493657449260354
100, 0.00456370886725684
101, 0.00408049626275897
102, 0.00346169896268596
103, 0.00269507519745578
104, 0.00182798004243523
105, 0.00115802183669681
106, 0.00222956272773445
107, 0.00365013155775766
108, 0.00711578782647848
109, 0.0121297482401133
110, 0.0177818806841969
111, 0.0140323461964726
112, 0.0109676954646905
113, 0.00950940496598681
114, 0.00884740768621365
115, 0.00849827410032352
116, 0.0082967906879882
117, 0.00816792451466123
118, 0.00807298331831892
119, 0.00798816916843255
120, 0.0078936000354588
121, 0.00777155191948016
122, 0.0075970896674941
123, 0.0073249777002881
124, 0.00728629529476166
125, 0.00734365591779351
126, 0.00751759794851144
127, 0.00771639278779427
128, 0.00793394958600402
129, 0.00815632753074169
130, 0.00837094616144896
131, 0.00856771785765886
132, 0.00873964341978232
133, 0.00888242200016975
134, 0.00899400810400645
135, 0.0090774813046058
136, 0.00908235856331885
137, 0.00903105673690637
138, 0.00884068850427866
139, 0.0087101428459088
140, 0.00860868518551191
141, 0.00851454306393862
142, 0.00841025790820519
143, 0.00827838542560736
144, 0.00810310617089272
145, 0.00787094468250871
146, 0.00757257749016086
147, 0.00720550958067179
148, 0.00677742048477133
149, 0.0063080348384877
150, 0.00582809497912725
151, 0.00536617077887058
152, 0.00496222140888373
153, 0.0046847586830457
154, 0.00209274313723048
155, 0.00343727064318955
156, 0.0067557153912882
157, 0.011713351123035
158, 0.0172438857456048
159, 0.0171432383358479
160, 0.0118446219712496
161, 0.00669162052993973
162, 0.00333784574953218
163, 0.00214851515678068
164, 0.0056141372770071
165, 0.00564767016718785
166, 0.00570137255514661
167, 0.00577444210648537
168, 0.00586361748476823
169, 0.00596651885037621
170, 0.00608046570171912
171, 0.00620327983051538
172, 0.00633349797377984
173, 0.00647062389180064
174, 0.0066158363285164
175, 0.00677322736009955
176, 0.00695161909485857
177, 0.00716470430294673
178, 0.00744730529064933
179, 0.00787479290738702
180, 0.00940588768571615
181, 0.0100795524194837
182, 0.00923580427964528
183, 0.00862840718279282
184, 0.00832236278802156
185, 0.00818346347659826
186, 0.0081310672685504
187, 0.00812390881280104
188, 0.00813830674936374
189, 0.00815934812029203
190, 0.00817628670483828
191, 0.00818077847361565
192, 0.00816622624794642
193, 0.00812781043350697
194, 0.00806285471965869
195, 0.00797120295464993
196, 0.00785554697116216
197, 0.00772146927192807
198, 0.00757813360542059
199, 0.00743716054906448
200, 0.00731196332102021
201, 0.0072124529009064
202, 0.00722517853137106
203, 0.00821183738298714
204, 0.00538248716232677
205, 0.00137946436880156
206, 0.0074810516089201
207, 0.00895164829368393
208, 0.00924214168584772
209, 0.0100445123389363
210, 0.0122569667485853
211, 0.0160999042913318
212, 0.00309727211424615
213, 0.012691215212856
214, 0.00355534608631084
215, 0.00302337117803593
216, 0.0023742193588987
217, 0.00177210605276438
218, 0.00789695737573008
219, 0.007317289399604
220, 0.00672457491358121
221, 0.00613781615781287
222, 0.00558466860093176
223, 0.00509707474460204
224, 0.00474666695420941
225, 0.00764810813901325
226, 0.00814212036008636
227, 0.00862357175598542
228, 0.00901085278019309
229, 0.00927312842880686
230, 0.00941560417413712
231, 0.00946182912836472
232, 0.00944240639607112
233, 0.0093832123093307
234, 0.00930272011707226
235, 0.0092523293569684
236, 0.00912465682874123
237, 0.00868934874112407
238, 0.00908477914830049
239, 0.0089922722739478
240, 0.00717726051807404
241, 0.00835578391949336
242, 0.00893979069466392
243, 0.00913849441955487
244, 0.00906879579027494
245, 0.00890521441275875
246, 0.00845334756498536
247, 0.00531194522045553
248, 0.00645768557054301
249, 0.00585468780870239
250, 0.00765899661928415
251, 0.00706456407594184
252, 0.0088838379830122
253, 0.00396647669064502
254, 0.00457571353763342
255, 0.00427317246794701
256, 0.00392396620009094
257, 0.00361267170713594
258, 0.00332515428696449
259, 0.00447053881362081
260, 0.0107810227200389
261, 0.00877842213958502
262, 0.00957964189971487
263, 0.00480292784050107
264, 0.00878722140831607
265, 0.00803273477192436
266, 0.00905527624612053
267, 0.00910382019355893
268, 0.00912582237894336
269, 0.00854663861294588
270, 0.00893262246002754
271, 0.00865505666782459
272, 0.00895042826111118
273, 0.00879266097520789
274, 0.00447864271700382
275, 0.00682709366083145
276, 0.00742123601958156
277, 0.00618316628970206
278, 0.00553424602063994
279, 0.00466535900098582
280, 0.00482520251534879
281, 0.00820694336046775
282, 0.00422254619964709
283, 0.00935364621026175
284, 0.00836370217924317
285, 0.00818495033308864
286, 0.00911847315728664
287, 0.00933727746208509
288, 0.00859613530337811
289, 0.00885253647963206
290, 0.00944174205263456
291, 0.00496492550397913
292, 0.00850517004728317
293, 0.0051246887472059
294, 0.0072674515346686
295, 0.00804681942931243
296, 0.00589263175303737
297, 0.00659513861561815
298, 0.00505178309977055
299, 0.00866987369954586
300, 0.00485896513176461
301, 0.0100764855742455
302, 0.00566361805734535
303, 0.00810874998569489
304, 0.00777907230492149
305, 0.00843300515164932
306, 0.00926967617124319
307, 0.00556095447391272
308, 0.00881907281776269
309, 0.0096671162173152
310, 0.00710771768353879
311, 0.00632326231737222
312, 0.00774155566468835
313, 0.00577572834057113
314, 0.0105537599883974
315, 0.00498149846680462
316, 0.0078398905073603
317, 0.00649338642445703
318, 0.00820244817684094
319, 0.00711132663612564
320, 0.00873081246390939
321, 0.0093849441036582
322, 0.00609975230569641
323, 0.00991413773347934
324, 0.00532671494875103
325, 0.00760338827967644
326, 0.006704624556005
327, 0.00757927700345005
328, 0.00840327337694665
329, 0.0100012196538349
330, 0.00679034111090004
331, 0.00735186459496617
332, 0.0092425518669188
333, 0.0100224073976278
334, 0.00831148300009469
335, 0.0061850436963141
336, 0.00761666552474101
337, 0.0110990254208446
338, 0.00584811189522346
339, 0.00578930508345366
340, 0.00484134326688945
341, 0.00575494711908201
342, 0.00581140249657134
343, 0.00586010492406785
344, 0.00584186993849774
345, 0.00569831393659115
346, 0.00556496771362921
347, 0.0053837598922352
348, 0.00514635971436898
349, 0.00445376220159233
350, 0.00396438400881986
351, 0.00335194550765057
352, 0.0026094081113115
353, 0.00194323156028986
354, 0.00734147918410599
355, 0.00730788917280734
356, 0.00729027165410419
357, 0.00744674378074706
358, 0.00797094684094191
359, 0.00837665982544422
360, 0.00869702082127333
361, 0.00862528492386142
362, 0.00842917524278164
363, 0.00759362413858374
364, 0.00777184582936267
365, 0.00817818054929376
366, 0.00854609146093329
367, 0.00866188822935025
368, 0.00785044309062262
369, 0.0076083408202976
370, 0.00811533598850171
371, 0.00772563236144682
372, 0.00734340244283279
373, 0.00700952686990301
374, 0.00567994778975844
375, 0.00595839779513578
376, 0.00610110652633011
377, 0.00627583847381175
378, 0.00650270306505263
379, 0.00684293662197888
380, 0.0121900209536155
381, 0.00888629133502642
382, 0.00994390916700164
383, 0.0161795606836677
384, 0.0127802013552615
385, 0.00328068708768114
386, 0.00961920080174293
387, 0.00594708583472918
388, 0.00154807281214744
389, 0.00568187454094489
390, 0.00543939974159002
391, 0.00496151957971354
392, 0.00430330637997637
393, 0.00348531734198332
394, 0.00574742288639148
395, 0.0059347350616008
396, 0.00584739764841894
397, 0.00593696100016435
398, 0.00590336765162647
399, 0.00590826951277753
400, 0.00584534415975213
401, 0.00465380757426222
402, 0.00561315884503226
403, 0.00522304838523269
404, 0.00390245567541569
405, 0.00741012603975832
406, 0.00790153055762251
407, 0.00824554761250814
408, 0.00853010267019272
409, 0.00860709945360819
410, 0.00759736238978803
411, 0.00739808318515619
412, 0.00735023571178317
413, 0.00735244263584415
414, 0.00748169841244817
415, 0.00860629044473171
416, 0.00840297403434912
417, 0.00773975897269944
418, 0.00807379512116313
419, 0.00807691023995479
420, 0.0083205575744311
421, 0.00851170889412363
422, 0.00583961644830803
423, 0.00661425339058042
424, 0.00617835701753696
425, 0.00574331381358206
426, 0.00637110423607131
427, 0.00692426933286091
428, 0.00815381536570688
429, 0.0075540910474956
430, 0.00947887791941563
431, 0.00789421889930964
432, 0.00739010150677391
433, 0.00577425757156951
434, 0.00605427318563064
435, 0.00605791939112047
436, 0.00548368591504792
437, 0.00602088930706183
438, 0.00587300995054344
439, 0.00563008214036624
440, 0.00595961806053917
441, 0.00576199141020576
442, 0.00603405230989059
443, 0.00533353327773511
444, 0.00597259790326158
445, 0.0052039068347464
446, 0.00511712503309051
447, 0.00505157979205251
448, 0.00846215300261974
449, 0.00745601758050422
450, 0.00752597372047603
451, 0.00735740254943569
452, 0.00742807999874155
453, 0.00764992972835898
454, 0.00779789717247089
455, 0.00870323910688361
456, 0.00880424880112211
457, 0.00880558447291454
458, 0.00731198179225127
459, 0.00796728193139037
460, 0.00853902070472638
461, 0.00867943201834957
462, 0.00729101298687359
463, 0.00834780822818478
464, 0.00815326068550348
465, 0.0073827871431907
466, 0.00601604689533512
467, 0.00641961861401796
468, 0.00666518765501678
469, 0.00696627120487392
470, 0.00588094365472595
471, 0.00864919011170665
472, 0.0107056124446293
473, 0.00728950537741184
474, 0.00915912299283913
475, 0.00724309017615659
476, 0.00592832375938694
477, 0.00594763651800652
478, 0.00608440969760219
479, 0.00632274841579298
480, 0.00619973855403562
481, 0.00613931100815535
482, 0.00601701624691486
483, 0.00613858814661701
484, 0.00622069269108276
485, 0.00620932807214558
486, 0.00618231963987152
487, 0.00608057365752757
488, 0.00596069521270692
489, 0.00767425020846228
490, 0.00786759168840945
491, 0.00720516421521703
492, 0.00718422738524775
493, 0.00916193798184395
494, 0.00925417523831129
495, 0.00893851571405927
496, 0.00731132722770174
497, 0.00724746814618508
498, 0.00740083664034804
499, 0.00752011112247904
500, 0.00810096381853024
501, 0.00865855890636643
502, 0.00836801109835505
503, 0.0058918341062963
504, 0.00728844657229881
505, 0.00724633876234293
506, 0.00621976734449466
507, 0.00497926976531744
508, 0.00693798647262156
509, 0.00666900801782807
510, 0.00604214945009777
511, 0.0100955190137029
512, 0.00713505716994405
513, 0.00674485104779402
514, 0.00651220798802872
515, 0.00727786443063191
516, 0.00636535929515958
517, 0.00640463378901283
518, 0.0064021663274616
519, 0.00639735915077229
520, 0.00639237610933681
521, 0.0063757859946539
522, 0.00636345737924178
523, 0.00636038168643912
524, 0.00640416983515024
525, 0.00703005438360075
526, 0.00753255817107856
527, 0.00704339674363534
528, 0.00777112909903129
529, 0.00735787395387888
530, 0.00968633578824145
531, 0.00723338453099132
532, 0.00708730278226237
533, 0.00714704588366051
534, 0.00924856774508953
535, 0.00807551636050145
536, 0.00843293530245622
537, 0.00715209605793158
538, 0.00882855135326584
539, 0.00972766075283289
540, 0.00657110226651033
541, 0.00641467228221397
542, 0.00691518140956759
543, 0.00660437718033791
544, 0.010934552953889
545, 0.00874327340473731
546, 0.0102445002024372
547, 0.00748443541427453
548, 0.00711592488611738
549, 0.00688960736927887
550, 0.00655683474615216
551, 0.00675676367245615
552, 0.00663679066513266
553, 0.00680189905688167
554, 0.00656949393451214
555, 0.00735953574379285
556, 0.00715658464469016
557, 0.00664832854333023
558, 0.00663272532013555
559, 0.00661591161042452
560, 0.00668379912773768
561, 0.00685099046677351
562, 0.00702360675980647
563, 0.00765648841237028
564, 0.0069393552839756
565, 0.00700488562385241
566, 0.00623193522915244
567, 0.00688672298565507
568, 0.00944154538835088
569, 0.00805130321532488
570, 0.00843767821788788
571, 0.00891367516790827
572, 0.00770183023996651
573, 0.00662019615992904
574, 0.00676775475343068
575, 0.00686297435313463
576, 0.00824560007701317
577, 0.00880150916054845
578, 0.00796884251758456
579, 0.00943464770292242
580, 0.00822771472545961
581, 0.0100735377830764
582, 0.00994744636118412
583, 0.00591353447331737
584, 0.00924478300536672
585, 0.00753281832051774
586, 0.00841807263592879
587, 0.00868811955054601
588, 0.00916756658504407
589, 0.0100878098358711
590, 0.0121971685439348
591, 0.00874129636213183
592, 0.00860856100916862
593, 0.00845221352453033
594, 0.00827762422462304
595, 0.0080916512136658
596, 0.00790426406698922
597, 0.00772711945076783
598, 0.00757576012983918
599, 0.00478471163660288
600, 0.00513966241851449
601, 0.00559400650672615
602, 0.00607685356711348
603, 0.00656323103855054
604, 0.00701900284426908
605, 0.00741884399515887
606, 0.00774987197170655
607, 0.00801097617174188
608, 0.00820937054231763
609, 0.00835718509430687
610, 0.00846956375365456
611, 0.00856325464944045
612, 0.00865546148270369
613, 0.00876508094370365
614, 0.00890816779186328
615, 0.00402739337490251
616, 0.00363851043706139
617, 0.00313818567277243
618, 0.00252334127435461
619, 0.00193282707671945
620, 0.00148350193630904
621, 0.0125217544181006
622, 0.00335625652223825
623, 0.00825359579175711
624, 0.0106993808544108
625, 0.00772810564376414
626, 0.00864989232892791
627, 0.00805359131967028
628, 0.00814209133386612
629, 0.0079680069660147
630, 0.00786653075677653
631, 0.00902019549782077
632, 0.00964999152347445
633, 0.0159406531602144
634, 0.00584785197861493
635, 0.00685646392715474
636, 0.0079422655981034
637, 0.00869395490735769
638, 0.0053560104376326
639, 0.00729238847270608
640, 0.00765543268062174
641, 0.00831900412837664
642, 0.00815942604094744
643, 0.00636469394279023
644, 0.0084357635738949
645, 0.00852614392836889
646, 0.00860738474875689
647, 0.00884887436404824
648, 0.00823511928319931
649, 0.00892861901472012
650, 0.00850363665570815
651, 0.00793778213361899
652, 0.00899243000894785
653, 0.00837625159571568
654, 0.00808590045198798
655, 0.00779963176076611
656, 0.00861289833361904
657, 0.00432259682565928
658, 0.00409158998324225
659, 0.0038331679146116
660, 0.00358820023636023
661, 0.00451056581611435
662, 0.00434133488064011
663, 0.00881982807602201
664, 0.00826922012493014
665, 0.00815960485488176
666, 0.00797508967419465
667, 0.00806771280864874
668, 0.00941253779456019
669, 0.00896194235732158
670, 0.0100124000261227
671, 0.00670586976533135
672, 0.00719238530534009
673, 0.0085709011182189
674, 0.00813701019311945
675, 0.00615809865606328
676, 0.00850420941909154
677, 0.00842068049435814
678, 0.0055752284048746
679, 0.0083034667186439
680, 0.00863899942487478
681, 0.00759230018593371
682, 0.00790451257489622
683, 0.00842031603679061
684, 0.00485835191128509
685, 0.00769318427358355
686, 0.00870039050156871
687, 0.00854026696955164
688, 0.00845245970413089
689, 0.0083479603442053
690, 0.00797814254959424
691, 0.00823049464573463
692, 0.00810330190385381
693, 0.00877356653412183
694, 0.00457179693815609
695, 0.00500610796734691
696, 0.00498494746473928
697, 0.00473659811541438
698, 0.00786430023921033
699, 0.00800785369106701
700, 0.00966755052407583
701, 0.00845492817461491
702, 0.00830999637643496
703, 0.00819959538057446
704, 0.0081055307139953
705, 0.00926771806553006
706, 0.00814950512722135
707, 0.00831824510047833
708, 0.00859455376242598
709, 0.008552855035911
710, 0.00711268054631849
711, 0.00654369468490283
712, 0.00842941443746289
713, 0.00850293086841702
714, 0.00591939268633723
715, 0.00790382355141143
716, 0.00756310562913616
717, 0.00511823175475001
718, 0.00871010273694992
719, 0.00866041813666622
720, 0.00786877274513245
721, 0.008610216435045
722, 0.00812542873124282
723, 0.00824735810359319
724, 0.00835162401199341
725, 0.00844057804594437
726, 0.00851204137628277
727, 0.0086550328082272
728, 0.00520254751401288
729, 0.00506346261439224
730, 0.00587707090501984
731, 0.00514798514389743
732, 0.00460479743778706
733, 0.00744453994557262
734, 0.0105133322732789
735, 0.00893003268477817
736, 0.00815491694957018
737, 0.00867663013438384
738, 0.00943833993126949
739, 0.00849267654120922
740, 0.00835586991161108
741, 0.0082443004163603
742, 0.00836934118221203
743, 0.00820357243840893
744, 0.00846864655613899
745, 0.00856955628842115
746, 0.00852290960028768
747, 0.00855189204836885
748, 0.00632094126194715
749, 0.00704794788422684
750, 0.00794594075220327
751, 0.00757133277753989
752, 0.00892859200636546
753, 0.00856247699509064
754, 0.0100604156032205
755, 0.00828065324042525
756, 0.00851759888852636
757, 0.0083756015325586
758, 0.00845951354131103
759, 0.005715845618397
760, 0.00627478747628629
761, 0.00525885839015245
762, 0.0069186946687599
763, 0.0069423898655389
764, 0.00888738067199787
765, 0.00868004591514667
766, 0.00846333289518952
767, 0.0085178540709118
768, 0.00854146775479118
769, 0.00839064301302036
770, 0.00830635738869508
771, 0.00857250966752569
772, 0.00856423210352659
773, 0.00857211106146375
774, 0.00804020774861177
775, 0.00701938049557308
776, 0.00763445937385162
777, 0.0085979450494051
778, 0.00914695051809152
779, 0.00855038734152913
780, 0.00562613718211651
781, 0.00699729931407741
782, 0.00841036569327116
783, 0.00855073006823659
784, 0.00849446980282664
785, 0.00972102287535866
786, 0.00853532296605408
787, 0.00857275085789817
788, 0.00830531981773674
789, 0.00901809722806017
790, 0.00882683647796512
791, 0.00865480753903588
792, 0.00865949736908078
793, 0.00860891677439213
794, 0.00864783596868316
795, 0.00861784319082896
796, 0.00847261523207029
797, 0.00921567979579171
798, 0.00821340945549309
799, 0.00778434930058817
800, 0.00938316279401382
801, 0.00861713915531124
802, 0.00970738793590239
803, 0.00900273304432631
804, 0.008882701707383
805, 0.0087513734276096
806, 0.00861215647310019
807, 0.00881096053247651
808, 0.00875452300533652
809, 0.00881479571883877
810, 0.00867337655896942
811, 0.00908415745943785
812, 0.00851603411138058
813, 0.00871613062918186
814, 0.0084725779791673
815, 0.00907512024665872
816, 0.00803505155878762
817, 0.00880856687823931
818, 0.00736250886693597
819, 0.00902213994413614
820, 0.00937085676317414
821, 0.00639297030866146
822, 0.0105464633088559
823, 0.0055844303763782
824, 0.00155127255711705
825, 0.00747986052495738
826, 0.00843706292410692
827, 0.00871410236383478
828, 0.00919421653573712
829, 0.00903044066702326
830, 0.0101035732465486
831, 0.0121752858782808
832, 0.0158056978136301
833, 0.00336192369286437
834, 0.0122981355525553
835, 0.0048797654453665
836, 0.00449634312341611
837, 0.00400594978903731
838, 0.00339362995388607
839, 0.00266920200859507
840, 0.00201218191068619
841, 0.00719339897235235
842, 0.00697779546802243
843, 0.00679648101019363
844, 0.00663342451055845
845, 0.0064815500130256
846, 0.00633784220553935
847, 0.00620181136764586
848, 0.00607428117655218
849, 0.00595733632023136
850, 0.00585334631614387
851, 0.0057655811154594
852, 0.00569643755443394
853, 0.0056493633116285
854, 0.0078486711718142
855, 0.00795279256999493
856, 0.00803961077084144
857, 0.00810587670033177
858, 0.00815088395029306
859, 0.00817629105101029
860, 0.0081858445579807
861, 0.00818506271267931
862, 0.00818110459173719
863, 0.00818301333735386
864, 0.00820231391116977
865, 0.0082544715454181
866, 0.00836199273665746
867, 0.0085516981780529
868, 0.00882379043226441
869, 0.00913278215254346
870, 0.00517657065453629
871, 0.00439594274697204
872, 0.00366801000200212
873, 0.0050486559048295
874, 0.00569265033118427
875, 0.00557182387759288
876, 0.00540298479609191
877, 0.00581524420219163
878, 0.00582694254505138
879, 0.00581336603499949
880, 0.0057792995745937
881, 0.00572779262438416
882, 0.00567595139145851
883, 0.004748365143314
884, 0.00401763070840389
885, 0.00773314549587667
886, 0.00734204277396202
887, 0.00815774515892068
888, 0.00859123887494206
889, 0.0075035091334333
890, 0.00761441940752168
891, 0.00811682594940066
892, 0.00824833816538254
893, 0.00822402086729805
894, 0.00821254200612505
895, 0.00798795263593396
896, 0.00805995442594091
897, 0.00818400410935283
898, 0.00819870348398884
899, 0.00820633691425125
900, 0.00829314393922687
901, 0.00836561309794585
902, 0.00846884492784739
903, 0.0107747100604077
904, 0.00826414922873179
905, 0.00869424315169454
906, 0.0080455324302117
907, 0.00814360675091545
908, 0.00783614123550554
909, 0.00907632677505414
910, 0.00970558480670055
911, 0.00746942621966203
912, 0.00578360313860079
913, 0.00598497525788844
914, 0.00625105869645874
915, 0.00672685805087288
916, 0.00655923178419471
917, 0.00710259183930854
918, 0.00788247034264108
919, 0.00843988042324781
920, 0.00732743049350878
921, 0.00611160206608474
922, 0.00640083764058848
923, 0.00690605832884709
924, 0.00587288608464102
925, 0.00571994004505021
926, 0.00759300775825977
927, 0.00853250415197441
928, 0.00549000532676776
929, 0.00577212614007294
930, 0.00574850756675005
931, 0.00583128064560394
932, 0.00586389206970731
933, 0.00587679531114797
934, 0.00578200281597674
935, 0.00563957635313272
936, 0.00529648712836206
937, 0.0053655127218614
938, 0.00548284586208562
939, 0.00781190713557104
940, 0.00741595332510769
941, 0.00771961772503952
942, 0.0082240862150987
943, 0.00834979241093
944, 0.00830746705954274
945, 0.00822585712497433
946, 0.00826998815561334
947, 0.00822108797729015
948, 0.00824475847184658
949, 0.00823117575297753
950, 0.00837282665694753
951, 0.00821237219497561
952, 0.0081622009165585
953, 0.00811610308786233
954, 0.00819382459546129
955, 0.00529465568251908
956, 0.00790386678030094
957, 0.00828102541466554
958, 0.0079495661581556
959, 0.00768511090427637
960, 0.00815257181723913
961, 0.00904092658311129
962, 0.00844957477723559
963, 0.00761264896330734
964, 0.00719438803692659
965, 0.00742014218121767
966, 0.00698940680983166
967, 0.00661916184859971
968, 0.00679866007218758
969, 0.00644867704249918
970, 0.00628695986233652
971, 0.0061362967826426
972, 0.00599966702672342
973, 0.00588044570758939
974, 0.0079729863597701
975, 0.00572360663985213
976, 0.00582043935234348
977, 0.00587710265868476
978, 0.00592241707878808
979, 0.00596221870121857
980, 0.00589343874404828
981, 0.00586396603224178
982, 0.00628241454251111
983, 0.00615625844026605
984, 0.00582204634944598
985, 0.00798394593099753
986, 0.00826108548790216
987, 0.00825650865832965
988, 0.00790302082896233
989, 0.00818821027254065
990, 0.00823369560142358
991, 0.00824599356080095
992, 0.00822307293613752
993, 0.00821113322551052
994, 0.00821619015187025
995, 0.00821673373381297
996, 0.00821899700288971
997, 0.00848556791121761
998, 0.00825505967562397
999, 0.00763888649332027
1000, 0.00835846550762653
1001, 0.00823433184996247
1002, 0.0083124249552687
1003, 0.00792612849424283
1004, 0.00779302247489492
1005, 0.00804085548346241
1006, 0.00580052230507135
1007, 0.00560815663387378
1008, 0.00805592940499385
1009, 0.00767467853923639
1010, 0.00871631099532048
1011, 0.00685106993963321
1012, 0.00614113197661936
1013, 0.00748036964796484
1014, 0.00666221952997148
1015, 0.00648086921622356
1016, 0.0063055189481626
1017, 0.00704820981870095
1018, 0.00725715948889653
1019, 0.00599757900151114
1020, 0.0080475090071559
1021, 0.00951351101199786
1022, 0.00535798942049344
1023, 0.010189114138484
1024, 0.00610447721555829
1025, 0.00985056643063823
1026, 0.00597075489349663
1027, 0.00611739900584022
1028, 0.00873212267955144
1029, 0.0061327862398078
1030, 0.00605114875361323
1031, 0.00598213775083423
1032, 0.00597845281784733
1033, 0.0081425520280997
1034, 0.00830670927340786
1035, 0.00594257252911727
1036, 0.00807463641588887
1037, 0.00697360172246893
1038, 0.00827673962339759
1039, 0.00821193152417739
1040, 0.00832911798109611
1041, 0.00824396746853987
1042, 0.00818194231639306
1043, 0.00799384739782129
1044, 0.00808954068149129
1045, 0.00815380364656448
1046, 0.00812503322958946
1047, 0.00851243936146299
1048, 0.00782159909916421
1049, 0.00804873959471782
1050, 0.00833813908199469
1051, 0.00817186602701744
1052, 0.00655428382257621
1053, 0.00772600946947932
1054, 0.00688686012290418
1055, 0.00629849856098493
1056, 0.0081970994360745
1057, 0.00611409863146643
1058, 0.00708911824040115
1059, 0.00751634555247923
1060, 0.0072961087183406
1061, 0.00668914414321383
1062, 0.00649495717758934
1063, 0.00610990550679465
1064, 0.00901778135448694
1065, 0.00938875103990237
1066, 0.00564465547601382
1067, 0.0107346925263604
1068, 0.00791077162804348
1069, 0.00775098046287894
1070, 0.00959914472574989
1071, 0.00660466992606719
1072, 0.00806212965399027
1073, 0.00651397012795011
1074, 0.00613910627240936
1075, 0.00613152305595577
1076, 0.00645510099517802
1077, 0.00831882422789931
1078, 0.00837213530515631
1079, 0.00872290941576163
1080, 0.00823883945122361
1081, 0.00610968835341434
1082, 0.0082939793355763
1083, 0.00826081664611896
1084, 0.00820307883744439
1085, 0.00814808517073592
1086, 0.00897136284038424
1087, 0.00614012226772805
1088, 0.00732593641926845
1089, 0.00809456594288349
1090, 0.00792807089164853
1091, 0.0079806768335402
1092, 0.00803981628268957
1093, 0.00818392479171356
1094, 0.00798929156735539
1095, 0.00841554719954729
1096, 0.00833695257703463
1097, 0.00773680799951156
1098, 0.00794702237471938
1099, 0.00832750819002589
1100, 0.00711492037711044
1101, 0.00625765084155968
1102, 0.00732143106870353
1103, 0.00648900424130261
1104, 0.00690776303720971
1105, 0.00752394902519882
1106, 0.00669970945455134
1107, 0.0092722123178343
1108, 0.00674768645937244
1109, 0.0102264462038875
1110, 0.00706902945724626
1111, 0.0081745424707021
1112, 0.00784945992442469
1113, 0.00938688994695743
1114, 0.00792876995789508
1115, 0.00716968540412684
1116, 0.00697771847868959
1117, 0.0102381071386238
1118, 0.00683596396508316
1119, 0.00837346725165844
1120, 0.00637149003644784
1121, 0.00629947986453772
1122, 0.0063343938284864
1123, 0.00889775545025865
1124, 0.00828639293710391
1125, 0.00834418569381038
1126, 0.00839537692566713
1127, 0.0081985299475491
1128, 0.00811404160534342
1129, 0.0080347020799915
1130, 0.00641180784441531
1131, 0.00795488820100824
1132, 0.00776576297357678
1133, 0.00787756623079379
1134, 0.00845358769098918
1135, 0.00987590538958708
1136, 0.00913641772543391
1137, 0.00843442821254333
1138, 0.00851760882263382
1139, 0.00844220351427794
1140, 0.00743392008977632
1141, 0.00733793441516658
1142, 0.00754426831069092
1143, 0.0071309939182053
1144, 0.00669412532200416
1145, 0.00691684110400577
1146, 0.00779872868830959
1147, 0.00916503136977553
1148, 0.00828304265936216
1149, 0.00994417148952683
1150, 0.00745815116291245
1151, 0.00772607155765096
1152, 0.00724605843424797
1153, 0.00832035408044855
1154, 0.00849503158990826
1155, 0.00666071187394361
1156, 0.00658503229108949
1157, 0.00819981129219135
1158, 0.00844104820862412
1159, 0.00808163080364466
1160, 0.0089877275750041
1161, 0.00796916801482439
1162, 0.00787712424062192
1163, 0.00673341347525517
1164, 0.00775623534406934
1165, 0.00958233280107379
1166, 0.00854565032447378
1167, 0.00647654811230799
1168, 0.0085237108481427
1169, 0.00869004242122173
1170, 0.0075480736947308
1171, 0.00735112093389034
1172, 0.00690740440040827
1173, 0.00714478525333107
1174, 0.0080675291052709
1175, 0.00856382182488839
1176, 0.00857633934356272
1177, 0.00651894921126465
1178, 0.00832662340253592
1179, 0.00885648559778929
1180, 0.00938338289658228
1181, 0.00676356861367822
1182, 0.00895800658812126
1183, 0.00789043338348468
1184, 0.00953340530395508
1185, 0.00763690394038955
1186, 0.00820433519159754
1187, 0.00697074869337181
1188, 0.00836010556668043
1189, 0.00687852315604687
1190, 0.00819390763839086
1191, 0.00805419078096747
1192, 0.0084948322425286
1193, 0.0079035860641549
1194, 0.0077870919679602
1195, 0.00707744946703315
1196, 0.00930318733056386
1197, 0.00855637419347962
1198, 0.00757651558766762
1199, 0.00879819691181183
1200, 0.00736618391238153
1201, 0.00715520130470395
1202, 0.00868816611667474
1203, 0.00866846181452274
1204, 0.0077033624984324
1205, 0.00772021934390068
1206, 0.00704199440466861
1207, 0.00933709498494864
1208, 0.00900849141180515
1209, 0.00796877732500434
1210, 0.00823184009641409
1211, 0.00724443569779396
1212, 0.00666363229975104
1213, 0.00821451547866066
1214, 0.00802782798806826
1215, 0.00784353236667812
1216, 0.00742116500623524
1217, 0.00851580748955409
1218, 0.00904112945621212
1219, 0.00882564352027007
1220, 0.00856210508694251
1221, 0.00763630847047482
1222, 0.00940458737313747
1223, 0.00733308028429747
1224, 0.00882657136147221
1225, 0.00864672958850861
1226, 0.00823266602431734
1227, 0.00749977910891175
1228, 0.00800561718642712
1229, 0.00779232801869512
1230, 0.00773264017576973
1231, 0.0089799410530499
1232, 0.008784558357937
1233, 0.00722715997004083
1234, 0.00877892520899574
1235, 0.00841484218835831
1236, 0.00862310407683253
1237, 0.00757435546256602
1238, 0.00852868411069115
1239, 0.0105820329859853
1240, 0.00864885654300451
1241, 0.00654806392267346
1242, 0.00848784949630499
1243, 0.00881878882646561
