1, 0.0101485829800367
2, 0.0209789737127721
3, 0.00396383600309491
4, 0.0102905659005046
5, 0.0112039009109139
6, 0.0158341247588396
7, 0.00871327612549067
8, 0.00391821761149913
9, 0.0210834164172411
10, 0.0101489340886474
11, 0.0112049737945199
12, 0.0158353112637997
13, 0.0103337016189471
14, 0.0105466547732552
15, 0.0106800942060848
16, 0.0107957245782018
17, 0.0108925704844296
18, 0.0109768266168733
19, 0.0110596283338964
20, 0.0111583173274994
21, 0.0113079330573479
22, 0.0116059696301818
23, 0.0123387281782925
24, 0.0148280658759177
25, 0.017146865837276
26, 0.00829723291099072
27, 0.00445515499450266
28, 0.00621964386664331
29, 0.00765582515547673
30, 0.0085502869139115
31, 0.0091178083481888
32, 0.00949359048778812
33, 0.00974930403754115
34, 0.00992711369569103
35, 0.0100524458102882
36, 0.0101408247525493
37, 0.0102028705490132
38, 0.0102461862067382
39, 0.0102755761084457
40, 0.0102901390443246
41, 0.0103049122262746
42, 0.010349723820885
43, 0.010407413666447
44, 0.0104812597855926
45, 0.0105621504286925
46, 0.010643285078307
47, 0.0107210415105025
48, 0.0107931795840462
49, 0.0108588049188256
50, 0.0109185889984171
51, 0.0109746338178714
52, 0.0110290811086694
53, 0.0110814000169436
54, 0.0111507824622095
55, 0.0111863057439526
56, 0.0111843145762881
57, 0.0111788964519898
58, 0.0111678137133519
59, 0.011149280394117
60, 0.011121344131728
61, 0.0110814434786638
62, 0.0110274438435833
63, 0.0109579113001625
64, 0.0108726738641659
65, 0.0107731272776922
66, 0.0106627165029446
67, 0.0105476618433992
68, 0.0104370415210724
69, 0.0103364909688632
70, 0.0102578115959962
71, 0.0101804947480559
72, 0.0101690425847967
73, 0.0101839862763882
74, 0.0102160293608904
75, 0.0102588341881831
76, 0.0103056586037079
77, 0.0103537943214178
78, 0.0104045011103153
79, 0.0104630735392372
80, 0.0105405130113165
81, 0.0106559035678705
82, 0.010843255246679
83, 0.011163476233681
84, 0.0117321653912465
85, 0.0127542751530806
86, 0.0140651281302174
87, 0.0130494616460055
88, 0.010830143156151
89, 0.0102454756076137
90, 0.00988900444159905
91, 0.00965060076365868
92, 0.00947492166111867
93, 0.00933392190684875
94, 0.00921252152572075
95, 0.0091036269441247
96, 0.00900465560456117
97, 0.00891728575030963
98, 0.0088401244332393
99, 0.00878259011854728
100, 0.00875673466362059
101, 0.00879110923657815
102, 0.00895291892811656
103, 0.00909670380254587
104, 0.00921873080854615
105, 0.00931409280747175
106, 0.00937078800052404
107, 0.0093767416353027
108, 0.00931477282817165
109, 0.00915804427737991
110, 0.00886504522835215
111, 0.00836720845351616
112, 0.00753507654493054
113, 0.00613830719764034
114, 0.00438412884250283
115, 0.00840084254741669
116, 0.0172034051890175
117, 0.0148740477549533
118, 0.0123421552901467
119, 0.0115970008385678
120, 0.0113047782021264
121, 0.0111573447162906
122, 0.0110602066852152
123, 0.010977765545249
124, 0.0108933394464354
125, 0.0107962894253433
126, 0.0106804588188728
127, 0.0105469313760599
128, 0.010333854239434
129, 0.0102579969291886
130, 0.0103362031901876
131, 0.0104367453604937
132, 0.0105474926531315
133, 0.0106621378411849
134, 0.0107722807054718
135, 0.0108719660590092
136, 0.010957636560003
137, 0.0110276276245713
138, 0.0110820181046923
139, 0.0111222139870127
140, 0.0111504166076581
141, 0.0111691060786446
142, 0.0111801577731967
143, 0.0111854231605927
144, 0.0111873463417093
145, 0.0111517058685422
146, 0.0110820072392623
147, 0.011029535283645
148, 0.0109751606360078
149, 0.0109190285826723
150, 0.0108589610705773
151, 0.0107927272717158
152, 0.010719860283037
153, 0.0106415761013826
154, 0.0105601530522108
155, 0.0104793341209491
156, 0.0104057531182965
157, 0.0103485447665056
158, 0.0103044614661485
159, 0.00869030024235447
160, 0.0173036055639386
161, 0.0172567746291558
162, 0.00856191168228785
163, 0.00875613675452769
164, 0.00878208285818497
165, 0.00884013002117475
166, 0.00891826705386241
167, 0.00900706400473913
168, 0.009104885160923
169, 0.00921305486311515
170, 0.00933436428507169
171, 0.00947507470846176
172, 0.00965131788204114
173, 0.00989013879249493
174, 0.0102484608069062
175, 0.0108343806738655
176, 0.0130513503681868
177, 0.0140660898759961
178, 0.0127534673859676
179, 0.0117310065155228
180, 0.01116182996581
181, 0.0108419184883436
182, 0.0106551467130582
183, 0.0105405847231547
184, 0.010463347658515
185, 0.0104043806592623
186, 0.0103532215580344
187, 0.010304679783682
188, 0.0102576141556104
189, 0.0102149785185854
190, 0.0101837782810132
191, 0.0101695948590835
192, 0.0101808157439033
193, 0.0119406948132174
194, 0.0109529355540872
195, 0.0110425539314747
196, 0.0111458206859728
197, 0.0112897710253795
198, 0.0115329244484504
199, 0.012039136296759
200, 0.0132433837279677
201, 0.016483211889863
202, 0.0102972233047088
203, 0.0102763449152311
204, 0.0102423670080801
205, 0.0101940748281777
206, 0.0101262489333749
207, 0.0100311953574419
208, 0.00989857160796722
209, 0.00971304221699635
210, 0.00945084914565086
211, 0.00907504915570219
212, 0.00852922986571988
213, 0.00775858736597002
214, 0.00673546781763434
215, 0.0110580179219445
216, 0.0110033565821747
217, 0.0109490398317575
218, 0.010892017899702
219, 0.0108299888670444
220, 0.0107613576886555
221, 0.0106858864116172
222, 0.0106053841300309
223, 0.0105224166375895
224, 0.0104418041494985
225, 0.010370959683011
226, 0.0104023969421784
227, 0.0104838727662961
228, 0.0105683105066419
229, 0.0110382425288359
230, 0.0110778256009022
231, 0.0111064355199536
232, 0.0111259426921606
233, 0.0111383190378547
234, 0.011143962542216
235, 0.0111478576436639
236, 0.0109862871468067
237, 0.011040138391157
238, 0.0110785920793811
239, 0.0106396704601745
240, 0.0106622089321415
241, 0.0107562358801564
242, 0.0108440288652976
243, 0.0109213640292486
244, 0.0110631423691909
245, 0.011088447800527
246, 0.011093314892302
247, 0.00609229089847455
248, 0.0098573099821806
249, 0.00998665811493993
250, 0.00952748535200953
251, 0.00945734636237224
252, 0.0102250562049448
253, 0.0102684972807765
254, 0.00969993074735006
255, 0.00939170426378647
256, 0.0100882506618897
257, 0.0101661818722884
258, 0.0103011337729792
259, 0.0109277769612769
260, 0.0107347553906341
261, 0.0105698485858738
262, 0.0109812954130272
263, 0.0104003101587296
264, 0.0108705648841957
265, 0.0108068062302967
266, 0.0106546992125611
267, 0.0104815893185635
268, 0.0111046468839049
269, 0.0110314264893532
270, 0.0108611950029929
271, 0.0113389471856256
272, 0.0115896241428951
273, 0.012001265771687
274, 0.0127736628055573
275, 0.0110546282182137
276, 0.01117602797846
277, 0.0106314114915828
278, 0.0107573415152729
279, 0.010589954576322
280, 0.0110898394403713
281, 0.0103277804862176
282, 0.0101547998686632
283, 0.0107091041281819
284, 0.0110564632341266
285, 0.0109661286696792
286, 0.0107838721014559
287, 0.0109140981609623
288, 0.0108527601696551
289, 0.0110406032763422
290, 0.0110529698431492
291, 0.011047831736505
292, 0.011051540573438
293, 0.0107112146603564
294, 0.0107704480178654
295, 0.0102376276627183
296, 0.0102077854486803
297, 0.010389424705257
298, 0.0102709396742284
299, 0.0102342340784768
300, 0.0101957206303875
301, 0.0103022426677247
302, 0.0103293991026779
303, 0.01034750820448
304, 0.0110081150196493
305, 0.0138366191337506
306, 0.0110140123537609
307, 0.0109621815693875
308, 0.010712680251648
309, 0.0107897901907563
310, 0.0108559367557367
311, 0.0106252633656065
312, 0.0109124591884514
313, 0.0105347246862948
314, 0.0104306554421782
315, 0.0109498632761339
316, 0.0107331561545531
317, 0.0111978789791465
318, 0.0113675876831015
319, 0.0124755607297023
320, 0.01196693116799
321, 0.0116091288315753
322, 0.010845225614806
323, 0.0103265831246972
324, 0.0108338428129043
325, 0.0115739745087922
326, 0.010834278849264
327, 0.0110058061157664
328, 0.0109758782200515
329, 0.0108895840433737
330, 0.0110329242112736
331, 0.0110277930895487
332, 0.0109370853751898
333, 0.0104254903271794
334, 0.0104271434247494
335, 0.0104269098180036
336, 0.0104389841047426
337, 0.0113417934626341
338, 0.0109098541239897
339, 0.0106644115100304
340, 0.0104694869369268
341, 0.0105348198364178
342, 0.0107718082144856
343, 0.0110271535813808
344, 0.0103566886857152
345, 0.0129295250933085
346, 0.010907047893852
347, 0.0108492394598822
348, 0.0107788140885532
349, 0.0106931172000865
350, 0.0105009872466326
351, 0.0105908693124851
352, 0.0109550858226915
353, 0.0109896302223206
354, 0.01106386554117
355, 0.0121933594346046
356, 0.0118380015095075
357, 0.0109510885862013
358, 0.0113562749077876
359, 0.0115612007987996
360, 0.0105048736557364
361, 0.0127239022403955
362, 0.0110370861366391
363, 0.0109479863507052
364, 0.0110285474608342
365, 0.0110111483372748
366, 0.0109842107631266
367, 0.0110178587958217
368, 0.0110207083635032
369, 0.0105420086266739
370, 0.0105535436111192
371, 0.0105895143933594
372, 0.0106494414309661
373, 0.0107453494953612
374, 0.0108988368883729
375, 0.0115018162565927
376, 0.01114018028602
377, 0.012044663541019
378, 0.0110379221538703
379, 0.0109107789273063
380, 0.0108512872830033
381, 0.0107720093801618
382, 0.010672211026152
383, 0.0109576461836696
384, 0.0109959127647536
385, 0.0111921314770977
386, 0.0118293670405235
387, 0.0116710790122549
388, 0.0110552813857794
389, 0.0114791399488846
390, 0.0109526667743921
391, 0.0108941270348926
392, 0.0106409564614296
393, 0.0110532748512924
394, 0.0110680465586483
395, 0.0110526716647049
396, 0.0110729405035575
397, 0.0110671757720411
398, 0.0106934937648475
399, 0.0107642773849269
400, 0.0108661915486058
401, 0.0110110738314688
402, 0.0112164528109133
403, 0.0115052652545273
404, 0.0119878510013223
405, 0.0110321683543069
406, 0.0110025171500941
407, 0.0124608227983117
408, 0.0107629054359027
409, 0.0108597328265508
410, 0.0109250595172246
411, 0.0109722809866071
412, 0.0113059723128875
413, 0.0116299651563168
414, 0.0115028779421534
415, 0.0111626048261921
416, 0.0110274651753051
417, 0.0110857649706304
418, 0.0108309445592264
419, 0.0110523594543338
420, 0.0114190688667198
421, 0.0109283543812732
422, 0.0109451979709168
423, 0.0111161062183479
424, 0.0112322960048914
425, 0.0111326950912674
426, 0.0111363728841146
427, 0.0110554792918265
428, 0.0112193062280615
429, 0.011024365046372
430, 0.0110011006084581
431, 0.0113748999622961
432, 0.011180382532378
433, 0.0109518814521531
434, 0.0112715481913516
435, 0.0108714105561376
436, 0.0110685410244124
437, 0.011047606356442
438, 0.0111912833526731
439, 0.011130354522417
440, 0.0111246462911367
441, 0.0110617578029633
442, 0.0113482981299361
443, 0.011195831776907
444, 0.0111497628192107
445, 0.0112610319629312
446, 0.0113702403381467
447, 0.0111218612641096
448, 0.0111956780776381
449, 0.0126001810034116
450, 0.0120626188193758
451, 0.0115765899730225
452, 0.0112080120791992
453, 0.0109567190520465
454, 0.0107879272351662
455, 0.0106713939458132
456, 0.0105864129339655
457, 0.010519681032747
458, 0.0104629518464208
459, 0.0104123589893182
460, 0.0103676898094515
461, 0.0103324212444325
462, 0.0103150233626366
463, 0.0103116172055403
464, 0.0120391396672598
465, 0.009336291346699
466, 0.00916590603689353
467, 0.00886807311326265
468, 0.00839163099105159
469, 0.00769968136834602
470, 0.00676041950161258
471, 0.00905146139363448
472, 0.00915624604870876
473, 0.00927115402494868
474, 0.00939799503733714
475, 0.00888416854043802
476, 0.00954153838877877
477, 0.00971391595279177
478, 0.00994192296639085
479, 0.0102729148541888
480, 0.0108225013439854
481, 0.0112935448996723
482, 0.0115342525144418
483, 0.0120347443347176
484, 0.0164789512443046
485, 0.0132334493100643
486, 0.0109347275768717
487, 0.0105318155450126
488, 0.0105731159759065
489, 0.010622737929225
490, 0.0106799605612954
491, 0.0107471235096455
492, 0.0108295000779132
493, 0.0105037335306406
494, 0.0110718446473281
495, 0.0112480480844776
496, 0.0114637437897424
497, 0.0117056208352248
498, 0.00615817805131276
499, 0.00929134680579106
500, 0.00887109230582913
501, 0.00946676669021448
502, 0.00942053459584713
503, 0.00941309643288453
504, 0.00936069680998723
505, 0.00954198868324359
506, 0.00945909701598187
507, 0.00896107514078418
508, 0.00882486086338758
509, 0.00957330937186877
510, 0.00929904185856382
511, 0.0094299476283292
512, 0.00973214907571673
513, 0.00991636064524452
514, 0.0101449604456623
515, 0.0104707167483866
516, 0.0109256211047371
517, 0.0111514126571516
518, 0.0115919384794931
519, 0.0110488510690629
520, 0.0109562925063074
521, 0.0108580364224811
522, 0.0107428908037643
523, 0.0106021392469605
524, 0.0104647153988481
525, 0.0119982173976799
526, 0.010506865435413
527, 0.0116870207712054
528, 0.00899845614497151
529, 0.0106322821229696
530, 0.0110176891709367
531, 0.0109390735936662
532, 0.0108730515154699
533, 0.0111122784825663
534, 0.0108154991952082
535, 0.0107634022521476
536, 0.0113302916288376
537, 0.0112203580016891
538, 0.0114070350925128
539, 0.0107152758476635
540, 0.0106740569074949
541, 0.00955761192987362
542, 0.00903530170520147
543, 0.00929468171671033
544, 0.00937727093696594
545, 0.00917986609662572
546, 0.0107131004333496
547, 0.010253726815184
548, 0.0100451520023247
549, 0.00994026754051447
550, 0.00957263587042689
551, 0.0127594250564774
552, 0.00907694455236197
553, 0.00917705008760095
554, 0.00956830630699793
555, 0.00989575187365214
556, 0.00972520482415954
557, 0.0100848988319437
558, 0.0103056967879335
559, 0.0105788178431491
560, 0.0110245291143656
561, 0.0113467990110318
562, 0.0106923940281073
563, 0.0110651962459087
564, 0.0109527977183461
565, 0.0108307055197656
566, 0.0119561253425976
567, 0.0111874973711868
568, 0.0116082314401865
569, 0.0107926170208624
570, 0.0111186626988153
571, 0.0111661171540618
572, 0.0108852139674127
573, 0.0111927643107871
574, 0.0109325914333264
575, 0.0108355962050458
576, 0.0109776106352607
577, 0.0110226922358076
578, 0.0110695313972731
579, 0.0111925133193533
580, 0.0097934032479922
581, 0.00941774590561787
582, 0.0112268220012387
583, 0.0107527459040284
584, 0.0104620245595773
585, 0.00931276691456636
586, 0.0115908522469302
587, 0.0095023438334465
588, 0.00986617431044579
589, 0.0114224819466472
590, 0.00942390893275539
591, 0.0116097119947275
592, 0.0100325904786587
593, 0.0102224430690209
594, 0.0104312977443139
595, 0.0109192477539182
596, 0.00985559774562716
597, 0.0106782286117474
598, 0.00928243047868212
599, 0.0109482958602409
600, 0.0110768320349356
601, 0.0138320083109041
602, 0.0124558843672276
603, 0.0112136307482918
604, 0.0113803079972665
605, 0.00916968584060669
606, 0.0111153492083152
607, 0.0111196075255672
608, 0.0110363477530579
609, 0.0109881716780365
610, 0.0110700690808396
611, 0.0110953428472082
612, 0.0109905055058854
613, 0.0110947556483249
614, 0.0111117549240589
615, 0.00959071641167005
616, 0.010107877664268
617, 0.00916587902853886
618, 0.0094870055715243
619, 0.0113742981726925
620, 0.0109790414571762
621, 0.00970449376230439
622, 0.0102456364159783
623, 0.0102623421698809
624, 0.0120040335071584
625, 0.00968772126361728
626, 0.0129056358709931
627, 0.0105334523444374
628, 0.0103362048976123
629, 0.0107362514051298
630, 0.0101510523818433
631, 0.0118233390773336
632, 0.0121553257728616
633, 0.00952784763649106
634, 0.0110720326857907
635, 0.0112170376814902
636, 0.0113721027349432
637, 0.0115724666975439
638, 0.00936260646475213
639, 0.0109506413340569
640, 0.0110872803876797
641, 0.0111297198260824
642, 0.011130327048401
643, 0.0110218225357433
644, 0.011161204893142
645, 0.0111653914985557
646, 0.0111554595641792
647, 0.00980934873223305
648, 0.0104659328547617
649, 0.00965940877795219
650, 0.0113715177091459
651, 0.0106914738814036
652, 0.00997082656249404
653, 0.0118964778791581
654, 0.0109278181567788
655, 0.0127644253894687
656, 0.00996796336645881
657, 0.0118629711990555
658, 0.0108214423858694
659, 0.0106094217238327
660, 0.0104369513380031
661, 0.0112100971862674
662, 0.0113279144279659
663, 0.00978221464902163
664, 0.0114890209709605
665, 0.0116748573879401
666, 0.0112658913380333
667, 0.0124162195250392
668, 0.0100528369657695
669, 0.0100980961163129
670, 0.0109723530088862
671, 0.0110692176967859
672, 0.0112055676678816
673, 0.0111475597756604
674, 0.0108118182979524
675, 0.00960769007603327
676, 0.0116753865033388
677, 0.0110697040023903
678, 0.0102749204573532
679, 0.0102554690092802
680, 0.010700562192748
681, 0.0113946222700179
682, 0.00983358283216755
683, 0.0114868389708655
684, 0.0116248166499039
685, 0.0112439515069127
686, 0.0108172765001655
687, 0.0103814350441098
688, 0.0113527714274824
689, 0.011070499351869
690, 0.0111764622852206
691, 0.010922985018364
692, 0.0111009802979728
693, 0.0113534076760213
694, 0.010587755125016
695, 0.0103392793486516
696, 0.0105357084733744
697, 0.0113206868991256
698, 0.0112672328638534
699, 0.0112269941406945
700, 0.0110861418458323
701, 0.0106342021109802
702, 0.0112966240073244
703, 0.0108726861265798
704, 0.0107844627151887
705, 0.0111010832091173
706, 0.0109598467126489
707, 0.0109150853628914
708, 0.0111487872588138
709, 0.0111450006564458
710, 0.0111394988683363
711, 0.0111271231435239
712, 0.0111073921434581
713, 0.0110785365104675
714, 0.0110387126915157
715, 0.0109864867602785
716, 0.0109211883197228
717, 0.0108434315770864
718, 0.0107555175200105
719, 0.010661584790796
720, 0.0105678667314351
721, 0.0104834597247342
722, 0.0104022826999426
723, 0.0124642097701629
724, 0.0097115960282584
725, 0.00908435694873333
726, 0.00856055660794179
727, 0.00783796748146415
728, 0.00662642931565642
729, 0.00989675878857573
730, 0.00945200274387995
731, 0.0104400717342893
732, 0.0106034477551778
733, 0.0106843846539656
734, 0.0107605648227036
735, 0.0103695954506596
736, 0.0108299235192438
737, 0.0108923759932319
738, 0.0109494747593999
739, 0.0110039475063483
740, 0.0110586622419457
741, 0.0120324251862864
742, 0.0112866389875611
743, 0.0115299308672547
744, 0.0132744717411697
745, 0.016598883861055
746, 0.0137793095782399
747, 0.0110407308675349
748, 0.0107103378201524
749, 0.0107826509823402
750, 0.0108519126661122
751, 0.0109140545440217
752, 0.0109665348815421
753, 0.0110086097071568
754, 0.010639812797308
755, 0.0110640578592817
756, 0.0110798897221684
757, 0.0110897365957499
758, 0.0110943336039782
759, 0.00727267932545926
760, 0.0100296608482798
761, 0.00998153351247311
762, 0.00951564234370987
763, 0.00935927898223911
764, 0.00985042486960689
765, 0.0102967366886636
766, 0.00969204430778821
767, 0.010125369609644
768, 0.00934258320679267
769, 0.0105203309406837
770, 0.0103256626054645
771, 0.0103990621864796
772, 0.0107336688476304
773, 0.0106529626064003
774, 0.0108065928022067
775, 0.0108711272478104
776, 0.010928629587094
777, 0.0109820760165652
778, 0.0110321892425418
779, 0.0111458194442093
780, 0.0120093187627693
781, 0.0127667540994783
782, 0.0110440766438842
783, 0.0109537541866302
784, 0.0108612963619332
785, 0.0107572347236176
786, 0.0106311617419124
787, 0.0105046911165118
788, 0.0115841280979415
789, 0.010589680634439
790, 0.0110906161633985
791, 0.0103265495438661
792, 0.0107094839215279
793, 0.0110274567268789
794, 0.0110062376285593
795, 0.0109761104298135
796, 0.0110412926102678
797, 0.0109362873869638
798, 0.0108870784752071
799, 0.0110531216487288
800, 0.0110493884421885
801, 0.01105436279128
802, 0.0108305211178958
803, 0.0107713406905532
804, 0.0101638273335993
805, 0.0102757927961648
806, 0.0101931998506188
807, 0.0102416480270525
808, 0.0105808096006513
809, 0.0101968299907943
810, 0.0103519355567793
811, 0.0102035783541699
812, 0.0101777718712886
813, 0.0100848833099008
814, 0.0105681956435243
815, 0.0107895075343549
816, 0.0107114563385646
817, 0.0108568272553384
818, 0.0109141206679245
819, 0.0109633744383852
820, 0.0110149698864136
821, 0.0104802750671903
822, 0.0113379685208201
823, 0.0121784281606476
824, 0.0107324155978858
825, 0.0110558602027595
826, 0.0109508546690146
827, 0.0108451694250107
828, 0.0124574862420559
829, 0.0119490097276866
830, 0.0111770221653084
831, 0.0111054114997387
832, 0.0129456054419279
833, 0.0119222986201445
834, 0.0108320468238422
835, 0.0110383001156151
836, 0.0110351140610874
837, 0.0109395400310556
838, 0.011021908527861
839, 0.0109810414724052
840, 0.0108873496452967
841, 0.0110101487177114
842, 0.0110281279000143
843, 0.0110367845433454
844, 0.0110286447840432
845, 0.0102694840170443
846, 0.0102670184957484
847, 0.0109149681714674
848, 0.011497094428965
849, 0.0106531541484098
850, 0.0105242190572123
851, 0.0102230788518985
852, 0.0102320746518672
853, 0.0110572962090373
854, 0.0106238974258304
855, 0.0104308685820018
856, 0.0116061232984066
857, 0.0107784932479262
858, 0.0108503795539339
859, 0.0109090614132583
860, 0.0109901208430529
861, 0.010956271396329
862, 0.010534366282324
863, 0.0121492873877287
864, 0.0109514095820487
865, 0.0110652265138924
866, 0.0111972874340912
867, 0.011369310785085
868, 0.012356309996297
869, 0.0103000304661691
870, 0.0110365877238413
871, 0.011053663212806
872, 0.0110429787697891
873, 0.0110000108058254
874, 0.0110641992650926
875, 0.0110169687929253
876, 0.0109949287559305
877, 0.0110709620639682
878, 0.0110662882216275
879, 0.0104386582970619
880, 0.0103274417730669
881, 0.0115172727964818
882, 0.0111357496740917
883, 0.0108928655584653
884, 0.0102979216414193
885, 0.0104623942946394
886, 0.0106918384941916
887, 0.0103557411581278
888, 0.0118350728104512
889, 0.0103472922928631
890, 0.0109137105755508
891, 0.0108524118550122
892, 0.0109568991077443
893, 0.0105022294446826
894, 0.0105904897985359
895, 0.011061496500458
896, 0.0111959561084708
897, 0.011353874579072
898, 0.0115729630924761
899, 0.0119950245134532
900, 0.0117672667838633
901, 0.0109921732917428
902, 0.0110518648289144
903, 0.0111141318144898
904, 0.0110185295343399
905, 0.0110853216610849
906, 0.0111383567564189
907, 0.0111337411217391
908, 0.0104209853646656
909, 0.0111144788873692
910, 0.0106449155136943
911, 0.0115014283607403
912, 0.011214883842816
913, 0.0104213464073837
914, 0.0107389573628704
915, 0.0109438134357333
916, 0.0107719210597376
917, 0.0109762234081115
918, 0.0109263456737002
919, 0.0105421740029539
920, 0.0106708211824298
921, 0.0111829951405525
922, 0.0113045528220634
923, 0.0114840078167617
924, 0.0117145611771515
925, 0.0112382531432169
926, 0.0116311883553863
927, 0.0110780846637984
928, 0.0110253452633818
929, 0.0112205233114461
930, 0.0111317825503647
931, 0.0111812201018135
932, 0.0105266686528921
933, 0.0119391992688179
934, 0.0114247335919312
935, 0.0108575307143231
936, 0.0110053018045922
937, 0.0106015343751226
938, 0.0104266288690269
939, 0.0108618163503706
940, 0.0106427711434662
941, 0.0107678598724306
942, 0.011383460679402
943, 0.0115292449481785
944, 0.0111120388222237
945, 0.0112622779173156
946, 0.0111887245438993
947, 0.0110420198179781
948, 0.0112163613860806
949, 0.0107521913945675
950, 0.0110404302055637
951, 0.0109630684767451
952, 0.0107655230288704
953, 0.0108729956361155
954, 0.0113688215081181
955, 0.0109868079423904
956, 0.0109024911320635
957, 0.0110497156468531
958, 0.0111471897301575
959, 0.0112572160239021
960, 0.0111745223402977
961, 0.0113067550584674
962, 0.0113030791282654
963, 0.0110526679394146
964, 0.0109730670228601
965, 0.0123043425070743
966, 0.0109568916571637
967, 0.0110489952688416
968, 0.0111516650455693
969, 0.0112930110966166
970, 0.0115323447001477
971, 0.0120352129451931
972, 0.0132886661837498
973, 0.0165973234300812
974, 0.00887031108140945
975, 0.00903419839839141
976, 0.00917452573776245
977, 0.00929122231900692
978, 0.00937729158128301
979, 0.009421039527903
980, 0.00941131062184771
981, 0.00933217800532778
982, 0.00916020153090358
983, 0.00886277575045824
984, 0.00839861575514078
985, 0.00770520248139898
986, 0.00646546762436628
987, 0.0108241060127815
988, 0.0102743065605561
989, 0.00994487168888251
990, 0.00971599559610089
991, 0.00954272706682483
992, 0.00939890850956241
993, 0.00927188262964288
994, 0.00915780570358038
995, 0.00905445870012045
996, 0.00896280988429984
997, 0.00888233119621873
998, 0.0103121182570855
999, 0.0103154202612738
1000, 0.0103321524026493
1001, 0.0106718909616272
1002, 0.0107880556024611
1003, 0.0109560405835509
1004, 0.0112064227772256
1005, 0.0115738209957878
1006, 0.0120601371551553
1007, 0.0126005293180545
1008, 0.010586602302889
1009, 0.0109359608031809
1010, 0.0112466163312395
1011, 0.0105039586002628
1012, 0.0103670459551116
1013, 0.0104116077224414
1014, 0.0104624113688866
1015, 0.0105194829714795
1016, 0.0110715224097172
1017, 0.0114620320188502
1018, 0.011703464978685
1019, 0.00709572707169822
1020, 0.00921373131374518
1021, 0.00953273428604007
1022, 0.00956695651014646
1023, 0.00945110277583202
1024, 0.0093331936125954
1025, 0.00955512095242739
1026, 0.00950257495666544
1027, 0.0094140626800557
1028, 0.00929455660904447
1029, 0.00915327745800217
1030, 0.00927406835502812
1031, 0.0090766817641755
1032, 0.00991855670387546
1033, 0.00973444789027174
1034, 0.00957502735157808
1035, 0.00943103665485978
1036, 0.00930193206295371
1037, 0.0104707861319184
1038, 0.0116107197478414
1039, 0.0109254202495019
1040, 0.0101472378397981
1041, 0.00918416073545814
1042, 0.0113472479085128
1043, 0.0120001166748504
1044, 0.0108589430650075
1045, 0.0115925930440426
1046, 0.0127463776928683
1047, 0.0110644814558327
1048, 0.0111874118447304
1049, 0.0106032104231417
1050, 0.0107438950799406
1051, 0.0105080629831978
1052, 0.0116872996357935
1053, 0.0089921997860074
1054, 0.0106325311586261
1055, 0.0114210089668632
1056, 0.0107473568059504
1057, 0.0105736614204943
1058, 0.0106797328529259
1059, 0.0106227624540528
1060, 0.0111111896112561
1061, 0.0114017453355094
1062, 0.0112218003099163
1063, 0.0113280342581371
1064, 0.0120104881934822
1065, 0.0105325561016798
1066, 0.0107089125861724
1067, 0.00978758310278257
1068, 0.00986161703864733
1069, 0.0102453045547009
1070, 0.00969902705401182
1071, 0.0100410807256897
1072, 0.00993458072965344
1073, 0.00959187823658188
1074, 0.00946228454510371
1075, 0.00930643236885468
1076, 0.0108303450979292
1077, 0.0137151496795317
1078, 0.0110188288880246
1079, 0.0105778612196445
1080, 0.00972804085661968
1081, 0.00989822143067916
1082, 0.0100870643121501
1083, 0.00956736924126744
1084, 0.0103067650149266
1085, 0.00942519151916107
1086, 0.00930075533688068
1087, 0.0109520684927702
1088, 0.0106939276059469
1089, 0.0112131751763324
1090, 0.0113798968183498
1091, 0.0124490630502502
1092, 0.0119556609230737
1093, 0.0116116721183062
1094, 0.0108310192202528
1095, 0.00882211681455374
1096, 0.0107945838410939
1097, 0.0107199697134395
1098, 0.010940105188638
1099, 0.0108735342510045
1100, 0.010766268397371
1101, 0.0111713532047967
1102, 0.0111959599889815
1103, 0.0108165415003896
1104, 0.00949659865970413
1105, 0.00982345516482989
1106, 0.00967375452940663
1107, 0.00996537180617452
1108, 0.0112815621929864
1109, 0.0107818688265979
1110, 0.0104717627788583
1111, 0.0101082242714862
1112, 0.0102663012221456
1113, 0.0106750928486387
1114, 0.011018391388158
1115, 0.00915267318487167
1116, 0.0127832320119653
1117, 0.0104338641588887
1118, 0.0102237054767708
1119, 0.0100356594969829
1120, 0.00985581784819563
1121, 0.00952317863702774
1122, 0.00967291789129376
1123, 0.0106799807399511
1124, 0.0109115980565548
1125, 0.0110744025247792
1126, 0.0121512156911194
1127, 0.0118223819881678
1128, 0.0109467403963208
1129, 0.0113725108094513
1130, 0.0115664061158895
1131, 0.0104655738919973
1132, 0.0117729431018233
1133, 0.0120357234651844
1134, 0.0110701612817744
1135, 0.0108968627949556
1136, 0.0110234556098779
1137, 0.0109794686237971
1138, 0.0109373652376235
1139, 0.0111169207841158
1140, 0.0111827047852178
1141, 0.00974813037152801
1142, 0.00992752658203244
1143, 0.0101029191476603
1144, 0.010281327025344
1145, 0.0110138271314402
1146, 0.0104746635382374
1147, 0.0107071862245599
1148, 0.0114305277044574
1149, 0.0111165875568986
1150, 0.0103410179726779
1151, 0.0101521091225247
1152, 0.009955661992232
1153, 0.0109945873596839
1154, 0.0105324080213904
1155, 0.0107460113552709
1156, 0.0112110882376631
1157, 0.0117884215765766
1158, 0.0116590095373491
1159, 0.0110631699984272
1160, 0.0114879210789998
1161, 0.0109392279759049
1162, 0.0119386251705388
1163, 0.0108442168372373
1164, 0.0100070688873529
1165, 0.0111215583359202
1166, 0.0111110711780687
1167, 0.0110494488229354
1168, 0.0110966760354737
1169, 0.0110758690473934
1170, 0.0104044331237674
1171, 0.0102022060503562
1172, 0.0106013536763688
1173, 0.0110966620656351
1174, 0.0108254887163639
1175, 0.0114341985123853
1176, 0.0111037084300603
1177, 0.012394574098289
1178, 0.0102525897590177
1179, 0.0104411082963149
1180, 0.0106195332482457
1181, 0.0109849541137616
1182, 0.0108025794227918
1183, 0.0113278810555736
1184, 0.0115947164595127
1185, 0.0114875361323357
1186, 0.0111849090705315
1187, 0.011023654602468
1188, 0.0105318676680326
1189, 0.0113602468433479
1190, 0.0111268392453591
1191, 0.0106889805756509
1192, 0.0111569582174222
1193, 0.0112633500248194
1194, 0.0111686758076151
1195, 0.010878505030026
1196, 0.0111102904193103
1197, 0.0106958004956444
1198, 0.0108659658581018
1199, 0.0109980494404833
1200, 0.0110950391739607
1201, 0.0113939312286675
1202, 0.0111693620371322
1203, 0.011146254837513
1204, 0.0110524240881205
1205, 0.0112464662330846
1206, 0.0104825551000734
1207, 0.0110948109067976
1208, 0.0107698342097657
1209, 0.0111430335789919
1210, 0.0109029170125723
1211, 0.0112980450503528
1212, 0.0109310552167396
1213, 0.011206969153136
1214, 0.0112710506655276
1215, 0.0111748321602742
1216, 0.0110355417377182
1217, 0.0112244334692756
1218, 0.0113223653286695
1219, 0.0113524845801294
1220, 0.0110777303576469
