1, 0.00903033372014761
2, 0.0202669464051723
3, 0.00229532516095787
4, 0.00859143957495689
5, 0.0102199306711555
6, 0.0150688486173749
7, 0.00641402912636598
8, 0.00192940779379569
9, 0.0206028940156102
10, 0.00858442764729261
11, 0.0100882146507502
12, 0.0153231350705028
13, 0.00924577231385878
14, 0.00951183602834741
15, 0.00968562082077066
16, 0.00981372548267245
17, 0.00990111644690236
18, 0.0099558934258918
19, 0.00998631802697976
20, 0.0100008654408157
21, 0.010009067133069
22, 0.0100230391447743
23, 0.0100605989185472
24, 0.0101523792060713
25, 0.0103592950229843
26, 0.0108133964240551
27, 0.0118636599120994
28, 0.0147207793779671
29, 0.0176006040225426
30, 0.00985419719169537
31, 0.00437907152809203
32, 0.00254372375396391
33, 0.00403837595755855
34, 0.00534810389702519
35, 0.00632242501402895
36, 0.00700997623304526
37, 0.00749642122536898
38, 0.0078443616318206
39, 0.00809539450953404
40, 0.00827708250532548
41, 0.00840826223914822
42, 0.00850001070648432
43, 0.00856019991139571
44, 0.00859354762360454
45, 0.00862794059018294
46, 0.00871485782166322
47, 0.00883840986837943
48, 0.00898243797322114
49, 0.00913666871686777
50, 0.00929339478413264
51, 0.00944341657062372
52, 0.00957967465122541
53, 0.00969779305160046
54, 0.00979570113122463
55, 0.00987329054623842
56, 0.00993223736683528
57, 0.00997554945449034
58, 0.0100071920702855
59, 0.0100315843398372
60, 0.0100538078695536
61, 0.0100788942848643
62, 0.0101100814839204
63, 0.0101664431858808
64, 0.0101986229419708
65, 0.0101859414329131
66, 0.0101613076403737
67, 0.0101259211078286
68, 0.0100788647929827
69, 0.010019786345462
70, 0.00994871743023396
71, 0.00986620131880045
72, 0.00977354900290569
73, 0.00967283515880505
74, 0.0095671263212959
75, 0.00946035453428825
76, 0.00935726674894492
77, 0.00926279618094365
78, 0.00917878684898218
79, 0.00916842138394713
80, 0.0090960298354427
81, 0.00911260675638914
82, 0.00916474840293328
83, 0.00924981757998466
84, 0.00937466851125161
85, 0.00955453359832366
86, 0.00980992491046588
87, 0.0101915489261349
88, 0.01080955658108
89, 0.0120222419500351
90, 0.0130247257184237
91, 0.0127414495994647
92, 0.0104585144047936
93, 0.00969509966671467
94, 0.00931019149720669
95, 0.00909500134487947
96, 0.00895912696917852
97, 0.00886143961300453
98, 0.00877918085704247
99, 0.00869678457578023
100, 0.00860097104062637
101, 0.0084794033318758
102, 0.00832135913272699
103, 0.00811953221758207
104, 0.00787176641946038
105, 0.00758348653713862
106, 0.007271241551886
107, 0.00696296012029052
108, 0.00669397413730621
109, 0.00650441662097971
110, 0.00635992335155606
111, 0.00626981498983999
112, 0.00613629957661033
113, 0.00593728960181276
114, 0.00560196442529559
115, 0.00508008967153728
116, 0.00427802194220324
117, 0.00313896724643807
118, 0.00186250391804303
119, 0.00396676431410015
120, 0.00939152638117472
121, 0.0171375498175621
122, 0.0150318707649906
123, 0.0121139922800163
124, 0.0109503058095773
125, 0.0104300413901607
126, 0.0101677399749557
127, 0.010005680223306
128, 0.0098732717645665
129, 0.00973152043297887
130, 0.00955087598413229
131, 0.00929156473527352
132, 0.00889101174349586
133, 0.00877928547561169
134, 0.00880316986391942
135, 0.00897934101521969
136, 0.00917605652163426
137, 0.00937708808730046
138, 0.00956691273798545
139, 0.00973136691997449
140, 0.00986287463456392
141, 0.00995954715957244
142, 0.0100240043054024
143, 0.0100617166608572
144, 0.0100782386337717
145, 0.0100801819935441
146, 0.0100757914284865
147, 0.0100718075409532
148, 0.0100526858586818
149, 0.0100195758665601
150, 0.00990781250099341
151, 0.00979749734203021
152, 0.00968529998014371
153, 0.00956702387581269
154, 0.00943981856107712
155, 0.009303727808098
156, 0.00916174985468388
157, 0.00901865555594365
158, 0.00888081360608339
159, 0.00875710695981979
160, 0.00865929511686166
161, 0.00860494561493397
162, 0.00448255248678227
163, 0.00997983291745186
164, 0.0177141828462481
165, 0.0172694499293963
166, 0.00928269016246001
167, 0.00387223953536401
168, 0.00646543223410845
169, 0.00670494915296634
170, 0.00698346520463626
171, 0.00732003167892496
172, 0.00766795019929608
173, 0.00800007302314043
174, 0.00831100282569726
175, 0.00860390315453211
176, 0.00889687643696865
177, 0.00922805878023306
178, 0.00966649254163106
179, 0.0103262091676394
180, 0.0125733353197575
181, 0.013585384003818
182, 0.0122884986922145
183, 0.011263996673127
184, 0.0106406727184852
185, 0.010213409550488
186, 0.00987417095651229
187, 0.00957545886437098
188, 0.00930334099878868
189, 0.00905840937048197
190, 0.00884667256226142
191, 0.00880313757807016
192, 0.00939285832767685
193, 0.00791944580019585
194, 0.00365128498136376
195, 0.00992173344517748
196, 0.00997122889384627
197, 0.0100029638657967
198, 0.0100254410256942
199, 0.0100492128791908
200, 0.0100889359600842
201, 0.0101681135905286
202, 0.0103287313443919
203, 0.0106539355280499
204, 0.0113116436017056
205, 0.0127145504423728
206, 0.0127765514577428
207, 0.0161871026890973
208, 0.00742755217167238
209, 0.00693233373264472
210, 0.00625763344578445
211, 0.00536683527752757
212, 0.00432477705180645
213, 0.0100649589051803
214, 0.010043111940225
215, 0.0100215670342247
216, 0.00999509698400895
217, 0.0099592061402897
218, 0.00990949586654703
219, 0.00984235092376669
220, 0.00975523578623931
221, 0.00964719367523988
222, 0.00951924485464891
223, 0.00937442885090907
224, 0.00921826933821042
225, 0.00905908426890771
226, 0.0089070494286716
227, 0.00876768523206314
228, 0.00865989473337928
229, 0.00934464468931158
230, 0.00941110588610172
231, 0.00949217689534028
232, 0.00957980286329985
233, 0.00966921634972095
234, 0.00975650207449993
235, 0.00983865124483903
236, 0.00991333229467273
237, 0.00997903260091941
238, 0.0100348071816067
239, 0.010080277454108
240, 0.0101156663149595
241, 0.0101404936673741
242, 0.0101579409092665
243, 0.0100929389397303
244, 0.00946469015131394
245, 0.0100355201090376
246, 0.00989328262706598
247, 0.00882817339152098
248, 0.00914458806316058
249, 0.0093095760482053
250, 0.0100531505110363
251, 0.0100151845254004
252, 0.00998773736258348
253, 0.0099485016738375
254, 0.00972201768308878
255, 0.00981850766887267
256, 0.00960343920936187
257, 0.00897970128183564
258, 0.0101245375350118
259, 0.0098424058717986
260, 0.00957839299614231
261, 0.00964222243055701
262, 0.00970983117197951
263, 0.00977742051084836
264, 0.00990250551452239
265, 0.00995615993936857
266, 0.0100024744557838
267, 0.0100408856136103
268, 0.0100713476228217
269, 0.0100941195463141
270, 0.00927971694618463
271, 0.00952370573456089
272, 0.00995858836298188
273, 0.0119306871977945
274, 0.0101499684775869
275, 0.0102394091275831
276, 0.0103940664169689
277, 0.00984740831578771
278, 0.0111523708328605
279, 0.00973946275189519
280, 0.0106670490155617
281, 0.0100098508410156
282, 0.0100516388192773
283, 0.0100939112404982
284, 0.00779031775891781
285, 0.00825252337381244
286, 0.00805649828786651
287, 0.00768945606735845
288, 0.0073834517194579
289, 0.00683270658676823
290, 0.00839749382187923
291, 0.0085032961020867
292, 0.00856979967405399
293, 0.00860218666493893
294, 0.00706404447555542
295, 0.00867778847792319
296, 0.0101059629981007
297, 0.00958902295678854
298, 0.00949367907430444
299, 0.00988546060398221
300, 0.00994566828012466
301, 0.0099873011931777
302, 0.0100149451754987
303, 0.010032566729933
304, 0.0100450223932664
305, 0.00980298562596242
306, 0.00969640150045355
307, 0.00956564350053668
308, 0.00941379461437464
309, 0.00906480445216099
310, 0.00924420667191347
311, 0.00888376077637076
312, 0.0100729603630801
313, 0.00874746926128864
314, 0.00981832109391689
315, 0.00976627397661408
316, 0.00971431657671928
317, 0.010064425257345
318, 0.00966657465323806
319, 0.0100468231054644
320, 0.0100229857489467
321, 0.00986889361714323
322, 0.00999332747111718
323, 0.00995758222416043
324, 0.00991586533685525
325, 0.00989041912058989
326, 0.010208406796058
327, 0.0101347947493196
328, 0.0100741089942555
329, 0.0100139578183492
330, 0.0103111642723282
331, 0.010710374917835
332, 0.0104668862186372
333, 0.0116904117166996
334, 0.0110925977739195
335, 0.00979792637129625
336, 0.0100780893117189
337, 0.00816404943664869
338, 0.00846102569873134
339, 0.0083309489612778
340, 0.00863062776625156
341, 0.00856174994260073
342, 0.00849538808688521
343, 0.0083191431282709
344, 0.0082974781592687
345, 0.00795175305878123
346, 0.0129787490392725
347, 0.0070076195600753
348, 0.00967726747815808
349, 0.0119522985603128
350, 0.00969497561454773
351, 0.00875392463058233
352, 0.0100579252466559
353, 0.00975360069423914
354, 0.0098874947677056
355, 0.00897166893507043
356, 0.00979662251969179
357, 0.00953230541199446
358, 0.00936435473461946
359, 0.00967821370189389
360, 0.0100439304175476
361, 0.0100376335904002
362, 0.0100227209428946
363, 0.00999595085158944
364, 0.00995257683098316
365, 0.00917215893665949
366, 0.0100236639070014
367, 0.00978761818259954
368, 0.010038376164933
369, 0.0100494295669099
370, 0.0100041337621709
371, 0.00997878114382426
372, 0.00983172639583548
373, 0.00987186748534441
374, 0.00994756212458014
375, 0.00991139545415839
376, 0.00962423253804445
377, 0.0110119876141349
378, 0.0103551554493606
379, 0.0105047609346608
380, 0.00994595574835936
381, 0.0100859861510495
382, 0.0101600733275215
383, 0.0102456232222418
384, 0.00986618362367153
385, 0.0107163003024956
386, 0.0114106734593709
387, 0.00844075173760454
388, 0.00853073596954346
389, 0.00868210149928927
390, 0.00861170360197624
391, 0.00951886922121048
392, 0.00914439978078008
393, 0.00835482426919043
394, 0.00990093313157558
395, 0.00997074615831176
396, 0.0097997821867466
397, 0.009502154464523
398, 0.00907072930463723
399, 0.00966733647510409
400, 0.0100154819277426
401, 0.0100512524756292
402, 0.0093148504383862
403, 0.0100508687707285
404, 0.0100407865829766
405, 0.0100474154576659
406, 0.00990549355213131
407, 0.0100441096971432
408, 0.0100407744757831
409, 0.0100464296660253
410, 0.0100314955537518
411, 0.0099325985647738
412, 0.00996425825481614
413, 0.0100152284527818
414, 0.0099925771355629
415, 0.0105011171350876
416, 0.0108947083353996
417, 0.0103653922366599
418, 0.0106742593149344
419, 0.0111423251219094
420, 0.0100121768191457
421, 0.0102573749609292
422, 0.0101677253842354
423, 0.00993022881448269
424, 0.0088687795214355
425, 0.0100138479222854
426, 0.00884414262448748
427, 0.00884797843173146
428, 0.00885641388595104
429, 0.0117840349142041
430, 0.00895312273253997
431, 0.0101267454835276
432, 0.0123141435906291
433, 0.00885773487389088
434, 0.0100024986701707
435, 0.00992676833023628
436, 0.0100466424288849
437, 0.00981241542225083
438, 0.00926899928599596
439, 0.0096634179353714
440, 0.00946579299246272
441, 0.0100708222016692
442, 0.0100651147464911
443, 0.0100753922015429
444, 0.0100531242787838
445, 0.0100612347014248
446, 0.00998620539903641
447, 0.0100703157174091
448, 0.0104640835585694
449, 0.010071354607741
450, 0.0107523960371812
451, 0.0100198501410584
452, 0.010601923490564
453, 0.0100629152730107
454, 0.0100461735079686
455, 0.0109016926338275
456, 0.010347184104224
457, 0.00985133163630962
458, 0.0100857776900133
459, 0.0102471774443984
460, 0.0100037413649261
461, 0.00938163154448072
462, 0.0113108979227642
463, 0.00924163327241937
464, 0.00915606444080671
465, 0.00962045385191838
466, 0.0106244353311402
467, 0.0100484785313408
468, 0.0100914443222185
469, 0.00996666153271993
470, 0.0101105623568098
471, 0.009834382062157
472, 0.00940377078950405
473, 0.00966118120898803
474, 0.0100915652832815
475, 0.0101101725983123
476, 0.0107066227744023
477, 0.0105133211861054
478, 0.0106212867734333
479, 0.010406961509337
480, 0.0101091021982332
481, 0.0100737377735121
482, 0.0101225132433077
483, 0.0101029731643697
484, 0.0101205413229764
485, 0.00987915461882949
486, 0.0103095752807955
487, 0.0101626391212145
488, 0.0109596736729145
489, 0.00966122622291247
490, 0.00909508640567462
491, 0.00949576155592998
492, 0.0101882653931777
493, 0.0111626017838717
494, 0.0105518566444516
495, 0.0106475178950599
496, 0.01094361472254
497, 0.0101472760240237
498, 0.0101124408344428
499, 0.0105358742487927
500, 0.0104905571788549
501, 0.0101646349454919
502, 0.0100257775435845
503, 0.0104267483887573
504, 0.0101524558849633
505, 0.00985397212207317
506, 0.010333110312266
507, 0.0101653695372599
508, 0.0101819446620842
509, 0.0101928559264966
510, 0.0103065104534229
511, 0.0100307390093803
512, 0.0102213943998019
513, 0.00985373184084892
514, 0.00965878628194332
515, 0.0101288532838225
516, 0.0101530909538269
517, 0.0103862499818206
518, 0.0103770239899556
519, 0.0102080842480063
520, 0.0102299004793167
521, 0.0102303593885154
522, 0.0103473892435431
523, 0.0102101694792509
524, 0.0100638160171608
525, 0.0103246038779616
526, 0.0102183923125267
527, 0.0102526618478199
528, 0.0105281203985214
529, 0.0102786924690008
530, 0.010114324837923
531, 0.0102972588501871
532, 0.0102703971788287
533, 0.00892288447357714
534, 0.0102367924526334
535, 0.00597091189896067
536, 0.00562527690393229
537, 0.00511846427495281
538, 0.00439570452241848
539, 0.00343819401071717
540, 0.00284434679391173
541, 0.00654983442897598
542, 0.00683000311255455
543, 0.0071620453769962
544, 0.007511812960729
545, 0.00784234648259977
546, 0.00812967369953791
547, 0.0083644346644481
548, 0.00854719259465734
549, 0.00868519488722086
550, 0.00879022432491183
551, 0.00887595194702347
552, 0.00895670925577482
553, 0.00904801860451698
554, 0.00916965383415421
555, 0.00935432221740484
556, 0.0096576369057099
557, 0.0102222454734147
558, 0.0112806246615946
559, 0.0159580046311021
560, 0.0101078076598545
561, 0.00995810360958179
562, 0.00999384031941493
563, 0.0100198267027736
564, 0.0112374502544602
565, 0.00978673451269666
566, 0.00989153468981385
567, 0.0100088031031191
568, 0.0100135267712176
569, 0.0100432230780522
570, 0.0102569923425714
571, 0.0105750942602754
572, 0.0126870969931285
573, 0.00992328409726421
574, 0.00969426954785983
575, 0.00953013946612676
576, 0.00941314082592726
577, 0.00933501170948148
578, 0.00927969502906005
579, 0.0120560671202838
580, 0.00695198588073254
581, 0.00540142864920199
582, 0.00637079317433139
583, 0.00633700438109892
584, 0.00619014406887193
585, 0.00602196746816238
586, 0.00620015376868347
587, 0.00588302500545979
588, 0.00638748317336043
589, 0.00852391077205539
590, 0.00901444675400853
591, 0.00889956935619315
592, 0.0087413537936906
593, 0.00823903735727072
594, 0.010231014341116
595, 0.00954945137103399
596, 0.00926975098749002
597, 0.00918276080240806
598, 0.00667590539281567
599, 0.00748136569745839
600, 0.00705881176205973
601, 0.00938394526019692
602, 0.00981267836565773
603, 0.00910328747704625
604, 0.00788709979193906
605, 0.00963108862439791
606, 0.0100164754937092
607, 0.0100711590300004
608, 0.0117522333748639
609, 0.0101291877217591
610, 0.00945906415581703
611, 0.00997138178596894
612, 0.0100359946178893
613, 0.0100425112371643
614, 0.0100492113269866
615, 0.010255575645715
616, 0.0105055128224194
617, 0.0109753102685014
618, 0.00988873140886426
619, 0.0102365021593869
620, 0.0100571614069243
621, 0.00961970584467053
622, 0.0106637378533681
623, 0.0112271616235375
624, 0.0119565462693572
625, 0.00987073142702381
626, 0.00973359774798155
627, 0.00834042745243226
628, 0.0110188743897847
629, 0.00956154694514615
630, 0.006488898396492
631, 0.0077045572300752
632, 0.00731739696736137
633, 0.0071110885279874
634, 0.00654410158417055
635, 0.00939195090904832
636, 0.00931559021895131
637, 0.00922499690204859
638, 0.0091007761657238
639, 0.00947159947827458
640, 0.00992461231847604
641, 0.0095721036195755
642, 0.00892092225452264
643, 0.00971538030231992
644, 0.0102537384567161
645, 0.00832218956202269
646, 0.00866390035177271
647, 0.00789603784990807
648, 0.00687364232726395
649, 0.00740084533269207
650, 0.0101075968705118
651, 0.010160843996952
652, 0.0100866872817278
653, 0.0100795291364193
654, 0.0100712827406824
655, 0.0099918027408421
656, 0.0100468572539588
657, 0.0102714225649834
658, 0.0104735819622874
659, 0.0108200617445012
660, 0.0113880392163992
661, 0.00976460784052809
662, 0.010291774601986
663, 0.0108898064742486
664, 0.00987813355667251
665, 0.00997387602304419
666, 0.0101129131702085
667, 0.0105626044484476
668, 0.0128249757302304
669, 0.0118342922069132
670, 0.00809093991604944
671, 0.00868266417334477
672, 0.0069686233997345
673, 0.00909982156008482
674, 0.00724837323650718
675, 0.00929835733647148
676, 0.00964901177212596
677, 0.00973209909473856
678, 0.0102323121391237
679, 0.00942648481577635
680, 0.00951322043935458
681, 0.00984331515307228
682, 0.00958122902860244
683, 0.0100097794396182
684, 0.00879926498358448
685, 0.00786704329463343
686, 0.0106328634545207
687, 0.00839419756084681
688, 0.0109841936888794
689, 0.0102594743172328
690, 0.0104129067622125
691, 0.0101141010721525
692, 0.0101083434807758
693, 0.0101729089704653
694, 0.0101316346166035
695, 0.0101171593802671
696, 0.0106490010706087
697, 0.0100804595276713
698, 0.00988733877117435
699, 0.0102673222621282
700, 0.00975343249738216
701, 0.0100338317453861
702, 0.0101387069250147
703, 0.0105288646050862
704, 0.0104426415637136
705, 0.00955981512864431
706, 0.00774452249918665
707, 0.00905453553423285
708, 0.00950646741936604
709, 0.00986309411625067
710, 0.0099456865961353
711, 0.00962773663923144
712, 0.00970074612026413
713, 0.00980195961892605
714, 0.0097524196219941
715, 0.0102300105084266
716, 0.010059016601493
717, 0.00929438338304559
718, 0.00984900693098704
719, 0.0106541317266723
720, 0.00894307981555661
721, 0.0103123964120944
722, 0.00845404093464216
723, 0.0104633695445955
724, 0.010213239894559
725, 0.0101420730352402
726, 0.0100175426341593
727, 0.0101343222583334
728, 0.0101453888540467
729, 0.0101580504948894
730, 0.0101355576577286
731, 0.0102344468856851
732, 0.0103888656944036
733, 0.010122602406357
734, 0.0103230103850365
735, 0.0113583942875266
736, 0.010781679302454
737, 0.00986004368002926
738, 0.00984010519459844
739, 0.00974269242336353
740, 0.0100228046067059
741, 0.00996931362897158
742, 0.00988544663414359
743, 0.00990953172246615
744, 0.00993355891356866
745, 0.0100995522613327
746, 0.0101812113076448
747, 0.0084960650652647
748, 0.0102630625478923
749, 0.0103402080324789
750, 0.0101903065418204
751, 0.00952567486092448
752, 0.0101407513332864
753, 0.0101366561527054
754, 0.0101629955073198
755, 0.0101182182940344
756, 0.0101175801828504
757, 0.0102030778303742
758, 0.0106487508331026
759, 0.0090757398866117
760, 0.0106506031006575
761, 0.0106372239068151
762, 0.0101924578969677
763, 0.0101790293119848
764, 0.0100715866622825
765, 0.0100719849579036
766, 0.0100804283283651
767, 0.0101239209373792
768, 0.010054017106692
769, 0.0100557634917398
770, 0.0100465953970949
771, 0.0100123081356287
772, 0.010350695438683
773, 0.0102475529004421
774, 0.0119974227622151
775, 0.0127551280228155
776, 0.00779190519824624
777, 0.00913530013834437
778, 0.0094243244578441
779, 0.00963851033399502
780, 0.00980291065449516
781, 0.00994868002211054
782, 0.010108300174276
783, 0.01033202605322
784, 0.0107158908310036
785, 0.0114743281155825
786, 0.0130530316382647
787, 0.00999809661880136
788, 0.00995955569669604
789, 0.00989739736542106
790, 0.00980824170013269
791, 0.00969133696829279
792, 0.00955028226599097
793, 0.00939453501875202
794, 0.0092358539501826
795, 0.00909201800823212
796, 0.00861839375769099
797, 0.00909274366373817
798, 0.00923721399158239
799, 0.00937749802445372
800, 0.00950923794880509
801, 0.0096311403128008
802, 0.00974452324832479
803, 0.0098546032483379
804, 0.00996000645682216
805, 0.00854080899929007
806, 0.00847212364897132
807, 0.00837107903013627
808, 0.00822981695334117
809, 0.0080362429531912
810, 0.00777283248802026
811, 0.00741422851569951
812, 0.00692484457977116
813, 0.00626162354213496
814, 0.00538633484393358
815, 0.00434216957849761
816, 0.00361302881113564
817, 0.0164289572276175
818, 0.0112276175059378
819, 0.0103409281000495
820, 0.0101130997451643
821, 0.00993307633325458
822, 0.00976143637672067
823, 0.00957444744805495
824, 0.0106796453086038
825, 0.0121895254900058
826, 0.0100176297128201
827, 0.0100186060493191
828, 0.00981244258582592
829, 0.00972814563040932
830, 0.00962478388100863
831, 0.00994134104500214
832, 0.00991752153883378
833, 0.0100142679487666
834, 0.0100225231920679
835, 0.00951368346189459
836, 0.0093950053366522
837, 0.0100197210907936
838, 0.00987538183107972
839, 0.00894944882020354
840, 0.00980398571118712
841, 0.00958433607593179
842, 0.00881403917446733
843, 0.00917595981930693
844, 0.00869740747536222
845, 0.00932221425076326
846, 0.00945907753581802
847, 0.00969882542267442
848, 0.00812535096580783
849, 0.008570220010976
850, 0.00850297091528773
851, 0.00841028802096844
852, 0.00828599045053124
853, 0.00767190265469253
854, 0.00738374617261191
855, 0.00687807868234813
856, 0.00792206334881485
857, 0.0070946643439432
858, 0.00930941038365875
859, 0.00992036584232535
860, 0.0134597411379218
861, 0.0099208545871079
862, 0.00972315312052766
863, 0.0101219941861928
864, 0.0117491836038729
865, 0.0111280243533353
866, 0.0106756497795383
867, 0.0103594480703274
868, 0.0099490974098444
869, 0.00993885472416878
870, 0.00992957611257831
871, 0.00992769204700986
872, 0.00992737011983991
873, 0.00982223078608513
874, 0.00987796764820814
875, 0.00973908122008046
876, 0.00966933316418103
877, 0.00991181594630083
878, 0.00995063812782367
879, 0.00887799045691887
880, 0.00896509997546673
881, 0.0095476065762341
882, 0.00941768009215593
883, 0.00966417401408156
884, 0.00977034090707699
885, 0.00927348993718624
886, 0.00902731825287143
887, 0.00862140913626977
888, 0.00853698328137398
889, 0.00859992128486435
890, 0.00864305455858509
891, 0.00846427834282319
892, 0.0085786465400209
893, 0.00833924324251711
894, 0.00828245553808908
895, 0.00831881483706335
896, 0.00838789017871022
897, 0.00985340606421232
898, 0.00694922466451923
899, 0.00874203955754638
900, 0.00966425538063049
901, 0.0101007712073624
902, 0.0103376617965599
903, 0.0122969850365605
904, 0.00989172126476963
905, 0.0114269748640557
906, 0.0106247245954971
907, 0.0109844035468996
908, 0.00954044200479984
909, 0.00984491501003504
910, 0.00878813769668341
911, 0.00989882725601395
912, 0.00999774411320686
913, 0.00987609289586544
914, 0.00999140227213502
915, 0.00985242314636707
916, 0.0099391364492476
917, 0.00998340174555779
918, 0.00995406896496812
919, 0.00991659068192045
920, 0.00938631671791275
921, 0.00896398831779758
922, 0.0095223430544138
923, 0.00964194132635991
924, 0.00974251298854748
925, 0.00875152880325913
926, 0.00911868922412395
927, 0.00875937659293413
928, 0.00876349086562792
929, 0.00866444371640682
930, 0.00880191444108883
931, 0.00877194913725058
932, 0.00953229640920957
933, 0.00890820768351356
934, 0.0091209071688354
935, 0.00857765432447195
936, 0.010265816313525
937, 0.0105208025003473
938, 0.0108057082009812
939, 0.0110897547565401
940, 0.00890389699488878
941, 0.00987338957687219
942, 0.00983424996957183
943, 0.0101511531642505
944, 0.0115236466750503
945, 0.0101301084893445
946, 0.0100816981866956
947, 0.0100163772391776
948, 0.00991551531478763
949, 0.00903420864293973
950, 0.00951064564287663
951, 0.00923182163387537
952, 0.00913088008140524
953, 0.00962759895871083
954, 0.00974218933177846
955, 0.00897913783167799
956, 0.00905577947075168
957, 0.00929534109309316
958, 0.00956031990547975
959, 0.0089678464989577
960, 0.00996062423412999
961, 0.0102204663368563
962, 0.00908713632573684
963, 0.011788063061734
964, 0.0103870276361704
965, 0.0106023255114754
966, 0.0108049027621746
967, 0.010036608359466
968, 0.00986941546822588
969, 0.0098012313246727
970, 0.0102667577564716
971, 0.0112832935216526
972, 0.0102120678250988
973, 0.00980793870985508
974, 0.00994311117877563
975, 0.0101089896634221
976, 0.00934436699996392
977, 0.0092229627383252
978, 0.00936580309644341
979, 0.00952013970042268
980, 0.00978300363446275
981, 0.0096406708471477
982, 0.00972090382128954
983, 0.00913404393941164
984, 0.0101303506332139
985, 0.0105914548039436
986, 0.0112205890140363
987, 0.0103825155113425
988, 0.0105296399754783
989, 0.0108987401860456
990, 0.00987973436713219
991, 0.00947068336730202
992, 0.00965038050586979
993, 0.00999290434022745
994, 0.0102319916089376
995, 0.00934832875749895
996, 0.00988433742895722
997, 0.00951882498338819
998, 0.0102334965818695
999, 0.00919143483042717
1000, 0.00977489698146071
1001, 0.011164677888155
1002, 0.00979415681213141
1003, 0.0103344082832336
1004, 0.0105764018371701
1005, 0.00954591296613216
1006, 0.00971228895442826
1007, 0.00990115556245049
1008, 0.0100597506389022
1009, 0.0101268218519787
1010, 0.0104797245934606
1011, 0.00966436043381691
1012, 0.00989894925927122
1013, 0.00918235691885153
1014, 0.0069162868728329
1015, 0.00275961667648517
1016, 0.00986158071706692
1017, 0.00999836639190714
1018, 0.0101450808967153
1019, 0.0103547743832072
1020, 0.0107228402048349
1021, 0.0114654502831399
1022, 0.0122881759889424
1023, 0.0130212224709491
1024, 0.0162798982734482
1025, 0.00640186853706837
1026, 0.00630513221646349
1027, 0.00616405198040108
1028, 0.00594751754154762
1029, 0.00560689911556741
1030, 0.00508600225051244
1031, 0.0043347025445352
1032, 0.00333838746882975
1033, 0.0102749598833422
1034, 0.0096588929494222
1035, 0.00925292105724414
1036, 0.00892895615349213
1037, 0.00862671434879303
1038, 0.00830845162272453
1039, 0.0079621656332165
1040, 0.00758841237984598
1041, 0.00719797510343293
1042, 0.00682524607206384
1043, 0.00920226812983553
1044, 0.00992033956572413
1045, 0.0102252028882504
1046, 0.0105820305955907
1047, 0.0110217643280824
1048, 0.0115485292238494
1049, 0.0121130882762372
1050, 0.00633857352659106
1051, 0.00645746608885626
1052, 0.00616470871803661
1053, 0.00596105741957823
1054, 0.0057936575030908
1055, 0.00653740406657259
1056, 0.0112038732816776
1057, 0.0100407130084932
1058, 0.0101926370213429
1059, 0.010388005990535
1060, 0.00970334031929572
1061, 0.0121256005950272
1062, 0.0106921726837754
1063, 0.0096508814021945
1064, 0.00902467295527458
1065, 0.0102822886159023
1066, 0.0105488055075208
1067, 0.00940846325829625
1068, 0.0108312425824503
1069, 0.0111193479970098
1070, 0.00658018533140421
1071, 0.00755286247779926
1072, 0.0084235475709041
1073, 0.00879571586847305
1074, 0.00984009572615226
1075, 0.0094509213231504
1076, 0.0091253196199735
1077, 0.0111088834702969
1078, 0.0103382488402228
1079, 0.00801160341749589
1080, 0.00707634670349459
1081, 0.00661483693069645
1082, 0.00948764213050405
1083, 0.0111366559618286
1084, 0.0094286622479558
1085, 0.00697472280201813
1086, 0.00768317010564109
1087, 0.00731133762747049
1088, 0.00713624487010141
1089, 0.00705935355896751
1090, 0.0104379057884216
1091, 0.0102564884970585
1092, 0.0106958189668755
1093, 0.0110844724501173
1094, 0.0116458864261707
1095, 0.00988704664632678
1096, 0.009705298114568
1097, 0.010035692093273
1098, 0.00959539941201607
1099, 0.0107860947027802
1100, 0.0106716975569725
1101, 0.01050350178654
1102, 0.00994399578000108
1103, 0.00961690380548437
1104, 0.0104126749294145
1105, 0.00893940559277932
1106, 0.00929819031928976
1107, 0.00802558450959623
1108, 0.00743485282042197
1109, 0.00850166395927469
1110, 0.00981398485600948
1111, 0.0108290690928698
1112, 0.00992497506861885
1113, 0.00764430415195723
1114, 0.00878442024501661
1115, 0.00790548309062918
1116, 0.00819939840584993
1117, 0.0109377910072605
1118, 0.0112926245977481
1119, 0.0106676012898485
1120, 0.0104660886960725
1121, 0.0101018282584846
1122, 0.0068845035508275
1123, 0.0120559651404619
1124, 0.00834385777956673
1125, 0.0103172236122191
1126, 0.00995564859892641
1127, 0.0105675881107648
1128, 0.0105450308571259
1129, 0.00976725372796257
1130, 0.00854641214633981
1131, 0.0100569427013397
1132, 0.00802769800648093
1133, 0.00945738346005479
1134, 0.0101232783248027
1135, 0.00906983576714993
1136, 0.00973752308636904
1137, 0.0109448359968762
1138, 0.00868919491767883
1139, 0.0107741199123363
1140, 0.00930543600892027
1141, 0.010601781308651
1142, 0.0103108232530455
1143, 0.0115395276807249
1144, 0.0104701818587879
1145, 0.0103040220215917
1146, 0.0101994210854173
1147, 0.00991379066059987
1148, 0.0101506385641793
1149, 0.00853307518575873
1150, 0.0103892769132342
1151, 0.0103512688850363
1152, 0.00969583836073677
1153, 0.00921515965213378
1154, 0.00962036056444049
1155, 0.0101611246354878
1156, 0.0106608057394624
1157, 0.0106028274943431
1158, 0.00943562561380012
1159, 0.0104704106226563
1160, 0.0110147564361493
1161, 0.0110374356930455
1162, 0.0104834528950353
1163, 0.0102825569255011
1164, 0.010147452088339
1165, 0.0103698734726225
1166, 0.0104700118924181
1167, 0.0100310787558556
1168, 0.00985383863250414
1169, 0.0102480812929571
1170, 0.0103610237794263
1171, 0.0105274825223855
1172, 0.0106114464191099
1173, 0.0108714515343308
1174, 0.0133561553433537
1175, 0.0103864166885614
1176, 0.010026534087956
1177, 0.0104754980032643
1178, 0.0105004450306296
1179, 0.00528600299730897
1180, 0.0107984244823456
