1, 0.0108029330149293
2, 0.0351820653304458
3, 0.00300213124137372
4, 0.00828086864203215
5, 0.0174170508980751
6, 0.0173446387052536
7, 0.0101336902007461
8, 0.00328798062400892
9, 0.0344515116885304
10, 0.0128732300363481
11, 0.016602111980319
12, 0.0203758683055639
13, 0.0123410963320306
14, 0.0140983213980993
15, 0.0153214425469438
16, 0.0168502746770779
17, 0.0197035617505511
18, 0.0255089094862342
19, 0.0315383138755957
20, 0.0210454277694225
21, 0.0116600943729281
22, 0.00580819897974531
23, 0.00355034449603409
24, 0.00188686363010978
25, 0.0030286373415341
26, 0.00444313782888154
27, 0.00565310094195108
28, 0.00659540869916479
29, 0.00729670305736363
30, 0.00779132125899196
31, 0.00812248062963287
32, 0.00830913346726447
33, 0.0084343875447909
34, 0.00890441487232844
35, 0.00966436167558034
36, 0.0105952912320693
37, 0.0116188970083992
38, 0.0126804787044724
39, 0.0137401763349771
40, 0.0147613942002257
41, 0.0156822400167584
42, 0.0167280533351004
43, 0.0172235189626614
44, 0.0173102846990029
45, 0.0174584103127321
46, 0.0175907127559185
47, 0.0176560233036677
48, 0.0175920613110065
49, 0.0173285771161318
50, 0.0167969378332297
51, 0.0159690426662564
52, 0.0148833512018124
53, 0.013662594370544
54, 0.0124463535224398
55, 0.0119598433375359
56, 0.0114286631966631
57, 0.011964346592625
58, 0.012894312851131
59, 0.013904173237582
60, 0.0148269732793172
61, 0.0155216321970026
62, 0.015923817952474
63, 0.0160421921561162
64, 0.0159282482539614
65, 0.0156456374873718
66, 0.0152593239520987
67, 0.0148220447202524
68, 0.0143768495569626
69, 0.0139561717708906
70, 0.0135835831363996
71, 0.0132790335143606
72, 0.0130639458075166
73, 0.0129702451328437
74, 0.0130542150388161
75, 0.013431327107052
76, 0.0143288432930907
77, 0.0155860474333167
78, 0.0145878945477307
79, 0.0123343023781975
80, 0.0117288756494721
81, 0.0113204158842564
82, 0.0110119997213284
83, 0.0107655230288704
84, 0.0105586949114998
85, 0.0103891501203179
86, 0.0102681061252952
87, 0.0101894659455866
88, 0.0101954889084612
89, 0.010314955531309
90, 0.010415754125764
91, 0.0104924635961652
92, 0.010532725447168
93, 0.0105265292028586
94, 0.0104641403692464
95, 0.0103358933702111
96, 0.0101323115328948
97, 0.00984231118733684
98, 0.00945029407739639
99, 0.00893287438278397
100, 0.00825816346332431
101, 0.00738377628537516
102, 0.00626404451516767
103, 0.00487681680048505
104, 0.00330778292845935
105, 0.00209547400784989
106, 0.00403445834914843
107, 0.00660501901681225
108, 0.0128762247040868
109, 0.0219491322835286
110, 0.0321768292536338
111, 0.0253919369230668
112, 0.0198463626826803
113, 0.0172075433656573
114, 0.0160096397933861
115, 0.0153778729339441
116, 0.0150132829633852
117, 0.014780096244067
118, 0.0146082973418136
119, 0.0144548237634202
120, 0.0142836982073883
121, 0.0140628485629956
122, 0.0137471538037062
123, 0.013254759212335
124, 0.0131847625598311
125, 0.013288558460772
126, 0.0136033113424977
127, 0.013963036549588
128, 0.0143567115689317
129, 0.0147591115285953
130, 0.0151474699378014
131, 0.0155035334949692
132, 0.0158146383861701
133, 0.0160730009277662
134, 0.0162749184916417
135, 0.0164259653538465
136, 0.0164347910322249
137, 0.0163419588158528
138, 0.0159974818428357
139, 0.0157612555970748
140, 0.0155776652197043
141, 0.0154073120405277
142, 0.0152186055978139
143, 0.0149799787128965
144, 0.0146628056342403
145, 0.0142427024741968
146, 0.0137027983243267
147, 0.0130385784432292
148, 0.0122639390950402
149, 0.0114145719756683
150, 0.0105461068451405
151, 0.00971024141957363
152, 0.00897928327322006
153, 0.00847720634192228
154, 0.00378687943642338
155, 0.00621984091897806
156, 0.0122246624281009
157, 0.0211956482380629
158, 0.0312033115575711
159, 0.0310211864610513
160, 0.0214331857860088
161, 0.0121086807921529
162, 0.00603992848967512
163, 0.00388780030577133
164, 0.0101589439436793
165, 0.010219623024265
166, 0.0103167990843455
167, 0.010449020502468
168, 0.0106103861083587
169, 0.010796588845551
170, 0.0110027786965171
171, 0.0112250146145622
172, 0.0114606479182839
173, 0.0117087814336022
174, 0.0119715475787719
175, 0.0122563512995839
176, 0.0125791560858488
177, 0.0129647397746642
178, 0.0134761147201061
179, 0.014249666283528
180, 0.0170202266890556
181, 0.0182392423351606
182, 0.0167124556998412
183, 0.0156133535007636
184, 0.0150595565016071
185, 0.0148082136486967
186, 0.0147134022166332
187, 0.0147004484509428
188, 0.014726501579086
189, 0.0147645765294631
190, 0.0147952272867163
191, 0.0148033555597067
192, 0.0147770236556729
193, 0.0147075084969401
194, 0.0145899690687656
195, 0.0144241225595276
196, 0.0142148397862911
197, 0.0139722221841415
198, 0.0137128522619605
199, 0.013457757110397
200, 0.0132312091688315
201, 0.0130511426056425
202, 0.0130741698667407
203, 0.0148595574622353
204, 0.00973976659588516
205, 0.00249618072994053
206, 0.0135371795234581
207, 0.0161982672289014
208, 0.0167239235181894
209, 0.0181758363420765
210, 0.0221793362870812
211, 0.0291332434862852
212, 0.00560460360429715
213, 0.0229651222803763
214, 0.00643350183963776
215, 0.00547087790134052
216, 0.0042962187823529
217, 0.00320667721098289
218, 0.014289773379763
219, 0.0132408472709358
220, 0.0121683132213851
221, 0.0111065559710066
222, 0.0101056196726859
223, 0.00922330468893051
224, 0.00858923125391205
225, 0.0138394731717805
226, 0.0147334031450252
227, 0.0156046032595138
228, 0.0163053997481863
229, 0.0167799945920706
230, 0.0170378085846702
231, 0.0171214540799459
232, 0.0170863084495068
233, 0.0169791951775551
234, 0.0168335419148207
235, 0.0167423579841852
236, 0.0165113310019175
237, 0.0157236283024152
238, 0.0164391708870729
239, 0.0162717774510384
240, 0.0129874605685472
241, 0.0151200333299736
242, 0.016176810177664
243, 0.0165363705406586
244, 0.0164102489749591
245, 0.0161142439271013
246, 0.0152965776311855
247, 0.00961211898053686
248, 0.0116853692258398
249, 0.0105942271960278
250, 0.0138591763873895
251, 0.0127835335830847
252, 0.016075562313199
253, 0.00717745441943407
254, 0.00827988609671593
255, 0.007732429386427
256, 0.00710053066723049
257, 0.0065372340225925
258, 0.00601696300630768
259, 0.00808956955249111
260, 0.0195085733596768
261, 0.0158848088855545
262, 0.0173346397156517
263, 0.00869103707373142
264, 0.0159007317519614
265, 0.0145354659429618
266, 0.0163857843726873
267, 0.0164736260970434
268, 0.0165134395162265
269, 0.0154653902476033
270, 0.0161638396481673
271, 0.0156615759866933
272, 0.0161960598391791
273, 0.0159105747006834
274, 0.00810423369208972
275, 0.012353823830684
276, 0.0134289413690567
277, 0.0111886186835667
278, 0.0100143786209325
279, 0.00844210246577859
280, 0.00873134378343821
281, 0.0148507018263141
282, 0.00764081968615452
283, 0.0169256936226572
284, 0.0151343615725636
285, 0.0148109050157169
286, 0.0165001414716244
287, 0.0168960740168889
288, 0.0155549563157062
289, 0.0160189211989443
290, 0.0170851064225038
291, 0.00898417659724752
292, 0.0153903514146805
293, 0.00927327267293419
294, 0.0131506638911863
295, 0.0145609526495848
296, 0.0106628878662984
297, 0.0119340944414337
298, 0.00914134792983532
299, 0.0156883876770735
300, 0.00879243838911255
301, 0.0182336930185556
302, 0.010248480985562
303, 0.0146730183623731
304, 0.0140764568267124
305, 0.0152597675720851
306, 0.0167737479011218
307, 0.0100627081468701
308, 0.0159583680021266
309, 0.0174929273004333
310, 0.012861621255676
311, 0.0114421263071043
312, 0.0140085691586137
313, 0.0104513480328023
314, 0.0190973347052932
315, 0.00901416572742164
316, 0.0141865094192326
317, 0.0117499708818893
318, 0.0148425678101679
319, 0.0128681516895692
320, 0.0157986581325531
321, 0.0169823281466961
322, 0.011037678613017
323, 0.0179399196058512
324, 0.00963884498924017
325, 0.0137585517019033
326, 0.0121322125196457
327, 0.0137149212615831
328, 0.0152059666191538
329, 0.0180974969019492
330, 0.0122873188617329
331, 0.0133034121245146
332, 0.0167246653387944
333, 0.0181358366583784
334, 0.0150398691184819
335, 0.0111920155584812
336, 0.0137825769682725
337, 0.0200840082019568
338, 0.0105823279979328
339, 0.0104759152357777
340, 0.00876055099070072
341, 0.0104137435555458
342, 0.0105159014152984
343, 0.010604029831787
344, 0.0105710329177479
345, 0.0103112642342846
346, 0.0100699705071747
347, 0.00974206967900197
348, 0.00931248705213269
349, 0.00805921185140808
350, 0.00717366781706611
351, 0.00606544261487822
352, 0.00472179978775481
353, 0.00351633391498278
354, 0.0132846195871631
355, 0.0132238374402126
356, 0.0131919581132631
357, 0.0134750986471772
358, 0.0144236598474284
359, 0.0151578085497022
360, 0.0157375110623737
361, 0.015607703011483
362, 0.0152528371351461
363, 0.0137408828983704
364, 0.0140633805034061
365, 0.0147986548642317
366, 0.0154643999412656
367, 0.0156739372760057
368, 0.0142056043259799
369, 0.0137675132912894
370, 0.0146849360316992
371, 0.0139797559628884
372, 0.0132880994739632
373, 0.0126839422931274
374, 0.0102780302986503
375, 0.0107818935066462
376, 0.0110401289227108
377, 0.0113563116950293
378, 0.0117668295279145
379, 0.0123824919573963
380, 0.0220581960553924
381, 0.0160800016795595
382, 0.0179937919601798
383, 0.0292773842811584
384, 0.0231261452926057
385, 0.0059364985791035
386, 0.0174062226765922
387, 0.0107614243558298
388, 0.00280128258746117
389, 0.0102815168599288
390, 0.00984275154769421
391, 0.00897801357011
392, 0.00778695746945838
393, 0.00630678286931167
394, 0.0104001283956071
395, 0.0107390751751761
396, 0.0105810354774197
397, 0.0107431029900908
398, 0.0106823147895435
399, 0.0106911848609646
400, 0.010577319500347
401, 0.00842119962908328
402, 0.0101571738099058
403, 0.00945125753059983
404, 0.00706160658349593
405, 0.0134088378399611
406, 0.0142980488017201
407, 0.014920557073007
408, 0.0154354682502647
409, 0.0155747958148519
410, 0.0137476475598911
411, 0.0133870459782581
412, 0.0133004644885659
413, 0.0133044579997659
414, 0.0135383501959344
415, 0.0155733322414259
416, 0.0152054247446358
417, 0.0140053181288143
418, 0.0146097663479547
419, 0.0146154030226171
420, 0.0150562901981175
421, 0.015402183867991
422, 0.0105669552770754
423, 0.0119686831409732
424, 0.0111799157845477
425, 0.0103926928713918
426, 0.0115286976409455
427, 0.0125296659146746
428, 0.0147545649670064
429, 0.0136693466454744
430, 0.0171523044506709
431, 0.0142848177679947
432, 0.0133726028725505
433, 0.0104486865124532
434, 0.0109553827593724
435, 0.0109619805589318
436, 0.00992288859561086
437, 0.010894973607113
438, 0.0106273818140229
439, 0.0101877969379226
440, 0.0107841015172501
441, 0.0104264905676246
442, 0.0109187924923996
443, 0.00965118284026782
444, 0.0108075888517002
445, 0.00941661993662516
446, 0.00925958575680852
447, 0.00914097980906566
448, 0.0153125111013651
449, 0.0134918799934288
450, 0.0136184675308565
451, 0.0133134331554174
452, 0.0134413262518744
453, 0.0138427694328129
454, 0.0141105209477246
455, 0.0157487634569407
456, 0.01593154311801
457, 0.0159339602105319
458, 0.0132312428516646
459, 0.0144170272784928
460, 0.0154516055869559
461, 0.0157056832686067
462, 0.0131932990625501
463, 0.0151056004688144
464, 0.0147535606908302
465, 0.0133593673817813
466, 0.0108862112586697
467, 0.0116164859694739
468, 0.0120608503930271
469, 0.0126056695977847
470, 0.010641738306731
471, 0.0156509601511061
472, 0.0193721161534389
473, 0.013190571218729
474, 0.0165736986590283
475, 0.0131065817549825
476, 0.0107274735346437
477, 0.0107624207933744
478, 0.0110099155766269
479, 0.0114411963149905
480, 0.0112186064943671
481, 0.0111092613078654
482, 0.010887965404739
483, 0.0111079532653093
484, 0.0112565237407883
485, 0.0112359592070182
486, 0.011187086502711
487, 0.0110029742742578
488, 0.0107860507753988
489, 0.0138867781497538
490, 0.0142366349076231
491, 0.0130379536810021
492, 0.0130000677891076
493, 0.0165787922839324
494, 0.0167456980173786
495, 0.0161745032916466
496, 0.013230058675011
497, 0.013114503895243
498, 0.0133920285540322
499, 0.0136078589906295
500, 0.0146589285383622
501, 0.0156679136368136
502, 0.0151421586051583
503, 0.010661444440484
504, 0.013188655488193
505, 0.0131124600768089
506, 0.0112548492227991
507, 0.00901013314723969
508, 0.0125544876791537
509, 0.0120677632900576
510, 0.0109334445691534
511, 0.0182681341345112
512, 0.0129110930487514
513, 0.0122050034503142
514, 0.0117840291932225
515, 0.0131695064316903
516, 0.0115183021074959
517, 0.011589370512714
518, 0.0115849055970709
519, 0.0115762067337831
520, 0.0115671898238361
521, 0.0115371697271864
522, 0.011514860826234
523, 0.0115092952425281
524, 0.0115885310806334
525, 0.0127210868522525
526, 0.0136303822509944
527, 0.0127452306138972
528, 0.0140620830158393
529, 0.0133142859364549
530, 0.0175277050584555
531, 0.0130890188738704
532, 0.0128246798800925
533, 0.0129327867180109
534, 0.0167355515683691
535, 0.014612881001085
536, 0.0152596413778762
537, 0.0129419251655539
538, 0.0159755200147629
539, 0.0176024839282036
540, 0.0118905999697745
541, 0.0116075353386501
542, 0.0125132209754416
543, 0.0119508123025298
544, 0.0197863901654879
545, 0.0158212063834071
546, 0.0185377197340131
547, 0.0135433026589453
548, 0.0128764724358916
549, 0.0124669444436828
550, 0.0118647823110223
551, 0.0122265599978467
552, 0.0120094650025879
553, 0.0123082332845245
554, 0.0118876894935966
555, 0.0133172933322688
556, 0.0129500473849475
557, 0.0120303433698912
558, 0.0120021086186171
559, 0.0119716835518678
560, 0.0120945285695295
561, 0.0123970657587051
562, 0.0127094200191398
563, 0.0138546375868221
564, 0.0125569645315409
565, 0.0126755434709291
566, 0.0112768676131964
567, 0.012461724691093
568, 0.0170847497259577
569, 0.014569066464901
570, 0.01526822304974
571, 0.0161295534732441
572, 0.0139366849325597
573, 0.011979436657081
574, 0.0122464482362072
575, 0.0124187506735325
576, 0.0149206520679096
577, 0.0159265853775044
578, 0.0144198508933187
579, 0.0170722679855923
580, 0.01488828798756
581, 0.0182283582786719
582, 0.0180001925677061
583, 0.0107007122132927
584, 0.0167287027773758
585, 0.0136308530345559
586, 0.0152327461789052
587, 0.0157214041488866
588, 0.0165889772276084
589, 0.0182541841641068
590, 0.0220711299528678
591, 0.0158176294838389
592, 0.015577440460523
593, 0.0152945251514514
594, 0.0149786009763678
595, 0.0146420773429175
596, 0.0143029950559139
597, 0.0139824467090269
598, 0.0137085573126872
599, 0.00865807415296634
600, 0.00930036806191007
601, 0.0101225168133775
602, 0.0109962426746885
603, 0.0118763567879796
604, 0.0127010890282691
605, 0.0134246132026116
606, 0.0140236178413033
607, 0.0144960933054487
608, 0.014855093943576
609, 0.015122568855683
610, 0.0153259211219847
611, 0.0154954575312634
612, 0.0156623081614574
613, 0.0158606674522161
614, 0.0161195878560344
615, 0.0072876849056532
616, 0.00658398998590807
617, 0.00567863788455725
618, 0.0045660591373841
619, 0.00349750664706031
620, 0.00268443976528943
621, 0.0226584774042879
622, 0.0060732435376849
623, 0.014935120784988
624, 0.0193608392562185
625, 0.0139842311230799
626, 0.0156522309407592
627, 0.0145732066594064
628, 0.0147333500596384
629, 0.0144183393567801
630, 0.0142347154517969
631, 0.0163223054260015
632, 0.0174619394044081
633, 0.0288450744003057
634, 0.0105818575248122
635, 0.0124069699086249
636, 0.0143717595686515
637, 0.0157319630185763
638, 0.00969185602540771
639, 0.0131957878669103
640, 0.0138527274442216
641, 0.0150534788457056
642, 0.0147647177800536
643, 0.0115170981734991
644, 0.0152647585297624
645, 0.0154283046722412
646, 0.0155753122332195
647, 0.0160122951492667
648, 0.0149016872358819
649, 0.0161565948898594
650, 0.0153875770047307
651, 0.0143636472833653
652, 0.0162720628082752
653, 0.0151570701661209
654, 0.0146316715205709
655, 0.0141136596600215
656, 0.0155852891815205
657, 0.00782186421565711
658, 0.00740385078825057
659, 0.00693622836843133
660, 0.00649295238933216
661, 0.00816199944044153
662, 0.00785577126468221
663, 0.0159597340971231
664, 0.0149633934100469
665, 0.0147650412594279
666, 0.0144311560628315
667, 0.0145987599777679
668, 0.0170322600752115
669, 0.0162168949221571
670, 0.0181177277117968
671, 0.012134465854615
672, 0.0130148295623561
673, 0.0155092938803136
674, 0.0147241558879614
675, 0.0111432578414679
676, 0.0153886134115358
677, 0.0152374650351703
678, 0.0100885373540223
679, 0.0150253636141618
680, 0.0156325198089083
681, 0.0137384872262677
682, 0.0143034450399379
683, 0.0152368056587875
684, 0.00879132840782404
685, 0.0139210397111518
686, 0.0157436090521514
687, 0.0154538604741295
688, 0.015294970634083
689, 0.0151058762955169
690, 0.0144366802026828
691, 0.0148933186816672
692, 0.0146631598472595
693, 0.0158760227883856
694, 0.00827279888714353
695, 0.00905869761481881
696, 0.00902040721848607
697, 0.00857101163516442
698, 0.0142306792549789
699, 0.0144904436809676
700, 0.0174937124053637
701, 0.0152994374123712
702, 0.0150371796141068
703, 0.0148374056443572
704, 0.0146671934053302
705, 0.0167702042187254
706, 0.0147467659165462
707, 0.0150521054553489
708, 0.0155520940509935
709, 0.0154766390721003
710, 0.0128706018440425
711, 0.0118410051800311
712, 0.015253269734482
713, 0.0153863001614809
714, 0.0107113126044472
715, 0.0143021979990105
716, 0.0136856587293247
717, 0.00926158875226974
718, 0.0157611828297377
719, 0.0156712778843939
720, 0.01423877235502
721, 0.0155804365252455
722, 0.0147031986465057
723, 0.0149238334658245
724, 0.0151125057600439
725, 0.0152734707420071
726, 0.0154027855023742
727, 0.0156615324584501
728, 0.00941416049110038
729, 0.00916248233988881
730, 0.010634730104357
731, 0.00931542840165397
732, 0.00833251420408487
733, 0.0134711109101772
734, 0.0190241794501032
735, 0.0161591530777514
736, 0.0147565588355064
737, 0.0157006136141717
738, 0.017078949448963
739, 0.0153677446457247
740, 0.015120189016064
741, 0.0149183004784087
742, 0.0151445656083524
743, 0.014844602594773
744, 0.0153242613499363
745, 0.0155068604009492
746, 0.0154224520859619
747, 0.0154748967227836
748, 0.011437926308385
749, 0.0127534661442041
750, 0.014378409832716
751, 0.0137005460759004
752, 0.0161565461506446
753, 0.0154940503028532
754, 0.0182046138991912
755, 0.0149840817653707
756, 0.0154128423891962
757, 0.0151558937504888
758, 0.0153077351860702
759, 0.0103429880303641
760, 0.0113544097791115
761, 0.00951605690643191
762, 0.0125195784494281
763, 0.012562455875533
764, 0.0160819729790092
765, 0.0157067948020995
766, 0.015314646375676
767, 0.0154133040147523
768, 0.0154560334049165
769, 0.0151831114975115
770, 0.0150305943874021
771, 0.0155122047290206
772, 0.0154972264543176
773, 0.0155114837301274
774, 0.014548988857617
775, 0.0127017724638184
776, 0.0138147755836447
777, 0.0155582306906581
778, 0.0165516721705596
779, 0.0154721736907959
780, 0.0101806581020355
781, 0.0126618157540049
782, 0.0152188001200557
783, 0.015472794106851
784, 0.0153709895287951
785, 0.0175904727851351
786, 0.0154449138790369
787, 0.0155126412532159
788, 0.0150287165306509
789, 0.016318508113424
790, 0.0159724165375034
791, 0.0156611252265672
792, 0.0156696114378671
793, 0.0155780847805242
794, 0.0156485098414123
795, 0.015594237173597
796, 0.01533144308875
797, 0.0166760394349694
798, 0.014862402031819
799, 0.0140860052779317
800, 0.0169791051497062
801, 0.0155929633017097
802, 0.0175657998770475
803, 0.0162907059614857
804, 0.0160735060150425
805, 0.0158358641589681
806, 0.0155839469283819
807, 0.015943688650926
808, 0.0158415632322431
809, 0.015950628866752
810, 0.0156947264137367
811, 0.0164380453526974
812, 0.0154100103924672
813, 0.0157720910695692
814, 0.0153313751022021
815, 0.0164216930667559
816, 0.0145396584024032
817, 0.0159393567591906
818, 0.0133226731792092
819, 0.0163258241179089
820, 0.0169568369165063
821, 0.011568264849484
822, 0.0190841308794916
823, 0.010105188547944
824, 0.00280707255005837
825, 0.0135350241325796
826, 0.015267109653602
827, 0.0157684207273026
828, 0.0166372008000811
829, 0.0163408434018493
830, 0.0182827080910405
831, 0.022031532600522
832, 0.0286008682101965
833, 0.00608349828689825
834, 0.0222538327798247
835, 0.00883007670442263
836, 0.0081362632724146
837, 0.00724888228190442
838, 0.00614087174956997
839, 0.0048299984773621
840, 0.00364110141526908
841, 0.0130166634917259
842, 0.0126265231519938
843, 0.0122984292296072
844, 0.0120033736651142
845, 0.0117285524805387
846, 0.0114685092121363
847, 0.011222357240816
848, 0.0109915877692401
849, 0.0107799728090564
850, 0.0105917998589575
851, 0.0104329860769212
852, 0.0103078689426184
853, 0.0102226866098742
854, 0.0142023977823555
855, 0.0143908085301518
856, 0.0145479088338713
857, 0.0146678189436595
858, 0.014749261084944
859, 0.0147952356686195
860, 0.0148125228782495
861, 0.0148111083544791
862, 0.0148039458629986
863, 0.0148073993623257
864, 0.0148423248901963
865, 0.0149367055855691
866, 0.0151312680294116
867, 0.0154745460798343
868, 0.0159669048152864
869, 0.016526033791403
870, 0.00936715429027875
871, 0.00795458598683278
872, 0.00663737025267134
873, 0.00913568927596013
874, 0.0103010158054531
875, 0.0100823768104116
876, 0.00977685752635201
877, 0.0105228528069953
878, 0.010544021303455
879, 0.0105194541004797
880, 0.0104578101697067
881, 0.0103646068212887
882, 0.0102707985788584
883, 0.00859230461840828
884, 0.00727001919100682
885, 0.0139933509441713
886, 0.0132856391370296
887, 0.0147616762357453
888, 0.0155460960231721
889, 0.0135778170078993
890, 0.0137785125213365
891, 0.0146876319001118
892, 0.0149256070144475
893, 0.0148816037302216
894, 0.0148608327532808
895, 0.0144544315213958
896, 0.0145847210660577
897, 0.0148091923135022
898, 0.014835791507115
899, 0.0148496047283212
900, 0.015006684542944
901, 0.0151378197285036
902, 0.0153246208404501
903, 0.0194971502448122
904, 0.0149542173991601
905, 0.0157324850248794
906, 0.014558624320974
907, 0.0147360924941798
908, 0.0141797247342765
909, 0.0164238763973117
910, 0.0175625368331869
911, 0.0135161431195835
912, 0.0104655974234144
913, 0.0108299860730767
914, 0.0113114720831315
915, 0.0121724444131056
916, 0.011869120101134
917, 0.0128523459037145
918, 0.0142635585119327
919, 0.0152722083032131
920, 0.0132591977405051
921, 0.0110591212287545
922, 0.0115825012326241
923, 0.0124967126175761
924, 0.0106271575205028
925, 0.0103503972558039
926, 0.013739767617413
927, 0.0154398132913879
928, 0.00993432383984327
929, 0.0104448297061026
930, 0.0104020911579331
931, 0.010551871266216
932, 0.0106108823480705
933, 0.0106342312258979
934, 0.0104627017863095
935, 0.0102049770454566
936, 0.00958414693983893
937, 0.00970905087888241
938, 0.00992136852194866
939, 0.0141358721690873
940, 0.0134193824293713
941, 0.0139688719063997
942, 0.0148817224738499
943, 0.0151091916486621
944, 0.015032602318873
945, 0.0148849268443882
946, 0.0149647834089895
947, 0.014876296898971
948, 0.0149191295107206
949, 0.014894550666213
950, 0.0151508726800481
951, 0.0148605251063903
952, 0.0147697386952738
953, 0.0146863237023354
954, 0.0148269625691076
955, 0.00958083290606737
956, 0.014302275609225
957, 0.0149847557768226
958, 0.014384970224152
959, 0.0139064307635029
960, 0.0147523155125479
961, 0.0163598184784253
962, 0.0152897505710522
963, 0.0137753086164594
964, 0.0130184534937143
965, 0.0134269623085856
966, 0.0126475344101588
967, 0.0119775654748082
968, 0.0123023726046085
969, 0.0116690679763754
970, 0.0113764363341033
971, 0.0111038070172071
972, 0.0108565714520713
973, 0.0106408369416992
974, 0.014427349747469
975, 0.0103570320643485
976, 0.0105322538875043
977, 0.0106347876467875
978, 0.0107167850558956
979, 0.0107888074902197
980, 0.0106643483353158
981, 0.0106110164585213
982, 0.0113682110483448
983, 0.0111399280528227
984, 0.0105351616318027
985, 0.014447181019932
986, 0.0149486733910938
987, 0.0149403919155399
988, 0.0143007449805737
989, 0.0148168038576841
990, 0.0148991107319792
991, 0.0149213645296792
992, 0.01487988854448
993, 0.0148582837233941
994, 0.0148674345885714
995, 0.0148684175995489
996, 0.0148725135562321
997, 0.0153548812183241
998, 0.0149377694663902
999, 0.0138227865099907
1000, 0.015124885737896
1001, 0.0149002621571223
1002, 0.0150415739044547
1003, 0.0143425593463083
1004, 0.0141017002364
1005, 0.014550161237518
1006, 0.0104962131008506
1007, 0.0101481219753623
1008, 0.0145774376578629
1009, 0.0138875531653563
1010, 0.015772417653352
1011, 0.0123972098032633
1012, 0.0111125563271344
1013, 0.0135359453658263
1014, 0.0120554793005188
1015, 0.0117273204959929
1016, 0.0114100192052623
1017, 0.0127539401873946
1018, 0.0131320402336617
1019, 0.0108527930763861
1020, 0.0145622007548809
1021, 0.0172149740780393
1022, 0.00969543703831732
1023, 0.018437497317791
1024, 0.011046228154252
1025, 0.0178248857458433
1026, 0.0108042537855605
1027, 0.0110696107149124
1028, 0.0158010292798281
1029, 0.0110974546211461
1030, 0.0109497290104628
1031, 0.0108248515054584
1032, 0.0108181835773091
1033, 0.0147341835933427
1034, 0.0150312312568227
1035, 0.0107532572001219
1036, 0.014611288284262
1037, 0.0126189344252149
1038, 0.0149770004985233
1039, 0.014859727739046
1040, 0.0150717802656194
1041, 0.014917697912703
1042, 0.0148054615904888
1043, 0.0144650984023299
1044, 0.0146382584547003
1045, 0.0147545440122485
1046, 0.0147024835459888
1047, 0.0154035054147243
1048, 0.0141534102149308
1049, 0.0145644273919364
1050, 0.0150881043324868
1051, 0.0147872283123434
1052, 0.0118601665211221
1053, 0.0139804380014539
1054, 0.0124619730437795
1055, 0.0113973154996832
1056, 0.0148328890403112
1057, 0.0110636386089027
1058, 0.0128279651204745
1059, 0.0136010446585715
1060, 0.0132025200873613
1061, 0.0121042003544668
1062, 0.0117528131231666
1063, 0.0110560509686669
1064, 0.016317936591804
1065, 0.0169892171397805
1066, 0.0102141675694535
1067, 0.0194247377415498
1068, 0.0143147704324552
1069, 0.0140256239101291
1070, 0.0173699306324124
1071, 0.0119513416041931
1072, 0.014588657207787
1073, 0.0117872175760567
1074, 0.0111088906414807
1075, 0.0110951686898867
1076, 0.0116806922790905
1077, 0.015053153814127
1078, 0.0151496216033896
1079, 0.015784357363979
1080, 0.0149084188354512
1081, 0.0110556584162017
1082, 0.0150081959242622
1083, 0.0149481873959303
1084, 0.0148437086803218
1085, 0.014744196087122
1086, 0.0162339409192403
1087, 0.0111107293826838
1088, 0.013256494111071
1089, 0.0146473518883189
1090, 0.0143460737541318
1091, 0.0144412660350402
1092, 0.014548280586799
1093, 0.0148090490450462
1094, 0.0144568543570737
1095, 0.0152281766446928
1096, 0.0150859573235114
1097, 0.0139999780803919
1098, 0.0143803672865033
1099, 0.0150688673990468
1100, 0.0128746548046668
1101, 0.0113234006400619
1102, 0.0132483417789141
1103, 0.0117420411358277
1104, 0.0124997974683841
1105, 0.013614803707848
1106, 0.0121233183890581
1107, 0.0167783365274469
1108, 0.0122101341063778
1109, 0.018505050179859
1110, 0.0127916135825217
1111, 0.0147920715223466
1112, 0.0142038251894216
1113, 0.016985848856469
1114, 0.0143473388937612
1115, 0.0129737534249822
1116, 0.0126263837640484
1117, 0.0185261520867546
1118, 0.0123698748648167
1119, 0.0151520315557718
1120, 0.011529395977656
1121, 0.0113990916870534
1122, 0.0114622691956659
1123, 0.0161007459585865
1124, 0.0149944683847328
1125, 0.0150990461309751
1126, 0.0151916781129936
1127, 0.0148354774961869
1128, 0.0146825932897627
1129, 0.0145390265000363
1130, 0.0116023520628611
1131, 0.0143946011861165
1132, 0.0140523729579789
1133, 0.0142546844047805
1134, 0.0152970120931665
1135, 0.0178707369292776
1136, 0.0165326120331883
1137, 0.015262342368563
1138, 0.0154128600843251
1139, 0.0152764120139182
1140, 0.0134518938139081
1141, 0.0132782051029305
1142, 0.013651572012653
1143, 0.0129037401638925
1144, 0.0121132138495644
1145, 0.012516224446396
1146, 0.0141120253441234
1147, 0.0165843895326058
1148, 0.0149884056299925
1149, 0.0179942663138111
1150, 0.0134957407911619
1151, 0.0139805503810445
1152, 0.0131119528474907
1153, 0.0150559215495984
1154, 0.0153720060895596
1155, 0.0120527511462569
1156, 0.0119158068361382
1157, 0.0148377963341773
1158, 0.0152743208842973
1159, 0.0146239455789328
1160, 0.0162635529413819
1161, 0.0144204407309492
1162, 0.0142538850195706
1163, 0.012184306823959
1164, 0.014035132846662
1165, 0.0173395086700718
1166, 0.01546360210826
1167, 0.0117195017325381
1168, 0.0154239018447697
1169, 0.0157248838804662
1170, 0.0136584582117697
1171, 0.0133020665186147
1172, 0.0124991485582931
1173, 0.0129286961940428
1174, 0.0145984276508292
1175, 0.0154964838487407
1176, 0.0155191343898575
1177, 0.0117962275010844
1178, 0.0150672666728497
1179, 0.0160260670818388
1180, 0.0169795034453273
1181, 0.0122388733240465
1182, 0.0162097724775473
1183, 0.014277968245248
1184, 0.0172509729330029
1185, 0.0138191992106537
1186, 0.0148459825043877
1187, 0.0126137716385225
1188, 0.0151278533351918
1189, 0.0124468870150546
1190, 0.0148271131329238
1191, 0.0145742922710876
1192, 0.0153716450246672
1193, 0.0143017683488627
1194, 0.0140909687615931
1195, 0.0128068500198424
1196, 0.0168343872452776
1197, 0.0154830068349838
1198, 0.0137099246494472
1199, 0.0159205921615163
1200, 0.0133293233811855
1201, 0.0129475442692637
1202, 0.0157214881231387
1203, 0.0156858329262052
1204, 0.0139394573867321
1205, 0.013969960808754
1206, 0.0127426929151018
1207, 0.0168957434594631
1208, 0.0163011260641118
1209, 0.0144197335466743
1210, 0.0148957534693182
1211, 0.0131090162321925
1212, 0.0120580360293388
1213, 0.0148644037544727
1214, 0.0145265874452889
1215, 0.0141930993025502
1216, 0.0134288133122027
1217, 0.0154095999896526
1218, 0.0163601863508423
1219, 0.0159702577761241
1220, 0.015493377422293
1221, 0.0138181213821684
1222, 0.0170178730040789
1223, 0.0132694210236271
1224, 0.0159719365959366
1225, 0.0156465072184801
1226, 0.0148972477763891
1227, 0.013571067713201
1228, 0.0144863960643609
1229, 0.014100443571806
1230, 0.0139924365406235
1231, 0.0162494634943349
1232, 0.0158959126898221
1233, 0.0130777551925608
1234, 0.0158857194085916
1235, 0.015226900887986
1236, 0.0156037560664117
1237, 0.0137060154229403
1238, 0.0154329009043674
1239, 0.0191484954208136
1240, 0.0156503565609455
1241, 0.0118489114567637
1242, 0.0153590094608565
1243, 0.0159578543156385
