1, 0.00525015778839588
2, 0.0125143502373248
3, 0.0015085480408743
4, 0.00502993538975716
5, 0.00634355144575238
6, 0.00751592172309756
7, 0.00484172673895955
8, 0.00154354723053984
9, 0.012596064247191
10, 0.00574899115599692
11, 0.0063096689991653
12, 0.00826257560402155
13, 0.00584937253734097
14, 0.00644060076835255
15, 0.00704484479501843
16, 0.00870955727684001
17, 0.0110734788080057
18, 0.0064175456451873
19, 0.00292964077865084
20, 0.00170127511955798
21, 0.0026489058121418
22, 0.00341963899942736
23, 0.00396546760263542
24, 0.00433917141829928
25, 0.00459719868376851
26, 0.0047767860814929
27, 0.00490140922678014
28, 0.00498638480591277
29, 0.0050288086446623
30, 0.00508644140791148
31, 0.00523044588044286
32, 0.00540057492131988
33, 0.0056111339169244
34, 0.0058402162976563
35, 0.00606465432792902
36, 0.00625116579855482
37, 0.00631310883909464
38, 0.00638499514510234
39, 0.00647853733971715
40, 0.00659959856420755
41, 0.00673128214354316
42, 0.00685023609548807
43, 0.00691516728450855
44, 0.00687381143992146
45, 0.00668449001386762
46, 0.00635180668905377
47, 0.00592654105275869
48, 0.00557751534506679
49, 0.00555297095949451
50, 0.00587633345276117
51, 0.00626918145765861
52, 0.00658203708007932
53, 0.00675239817549785
54, 0.00676928569252292
55, 0.00667194960017999
56, 0.00651127782960733
57, 0.00632752555732926
58, 0.00614457592989008
59, 0.00597536222388347
60, 0.00582425575703382
61, 0.00569199242939552
62, 0.00557716299469272
63, 0.00547761811564366
64, 0.00539137003943324
65, 0.00531716039404273
66, 0.00525444326922297
67, 0.00520378987615307
68, 0.00516735545049111
69, 0.00514925410971045
70, 0.00515725929290056
71, 0.00520587510739764
72, 0.00532278930768371
73, 0.0055608522767822
74, 0.00609554427986344
75, 0.00656863616313785
76, 0.00644616301481922
77, 0.00541260636722048
78, 0.00510943696523706
79, 0.00497415832554301
80, 0.00490783744802078
81, 0.00487565528601408
82, 0.00487706437706947
83, 0.00492519226723484
84, 0.00508870766498148
85, 0.00522341532632709
86, 0.00534107621448735
87, 0.00543757442695399
88, 0.00551217142492533
89, 0.00556617020629346
90, 0.00560104412337144
91, 0.00561883991273741
92, 0.00562151521444321
93, 0.00561087555252016
94, 0.00558785620766381
95, 0.00555244530551136
96, 0.00550416593129436
97, 0.00544170763654013
98, 0.00536282197572291
99, 0.00526386662386358
100, 0.00513933241988222
101, 0.00498036481440067
102, 0.00477277984221776
103, 0.0044929754609863
104, 0.00410119188018143
105, 0.0035309986754631
106, 0.00272012040174256
107, 0.00172760238638148
108, 0.00276599312201142
109, 0.00613785271222393
110, 0.0111249284818769
111, 0.00893051542031268
112, 0.00717915361747146
113, 0.00655772482665877
114, 0.00630303844809532
115, 0.00618173057834307
116, 0.00611666116553048
117, 0.00607785730001827
118, 0.00605136264736454
119, 0.00602952639261882
120, 0.0060074635160466
121, 0.00598138011991978
122, 0.00594666173371176
123, 0.00589530115636687
124, 0.00581298233009875
125, 0.00579930283129215
126, 0.00581561401486397
127, 0.00586805678904057
128, 0.00592780609925588
129, 0.00599204422906041
130, 0.0060567925684154
131, 0.006117875687778
132, 0.00617245398461819
133, 0.00621838370958964
134, 0.00625439298649629
135, 0.00628117518499494
136, 0.00628536415752023
137, 0.00627368393664559
138, 0.00622894878809651
139, 0.0062023582868278
140, 0.00618360269193848
141, 0.00616527178014318
142, 0.00614115316420794
143, 0.00610492766524355
144, 0.00605073090021809
145, 0.00597371890520056
146, 0.00587115405748288
147, 0.0057438521956404
148, 0.00559547978142897
149, 0.00543445317695538
150, 0.00527744103843967
151, 0.0051500303670764
152, 0.00505266827531159
153, 0.0028002430141593
154, 0.00611445990701516
155, 0.0109193293998639
156, 0.0109797498832146
157, 0.00624923827126622
158, 0.00291979918256402
159, 0.00486174753556649
160, 0.00488008093088865
161, 0.00489045927921931
162, 0.00490596999103824
163, 0.00492658761019508
164, 0.00495220689723889
165, 0.00498141845067342
166, 0.00501479332645734
167, 0.00505343840147058
168, 0.00509913048396508
169, 0.0051556999484698
170, 0.00523050470898549
171, 0.00533404853194952
172, 0.00549432526653012
173, 0.00577211830144127
174, 0.00687787192873657
175, 0.0073519527601699
176, 0.00667150629063447
177, 0.00618224730715156
178, 0.00592737086117268
179, 0.00580455440406998
180, 0.00575242176031073
181, 0.00574055593460798
182, 0.00575248834987481
183, 0.0057787005789578
184, 0.00581326801329851
185, 0.00585229477534692
186, 0.00589271262288094
187, 0.00593207590281963
188, 0.00596823326001565
189, 0.00599917490035295
190, 0.00602303724735975
191, 0.00603811256587505
192, 0.0060429743801554
193, 0.00603666591147582
194, 0.00601894703383247
195, 0.00599056653057535
196, 0.00595343035335342
197, 0.00591038400307298
198, 0.00586553818235795
199, 0.00582331077506145
200, 0.00578754302114248
201, 0.00578614487312734
202, 0.00517707035344626
203, 0.00430758530274034
204, 0.00630798023194075
205, 0.00246512177788342
206, 0.00803706476775309
207, 0.0067524912301451
208, 0.00764491890246669
209, 0.00987094563121597
210, 0.00506495265290141
211, 0.00490163437401255
212, 0.00476221825617055
213, 0.00457081625548502
214, 0.00394623319152743
215, 0.00346168767039975
216, 0.00287009575792278
217, 0.00616938752743105
218, 0.00572818207244078
219, 0.00550054758787155
220, 0.00529571102621655
221, 0.0060481041825066
222, 0.0063623165866981
223, 0.00659675003650288
224, 0.00673990199963252
225, 0.00677624624222517
226, 0.00672575218292574
227, 0.00662816936771075
228, 0.00651708074534933
229, 0.00641434864761929
230, 0.00633000760960082
231, 0.00500247402427097
232, 0.00448456635543456
233, 0.00475363262618581
234, 0.00499208698359628
235, 0.00443873395367215
236, 0.00461168765711288
237, 0.00488350338612994
238, 0.00596336244295041
239, 0.00538611567268769
240, 0.00561657835108538
241, 0.00658773685184618
242, 0.00634356820955873
243, 0.0067623370171835
244, 0.00618325585188965
245, 0.00624692013176779
246, 0.00670216876703004
247, 0.00646069420812031
248, 0.00674562505446374
249, 0.00803201389499009
250, 0.00461422714094321
251, 0.00726433758003016
252, 0.00664093152486852
253, 0.00635456293821335
254, 0.00756809976883233
255, 0.00516022563291093
256, 0.00516001391224563
257, 0.00518184566559891
258, 0.00522601728638013
259, 0.00541963467064003
260, 0.00508694723248482
261, 0.00516806935359325
262, 0.00548122863152197
263, 0.00586032533707718
264, 0.00611915339582733
265, 0.00616807335366805
266, 0.00632914365269244
267, 0.00604966197473307
268, 0.00654175326538583
269, 0.00599392627676328
270, 0.00678162913148602
271, 0.00698827191566428
272, 0.00708281683425109
273, 0.00726344920694828
274, 0.00709774092371975
275, 0.00547510952067872
276, 0.00555134642248352
277, 0.00569285390277704
278, 0.00595328413570921
279, 0.00522877873542408
280, 0.00525996023789048
281, 0.00578007389170428
282, 0.00599377322942019
283, 0.00692447375816603
284, 0.00596863062431415
285, 0.00619213399477303
286, 0.0057073769026569
287, 0.00651946291327477
288, 0.00582404900342226
289, 0.00516079710796475
290, 0.00628899149596691
291, 0.00754963063324491
292, 0.00583192092987398
293, 0.00639497900071243
294, 0.00540325995534658
295, 0.00994932930916548
296, 0.00664192888264855
297, 0.00555286090821028
298, 0.00508483980471889
299, 0.00629634940996766
300, 0.00676151124450068
301, 0.00767609973748525
302, 0.00556673140575488
303, 0.00499999686144292
304, 0.00516667465368907
305, 0.00530486856587231
306, 0.00541570650724073
307, 0.0054126758283625
308, 0.00532514772688349
309, 0.00549445704867442
310, 0.00528126241018375
311, 0.00559027027338743
312, 0.00530907340968649
313, 0.00560760047907631
314, 0.00547147200753291
315, 0.00551983877085149
316, 0.00574139746216436
317, 0.0053177992037187
318, 0.00613827770575881
319, 0.0064459207157294
320, 0.00442968704737723
321, 0.00474087560238938
322, 0.00651524999799828
323, 0.00630087157090505
324, 0.00602005678229034
325, 0.00497153820469975
326, 0.00502902657414476
327, 0.00513347478893896
328, 0.00535381150742372
329, 0.0057998252256463
330, 0.00526940783796211
331, 0.00528058789980908
332, 0.00560993871962031
333, 0.00561494939029217
334, 0.00535144967337449
335, 0.00540582370012999
336, 0.00558921803409855
337, 0.00556011311709881
338, 0.00554866941335301
339, 0.00563827405373255
340, 0.00546737566279868
341, 0.00540090453190108
342, 0.00585922171982626
343, 0.00599199867186447
344, 0.00521429162472486
345, 0.00629317504353821
346, 0.00492118407661716
347, 0.0047100514639169
348, 0.00657692799965541
349, 0.00665500845449666
350, 0.00404754537157714
351, 0.00353311467915773
352, 0.00291758554521948
353, 0.00243816248257644
354, 0.00789062585681677
355, 0.00493318140506744
356, 0.00515598547644913
357, 0.00524966480831305
358, 0.00541436796387037
359, 0.00522551483785113
360, 0.00539599227098127
361, 0.00560354557819664
362, 0.00559131940826774
363, 0.00550079966584841
364, 0.00511874111058811
365, 0.00455142080318183
366, 0.00510781178517001
367, 0.00527079341312249
368, 0.00548431626521051
369, 0.0055456953899314
370, 0.00558400014415383
371, 0.00560475916912158
372, 0.00560942703547577
373, 0.00553976891872783
374, 0.0055697412074854
375, 0.00539027689956129
376, 0.00545140231649081
377, 0.00531569682061672
378, 0.00485114962793887
379, 0.00499368365854025
380, 0.00469624522762994
381, 0.00448865548241884
382, 0.00579316914081573
383, 0.00559783408728739
384, 0.00593420102571448
385, 0.00647590278337399
386, 0.0054009979745994
387, 0.00540446078715225
388, 0.00545150483958423
389, 0.00549105422881742
390, 0.00559828368326028
391, 0.00566595893663665
392, 0.00583278915534417
393, 0.00617947499267757
394, 0.00632407019535701
395, 0.00668463491213818
396, 0.00551284740989407
397, 0.00545132338690261
398, 0.00669342000037432
399, 0.00609967736527324
400, 0.00541516044177115
401, 0.0054221039172262
402, 0.00554004389171799
403, 0.00574383543183406
404, 0.00604939057181279
405, 0.00661256001330912
406, 0.00805435407285889
407, 0.0046720141156887
408, 0.00727163827312844
409, 0.00659470506278532
410, 0.00573707657999226
411, 0.00704952701926231
412, 0.00606844077507655
413, 0.00546389981172979
414, 0.00532741441080968
415, 0.00561568783596158
416, 0.00531539592581491
417, 0.00546549710755547
418, 0.00542160263285041
419, 0.00553242582827806
420, 0.00522144309555491
421, 0.0055748939824601
422, 0.0055024401905636
423, 0.00537081474127869
424, 0.00555628747679293
425, 0.00526196090504527
426, 0.00558887422084808
427, 0.00560162720891337
428, 0.00559753094178935
429, 0.00559801165945828
430, 0.00558181611510615
431, 0.00548621988855302
432, 0.00554712846254309
433, 0.00521756731905043
434, 0.00538992303024445
435, 0.00529082623931269
436, 0.00552157770531873
437, 0.00571502279490232
438, 0.00551581429317594
439, 0.00593108932177226
440, 0.00560714164748788
441, 0.00569952550965051
442, 0.00575940458414455
443, 0.00549833026404182
444, 0.00554025475867093
445, 0.00557078312461575
446, 0.00564963719807565
447, 0.00583388625333707
448, 0.00548872351646423
449, 0.00548836992432674
450, 0.00549877171094219
451, 0.00552063543970386
452, 0.00555337065209945
453, 0.00559523856888215
454, 0.00606213153029482
455, 0.00623953443331023
456, 0.00646703635963301
457, 0.00672125653363764
458, 0.00692163764809569
459, 0.00560363142618111
460, 0.00548390617283682
461, 0.00524866888299584
462, 0.00558765496437748
463, 0.00547924552423259
464, 0.00556010838287572
465, 0.00552825901346902
466, 0.00549739040434361
467, 0.00549769960343838
468, 0.00551336895053585
469, 0.0055409575967739
470, 0.00548379557828108
471, 0.00555138716784616
472, 0.00558199811105927
473, 0.00555581172617773
474, 0.0055679102273037
475, 0.00557518696102003
476, 0.0055893511356165
477, 0.00558292912319303
478, 0.00550202764570713
479, 0.005559898680076
480, 0.00597566909467181
481, 0.00570238839524488
482, 0.00649478565901518
483, 0.00691584668432673
484, 0.0056927555706352
485, 0.00555574987083673
486, 0.00556566465335588
487, 0.00559236761182547
488, 0.00561243924312294
489, 0.00554789594995479
490, 0.00564252957701683
491, 0.00557757145725191
492, 0.00554282125085592
493, 0.00555112888105214
494, 0.00615373463369906
495, 0.00554121099412441
496, 0.00554381179002424
497, 0.0055623078563561
498, 0.0055748523833851
499, 0.0055846757410715
500, 0.00577860302291811
501, 0.00592298184831937
502, 0.00644698436371982
503, 0.00709733289356033
504, 0.00697711547836661
505, 0.00556942347126702
506, 0.00762099670246244
507, 0.00727856648154557
508, 0.0045570115908049
509, 0.00774928095883557
510, 0.00234117805181692
511, 0.0045731325323383
512, 0.00475525956911345
513, 0.00346358966392775
514, 0.002840665266073
515, 0.00431727237688998
516, 0.00497574863644938
517, 0.00488496082834899
518, 0.00395804624228428
519, 0.00611127936281264
520, 0.0058744278891633
521, 0.00593267443279425
522, 0.00597307031663756
523, 0.00600223739941915
524, 0.00602621864527464
525, 0.00604884124671419
526, 0.00607488436313967
527, 0.00616956944577396
528, 0.00627160227547089
529, 0.00687486468814313
530, 0.00778446098168691
531, 0.00646209670230746
532, 0.00996707053855062
533, 0.00509743494912982
534, 0.005521634593606
535, 0.00567974902999898
536, 0.00581864694443842
537, 0.0059336656704545
538, 0.0060220876087745
539, 0.00608562103783091
540, 0.0061285465490073
541, 0.00615647442949315
542, 0.00617556522289912
543, 0.00619208750625451
544, 0.00621251738630235
545, 0.00624321820214391
546, 0.0061406798971196
547, 0.00609192655732234
548, 0.00603874019968013
549, 0.00598429104623695
550, 0.00593169390534361
551, 0.00588587446448704
552, 0.00447272835299373
553, 0.00821864474564791
554, 0.00503122612523536
555, 0.00475812408452233
556, 0.00496757907482485
557, 0.0044854012861227
558, 0.00462232475789885
559, 0.00504003907553852
560, 0.00487463541018466
561, 0.00440307694952935
562, 0.00630081188865006
563, 0.00603381443458299
564, 0.00609213719144464
565, 0.00740139279514551
566, 0.00647666957229376
567, 0.00677271070890129
568, 0.00619761218937735
569, 0.00613412726670504
570, 0.00606113982697328
571, 0.00600500622143348
572, 0.00597155063102643
573, 0.00535513972863555
574, 0.00619788041027884
575, 0.0061707137307773
576, 0.00615222045841316
577, 0.00612218670236568
578, 0.00577667045096556
579, 0.00519862282089889
580, 0.00562543561682105
581, 0.0059046217550834
582, 0.00600347924046218
583, 0.0060744856018573
584, 0.00618400773964822
585, 0.00618277063282828
586, 0.00612168169269959
587, 0.00603960043129822
588, 0.005954788144057
589, 0.0062172490482529
590, 0.00624245234454672
591, 0.00626157335937023
592, 0.00608219276182353
593, 0.00599736262423297
594, 0.0066031941678375
595, 0.00762074495044847
596, 0.00510074510904295
597, 0.00622141015316759
598, 0.00589247218643626
599, 0.0051571954973042
600, 0.0051722414791584
601, 0.00514350451218585
602, 0.00545026455074549
603, 0.00523928320035338
604, 0.00515821723577877
605, 0.00622959605728586
606, 0.00611406890675426
607, 0.00616148370318115
608, 0.0060777475591749
609, 0.0060453366022557
610, 0.00633241469040513
611, 0.00601077708415687
612, 0.00707707591354847
613, 0.00676033149162928
614, 0.00649485092920562
615, 0.00592191929795912
616, 0.00545062737849851
617, 0.00607504734459023
618, 0.00599781152171393
619, 0.00618749368004501
620, 0.00618015850583712
621, 0.00588819547556341
622, 0.00612530158832669
623, 0.00617162378815313
624, 0.00615548140679797
625, 0.00574455293826759
626, 0.00615603383630514
627, 0.00620675405176977
628, 0.00608497112989426
629, 0.00611816820067664
630, 0.00604869464101891
631, 0.00601631243314062
632, 0.00618401247387131
633, 0.00527247095791002
634, 0.00702707399614155
635, 0.00597204423199097
636, 0.00538083693633477
637, 0.00568593153730035
638, 0.00543753243982792
639, 0.00552186222436527
640, 0.00605641367534796
641, 0.00696894247084856
642, 0.00609263894148171
643, 0.00624863135938843
644, 0.00668396637775004
645, 0.00618154113180935
646, 0.00613239407539368
647, 0.00634434306994081
648, 0.00648203158440689
649, 0.00517720840871334
650, 0.0058468796312809
651, 0.00597672546282411
652, 0.00557742671420177
653, 0.00614632309104006
654, 0.00614111148752272
655, 0.00616840723281105
656, 0.00619771713390946
657, 0.0061818139317135
658, 0.0060902452096343
659, 0.00618278312807282
660, 0.00618037201153735
661, 0.00600708019919693
662, 0.00588494562543929
663, 0.00612464376414816
664, 0.00606217961758375
665, 0.00618435069918633
666, 0.00609463732689619
667, 0.00616884611857434
668, 0.00535918173513242
669, 0.00641918911909064
670, 0.00694096825706462
671, 0.00618826574645936
672, 0.00565897839676057
673, 0.00592480374810596
674, 0.00575100351125002
675, 0.00610447874558823
676, 0.00673745021534463
677, 0.00625105217720072
678, 0.00614395892868439
679, 0.00619040941819549
680, 0.00633178418502212
681, 0.00658037319468955
682, 0.00644190438712637
683, 0.00571153227550288
684, 0.00614945000658433
685, 0.00619434922312697
686, 0.00619745487347245
687, 0.00617237544308106
688, 0.00733095865386228
689, 0.00612316420301795
690, 0.00618136228461351
691, 0.00619228021241724
692, 0.00603277034436663
693, 0.00613632937893271
694, 0.00617617042735219
695, 0.00616618556280931
696, 0.00655661911393205
697, 0.00681602600961924
698, 0.0062589585625877
699, 0.0058813801035285
700, 0.00603928642037014
701, 0.00623975500153999
702, 0.00618780194781721
703, 0.00630323130947848
704, 0.00655901540691654
705, 0.00553510962054133
706, 0.00638085192379852
707, 0.00647413963451982
708, 0.00615083556622267
709, 0.00588978074180583
710, 0.00616167167512079
711, 0.00622709662032624
712, 0.00623578042723238
713, 0.00620817323215306
714, 0.00619170842692256
715, 0.00622152894114455
716, 0.00617549746918182
717, 0.00654183733942253
718, 0.00607795527737055
719, 0.00617768064451714
720, 0.00624757314411302
721, 0.00622011876354615
722, 0.00626814691349864
723, 0.00632054374242822
724, 0.00640125758945942
725, 0.00637349827835957
726, 0.00617515466486414
727, 0.00626827528079351
728, 0.00623531678381066
729, 0.00629506229112546
730, 0.00619779480621219
731, 0.006292236270383
732, 0.00642977096140385
733, 0.00625185212120414
734, 0.00555309366124372
735, 0.00586241375034054
736, 0.00605238842157026
737, 0.00608177746956547
738, 0.00612125794092814
739, 0.0061819291052719
740, 0.00628477854964634
741, 0.00647682789713144
742, 0.00790027117667099
743, 0.00687185054024061
744, 0.00778227966899673
745, 0.00998018526782592
746, 0.00499573356605002
747, 0.00561685914484163
748, 0.00563184730708599
749, 0.0056319625582546
750, 0.00561852349589268
751, 0.00559218266668419
752, 0.00550084801701208
753, 0.00543428165838122
754, 0.00535128071593742
755, 0.0052483519539237
756, 0.00512004736810923
757, 0.00495786095658938
758, 0.00474851896675924
759, 0.00447124483374258
760, 0.00409191571331273
761, 0.00355826252295325
762, 0.00282929406967014
763, 0.00514646565231184
764, 0.00509961841938396
765, 0.00506005164546271
766, 0.00502626652208467
767, 0.00499728259940942
768, 0.00497288707022866
769, 0.00495483524476488
770, 0.00494214054197073
771, 0.00492788765889903
772, 0.00588177773170173
773, 0.00595309414590398
774, 0.00598577650574346
775, 0.00601219735108316
776, 0.00603037343050043
777, 0.00603929162025452
778, 0.00603888129505018
779, 0.0060297652768592
780, 0.00601306037666897
781, 0.00599021449064215
782, 0.00596289453096688
783, 0.00593294645659626
784, 0.0059024333798637
785, 0.00587367258655528
786, 0.00584950678360959
787, 0.0058335498906672
788, 0.0058306788560003
789, 0.00584790203720331
790, 0.00589550426229835
791, 0.00598966702818871
792, 0.00615049122522275
793, 0.00637965028484662
794, 0.00664319757682582
795, 0.00235810645972379
796, 0.00599943939596415
797, 0.00602648585724334
798, 0.00615082106863459
799, 0.00596713794705768
800, 0.00610222977896531
801, 0.00622039412458738
802, 0.00681204457456867
803, 0.00733181756610672
804, 0.00632843895194431
805, 0.00650671613402665
806, 0.00558532068195442
807, 0.00529092891762654
808, 0.00546708780651291
809, 0.00553560489788651
810, 0.00506093221095701
811, 0.00475595324921111
812, 0.00518528892037769
813, 0.00563397568960985
814, 0.00491672661155462
815, 0.00458270718809217
816, 0.00441105493033926
817, 0.00537955636779467
818, 0.00527260118785004
819, 0.00514855150443812
820, 0.00502843083813787
821, 0.00538026634603739
822, 0.00545536703430116
823, 0.00551767212649186
824, 0.00556807025956611
825, 0.00560687761753798
826, 0.00564886412272851
827, 0.00565069292982419
828, 0.00563833016591767
829, 0.00520355207845569
830, 0.00537812306235234
831, 0.00527681255092223
832, 0.00552823767066002
833, 0.00578615457440416
834, 0.00616842415183783
835, 0.00509852132139107
836, 0.00512801630732914
837, 0.00516343411679069
838, 0.00525759835727513
839, 0.00520617010382314
840, 0.00507397445229193
841, 0.00505713225963215
842, 0.00591742860463758
843, 0.00585064307476083
844, 0.00582412509247661
845, 0.0059938666721185
846, 0.00624328836177786
847, 0.00604543058822552
848, 0.00598163049047192
849, 0.00600027743106087
850, 0.00603725117010375
851, 0.00604539698300262
852, 0.00604628034246465
853, 0.00604046539713939
854, 0.00601290810542802
855, 0.00597338960506022
856, 0.00595324051876863
857, 0.00602188659831882
858, 0.00591646212463578
859, 0.00602892398213347
860, 0.00593542540445924
861, 0.0059222331425796
862, 0.00592164796156188
863, 0.00594191617953281
864, 0.0061349473738422
865, 0.00804369795757035
866, 0.00735934280479948
867, 0.00506145181134343
868, 0.00589995578463588
869, 0.00622501902814422
870, 0.00412334119901061
871, 0.00752382011463245
872, 0.00603089551441371
873, 0.00599631830118597
874, 0.00592337913500766
875, 0.00636957089106242
876, 0.00625828110302488
877, 0.00618055486120284
878, 0.00653672559807698
879, 0.00714594374100367
880, 0.00678873031089703
881, 0.00606454838998616
882, 0.00556524416121344
883, 0.00550171678575377
884, 0.00542077841237187
885, 0.00560189240301649
886, 0.00532161925608913
887, 0.00520264310762286
888, 0.00551212873930732
889, 0.00556035075957576
890, 0.00563553697429597
891, 0.00566007181381186
892, 0.00567425616706411
893, 0.00567678183627625
894, 0.00566624586159984
895, 0.00545884955984851
896, 0.00540300916569928
897, 0.00534898407446841
898, 0.00530569247590999
899, 0.00529413841043909
900, 0.00549477517294387
901, 0.0053588207035015
902, 0.00561044450538854
903, 0.0053201545185099
904, 0.00539879826828837
905, 0.00565257513274749
906, 0.00586583605036139
907, 0.00550192524679005
908, 0.00530311954207718
909, 0.00535629650888344
910, 0.00525937834754586
911, 0.00519500595207016
912, 0.00522375650083025
913, 0.00516996175671617
914, 0.00597451122788091
915, 0.00591954200839003
916, 0.00597034216237565
917, 0.0060051161951075
918, 0.00602064863778651
919, 0.00597838731482625
920, 0.00599053882372876
921, 0.00603573226059477
922, 0.006048971399044
923, 0.00605900430430969
924, 0.00601556858358284
925, 0.00606454024091363
926, 0.00598914929044743
927, 0.00596814866488179
928, 0.0059737511134396
929, 0.00606447272002697
930, 0.00609337616090973
931, 0.00605252074698607
932, 0.0061200278190275
933, 0.00605798419564962
934, 0.00604498658018808
935, 0.00594785250723362
936, 0.00713451765477657
937, 0.00586850189470819
938, 0.00697408065510293
939, 0.00607763657656809
940, 0.00603621794531743
941, 0.00627824050995211
942, 0.00638522122365733
943, 0.00595738164459666
944, 0.0067294059942166
945, 0.00612339090245465
946, 0.00653041837116082
947, 0.00560129977141817
948, 0.00617195486224123
949, 0.0055437587822477
950, 0.00570129510015249
951, 0.00571091131617626
952, 0.0056982784687231
953, 0.00567998799184958
954, 0.00565664501239856
955, 0.00570926861837506
956, 0.00563083332963288
957, 0.00526620627247861
958, 0.00546894719203313
959, 0.00537846803975602
960, 0.00559882051311433
961, 0.00558021237763266
962, 0.00558660823541383
963, 0.00560589879751205
964, 0.00564145483076572
965, 0.00581382657401264
966, 0.00566295091994107
967, 0.00515111079439521
968, 0.00542077880042295
969, 0.00531281554140151
970, 0.00559953926131129
971, 0.00544230143229167
972, 0.005935540090182
973, 0.00572621527438362
974, 0.00534670784448584
975, 0.00549990326787035
976, 0.00538948240379492
977, 0.00528268810982506
978, 0.00602627755142748
979, 0.00611660266295075
980, 0.00599825793566803
981, 0.00600065764350196
982, 0.00603985181078315
983, 0.00601787345173458
984, 0.0060076032144328
985, 0.00603064723933737
986, 0.0060007714976867
987, 0.00604491929213206
988, 0.00605954284158846
989, 0.006073228471602
990, 0.00608450484772523
991, 0.00600820407271385
992, 0.00603043668282529
993, 0.00609178033967813
994, 0.00602028495632112
995, 0.00603426100375752
996, 0.00609353549468021
997, 0.00608872839560111
998, 0.00600377074442804
999, 0.00598429116819586
1000, 0.0071985504279534
1001, 0.00595219312235713
1002, 0.00683056275981168
1003, 0.00599298859015107
1004, 0.00649564589063327
1005, 0.00558101773882906
1006, 0.00605660700239241
1007, 0.00575286763099333
1008, 0.00602685993847748
1009, 0.00663925039892395
1010, 0.00594319616045271
1011, 0.00539970790435161
1012, 0.00542395492084324
1013, 0.00552509492263198
1014, 0.00574841645235817
1015, 0.00574321245464186
1016, 0.00575373601168394
1017, 0.00573969989394148
1018, 0.0057308302881817
1019, 0.00601185757356385
1020, 0.00601191391857962
1021, 0.00578804174438119
1022, 0.00613735701578359
1023, 0.00603180816397071
1024, 0.00611605797894299
1025, 0.0067993716802448
1026, 0.00619860606578489
1027, 0.00564226446052392
1028, 0.00543965764033298
1029, 0.00567869407435258
1030, 0.00601389010747274
1031, 0.00612641017263134
1032, 0.00579864966372649
1033, 0.00575064534010987
1034, 0.00572586595080793
1035, 0.00573005985158185
1036, 0.00630614790134132
1037, 0.00589075172320008
1038, 0.00604792971474429
1039, 0.0055045955038319
1040, 0.00559175736270845
1041, 0.00567337622245153
1042, 0.00551655958406627
1043, 0.00546466031422218
1044, 0.00535016432404518
1045, 0.00601877924054861
1046, 0.00603799273570379
1047, 0.00605181643428902
1048, 0.00606769657072922
1049, 0.00608467722001175
1050, 0.00610140936138729
1051, 0.00601162722644707
1052, 0.00589942075312138
1053, 0.0060079643347611
1054, 0.00599716634800037
1055, 0.00637359086734553
1056, 0.00607668274703125
1057, 0.00613070116378367
1058, 0.00608571292832494
1059, 0.00639295671135187
1060, 0.00691816893716653
1061, 0.00666063567623496
1062, 0.00603788206353784
1063, 0.00620153887818257
1064, 0.00614176729383568
1065, 0.00643972524752219
1066, 0.00627733922253052
1067, 0.00654877225557963
1068, 0.00664697083023687
1069, 0.00568880435700218
1070, 0.00564119918271899
1071, 0.00579058076255023
1072, 0.00558473084432383
1073, 0.00580122414976358
1074, 0.00580616582495471
1075, 0.0058084346819669
1076, 0.00581142283044755
1077, 0.00665737861501319
1078, 0.0058193396932135
1079, 0.00592953952339788
1080, 0.00602510183428725
1081, 0.00583719679464896
1082, 0.00587112635063628
1083, 0.00572264706715941
1084, 0.00617175099129478
1085, 0.00638139178045094
1086, 0.00557521094257633
1087, 0.00612756346041958
1088, 0.00582372987022003
1089, 0.00558033538982272
1090, 0.00552966810452441
1091, 0.00572937129375835
1092, 0.00548897664994001
1093, 0.00564421464999517
1094, 0.00601298687979579
1095, 0.00600683114801844
1096, 0.00601955705011884
1097, 0.00602788136651119
1098, 0.0059985953848809
1099, 0.0060387432264785
1100, 0.00605259540801247
1101, 0.00606956798583269
1102, 0.00608937217233082
1103, 0.00611111304412286
1104, 0.00613316761640211
1105, 0.00598383159376681
1106, 0.00595868619469305
1107, 0.00608576188928315
1108, 0.00615304925789436
1109, 0.00616793202546736
1110, 0.00611065685128172
1111, 0.00625940637352566
1112, 0.00619058598143359
1113, 0.00634046480990946
1114, 0.00644908884229759
1115, 0.00651665722640852
1116, 0.0057411613718917
1117, 0.00569499509098629
1118, 0.0058411144806693
1119, 0.00550504773855209
1120, 0.00564003689214587
1121, 0.00585367771176
1122, 0.00586361368186772
1123, 0.00587422850852211
1124, 0.0058895517916729
1125, 0.00591423610846202
1126, 0.00609952040637533
1127, 0.00577137355382244
1128, 0.00595322848918537
1129, 0.00601238602151473
1130, 0.00622466703255971
1131, 0.00563358880269031
1132, 0.00617635281135639
1133, 0.00563543142440418
1134, 0.0063860184357812
1135, 0.00558577750676445
1136, 0.00576615372362236
1137, 0.00569551608835657
1138, 0.00599532597698271
1139, 0.00600712218632301
1140, 0.00598070568715533
1141, 0.00601822456034521
1142, 0.0060302532898883
1143, 0.00604462530463934
1144, 0.00606231243970494
1145, 0.00608400829757253
1146, 0.00610975944437087
1147, 0.00595769728533924
1148, 0.00613848523547252
1149, 0.00592676651043196
1150, 0.00614144867286086
1151, 0.00616795825771987
1152, 0.00619463444066544
1153, 0.00617633567058614
1154, 0.00586397007906011
1155, 0.00654216688126326
1156, 0.00592790562659502
1157, 0.00629290299756186
1158, 0.00637449611288806
1159, 0.0057953354747345
1160, 0.00637230037578515
1161, 0.00575557071715593
1162, 0.00568776597668018
1163, 0.0058920100176086
1164, 0.00590673717670143
1165, 0.00592169732165833
1166, 0.00594045881492396
1167, 0.00596726383082569
1168, 0.00600636346886555
1169, 0.00582284643314779
1170, 0.00606140960007906
1171, 0.00613647000864148
1172, 0.00624016035969059
1173, 0.0056822559175392
1174, 0.00621573789976537
1175, 0.0058006305868427
1176, 0.00573651112305621
1177, 0.00596121807272236
1178, 0.00598107270585994
1179, 0.00599715687955419
1180, 0.00601162497575084
1181, 0.00602693894567589
1182, 0.00593610806390643
1183, 0.00604478386230767
1184, 0.00606683571822941
1185, 0.00609449863744279
1186, 0.005889652696039
1187, 0.00612804953319331
1188, 0.00616592704318464
1189, 0.00620481713364522
1190, 0.00622931402176619
1191, 0.00632465202361345
1192, 0.00635487832395094
1193, 0.00585095452455183
1194, 0.00581713781381647
1195, 0.00576988134222726
1196, 0.00593972314770023
1197, 0.00595680011125902
1198, 0.00597655835251013
1199, 0.00600254799549778
1200, 0.00603872987752159
1201, 0.00587444356642663
1202, 0.00608758387776713
1203, 0.00614989052216212
1204, 0.00622464312861363
1205, 0.00624083106716474
1206, 0.00582327243561546
1207, 0.00576898548752069
1208, 0.0059438565125068
1209, 0.00596577006702622
1210, 0.00591441647460063
1211, 0.00598344237854083
1212, 0.00600002729333937
1213, 0.00601768090079228
1214, 0.00603872343587379
1215, 0.00606553683367868
1216, 0.00610012863762677
1217, 0.00614286672013501
1218, 0.0061915754340589
1219, 0.00627229541229705
1220, 0.00629124068655074
1221, 0.00623439596965909
1222, 0.0059016642626375
1223, 0.00587393871198098
1224, 0.00583480570154885
1225, 0.00630367984995246
1226, 0.00572218792513013
1227, 0.00592226806717614
1228, 0.00624234539767106
1229, 0.00584706983395985
1230, 0.00589404309478899
1231, 0.00588706638664007
1232, 0.00585614005103707
1233, 0.00628220833217104
1234, 0.0057871944271028
1235, 0.00621323450468481
1236, 0.00615147578840454
1237, 0.006098882916073
1238, 0.00592387126137813
1239, 0.00605697580613196
1240, 0.00594628773008784
1241, 0.0060253090535601
1242, 0.00596460203329722
1243, 0.00600145912418763
1244, 0.00598222482949495
