1, 0.0134860021062195
2, 0.0321231329192718
3, 0.0034239396918565
4, 0.00973205361515284
5, 0.0158124528825283
6, 0.0236105397343636
7, 0.00438934052363038
8, 0.00166553980670869
9, 0.0340594202280045
10, 0.0120649454183877
11, 0.0153628503903747
12, 0.0254604835063219
13, 0.0139007928914257
14, 0.0143991084769368
15, 0.0147168049588799
16, 0.0149412099272013
17, 0.01508113850529
18, 0.0151553498581052
19, 0.0151824850278596
20, 0.0151771400123835
21, 0.0151540947457155
22, 0.0151287000626326
23, 0.0151188938568036
24, 0.0151489108490447
25, 0.0152573945621649
26, 0.0155132833557824
27, 0.0160474581643939
28, 0.0171162125964959
29, 0.0193376441796621
30, 0.0252979422609011
31, 0.0275613982230425
32, 0.0230645773311456
33, 0.0152923200900356
34, 0.00812329491600394
35, 0.00420298070336382
36, 0.00250356108881533
37, 0.00234214499748001
38, 0.00288769187560926
39, 0.004325585362191
40, 0.0056640279168884
41, 0.00676291133277118
42, 0.00762662795993189
43, 0.00829135735208789
44, 0.00879721731568376
45, 0.00917574701209863
46, 0.00944820946703354
47, 0.00963244105999668
48, 0.00973820954095572
49, 0.00983539192626874
50, 0.0101028106485804
51, 0.0105064520612359
52, 0.0109970268482963
53, 0.0115390382707119
54, 0.0121026976654927
55, 0.0126582011580467
56, 0.0131817686681946
57, 0.0136555690939228
58, 0.0140690396850308
59, 0.014417544628183
60, 0.0147011379400889
61, 0.0149235315620899
62, 0.0150912022218108
63, 0.0152123936762412
64, 0.0152963390573859
65, 0.0153526837627093
66, 0.015391337685287
67, 0.0154226015632351
68, 0.0154566935574015
69, 0.0155043688913186
70, 0.0155810937285423
71, 0.0157102712740501
72, 0.0157440891489387
73, 0.0157345402985811
74, 0.0156648199384411
75, 0.0155733140806357
76, 0.015457872611781
77, 0.0153187892089287
78, 0.0151585952068369
79, 0.0149806393310428
80, 0.0147892748937011
81, 0.014590163094302
82, 0.014389634753267
83, 0.0141953602433205
84, 0.0140148590629299
85, 0.0138568440452218
86, 0.0137214365725716
87, 0.0137277885805815
88, 0.0136307962238789
89, 0.0136845037341118
90, 0.0138096660375595
91, 0.0140127850075563
92, 0.0143209714442492
93, 0.0147767163192232
94, 0.0154641571765145
95, 0.0165588539093733
96, 0.0186004905651013
97, 0.0202438244596124
98, 0.0197750472774108
99, 0.0160160949453712
100, 0.0148339861383041
101, 0.0142682030176123
102, 0.0139766400679946
103, 0.0138176133235296
104, 0.0137347510705392
105, 0.013695592371126
106, 0.0136793702840805
107, 0.0136689242596428
108, 0.0136462450027466
109, 0.0135902184993029
110, 0.0134745873510838
111, 0.0132667099436124
112, 0.0129273378600677
113, 0.0124143315479159
114, 0.0116935564825932
115, 0.0107482575501005
116, 0.00959207396954298
117, 0.00828022339070837
118, 0.00691388516376416
119, 0.00562782756363352
120, 0.00472006620839238
121, 0.00406002963427454
122, 0.00312040808300177
123, 0.00230315933004022
124, 0.00135979514258603
125, 0.000952774280449376
126, 0.00130150039331056
127, 0.00302574154920876
128, 0.0066132879195114
129, 0.0131525291750828
130, 0.0216519925743341
131, 0.029124574114879
132, 0.0257837433988849
133, 0.0195144728447
134, 0.0171986101195216
135, 0.016106553375721
136, 0.0154833546839654
137, 0.0150232434583207
138, 0.0145624672683577
139, 0.0140158116507034
140, 0.0130242751911283
141, 0.0122752686341604
142, 0.0123345473160346
143, 0.0126273880402247
144, 0.0130435054500898
145, 0.0135220028460026
146, 0.0139994624381264
147, 0.0144274774938822
148, 0.0147772558654348
149, 0.0150375412777066
150, 0.0152106195067366
151, 0.0153089535112182
152, 0.0153494365513325
153, 0.0153497296075026
154, 0.0153319106126825
155, 0.0153146296118697
156, 0.0152488730382174
157, 0.0151415020227432
158, 0.0147762556249897
159, 0.0144110815599561
160, 0.014035776257515
161, 0.0136365334813794
162, 0.013204543851316
163, 0.012738243676722
164, 0.0122434940810005
165, 0.01173377999415
166, 0.0112271796291073
167, 0.0107454406097531
168, 0.0103176062305768
169, 0.0099810715764761
170, 0.00978703113893668
171, 0.00255681772250682
172, 0.00429297432613869
173, 0.0082077158925434
174, 0.0156828509643674
175, 0.023849223429958
176, 0.0313678023715814
177, 0.0270344172604382
178, 0.0211249428490798
179, 0.012966555232803
180, 0.00626083075379332
181, 0.00277798754783968
182, 0.00121400182251818
183, 0.00455497950315475
184, 0.005240464117378
185, 0.00639367786546548
186, 0.00770936735595266
187, 0.00906278751790524
188, 0.0103394646818439
189, 0.0114571287607153
190, 0.0123947930211822
191, 0.0131829231977463
192, 0.0138865935926636
193, 0.0146029107272625
194, 0.0154774310067296
195, 0.0167261200646559
196, 0.0206886329688132
197, 0.0225167988489072
198, 0.0203286819159985
199, 0.0184907956669728
200, 0.0172461774200201
201, 0.0162644858161608
202, 0.0153860310092568
203, 0.0145672559738159
204, 0.0138153312727809
205, 0.0131485800569256
206, 0.0126538444310427
207, 0.0141560460130374
208, 0.0177313987431782
209, 0.00731671838245044
210, 0.00436414778232574
211, 0.0150909254637857
212, 0.0151530012177924
213, 0.0151761911499004
214, 0.0151742134864132
215, 0.0151615096256137
216, 0.015154540228347
217, 0.0151739348657429
218, 0.0152504957901935
219, 0.0154356386822959
220, 0.015820668078959
221, 0.0165808418144782
222, 0.0180792808532715
223, 0.0212238943204284
224, 0.0119304435017208
225, 0.0214248265006713
226, 0.0074650226936986
227, 0.0065704727700601
228, 0.00546674422609309
229, 0.00424806874555846
230, 0.00276166710924978
231, 0.015622715310504
232, 0.0154744816633562
233, 0.0154369810285668
234, 0.0154073371862372
235, 0.015375396857659
236, 0.0153309625263015
237, 0.0152639901886384
238, 0.0151647813618183
239, 0.0150237556857367
240, 0.0148319743263225
241, 0.0145817521649102
242, 0.0142675451934338
243, 0.0138871050439775
244, 0.0134422572640081
245, 0.0129400338046253
246, 0.0123937494742374
247, 0.0118242525495589
248, 0.0112583468047281
249, 0.0107306378583113
250, 0.0102675484182934
251, 0.00992700628315409
252, 0.0140259843319654
253, 0.0141313392668962
254, 0.014268533171465
255, 0.0144241442903876
256, 0.0145899445439378
257, 0.0147591554559767
258, 0.014925529093792
259, 0.015083752417316
260, 0.0152290351688862
261, 0.0153578103830417
262, 0.0154673865375419
263, 0.0155568012657265
264, 0.0156237664632499
265, 0.00816564440416793
266, 0.00912244074667493
267, 0.00870700304706891
268, 0.00780239522767564
269, 0.00627764655898015
270, 0.00974858272820711
271, 0.00708666591284176
272, 0.00943679347013434
273, 0.00964128598570824
274, 0.0155322275434931
275, 0.0153949251398444
276, 0.0104475767972569
277, 0.0115403357582788
278, 0.0144788169612487
279, 0.0152385680315395
280, 0.0137232914566994
281, 0.0149680087342858
282, 0.0127116246148944
283, 0.0121353630286952
284, 0.0154461679048836
285, 0.015419190749526
286, 0.0153632390623291
287, 0.0153142649990817
288, 0.0151263393151263
289, 0.0147546849523981
290, 0.0141353756189346
291, 0.0132458143246671
292, 0.0109599760423104
293, 0.015746789984405
294, 0.0151733540308972
295, 0.0151987268278996
296, 0.0172173303241531
297, 0.0152434877430399
298, 0.015312095793585
299, 0.0149770903711518
300, 0.0151191968470812
301, 0.014792886407425
302, 0.016271723434329
303, 0.0152082565861444
304, 0.0152171092728774
305, 0.015460103439788
306, 0.0154509294467668
307, 0.0145491254515946
308, 0.0147990244440734
309, 0.0150553959732254
310, 0.0152814268755416
311, 0.0139243558049202
312, 0.0143567935253183
313, 0.0144412503577769
314, 0.0149288778193295
315, 0.0146706619610389
316, 0.0151741541922092
317, 0.0153746151675781
318, 0.0155147584155202
319, 0.00996950428400721
320, 0.0143235474824905
321, 0.00888975647588571
322, 0.00981039150307576
323, 0.00927941920235753
324, 0.00958947526911894
325, 0.00830888166092336
326, 0.00866752925018469
327, 0.00840189967614909
328, 0.0149290192251404
329, 0.015101934162279
330, 0.0152245187200606
331, 0.0153066112349431
332, 0.0153580683593949
333, 0.0153886528375248
334, 0.0154069261625409
335, 0.014696411943684
336, 0.0154225188307464
337, 0.0143961063586175
338, 0.0112269866901139
339, 0.0106109937963386
340, 0.012486358328412
341, 0.0118652360203365
342, 0.0130621062902113
343, 0.014022980351001
344, 0.0135770769168933
345, 0.0154852705697219
346, 0.0190099664032459
347, 0.0148745733313262
348, 0.0145210243451099
349, 0.0154025143322845
350, 0.0153280372420947
351, 0.0152857961754004
352, 0.0152549648967882
353, 0.015537276553611
354, 0.0167862577363849
355, 0.016161924538513
356, 0.0157714664625625
357, 0.0152198770083487
358, 0.0151666325206558
359, 0.015023797750473
360, 0.0155573911698801
361, 0.014868781901896
362, 0.0147731740338107
363, 0.0146853344825407
364, 0.0146126956678927
365, 0.015325548282514
366, 0.0149684490946432
367, 0.0153899777991076
368, 0.0152490969436864
369, 0.0151621464950343
370, 0.0154367483087948
371, 0.0150675610639155
372, 0.00588257770453181
373, 0.00938379035020868
374, 0.00967688051362832
375, 0.0101750047345247
376, 0.00993150006979704
377, 0.0100926561281085
378, 0.0101719491183758
379, 0.0134464846923947
380, 0.012884135513256
381, 0.0115557179475824
382, 0.0154075301252306
383, 0.0154029713012278
384, 0.0153904479617874
385, 0.0153632167105873
386, 0.0153115576443573
387, 0.0152258509770036
388, 0.0150959252690276
389, 0.0122514432296157
390, 0.010870274156332
391, 0.0146612864919007
392, 0.0149112393458684
393, 0.0139309397588174
394, 0.0143365369488796
395, 0.00904510729014874
396, 0.0154464713608225
397, 0.0154822444543242
398, 0.0177533375099301
399, 0.0152340750209987
400, 0.0152927037949363
401, 0.015085241291672
402, 0.0165907715757688
403, 0.0153455400529007
404, 0.0161362004776796
405, 0.0154054857169588
406, 0.0154895942347745
407, 0.0156199318977694
408, 0.0158245073010524
409, 0.014968556817621
410, 0.0146636761104067
411, 0.0145522382110357
412, 0.0153106466556589
413, 0.0152497625288864
414, 0.0151816901440422
415, 0.0149545672660073
416, 0.0148855381024381
417, 0.0148210076925655
418, 0.0153597043827176
419, 0.0153970006853342
420, 0.015107903474321
421, 0.0150308031588793
422, 0.0156763603910804
423, 0.0120441531762481
424, 0.0154655696824193
425, 0.0085230388212949
426, 0.0147795482937779
427, 0.00951633043587208
428, 0.0101878244119386
429, 0.0103000169619918
430, 0.0104225433121125
431, 0.0104813246056437
432, 0.013330419237415
433, 0.0119966335284213
434, 0.0111369853839278
435, 0.0127027391766508
436, 0.0154017649280528
437, 0.0154071926760177
438, 0.0154033900859455
439, 0.0153812219699224
440, 0.0153319709934294
441, 0.0152458637021482
442, 0.0151122161187232
443, 0.0149187883362174
444, 0.0138584893817703
445, 0.0146530284546316
446, 0.0143022552753488
447, 0.0154138904375335
448, 0.010280151452337
449, 0.0101019522796075
450, 0.0185942444950342
451, 0.0171933096523086
452, 0.0153186976288756
453, 0.0151565088890493
454, 0.0153893612635632
455, 0.0154634108766913
456, 0.0155548729623357
457, 0.0164501533533136
458, 0.0161124629278978
459, 0.0156800554444393
460, 0.0158588690683246
461, 0.015050559459875
462, 0.0152754923328757
463, 0.0153212314471602
464, 0.0153576660280426
465, 0.0150456634971003
466, 0.0152236263578137
467, 0.0150056666295443
468, 0.0153888273718102
469, 0.0151040693745017
470, 0.0151658047301074
471, 0.0149330651387572
472, 0.00783329913392663
473, 0.0112613807432353
474, 0.011139202862978
475, 0.011094714825352
476, 0.0154285806541642
477, 0.0154234116586546
478, 0.0132258644637962
479, 0.0154135557822883
480, 0.0153695995298525
481, 0.0138003071770072
482, 0.0154040406147639
483, 0.0152875821416577
484, 0.0124771324917674
485, 0.0151542563301822
486, 0.0149550305989881
487, 0.0142926806584001
488, 0.0146740676524738
489, 0.0114931740487615
490, 0.0119378892704844
491, 0.0177166530241569
492, 0.0168599343548218
493, 0.0154151663494607
494, 0.0152399968355894
495, 0.0154977147467434
496, 0.0155914879093568
497, 0.0163091405605276
498, 0.0157079144070546
499, 0.0151436808519065
500, 0.0160585319002469
501, 0.01585952937603
502, 0.015349763755997
503, 0.015377317954387
504, 0.0153183710450927
505, 0.0153850575909019
506, 0.0151215774938464
507, 0.0152789239461223
508, 0.015176016682138
509, 0.0152312310722967
510, 0.0121197633755704
511, 0.0124910986050963
512, 0.015450940001756
513, 0.0154664083383977
514, 0.0154206990264356
515, 0.0154598760418594
516, 0.0154264580147962
517, 0.0153530966490507
518, 0.0137261551183959
519, 0.0131561631336808
520, 0.0142947112520536
521, 0.0152241275645792
522, 0.0147206215187907
523, 0.0150202373042703
524, 0.0176793573690312
525, 0.0128712984733284
526, 0.0130083129430811
527, 0.0171864811951915
528, 0.0165720873822769
529, 0.0153354159556329
530, 0.0155084266637762
531, 0.0156003201069931
532, 0.0157048295562466
533, 0.0161498275895913
534, 0.0158294020220637
535, 0.0159790829444925
536, 0.0153910506827136
537, 0.0153712428485354
538, 0.0152379133339439
539, 0.0153394203322629
540, 0.0152943545641998
541, 0.0118824257515371
542, 0.01169144064188
543, 0.0165802774950862
544, 0.0131648314806322
545, 0.0154879274778068
546, 0.0155133342680832
547, 0.0155223674761752
548, 0.0155032343852023
549, 0.0135892288138469
550, 0.0142843408199648
551, 0.0154434180197616
552, 0.0147871354905268
553, 0.0151121369563043
554, 0.0153227622310321
555, 0.013728409850349
556, 0.0137509776589771
557, 0.0192747307009995
558, 0.0163284406686823
559, 0.0167634580284357
560, 0.015420945516477
561, 0.0155861225600044
562, 0.0156771776576837
563, 0.0157765541225672
564, 0.0159935175130765
565, 0.0158847604567806
566, 0.0154412232028941
567, 0.0154333317962786
568, 0.0154065392645342
569, 0.0154428673642022
570, 0.0153969580307603
571, 0.0146752183015148
572, 0.0155298542231321
573, 0.0142425276072962
574, 0.0155739203716318
575, 0.0155992888224622
576, 0.0155994865732888
577, 0.0148675688542426
578, 0.0152288729635378
579, 0.0155593894111613
580, 0.0154525299246112
581, 0.0127289174124599
582, 0.0171856846039494
583, 0.0143734362597267
584, 0.0147607647813857
585, 0.01669750486811
586, 0.0160767131795486
587, 0.0164280800769726
588, 0.0155010103868941
589, 0.0156330871395767
590, 0.0157104918422798
591, 0.0157847115769982
592, 0.0158469816669822
593, 0.0155085111036897
594, 0.0154830722138286
595, 0.0153433742001653
596, 0.0117633774876595
597, 0.0138090945159396
598, 0.0158899610063859
599, 0.0155823822133243
600, 0.0156408852587144
601, 0.015687677077949
602, 0.0157145120513936
603, 0.0153708659733335
604, 0.0156193356961012
605, 0.0157029149122536
606, 0.0154876314103603
607, 0.0147628802806139
608, 0.0151368759882947
609, 0.0161781281765018
610, 0.0158748853330811
611, 0.0161012538398306
612, 0.0150000035762787
613, 0.0154557211014132
614, 0.0158915225416422
615, 0.015821461721013
616, 0.0160052366554737
617, 0.0155671189672181
618, 0.011898182798177
619, 0.015553978116562
620, 0.015522545358787
621, 0.0149700265998642
622, 0.0145763802962999
623, 0.0142991957254708
624, 0.0141228193727632
625, 0.0139916497282684
626, 0.0138890527499219
627, 0.0139538540194432
628, 0.014084143564105
629, 0.0143248164094985
630, 0.0147558210107187
631, 0.0156130253647765
632, 0.0173311180745562
633, 0.00488195680857946
634, 0.00611786365819474
635, 0.00761758846541246
636, 0.00909774533162514
637, 0.0104351402260363
638, 0.0115457416201631
639, 0.0124000747067233
640, 0.0130095415127774
641, 0.0134098896135887
642, 0.0136512961859504
643, 0.013781508586059
644, 0.0138399082546433
645, 0.0138577101752162
646, 0.0138591726620992
647, 0.0138639143357674
648, 0.0030660676129628
649, 0.0166157089794676
650, 0.0220834715291858
651, 0.0108200816127161
652, 0.00611633807420731
653, 0.0151755080247919
654, 0.0152064668945968
655, 0.0151975313201547
656, 0.015148108980308
657, 0.0151256079164644
658, 0.0153676546178758
659, 0.0157308108173311
660, 0.0164531205470363
661, 0.0149156384480496
662, 0.0150842244426409
663, 0.0152105125598609
664, 0.0151802953332663
665, 0.0151325619469086
666, 0.0177970180908839
667, 0.00332286045886576
668, 0.0025522803577284
669, 0.0015150409793326
670, 0.0162631763766209
671, 0.0146533845302959
672, 0.0152034658628205
673, 0.0156094486204286
674, 0.0172139561424653
675, 0.0148881746766468
676, 0.0184299629181623
677, 0.0143821203770737
678, 0.0149564753907422
679, 0.00685458304360509
680, 0.0126228852507969
681, 0.0142171657644212
682, 0.0142026228519777
683, 0.0138152451254427
684, 0.0142412097193301
685, 0.0142076887811224
686, 0.0102182716752092
687, 0.0140762408263981
688, 0.0115814111195505
689, 0.0142216267995536
690, 0.0142446050109963
691, 0.0155754419974983
692, 0.0142679315370818
693, 0.0145910580952962
694, 0.00495397026783654
695, 0.00859807183345159
696, 0.0133543607468406
697, 0.0255510800828536
698, 0.0146392374299467
699, 0.0152513848928114
700, 0.0155993091563384
701, 0.0150993224233389
702, 0.0143203025683761
703, 0.0152239548042417
704, 0.0151649213706454
705, 0.0170816564932466
706, 0.0152111252148946
707, 0.0152087155729532
708, 0.0151651091873646
709, 0.0153371379710734
710, 0.0161063143362602
711, 0.0152530415604512
712, 0.0151902032084763
713, 0.00380233661271632
714, 0.00478382451858904
715, 0.00397485492673392
716, 0.0145304373332432
717, 0.0168301891535521
718, 0.0182429143848519
719, 0.00675300299189985
720, 0.0152722273820213
721, 0.0111838279158941
722, 0.0200511006017526
723, 0.0148688290268183
724, 0.0166034735739231
725, 0.015572862389187
726, 0.0152935618534684
727, 0.0150630113979181
728, 0.0160740095501145
729, 0.0145201710984111
730, 0.0145269927258293
731, 0.0145584833808243
732, 0.0145544204860926
733, 0.0145969294632475
734, 0.0146186100319028
735, 0.014589273215582
736, 0.0144633315503597
737, 0.014179243085285
738, 0.0136471850176652
739, 0.0127674393976728
740, 0.0115127203365167
741, 0.00983678565050165
742, 0.0151083405750493
743, 0.0146471379945676
744, 0.0155869744097193
745, 0.0148220953221122
746, 0.00790014187805355
747, 0.00609853444620967
748, 0.0161726869642735
749, 0.0149020912746588
750, 0.0152703219403823
751, 0.0152343365674218
752, 0.0153019518281023
753, 0.0152091885296007
754, 0.0152085921727121
755, 0.0152479936368763
756, 0.0153504996560514
757, 0.0155513623418907
758, 0.0165298736343781
759, 0.0159109135468801
760, 0.0153065275711318
761, 0.0152608367304007
762, 0.00674547581002116
763, 0.00692638764157891
764, 0.0151415117351072
765, 0.0160062408873013
766, 0.0155330938287079
767, 0.0153250175838669
768, 0.015864378772676
769, 0.00910949733640466
770, 0.0152283796730141
771, 0.0113718590388695
772, 0.0128729374458392
773, 0.014534726118048
774, 0.0139312827959657
775, 0.014829534261177
776, 0.0149456192739308
777, 0.0149557009960214
778, 0.0149128579845031
779, 0.0148550602607429
780, 0.0148064990838369
781, 0.014799446798861
782, 0.0147835325139264
783, 0.0155402335027854
784, 0.0150040729592244
785, 0.0148678069623808
786, 0.0176594675119434
787, 0.0161563741664092
788, 0.0153538219941159
789, 0.0152331958524883
790, 0.0152354052600761
791, 0.015264217586567
792, 0.0152681632898748
793, 0.0153091388444106
794, 0.0157634198355178
795, 0.0155085485118131
796, 0.0153760123066604
797, 0.0153565725001196
798, 0.00965807664518555
799, 0.0154638746753335
800, 0.0111906019970775
801, 0.0156733570620418
802, 0.0128978557574252
803, 0.0155468551175935
804, 0.0142367440275848
805, 0.0149246730531255
806, 0.0152055220678449
807, 0.0152648466949662
808, 0.0151871174263457
809, 0.0151043051543335
810, 0.0150370481424034
811, 0.0149982552975416
812, 0.015293325142314
813, 0.0149965941285094
814, 0.0152969001792371
815, 0.0150400803734859
816, 0.0151368606214722
817, 0.0153470890596509
818, 0.0169813664009174
819, 0.0183931097388268
820, 0.0152150252833962
821, 0.015312926688542
822, 0.0152427357000609
823, 0.0152240080448488
824, 0.0154307514118652
825, 0.0158429918810725
826, 0.0156062701717019
827, 0.0152647083935638
828, 0.0153306567420562
829, 0.0154079822823405
830, 0.0124875850354632
831, 0.0204409953827659
832, 0.0157776717096567
833, 0.0146208752744964
834, 0.0153493179629246
835, 0.0156152274770041
836, 0.015418189112097
837, 0.0152982807097336
838, 0.0152084476624926
839, 0.0151539364208778
840, 0.0155563930359979
841, 0.0156477062652508
842, 0.0151371574029326
843, 0.0154659507485727
844, 0.0151600406194727
845, 0.0155791165307164
846, 0.015325923760732
847, 0.0152232389276226
848, 0.0166294976536717
849, 0.0160329798236489
850, 0.0143497876822948
851, 0.0155287403613329
852, 0.0160286794416606
853, 0.016028274782002
854, 0.00984038878232241
855, 0.0109797686648866
856, 0.01148449551935
857, 0.0120000075548887
858, 0.0125077132446071
859, 0.0129903758255144
860, 0.0134392087347806
861, 0.013853073430558
862, 0.0142358622203271
863, 0.0146029481353859
864, 0.0149484910070896
865, 0.00744147528894246
866, 0.00548089994117618
867, 0.00420442712493241
868, 0.00958801573142409
869, 0.00813577238780757
870, 0.00656476352984707
871, 0.00276027268652494
872, 0.00768127214784424
873, 0.0125783083494753
874, 0.0183365871198475
875, 0.00438350365341951
876, 0.0151154934428632
877, 0.0150204501114786
878, 0.0143393026664853
879, 0.0139934985587994
880, 0.0132895417821904
881, 0.0130467585598429
882, 0.015166309196502
883, 0.0151598821394145
884, 0.0148620701705416
885, 0.0146339625741045
886, 0.0136282580594222
887, 0.0129299975621204
888, 0.0156722826262315
889, 0.016472019876043
890, 0.0179029451683164
891, 0.0146831395104527
892, 0.010510814220955
893, 0.0101119958174725
894, 0.0112423199849824
895, 0.0117686771166821
896, 0.0132634863257408
897, 0.0127978017553687
898, 0.0122955551681419
899, 0.0144362403079867
900, 0.0140817350087066
901, 0.0136906841459374
902, 0.0093790921382606
903, 0.0090799160922567
904, 0.00867299875244498
905, 0.00834959155569474
906, 0.00776770734228194
907, 0.00627444063623746
908, 0.00707210398589571
909, 0.0223398795351386
910, 0.0151491022358338
911, 0.0144585240632296
912, 0.0149427520421644
913, 0.0149337807670236
914, 0.0151311862282455
915, 0.0148880061072608
916, 0.0146510587073863
917, 0.0142316844624778
918, 0.0151434414088726
919, 0.0139965993973116
920, 0.0138035234995186
921, 0.0149261383339763
922, 0.0147953860772153
923, 0.0151467455240587
924, 0.0141579111417135
925, 0.0213111272702614
926, 0.0171072759355108
927, 0.0136051895096898
928, 0.016083521147569
929, 0.0148224267842514
930, 0.00846749800257385
931, 0.0167306630561749
932, 0.013120641266661
933, 0.013765275478363
934, 0.00541704256708423
935, 0.00970164407044649
936, 0.00985464666570936
937, 0.014602735824883
938, 0.0115427188575268
939, 0.0126263702598711
940, 0.0120973535813391
941, 0.0131138561603924
942, 0.0135557924707731
943, 0.0139569916451971
944, 0.0143213155679405
945, 0.0107230598417421
946, 0.00968986796215177
947, 0.00919784776245554
948, 0.00900717545300722
949, 0.00869993570571144
950, 0.00843648853090902
951, 0.00882341464360555
952, 0.00948072628428539
953, 0.0148886785221597
954, 0.014895931041489
955, 0.0148826239941021
956, 0.0148206950786213
957, 0.0143837827878694
958, 0.0145621892685692
959, 0.0148698304158946
960, 0.0147114948680003
961, 0.0148162489446501
962, 0.0147488629445434
963, 0.0148572906230887
964, 0.0154371118793885
965, 0.018910074296097
966, 0.0144348503090441
967, 0.0166610876719157
968, 0.0149287216675778
969, 0.0142204247415066
970, 0.0102600981481373
971, 0.0083374814906468
972, 0.0190109849597017
973, 0.0145714929593461
974, 0.0104066871904901
975, 0.0147631371925984
976, 0.0138657971595724
977, 0.0119064063765109
978, 0.0134525482232372
979, 0.0142162879928946
980, 0.0129909887909889
981, 0.0124742596720656
982, 0.011004836919407
983, 0.0102061051875353
984, 0.00956205868472656
985, 0.0100956171130141
986, 0.00992502411827445
987, 0.00977883907034993
988, 0.00930128867427508
989, 0.014672773424536
990, 0.0150894182734191
991, 0.0150997173041105
992, 0.0150193174680074
993, 0.0146366607708236
994, 0.014923047584792
995, 0.0150521101119618
996, 0.0149078529017667
997, 0.0147756674947838
998, 0.0158850861092408
999, 0.0176928856720527
1000, 0.0178286119674643
1001, 0.0153173225310942
1002, 0.0106041201700767
1003, 0.0115291645439963
1004, 0.0107812026515603
1005, 0.0120196742936969
1006, 0.00999742485582828
1007, 0.0137927494943142
1008, 0.014193315724177
1009, 0.0133808756557604
1010, 0.0123355202376842
1011, 0.0128990250329177
1012, 0.0101798378552
1013, 0.0114740844195088
1014, 0.0102747692726552
1015, 0.0103365906203787
1016, 0.0112923147777716
1017, 0.0101115039239327
1018, 0.014513395105799
1019, 0.0180234002570311
1020, 0.0144361585378647
1021, 0.0153915310899417
1022, 0.0154762393794954
1023, 0.0152362305670977
1024, 0.0154793819944773
1025, 0.0150273130275309
1026, 0.0145748713985085
1027, 0.0148007816945513
1028, 0.0171947119136651
1029, 0.0163807499532898
1030, 0.015713673705856
1031, 0.0152368815615773
1032, 0.0144619476050138
1033, 0.0129183628596365
1034, 0.0109568063967994
1035, 0.0140868160873652
1036, 0.0137981524070104
1037, 0.0110068985571464
1038, 0.013356886493663
1039, 0.0128374504856765
1040, 0.0109282078531881
1041, 0.0117119094356894
1042, 0.0111739438337584
1043, 0.0129773990872006
1044, 0.0143697162469228
1045, 0.0173722278947632
1046, 0.01633972954005
1047, 0.0155221913009882
1048, 0.0157643011771142
1049, 0.0158431135118008
1050, 0.0152108846232295
1051, 0.0148753463290632
1052, 0.0145453764125705
1053, 0.0167502742260695
1054, 0.0189725570380688
1055, 0.0142268525170428
1056, 0.0160982051864266
1057, 0.0114651277661324
1058, 0.013767072930932
1059, 0.0119474294284979
1060, 0.0138308801688254
1061, 0.0133376681866745
1062, 0.0116750099696219
1063, 0.0123455848855277
1064, 0.0121765143371054
1065, 0.0169679100314776
1066, 0.0161021733656526
1067, 0.0158697630589207
1068, 0.0162471306643316
1069, 0.0154352557534973
1070, 0.0149836641115447
1071, 0.0145454979501665
1072, 0.0161736780511481
1073, 0.0129059686635931
1074, 0.0134662285757562
1075, 0.0124646833476921
1076, 0.0139522328972816
1077, 0.0141848400235176
1078, 0.0148940910585225
1079, 0.0167759178827206
1080, 0.0161564964801073
1081, 0.0156545091109971
1082, 0.015070826591303
1083, 0.0145002875166635
1084, 0.0142415283247828
1085, 0.0137856526610752
1086, 0.0143955266103148
1087, 0.0132270948961377
1088, 0.0128096716478467
1089, 0.0151293465557198
1090, 0.0150841201345126
1091, 0.0157403599470854
1092, 0.0280042368918657
1093, 0.0162862347705024
1094, 0.00283072871388867
1095, 0.0055991584667936
1096, 0.0150290268162886
1097, 0.0154647946668168
1098, 0.0159716202567021
1099, 0.0167635676140587
1100, 0.0182539168745279
1101, 0.021264661103487
1102, 0.0101070710613082
1103, 0.0207211465707847
1104, 0.00304146879352629
1105, 0.00217540306039155
1106, 0.00151766210495095
1107, 0.0165650312167903
1108, 0.0154125508852303
1109, 0.0146134194607536
1110, 0.013912378034244
1111, 0.0131771732121706
1112, 0.0123088305505613
1113, 0.0112440274097025
1114, 0.00996409651512901
1115, 0.00851928923899929
1116, 0.00703242017577092
1117, 0.00561945132600764
1118, 0.0045531535288319
1119, 0.0134604206929604
1120, 0.0140278828330338
1121, 0.016115748633941
1122, 0.0169467975695928
1123, 0.017872778698802
1124, 0.0188823323696852
1125, 0.0199003014713526
1126, 0.0153476996347308
1127, 0.0167458523064852
1128, 0.0146435873272518
1129, 0.0173746127014359
1130, 0.0179700944572687
1131, 0.00796535789656142
1132, 0.0112434240678946
1133, 0.0149659682065248
1134, 0.0166044045860569
1135, 0.0134974249328176
1136, 0.015704399595658
1137, 0.0142812624884148
1138, 0.0180844366550446
1139, 0.012506858445704
1140, 0.00969756999984384
1141, 0.00624802545644343
1142, 0.0174907930195332
1143, 0.0159852268795172
1144, 0.0145064496124784
1145, 0.0155487349256873
1146, 0.0165601000189781
1147, 0.0035928554367274
1148, 0.0039221804389464
1149, 0.0144850787307535
1150, 0.00445668485813907
1151, 0.0180532437350069
1152, 0.00542128970846534
1153, 0.0154996037793656
1154, 0.0173017513006926
1155, 0.0170142026618123
1156, 0.0149243818596005
1157, 0.0166830838258777
1158, 0.015872857067734
1159, 0.0137677127495408
1160, 0.012636984543254
1161, 0.015266599599272
1162, 0.0146098796588679
1163, 0.0111492994862298
1164, 0.00928688778852423
1165, 0.00718606341009339
1166, 0.016112390284737
1167, 0.017437082901597
1168, 0.0191917785753806
1169, 0.0151086474458377
1170, 0.0160867289329569
1171, 0.0170876768728097
1172, 0.016511191924413
1173, 0.00408469974839439
1174, 0.0061354609982421
1175, 0.0156335237746437
1176, 0.0161284369726976
1177, 0.0109744717677434
1178, 0.00860834292446574
1179, 0.0127421645447612
1180, 0.0149278370663524
1181, 0.0140277257499595
1182, 0.0155633307682971
1183, 0.0164736099541187
1184, 0.0160682050821682
1185, 0.0165996014450987
1186, 0.0151641830801964
1187, 0.0179009657974044
1188, 0.0157060621838485
1189, 0.0168721517547965
1190, 0.0165192848071456
1191, 0.00311588528566062
1192, 0.0139289986342192
1193, 0.0100869012530893
1194, 0.0138930970182021
1195, 0.00659451959654689
1196, 0.00726845867133566
1197, 0.0161561040828625
1198, 0.0165283791720867
1199, 0.0106367187884947
1200, 0.0128373540937901
1201, 0.0143234577650825
1202, 0.0152885608064632
1203, 0.0158821808484693
1204, 0.0162728916232785
1205, 0.0165956613740751
1206, 0.01676121323059
1207, 0.00465004215948284
1208, 0.0183269673337539
1209, 0.0172502472996712
1210, 0.0167221010973056
1211, 0.0101114561936508
1212, 0.0128641786674658
1213, 0.0166680335998535
1214, 0.0146664377922813
1215, 0.0157388560473919
1216, 0.016276568484803
1217, 0.0165129713714123
1218, 0.0168827225764592
1219, 0.0174086857587099
1220, 0.0165461921798331
1221, 0.0168313778315981
1222, 0.0162342809140682
1223, 0.014838424200813
1224, 0.0162866641767323
1225, 0.0167833743616939
1226, 0.0166215524077415
1227, 0.0167727313403572
1228, 0.0186527357436717
1229, 0.0126378063112497
