1, 0.0155979134142399
2, 0.0350066865794361
3, 0.00396466883830726
4, 0.0148398205637932
5, 0.0176526792347431
6, 0.0260281171649694
7, 0.0110788230473797
8, 0.00333262706408277
9, 0.0355869624763727
10, 0.0148277087137103
11, 0.0174251701682806
12, 0.0264673419296741
13, 0.0159700358552592
14, 0.0164296018580596
15, 0.0167297770579656
16, 0.0169510499884685
17, 0.0171019987513622
18, 0.0171966136743625
19, 0.0172491654132803
20, 0.0172742931172252
21, 0.0172884591544668
22, 0.0173125928267837
23, 0.0173774693782131
24, 0.0175359991068641
25, 0.0178934006641308
26, 0.0186777614677946
27, 0.0204918598756194
28, 0.0254269046708941
29, 0.0304011677702268
30, 0.0170209556818008
31, 0.00756388157606125
32, 0.00439372262917459
33, 0.00697540522863468
34, 0.00923767189184825
35, 0.0109205969298879
36, 0.0121081902955969
37, 0.0129484169495602
38, 0.0135494073232015
39, 0.0139830112457275
40, 0.0142968371510506
41, 0.0145234221902986
42, 0.0146818968156974
43, 0.0147858600442608
44, 0.014843461336568
45, 0.0149028673768044
46, 0.0150529978175958
47, 0.0152664066602786
48, 0.0155151834090551
49, 0.0157815826435884
50, 0.0160522926598787
51, 0.0163114226112763
52, 0.0165467783808708
53, 0.0167508025964101
54, 0.0169199171165625
55, 0.0170539350559314
56, 0.0171557528277238
57, 0.017230565349261
58, 0.0172852209458749
59, 0.0173273533582687
60, 0.0173657387495041
61, 0.0174090700844924
62, 0.0174629396448533
63, 0.01756029156968
64, 0.0176158752292395
65, 0.0175939711431662
66, 0.0175514214982589
67, 0.0174902994185686
68, 0.0174090197930733
69, 0.017306974157691
70, 0.0171842183917761
71, 0.0170416900267204
72, 0.0168816534181436
73, 0.0167076922953129
74, 0.0165251034001509
75, 0.0163406791786353
76, 0.0161626171320677
77, 0.015999440724651
78, 0.0158543332169453
79, 0.0158364290837198
80, 0.0157113888611396
81, 0.0157400211319327
82, 0.0158300846815109
83, 0.01597702379028
84, 0.0161926758786043
85, 0.0165033532927434
86, 0.0169444854060809
87, 0.0176036562770605
88, 0.0186711282779773
89, 0.0207657758146524
90, 0.0224973456934094
91, 0.0220080483704805
92, 0.0180647807816664
93, 0.0167461497088273
94, 0.0160813052207232
95, 0.0157096115872264
96, 0.0154749182984233
97, 0.0153061853100856
98, 0.0151641014963388
99, 0.0150217801953355
100, 0.0148562832425038
101, 0.0146463019773364
102, 0.014373315187792
103, 0.0140247037634254
104, 0.013596742413938
105, 0.0130988027279576
106, 0.0125594682370623
107, 0.0120269805192947
108, 0.0115623666594426
109, 0.0112349474802613
110, 0.010985367372632
111, 0.0108297246818741
112, 0.0105991062397758
113, 0.0102553601997594
114, 0.00967615998039643
115, 0.00877473596483469
116, 0.00738934070492784
117, 0.00542187481187284
118, 0.00321706543521335
119, 0.00685171216415862
120, 0.0162217933684587
121, 0.0296013429760933
122, 0.0259642464419206
123, 0.020924254010121
124, 0.0189142422750592
125, 0.0180155994991461
126, 0.0175625315556924
127, 0.0172826085860531
128, 0.017053903080523
129, 0.0168090586860975
130, 0.016497035510838
131, 0.0160491326823831
132, 0.0153572652488947
133, 0.015164282405749
134, 0.0152055372794469
135, 0.0155098342026273
136, 0.0158496160681049
137, 0.0161968544125557
138, 0.0165247358381748
139, 0.0168087935696046
140, 0.017035943766435
141, 0.0172029243161281
142, 0.0173142602046331
143, 0.0173794000099103
144, 0.0174079375962416
145, 0.017411295324564
146, 0.017403711254398
147, 0.0173968300223351
148, 0.0173638015985489
149, 0.0173066109418869
150, 0.0171135639150937
151, 0.0169230190416177
152, 0.0167292226105928
153, 0.0165249264488618
154, 0.016305207585295
155, 0.0160701411465804
156, 0.0158249059071143
157, 0.0155777422090371
158, 0.0153396505241593
159, 0.0151259737710158
160, 0.0149570253367225
161, 0.014863148642083
162, 0.00774262240156531
163, 0.0172379637757937
164, 0.0305973508705695
165, 0.029829171175758
166, 0.0160338034232457
167, 0.00668844114989042
168, 0.0111676105298102
169, 0.0115813231095672
170, 0.0120623984063665
171, 0.0126437426855167
172, 0.0132446953405937
173, 0.0138183645904064
174, 0.0143554272751013
175, 0.0148613477746646
176, 0.0153673952445388
177, 0.0159394399573406
178, 0.0166967368374268
179, 0.0178362522274256
180, 0.0217176680453122
181, 0.0234657594313224
182, 0.0212256753196319
183, 0.0194560742626588
184, 0.0183794188002745
185, 0.0176414158195257
186, 0.0170554562161366
187, 0.016539496059219
188, 0.0160694730778535
189, 0.0156464080015818
190, 0.0152806794891755
191, 0.0152054820209742
192, 0.0162240946665406
193, 0.0136790984044118
194, 0.00630679074674845
195, 0.0171376100430886
196, 0.0172231020405889
197, 0.0172779172038039
198, 0.0173167418688536
199, 0.0173578023289641
200, 0.0174264153465629
201, 0.0175631772726774
202, 0.0178406089544296
203, 0.0184023277834058
204, 0.0195383736863732
205, 0.0219615860842168
206, 0.0220686793327332
207, 0.0279596553494533
208, 0.0128294608245293
209, 0.0119740798448523
210, 0.0108086836213867
211, 0.00927002603809039
212, 0.00747010003154476
213, 0.0173850000525514
214, 0.0173472644140323
215, 0.017310050316155
216, 0.0172643288969994
217, 0.0172023357202609
218, 0.0171164724354943
219, 0.0170004939039548
220, 0.0168500222886602
221, 0.0166634029398362
222, 0.0164423994719982
223, 0.0161922617504994
224, 0.0159225302437941
225, 0.015647573551784
226, 0.0153849665075541
227, 0.015144245699048
228, 0.0149580614330868
229, 0.0161408158019185
230, 0.0162556127955516
231, 0.0163956452161074
232, 0.0165470000356436
233, 0.0167014418790738
234, 0.0168522090340654
235, 0.0169941034788887
236, 0.0171230984851718
237, 0.0172365807617704
238, 0.0173329195628564
239, 0.0174114598582188
240, 0.0174725859736403
241, 0.017515469652911
242, 0.017545606320103
243, 0.0174333297957977
244, 0.0163481682538986
245, 0.0173341510817409
246, 0.0170884672552347
247, 0.0152487258116404
248, 0.0157952628408869
249, 0.0160802425816655
250, 0.0173646040881674
251, 0.0172990256299575
252, 0.0172516169647376
253, 0.0171838461731871
254, 0.0167926450570424
255, 0.0169593098883828
256, 0.0165878267337879
257, 0.0155104571022093
258, 0.0174879092723131
259, 0.0170005888988574
260, 0.0165445643166701
261, 0.0166548155248165
262, 0.0167715949937701
263, 0.016888340935111
264, 0.0171043981487552
265, 0.0171970734372735
266, 0.0172770715629061
267, 0.0173434192935626
268, 0.0173960356041789
269, 0.0174353684609135
270, 0.0160286672413349
271, 0.016450104303658
272, 0.0172012684245904
273, 0.0206076350683967
274, 0.0175318354740739
275, 0.0176863241940737
276, 0.0179534607256452
277, 0.0170092293992639
278, 0.0192632647231221
279, 0.0168227773780624
280, 0.0184249781693021
281, 0.0172898126766086
282, 0.0173619923492273
283, 0.0174350092808406
284, 0.0134560583780209
285, 0.0142544168047607
286, 0.0139158265665174
287, 0.0132818422280252
288, 0.012753287019829
289, 0.0118019959578911
290, 0.014504821660618
291, 0.0146875718298058
292, 0.0148024417770406
293, 0.0148583836853504
294, 0.0122015813055138
295, 0.014988968947104
296, 0.0174558258482388
297, 0.0165629256516695
298, 0.0163982396147081
299, 0.0170749568690856
300, 0.0171789520730575
301, 0.0172508638352156
302, 0.0172986124331752
303, 0.017329049607118
304, 0.0173505640899142
305, 0.0169324992845456
306, 0.016748398852845
307, 0.0165225428839525
308, 0.0162602569907904
309, 0.0156574536425372
310, 0.0159673312058051
311, 0.0153447408229113
312, 0.0173988211899996
313, 0.0151093270629644
314, 0.0169589876507719
315, 0.0168690873930852
316, 0.0167793423558275
317, 0.0173840783536434
318, 0.0166968793297807
319, 0.0173536750177542
320, 0.0173125009362896
321, 0.0170463404307763
322, 0.0172612722963095
323, 0.0171995311975479
324, 0.0171274744595091
325, 0.0170835213114818
326, 0.0176327753191193
327, 0.0175056261941791
328, 0.0174008045966427
329, 0.0172969068711003
330, 0.0178102661545078
331, 0.0184998139739037
332, 0.0180792408064008
333, 0.0201926119625568
334, 0.0191600198547045
335, 0.0169237603743871
336, 0.0174076799303293
337, 0.0141015977909168
338, 0.0146145589339236
339, 0.0143898801567654
340, 0.0149075090885162
341, 0.0147885377518833
342, 0.0146739122768243
343, 0.014369488072892
344, 0.0143320662900805
345, 0.013734902565678
346, 0.0224179305757085
347, 0.0121041198726743
348, 0.0167153486981988
349, 0.0206449633198125
350, 0.0167459353804588
351, 0.0151204771495291
352, 0.0173728511269603
353, 0.016847197498594
354, 0.0170784701282779
355, 0.0154965825689336
356, 0.0169215081259608
357, 0.0164649585882823
358, 0.0161748606090744
359, 0.0167169831693172
360, 0.0173486778512597
361, 0.0173378015557925
362, 0.0173120427255829
363, 0.0172658038015167
364, 0.017190885109206
365, 0.0158428847789764
366, 0.0173136722296476
367, 0.0169059550389647
368, 0.0173390842974186
369, 0.0173581767206391
370, 0.0172799384842316
371, 0.0172361473863324
372, 0.0169821425030629
373, 0.0170514776060979
374, 0.0171822231883804
375, 0.0171197528640429
376, 0.016623742505908
377, 0.0190207834045092
378, 0.0178862512111664
379, 0.0181446612502138
380, 0.0171794481575489
381, 0.0174213200807571
382, 0.0175492893904448
383, 0.0176970583076278
384, 0.0170416599139571
385, 0.0185100488985578
386, 0.0197094256679217
387, 0.0145795396529138
388, 0.014734967922171
389, 0.0149964181085428
390, 0.0148748216840128
391, 0.0164417503401637
392, 0.0157949370332062
393, 0.0144311191203694
394, 0.0171016814808051
395, 0.0172222685068846
396, 0.0169269653658072
397, 0.0164128793403506
398, 0.0156676882345762
399, 0.0166981949781378
400, 0.0172995397200187
401, 0.0173613255222638
402, 0.0160893533999721
403, 0.0173606621101499
404, 0.0173432473093271
405, 0.0173546973615885
406, 0.0171095585184438
407, 0.0173489879816771
408, 0.0173432274411122
409, 0.0173529950635774
410, 0.0173271996900439
411, 0.0171563771242897
412, 0.0172110622127851
413, 0.0172991013775269
414, 0.0172599765161673
415, 0.0181383673722545
416, 0.0188182092582186
417, 0.0179039329911272
418, 0.0184374327460925
419, 0.0192459123209119
420, 0.0172938310230772
421, 0.0177173571040233
422, 0.0175625067204237
423, 0.0171522836511334
424, 0.0153188637147347
425, 0.0172967171917359
426, 0.0152763086371124
427, 0.0152829343763491
428, 0.0152975047628085
429, 0.0203543252178601
430, 0.0154645483319958
431, 0.0174917226346831
432, 0.0212699707597494
433, 0.0152997866272926
434, 0.0172771137828628
435, 0.0171463061124086
436, 0.0173533627142509
437, 0.0169487865641713
438, 0.0160101559013128
439, 0.0166914267465472
440, 0.0163500731190046
441, 0.0173951278751095
442, 0.0173852692047755
443, 0.0174030211443702
444, 0.0173645589500666
445, 0.0173785674075286
446, 0.0172489706426859
447, 0.0173942533632119
448, 0.0180744001020988
449, 0.0173960474009315
450, 0.0185723962883155
451, 0.0173070846746365
452, 0.0183124883721272
453, 0.0173814700295528
454, 0.0173525527740518
455, 0.0188302726795276
456, 0.0178724825382233
457, 0.0170160058885813
458, 0.0174209602798025
459, 0.0176997433106105
460, 0.0172792601709565
461, 0.0162047028231124
462, 0.0195370853568117
463, 0.0159628864688178
464, 0.015815085110565
465, 0.0166172158593933
466, 0.018351372597473
467, 0.0173565341780583
468, 0.01743074785918
469, 0.0172152128070593
470, 0.0174637703845898
471, 0.016986728956302
472, 0.0162429431719439
473, 0.016687562999626
474, 0.0174309568745749
475, 0.0174630970383684
476, 0.0184933329001069
477, 0.0181594472378492
478, 0.0183459340284268
479, 0.0179757339258989
480, 0.0174612480526169
481, 0.0174001636249678
482, 0.0174844128390153
483, 0.0174506610880295
484, 0.0174810066819191
485, 0.0170640641202529
486, 0.0178075209259987
487, 0.0175537212441365
488, 0.0189304224525889
489, 0.0166876406098406
490, 0.0157097592018545
491, 0.0164018369590243
492, 0.017597984833022
493, 0.0192809369415045
494, 0.018226008489728
495, 0.0183912422508001
496, 0.0189026842514674
497, 0.0175271847595771
498, 0.0174670144915581
499, 0.0181984025985003
500, 0.0181201277300715
501, 0.0175571686898669
502, 0.0173173223932584
503, 0.018009911912183
504, 0.0175361313546697
505, 0.0170205660785238
506, 0.0178481723581042
507, 0.0175584371068648
508, 0.0175870675593615
509, 0.0176059138029814
510, 0.0178022266676029
511, 0.01732589242359
512, 0.0176552077755332
513, 0.0170201515512807
514, 0.0166834261268377
515, 0.0174953632056713
516, 0.0175372283905745
517, 0.0179399599631627
518, 0.0179240237921476
519, 0.0176322173327208
520, 0.0176699003204703
521, 0.0176706928759813
522, 0.0178728360682726
523, 0.017635819191734
524, 0.0173830256486932
525, 0.0178334795470749
526, 0.0176500223577023
527, 0.017709215482076
528, 0.0181850094348192
529, 0.0177541774298464
530, 0.0174702685326338
531, 0.0177862470348676
532, 0.017739849537611
533, 0.0154123178993662
534, 0.0176818046718836
535, 0.0103134356128673
536, 0.00971642710889379
537, 0.00884101974467436
538, 0.00759261171333492
539, 0.00593872306247552
540, 0.00491298271420722
541, 0.0113133966612319
542, 0.011797326306502
543, 0.012370856013149
544, 0.0129750024837752
545, 0.0135459265050789
546, 0.0140422211649517
547, 0.0144477190139393
548, 0.0147633931289117
549, 0.0150017615718146
550, 0.0151831768453121
551, 0.0153312523228427
552, 0.01547074271366
553, 0.0156284593977034
554, 0.0158385570781926
555, 0.0161575311794877
556, 0.0166814411059022
557, 0.0176566777129968
558, 0.0194847953195373
559, 0.0275639385605852
560, 0.0174590119471153
561, 0.0172004311655958
562, 0.0172621586049596
563, 0.0173070440068841
564, 0.0194102205956976
565, 0.0169044292221467
566, 0.0170854482178887
567, 0.0172880040481687
568, 0.0172961627443631
569, 0.0173474562664827
570, 0.0177166955545545
571, 0.0182661463816961
572, 0.0219141660879056
573, 0.0171402885268132
574, 0.0167447157825033
575, 0.0164612174655
576, 0.0162591282278299
577, 0.0161241764823596
578, 0.0160286294606825
579, 0.020824200872864
580, 0.0120080246124417
581, 0.00932977832853794
582, 0.0110041424632072
583, 0.010945779537516
584, 0.0106921107508242
585, 0.010401622702678
586, 0.0107094004439811
587, 0.0101616302660356
588, 0.0110329706221819
589, 0.0147231792410215
590, 0.0155704719945788
591, 0.0153720462694764
592, 0.0150987637850145
593, 0.0142311228749653
594, 0.0176718241224686
595, 0.0164945740252733
596, 0.0160114535441001
597, 0.015861196598659
598, 0.0115311563325425
599, 0.0129224116293093
600, 0.0121925426647067
601, 0.0162086986626188
602, 0.0169492410495877
603, 0.0157239247734348
604, 0.0136232279861967
605, 0.0166355846449733
606, 0.017301255526642
607, 0.0173957099517186
608, 0.0202993952358762
609, 0.0174959413707256
610, 0.0163384504616261
611, 0.0172233656048775
612, 0.0173349706456065
613, 0.0173462269206842
614, 0.0173577998454372
615, 0.0177142486597101
616, 0.0181459601347645
617, 0.0189574317385753
618, 0.0170806059613824
619, 0.0176813034340739
620, 0.0173715315759182
621, 0.0166159234941006
622, 0.0184192589173714
623, 0.0193924494087696
624, 0.0206523012369871
625, 0.0170495146885514
626, 0.0168126473824183
627, 0.014406251454992
628, 0.0190326786999192
629, 0.0165154662515436
630, 0.0112081432715058
631, 0.0133079262450337
632, 0.0126391920881967
633, 0.0122828396658103
634, 0.011303494418306
635, 0.0162225272506475
636, 0.0160906311745445
637, 0.0159341509764393
638, 0.0157195866728822
639, 0.0163601022213697
640, 0.0171425823743145
641, 0.0165337007492781
642, 0.0154089289717376
643, 0.0167811798552672
644, 0.0177110750228167
645, 0.0143747497349977
646, 0.0149649800732732
647, 0.0136386665205161
648, 0.0118727033647398
649, 0.0127833305547635
650, 0.0174586481104294
651, 0.0175506208712856
652, 0.017422531110545
653, 0.0174101668720444
654, 0.0173959229141474
655, 0.0172586385160685
656, 0.0173537330701947
657, 0.0177416211615006
658, 0.0180908062805732
659, 0.0186892741670211
660, 0.0196703299880028
661, 0.0168662096063296
662, 0.0177767742425203
663, 0.0188097429151336
664, 0.0170623005500862
665, 0.0172276748344302
666, 0.0174678306405743
667, 0.0182445729151368
668, 0.0221523211027185
669, 0.0204411335289478
670, 0.0139753172794978
671, 0.0149973908749719
672, 0.0120367622002959
673, 0.0157179377662639
674, 0.012519968363146
675, 0.0160608647080759
676, 0.0166665436699986
677, 0.0168100576847792
678, 0.0176740661263466
679, 0.0162821769093474
680, 0.0164319934944312
681, 0.0170021587982774
682, 0.0165494633838534
683, 0.0172896897420287
684, 0.0151987924861411
685, 0.0135885846490661
686, 0.0183659300208092
687, 0.0144991278648376
688, 0.0189727758988738
689, 0.0177209830532471
690, 0.0179860036199292
691, 0.0174698823442062
692, 0.0174599373713136
693, 0.0175714601452152
694, 0.0175001677125692
695, 0.0174751648058494
696, 0.0183938043192029
697, 0.0174117737139265
698, 0.0170782003551722
699, 0.0177345384533207
700, 0.0168469063937664
701, 0.0173312347382307
702, 0.0175123835603396
703, 0.0181862948728459
704, 0.0180373635763923
705, 0.0165124752869209
706, 0.0133769569386329
707, 0.0156397164488832
708, 0.0164203293000658
709, 0.0170363231251637
710, 0.0171789831171433
711, 0.0166297952334086
712, 0.0167559028292696
713, 0.0169307272881269
714, 0.0168451570595304
715, 0.0176700907094138
716, 0.0173747359464566
717, 0.0160540007054806
718, 0.0170119907706976
719, 0.0184026664743821
720, 0.0154472010520597
721, 0.0178123939161499
722, 0.0146024939604104
723, 0.0180731667205691
724, 0.0176411227633556
725, 0.0175181978071729
726, 0.017303098924458
727, 0.017504809734722
728, 0.017523925130566
729, 0.0175457950681448
730, 0.0175069440156221
731, 0.0176777532324195
732, 0.0179444778710604
733, 0.0174845664628914
734, 0.0178307273114721
735, 0.0196191248084818
736, 0.0186229764173428
737, 0.0170310541455235
738, 0.0169966149454315
739, 0.0168283560002844
740, 0.0173121873910228
741, 0.0172197942932447
742, 0.0170749323442578
743, 0.0171165339027842
744, 0.0171580358097951
745, 0.0174447518462936
746, 0.017585800588131
747, 0.0146750813350081
748, 0.0177271806945403
749, 0.0178604318449895
750, 0.0176015108202895
751, 0.0164535054937005
752, 0.0175159145146608
753, 0.0175088411197066
754, 0.0175543371587992
755, 0.0174769942338268
756, 0.0174758918583393
757, 0.01762357018888
758, 0.0183933723185744
759, 0.0156763421061138
760, 0.0183965712785721
761, 0.0183734616264701
762, 0.0176052267973622
763, 0.0175820315877597
764, 0.0173964478696386
765, 0.0173971358065804
766, 0.0174117203180989
767, 0.0174868435909351
768, 0.0173661013444265
769, 0.0173691169669231
770, 0.0173532810683052
771, 0.0172940570240219
772, 0.0178785465657711
773, 0.0177003911563328
774, 0.0207229055464268
775, 0.0220316744276455
776, 0.0134588002360293
777, 0.0157792195677757
778, 0.0162784454102318
779, 0.016648403989772
780, 0.0169323695202668
781, 0.0171841541305184
782, 0.0174598625550667
783, 0.0178462996458014
784, 0.018509341403842
785, 0.0198193748171131
786, 0.0225462382659316
787, 0.0172695101549228
788, 0.0172029389068484
789, 0.0170955744882425
790, 0.0169415775065621
791, 0.0167396506294608
792, 0.0164960098142425
793, 0.0162269901484251
794, 0.0159529036221405
795, 0.0157044592003028
796, 0.0148863775345186
797, 0.0157057127604882
798, 0.0159552535042167
799, 0.016197563149035
800, 0.0164251147458951
801, 0.0166356737414996
802, 0.0168315178404252
803, 0.0170216569676995
804, 0.0172037178029617
805, 0.0147523662696282
806, 0.0146337280360361
807, 0.0144591958572467
808, 0.0142151964828372
809, 0.0138808400370181
810, 0.0134258563630283
811, 0.012806446912388
812, 0.0119611439295113
813, 0.0108155758741001
814, 0.00930370731900136
815, 0.00750014185905457
816, 0.00624071178026497
817, 0.0283774059886734
818, 0.019393236686786
819, 0.0178616760919491
820, 0.0174681528781851
821, 0.0171572019656499
822, 0.0168607312565049
823, 0.0165377492085099
824, 0.0184467351064086
825, 0.0210547214373946
826, 0.0173032488673925
827, 0.0173049361134569
828, 0.0169488337511818
829, 0.0168032292276621
830, 0.0166246943796674
831, 0.0171714769676328
832, 0.0171303345511357
833, 0.0172974430024624
834, 0.0173117015510798
835, 0.0164327935005228
836, 0.0162278028825919
837, 0.017306862026453
838, 0.0170575476561983
839, 0.0154582022999724
840, 0.0169342265774806
841, 0.0165548299749692
842, 0.0152243116560082
843, 0.0158494499822458
844, 0.0150228561833501
845, 0.0161020727828145
846, 0.0163384741172194
847, 0.0167525848373771
848, 0.0140347541309893
849, 0.0148031677429875
850, 0.0146870099318524
851, 0.0145269208587706
852, 0.0143122238417466
853, 0.0132515222455064
854, 0.0127537956771751
855, 0.0118803665973246
856, 0.0136836199089885
857, 0.0122544706488649
858, 0.0160799566656351
859, 0.0171352478542498
860, 0.0232487391680479
861, 0.017136091987292
862, 0.0167946061119437
863, 0.017483515975376
864, 0.0202941279858351
865, 0.0192212114731471
866, 0.0184398340061307
867, 0.017893665159742
868, 0.0171848743533095
869, 0.0171671829496821
870, 0.0171511567508181
871, 0.0171479017784198
872, 0.0171473454684019
873, 0.0169657400498788
874, 0.0170620139688253
875, 0.0168221183121204
876, 0.0167016442865133
877, 0.0171204792956511
878, 0.0171875357627869
879, 0.0153347736534973
880, 0.0154852362349629
881, 0.0164913882811864
882, 0.0162669687221448
883, 0.0166927324607968
884, 0.0168761123592655
885, 0.0160179113348325
886, 0.0155927043718596
887, 0.0148915860003659
888, 0.0147457588464022
889, 0.0148544702678919
890, 0.0149289735903343
891, 0.0146201768269142
892, 0.0148177233835061
893, 0.0144042065367103
894, 0.0143061182461679
895, 0.0143689205870032
896, 0.0144882326324781
897, 0.0170195892453194
898, 0.0120032553871473
899, 0.0150999487377703
900, 0.0166928725317121
901, 0.0174468584979574
902, 0.017856034450233
903, 0.0212403341595616
904, 0.0170857707659403
905, 0.0197375826537609
906, 0.0183518718307217
907, 0.0189731378729145
908, 0.0164790127426386
909, 0.0170049228306328
910, 0.0151795727599944
911, 0.0170980443557103
912, 0.0172689016908407
913, 0.0170587757602334
914, 0.0172579471642772
915, 0.0170178912580013
916, 0.0171676697209477
917, 0.0172441278894742
918, 0.0171934623892109
919, 0.0171287264674902
920, 0.0162127949297428
921, 0.0154833155684173
922, 0.0164477511619528
923, 0.016654330616196
924, 0.0168280455594261
925, 0.015116339083761
926, 0.0157505270714561
927, 0.0151298940181732
928, 0.0151370007855197
929, 0.0149659192189574
930, 0.0152033683843911
931, 0.0151516105979681
932, 0.0164649429110189
933, 0.0153869672988852
934, 0.0157543591534098
935, 0.014816009066999
936, 0.0177319375798106
937, 0.0181723696490129
938, 0.0186644811183214
939, 0.0191551089907686
940, 0.0153795208781958
941, 0.0170541064192851
942, 0.0169865014031529
943, 0.0175338818558625
944, 0.0199045617133379
945, 0.0174975317592422
946, 0.0174139138932029
947, 0.0173010863363743
948, 0.0171268694102764
949, 0.0156046058982611
950, 0.0164275458082557
951, 0.0159459384158254
952, 0.0157715844300886
953, 0.0166295574357112
954, 0.0168274867215327
955, 0.0155094834044576
956, 0.0156418643891811
957, 0.0160556544239322
958, 0.0165133477809529
959, 0.0154899803123304
960, 0.017204785409073
961, 0.0176536051246027
962, 0.0156960266952713
963, 0.0203612834836046
964, 0.0179413029303153
965, 0.018313182828327
966, 0.0186630906537175
967, 0.0173360311115781
968, 0.0170472422614694
969, 0.0169294690713286
970, 0.0177335631102324
971, 0.0194894044349591
972, 0.0176390986889601
973, 0.0169410545378923
974, 0.0171745354309678
975, 0.0174610540270805
976, 0.0161403358603517
977, 0.0159306372515857
978, 0.0161773621415098
979, 0.0164439445361495
980, 0.0168979841594895
981, 0.0166521357993285
982, 0.0167907208204269
983, 0.0157770501449704
984, 0.0174979502335191
985, 0.0182944059904133
986, 0.019381096586585
987, 0.0179335097117083
988, 0.0181876346468925
989, 0.0188251736884316
990, 0.0170650659129024
991, 0.0163585199043155
992, 0.0166689067458113
993, 0.0172605418289701
994, 0.0176735126102964
995, 0.0161471800612552
996, 0.0170730159928401
997, 0.0164416739717126
998, 0.0176761118429048
999, 0.0158761795610189
1000, 0.0168839820793697
1001, 0.0192845225334167
1002, 0.0169172495603561
1003, 0.0178504146635532
1004, 0.0182684057702621
1005, 0.0164884626865387
1006, 0.0167758403612035
1007, 0.0171020658065875
1008, 0.0173760037869215
1009, 0.0174918550377091
1010, 0.018101417273283
1011, 0.0166930543879668
1012, 0.0170982548346122
1013, 0.0158604996589323
1014, 0.0119463625097913
1015, 0.00476663014463459
1016, 0.0170337092131376
1017, 0.0172699758162101
1018, 0.0175233927244941
1019, 0.0178855918347836
1020, 0.0185213449100653
1021, 0.019804040590922
1022, 0.0212251179452453
1023, 0.0224912942697604
1024, 0.0281199387585123
1025, 0.0110578179980318
1026, 0.010890727241834
1027, 0.0106470424992343
1028, 0.0102730269233386
1029, 0.00968468375504017
1030, 0.00878494900340835
1031, 0.00748724428315957
1032, 0.00576632935553789
1033, 0.0177477306375901
1034, 0.0166836107770602
1035, 0.0159823840173582
1036, 0.0154228052124381
1037, 0.0149007492388288
1038, 0.0143510205671191
1039, 0.0137528878015776
1040, 0.0131073109805584
1041, 0.0124329168659945
1042, 0.0117891097130875
1043, 0.015894892004629
1044, 0.0171352019533515
1045, 0.0176617863277594
1046, 0.0182781275361776
1047, 0.0190376707663139
1048, 0.0199475412567457
1049, 0.0209226924926043
1050, 0.0109484898857772
1051, 0.0111538505492111
1052, 0.0106481768501302
1053, 0.0102964141406119
1054, 0.0100072677402447
1055, 0.0112919257953763
1056, 0.0193522231032451
1057, 0.017343120649457
1058, 0.0176055363068978
1059, 0.0179429926599065
1060, 0.0167603837326169
1061, 0.0209443041433891
1062, 0.0184683734551072
1063, 0.0166697719444831
1064, 0.0155881352722645
1065, 0.0177603888635834
1066, 0.0182207381973664
1067, 0.0162510483836134
1068, 0.0187085863823692
1069, 0.0192062249407172
1070, 0.0113658210262656
1071, 0.013045906710128
1072, 0.0145498234778643
1073, 0.0151926622105141
1074, 0.0169965988025069
1075, 0.0163243856901924
1076, 0.0157619800108174
1077, 0.0191881500184536
1078, 0.017857048039635
1079, 0.0138382807684441
1080, 0.0122228306718171
1081, 0.0114256739616394
1082, 0.0163878127932549
1083, 0.0192361205284085
1084, 0.0162859378116471
1085, 0.0120472976317008
1086, 0.013270984403789
1087, 0.0126287258851031
1088, 0.0123262914518515
1089, 0.0121934787991146
1090, 0.0180291837702195
1091, 0.0177158256992698
1092, 0.0184746719896793
1093, 0.0191459851339459
1094, 0.0201157039652268
1095, 0.0170776961992184
1096, 0.0167637653648853
1097, 0.0173344478632013
1098, 0.0165739394724369
1099, 0.0186306036387881
1100, 0.0184330071012179
1101, 0.0181424859911203
1102, 0.0171760634208719
1103, 0.0166110837211212
1104, 0.017985602574689
1105, 0.0154408543991546
1106, 0.0160605759980778
1107, 0.0138624302732448
1108, 0.0128420711095844
1109, 0.014684752561152
1110, 0.016951497644186
1111, 0.0187048319727182
1112, 0.0171432091544072
1113, 0.0132038520338635
1114, 0.0151731516234577
1115, 0.0136549812741578
1116, 0.0141626552989086
1117, 0.0188926256572207
1118, 0.0195055225243171
1119, 0.0184259324645003
1120, 0.0180778636907538
1121, 0.0174486838902036
1122, 0.0118914637714624
1123, 0.0208240247198514
1124, 0.0144121769283499
1125, 0.0178207317367196
1126, 0.017196190942611
1127, 0.0182531808192531
1128, 0.0182142186289032
1129, 0.0168707796062032
1130, 0.0147620450394849
1131, 0.0173711537693938
1132, 0.0138660805299878
1133, 0.0163355466599266
1134, 0.0174857343857487
1135, 0.0156661436582605
1136, 0.0168194267898798
1137, 0.0189047943179806
1138, 0.0150086706504226
1139, 0.0186099198957284
1140, 0.0160730914212763
1141, 0.0183122428134084
1142, 0.0178096766273181
1143, 0.0199319931368033
1144, 0.0180849336708585
1145, 0.0177979283034801
1146, 0.017617254331708
1147, 0.0171238901093602
1148, 0.0175329927975933
1149, 0.0147390082212431
1150, 0.0179451876985175
1151, 0.0178795379276077
1152, 0.0167474254655341
1153, 0.0159171591512859
1154, 0.016617054430147
1155, 0.0175511051590244
1156, 0.0184141946956515
1157, 0.0183140502000848
1158, 0.0162979651774679
1159, 0.018085328489542
1160, 0.0190255666772525
1161, 0.0190647393465042
1162, 0.0181078563133876
1163, 0.0177608531500612
1164, 0.017527488725526
1165, 0.0179116728582553
1166, 0.0180846396833658
1167, 0.0173264801502228
1168, 0.0170203366627296
1169, 0.0177013035863638
1170, 0.0178963874599763
1171, 0.0181839080261333
1172, 0.0183289373914401
1173, 0.0187780383974314
1174, 0.023069816827774
1175, 0.0179402478039265
1176, 0.0173186294734478
1177, 0.0180941162010034
1178, 0.0181372068822384
1179, 0.00913040619343519
1180, 0.0186519000679255
