1, 0.0109488535672426
2, 0.0328991706483066
3, 0.00270480278413743
4, 0.00767319649457932
5, 0.0171238519251347
6, 0.0184463281184435
7, 0.00931538734585047
8, 0.0029084668494761
9, 0.031598933506757
10, 0.0126877119764686
11, 0.0156162986531854
12, 0.0205895900726318
13, 0.0119110839441419
14, 0.0130167352035642
15, 0.0136901050185164
16, 0.0143030563679834
17, 0.0150515019583205
18, 0.0162576388878127
19, 0.0187711870918671
20, 0.0240445897604028
21, 0.0292315774907668
22, 0.0197380520403385
23, 0.0112483538687229
24, 0.00536814075894654
25, 0.00332892418373376
26, 0.00179856784719353
27, 0.00298811060686906
28, 0.00440336321480572
29, 0.00556557361657421
30, 0.00644341328491767
31, 0.00706454234508177
32, 0.00747257238253951
33, 0.00770357943838462
34, 0.00782778269300858
35, 0.00830785309274991
36, 0.00907237051675717
37, 0.00997053273022175
38, 0.0109221842139959
39, 0.0118691986426711
40, 0.0127624617889524
41, 0.0135792186483741
42, 0.0143243931233883
43, 0.0150307699417075
44, 0.0157557890440027
45, 0.0165780689567327
46, 0.0168123045004904
47, 0.0168914900471767
48, 0.0167684232195218
49, 0.0165844255437454
50, 0.0162930246442556
51, 0.0158569971099496
52, 0.0152687082688014
53, 0.0145394476130605
54, 0.0137122636660933
55, 0.0128562034418186
56, 0.0120426015928388
57, 0.0117120896466076
58, 0.0112876162553827
59, 0.0115418642138441
60, 0.0120476198693117
61, 0.012646953885754
62, 0.0132539474094907
63, 0.0137831922620535
64, 0.0141828153282404
65, 0.0144322607666254
66, 0.0145401215801636
67, 0.0145330475643277
68, 0.0144445098315676
69, 0.0143111335734526
70, 0.0141696706414223
71, 0.0140585610643029
72, 0.0140220097576578
73, 0.0141273302336534
74, 0.0145065262913704
75, 0.0155558235322436
76, 0.0163701889105141
77, 0.0159247455497583
78, 0.0133764566853642
79, 0.0123825743794441
80, 0.0117472121492028
81, 0.0112650667627652
82, 0.0108573728551467
83, 0.0104991601159175
84, 0.0101810290167729
85, 0.00990126685549816
86, 0.0096658772478501
87, 0.00948207670201858
88, 0.00936188672979673
89, 0.00933209048318011
90, 0.0093463280548652
91, 0.00936489397039016
92, 0.00936189837132891
93, 0.00931973926102122
94, 0.00922038902839025
95, 0.00904389129330715
96, 0.00876871558527152
97, 0.00836769631132483
98, 0.00780539292221268
99, 0.00703715688238541
100, 0.00601802176485459
101, 0.00471755303442478
102, 0.00319247366860509
103, 0.00189949671039358
104, 0.00370411908564468
105, 0.00631556396062175
106, 0.0122942378123601
107, 0.0208433618148168
108, 0.0303447556992372
109, 0.0232775344823798
110, 0.0185234108939767
111, 0.0162744860475262
112, 0.0152200260199606
113, 0.0146835156095525
114, 0.0143919475376606
115, 0.0142204629567762
116, 0.0141064979446431
117, 0.0140137790391843
118, 0.013917771478494
119, 0.01379781945919
120, 0.0136368963867426
121, 0.0134261297062039
122, 0.013045966392383
123, 0.0129042171562711
124, 0.0130820199847221
125, 0.0133285090948145
126, 0.0136161682506402
127, 0.0139302633081873
128, 0.0142527921125293
129, 0.0145642614612977
130, 0.0148501830796401
131, 0.0150985025490324
132, 0.0153001149495443
133, 0.0154543112342556
134, 0.015484610805288
135, 0.0154262920841575
136, 0.0151994144544005
137, 0.0150841853270928
138, 0.0150282566125194
139, 0.0149963560203711
140, 0.0149611489226421
141, 0.014895003909866
142, 0.0147685327877601
143, 0.0145508466909329
144, 0.014211466225485
145, 0.0137249967083335
146, 0.0130789742494623
147, 0.0122819341098269
148, 0.0113667541493972
149, 0.0103925274064144
150, 0.00942108562837044
151, 0.00854507461190224
152, 0.00792408517251412
153, 0.00349485427917292
154, 0.00593991639713446
155, 0.0116179501637816
156, 0.0200199071938793
157, 0.0284738770375649
158, 0.0293941224614779
159, 0.0203314411143462
160, 0.0116581227630377
161, 0.00581591902300715
162, 0.00355690667250504
163, 0.00933973933570087
164, 0.0094341595346729
165, 0.00957254941264788
166, 0.00976342738916477
167, 0.00999021343886852
168, 0.0102384397760034
169, 0.0105006089434028
170, 0.010769615881145
171, 0.0110395749409993
172, 0.0113078992192944
173, 0.0115757832924525
174, 0.0118489591404796
175, 0.0121390745043755
176, 0.0124668407564362
177, 0.0128652279575666
178, 0.0134042914335926
179, 0.0142194631819924
180, 0.0170903287362307
181, 0.0183911894758542
182, 0.0168015987922748
183, 0.0155912886063258
184, 0.0149428059036533
185, 0.0145909174655875
186, 0.0143861922745903
187, 0.0142523621519407
188, 0.0141471801325679
189, 0.0140461359793941
190, 0.0139354492227236
191, 0.0138075218225519
192, 0.0136598997438947
193, 0.0134948724880815
194, 0.0133191316078107
195, 0.01314433850348
196, 0.0129849448179205
197, 0.0128564570719997
198, 0.0127738760784268
199, 0.01276353529344
200, 0.00949767714233271
201, 0.0127047818774978
202, 0.00225719453301281
203, 0.0147779579274356
204, 0.0157021945342422
205, 0.0151581368409097
206, 0.0173002618054549
207, 0.0208137504135569
208, 0.0270388893783092
209, 0.00447130401153117
210, 0.0208490611985326
211, 0.00631807294363777
212, 0.00539672716210286
213, 0.00419258776431282
214, 0.00294505288669219
215, 0.0161081332092484
216, 0.0153958699665964
217, 0.0146994227543473
218, 0.0139903039671481
219, 0.0132185894375046
220, 0.0123637681826949
221, 0.0114339669235051
222, 0.010462072212249
223, 0.00951180995131532
224, 0.00863697162518899
225, 0.00798317658094068
226, 0.0129705366368095
227, 0.0154299982823431
228, 0.015827388347437
229, 0.0161051442846656
230, 0.0162814141561588
231, 0.0163922530288498
232, 0.0166021746893724
233, 0.0141190250093738
234, 0.0184395068014661
235, 0.015464490900437
236, 0.0144222506011526
237, 0.0110391111423572
238, 0.00905262089023987
239, 0.0120224167282383
240, 0.0137161129775147
241, 0.0129208550788462
242, 0.0100158012161652
243, 0.015064418160667
244, 0.0149120944552124
245, 0.0123866969719529
246, 0.015719044332703
247, 0.01362577577432
248, 0.0142982774414122
249, 0.0154442091782888
250, 0.0156225042107205
251, 0.0157832764089108
252, 0.00699249391133587
253, 0.0063291167995582
254, 0.00557308360779037
255, 0.00764913102611899
256, 0.00742162577807903
257, 0.00697228801436722
258, 0.00809193848233138
259, 0.0157960071893675
260, 0.0133662098752601
261, 0.0085895637050271
262, 0.0134848929010332
263, 0.0146906618028879
264, 0.0162313506007195
265, 0.0148495791169504
266, 0.0106431259773672
267, 0.0135204925512274
268, 0.0126941233562926
269, 0.0117200870687763
270, 0.0142264131767054
271, 0.00949708341310422
272, 0.0151689376992484
273, 0.013836911569039
274, 0.0153616579870383
275, 0.0153359908921023
276, 0.0152461780235171
277, 0.0147987739183009
278, 0.014361383082966
279, 0.00746270703772704
280, 0.00853534376559158
281, 0.00781678540321688
282, 0.0165146615356207
283, 0.00878200393968395
284, 0.0102164402293662
285, 0.0146869292172293
286, 0.0140719792495171
287, 0.0134176051554581
288, 0.0125267699671288
289, 0.0114163213099043
290, 0.0141207734122872
291, 0.0153569645869235
292, 0.0153410028666258
293, 0.0173910030474265
294, 0.015316624349604
295, 0.014626190731568
296, 0.0150160016492009
297, 0.0150984991341829
298, 0.0151725074586769
299, 0.0149290033926566
300, 0.00858778793675204
301, 0.0146686218989392
302, 0.0110336512637635
303, 0.0134084650004903
304, 0.012397138401866
305, 0.0141457466719051
306, 0.0146610758577784
307, 0.0159561048882703
308, 0.0167498678589861
309, 0.0152993326385816
310, 0.0141184164211154
311, 0.0151798520237207
312, 0.0153666652428607
313, 0.0153979787913462
314, 0.0104661325791052
315, 0.0182621205846469
316, 0.00976734664291143
317, 0.0162565764039755
318, 0.0142991952598095
319, 0.0134979865203301
320, 0.0152676010814806
321, 0.01476431855311
322, 0.0173225679124395
323, 0.0156777309519904
324, 0.0107154444170495
325, 0.0156433757704993
326, 0.0154189428625007
327, 0.0123028475791216
328, 0.00855465085866551
329, 0.0152414264157414
330, 0.00894402588407199
331, 0.017105840301762
332, 0.014557798858732
333, 0.016635307110846
334, 0.0150706125423312
335, 0.0159217450767756
336, 0.0156002906151116
337, 0.0124170796945691
338, 0.0137162208557129
339, 0.0149431738536805
340, 0.0114987736257414
341, 0.0159444138407707
342, 0.0167137425392866
343, 0.0179267689585686
344, 0.0153275042772293
345, 0.0151440754532814
346, 0.0150553230196238
347, 0.0142530249431729
348, 0.0158193407890697
349, 0.0124224298633635
350, 0.0129270249977708
351, 0.0164904607725995
352, 0.00942136750866969
353, 0.0146991192984084
354, 0.0156349027529359
355, 0.017281962869068
356, 0.0219283617500748
357, 0.0141100509402653
358, 0.0141270334521929
359, 0.0142013415073355
360, 0.0093617228170236
361, 0.00902988451222579
362, 0.0144057964595656
363, 0.0142849236726761
364, 0.014049783659478
365, 0.0137007143348455
366, 0.0132640763185918
367, 0.0127961989492178
368, 0.0123858482887348
369, 0.0120654671142499
370, 0.00942372716963291
371, 0.00959111315508684
372, 0.0104371542111039
373, 0.0108076402296623
374, 0.0112279692354302
375, 0.0117138898931444
376, 0.012305025011301
377, 0.0131401801481843
378, 0.0144323425677915
379, 0.00941366174568733
380, 0.00943361129611731
381, 0.0142983974268039
382, 0.00923665271451076
383, 0.0143848384420077
384, 0.0144303316871325
385, 0.00872134417295456
386, 0.00828558082381884
387, 0.00769079926734169
388, 0.00690006868292888
389, 0.00587661835985879
390, 0.00573961052577943
391, 0.0046114563010633
392, 0.00340568545895318
393, 0.00255866702646017
394, 0.0276315707713366
395, 0.010307491524145
396, 0.020980728790164
397, 0.0140237719751894
398, 0.0165547681972384
399, 0.0133676204519967
400, 0.0127229087054729
401, 0.0153406771520774
402, 0.0101107518809537
403, 0.0131808058358729
404, 0.0124464191806813
405, 0.00982690462842584
406, 0.0108518994723757
407, 0.0113127478398383
408, 0.0118366568349302
409, 0.00952786765992641
410, 0.00921624790256222
411, 0.00857501026863853
412, 0.00687537241416673
413, 0.0095656708193322
414, 0.00959442974999547
415, 0.00958786734069387
416, 0.00940685719251633
417, 0.00894269657631715
418, 0.00753490750988324
419, 0.00810636378203829
420, 0.0141882067546248
421, 0.013265739971151
422, 0.0140818652386467
423, 0.0142190128875275
424, 0.0142937419004738
425, 0.0138971405103803
426, 0.0143490211727719
427, 0.0144007890485227
428, 0.0147892972454429
429, 0.0153902236372232
430, 0.014066343040516
431, 0.0141408025907973
432, 0.0142951436961691
433, 0.0143566746264696
434, 0.0141417061289152
435, 0.0135855356541773
436, 0.0130716454503792
437, 0.0143060028286917
438, 0.0185101193686326
439, 0.0138552646773557
440, 0.0161025589331985
441, 0.0100898325132827
442, 0.0118741674038271
443, 0.0113307614810765
444, 0.0124837659920255
445, 0.0131886537807683
446, 0.00978261620427171
447, 0.0104493432057401
448, 0.00952495634555817
449, 0.00987266981974244
450, 0.00983690051361918
451, 0.00986434891819954
452, 0.00947886534656087
453, 0.00976009651397665
454, 0.00980128798012932
455, 0.00963979524870714
456, 0.00929388015841444
457, 0.00911316686930756
458, 0.00896400275329749
459, 0.0141080389730632
460, 0.0143656153231859
461, 0.0139531749300659
462, 0.0138978060955803
463, 0.0144802572516104
464, 0.0140406641488274
465, 0.0139913614839315
466, 0.0143930016395946
467, 0.0145043903030455
468, 0.0142587952626248
469, 0.0141506060026586
470, 0.0142742479220033
471, 0.0144350109621882
472, 0.0141984624788165
473, 0.0145298281374077
474, 0.00617030491897215
475, 0.0144135865515896
476, 0.0104195492652555
477, 0.0103211368744572
478, 0.0104288412258029
479, 0.0130801460084816
480, 0.0124488285121818
481, 0.010026292742363
482, 0.0118423180344204
483, 0.0108472318388522
484, 0.0138430492952466
485, 0.00971230678260326
486, 0.010298798015962
487, 0.0102993271624049
488, 0.0102814929559827
489, 0.0106528831335406
490, 0.010241508949548
491, 0.0101460808267196
492, 0.0139301014132798
493, 0.0137875901224713
494, 0.0102981878444552
495, 0.0148737809310357
496, 0.014695292028288
497, 0.0138786993920803
498, 0.0141159926230709
499, 0.0136861299785475
500, 0.0137912414169737
501, 0.013886510549734
502, 0.0143294814042747
503, 0.0145506996971866
504, 0.0148708665122588
505, 0.0147469748432438
506, 0.0136950353160501
507, 0.0151982765334348
508, 0.00889290062089761
509, 0.0174381425604224
510, 0.00937824063003063
511, 0.0151721211150289
512, 0.0187927378962437
513, 0.0151124304160476
514, 0.0113972841451565
515, 0.0111388908699155
516, 0.0118508641608059
517, 0.0107803976473709
518, 0.0135887317980329
519, 0.0130140765437058
520, 0.0103873830288649
521, 0.0123398968329032
522, 0.0154809573931353
523, 0.0112973738772174
524, 0.0138291567564011
525, 0.0108896166396638
526, 0.0108086167213817
527, 0.0134381555641691
528, 0.01098157496502
529, 0.0107174115255475
530, 0.0106367749561157
531, 0.0141223135093848
532, 0.0153743571912249
533, 0.0135127371177077
534, 0.013605820791175
535, 0.0135418966722985
536, 0.0144502632319927
537, 0.0148006919771433
538, 0.0151275357541939
539, 0.0157773927785456
540, 0.0110176570403079
541, 0.00880468543618917
542, 0.0167045661558708
543, 0.0115673233134051
544, 0.0173498060554266
545, 0.0163605194538832
546, 0.0174692185329539
547, 0.0115096744460364
548, 0.0120626778031389
549, 0.0125684866992136
550, 0.0117199600984653
551, 0.0133821521885693
552, 0.0131256226450205
553, 0.0112124094739556
554, 0.0127348959445953
555, 0.0137446168810129
556, 0.0159531853472193
557, 0.0141555247828364
558, 0.0117704113945365
559, 0.0114118714506427
560, 0.0115349367260933
561, 0.0112529719869296
562, 0.0133150074010094
563, 0.0155714335851371
564, 0.0146080184107025
565, 0.0125265625926356
566, 0.0150903213458757
567, 0.0143115076546868
568, 0.0152878357718388
569, 0.0129292431908349
570, 0.0124664072257777
571, 0.0120833178982139
572, 0.0126970248030765
573, 0.0131670849708219
574, 0.0136470920406282
575, 0.0120458432162801
576, 0.0118533885106444
577, 0.0122808425997694
578, 0.0131884364721676
579, 0.0130736421793699
580, 0.014198887317131
581, 0.0160269308835268
582, 0.0134537625791771
583, 0.0153442348043124
584, 0.0147087381531795
585, 0.0133527301562329
586, 0.011646889682327
587, 0.0164659929772218
588, 0.0125624248757958
589, 0.0127595319811787
590, 0.0135318953543901
591, 0.0142754125408828
592, 0.0154996731628974
593, 0.01465027872473
594, 0.0166129476080338
595, 0.0110683180391788
596, 0.0162172112613916
597, 0.01220368668437
598, 0.0141934670507908
599, 0.014573591761291
600, 0.0144253054944177
601, 0.010064315982163
602, 0.0140957152470946
603, 0.0141993708287676
604, 0.0143431268321971
605, 0.0149724679067731
606, 0.0157022816129029
607, 0.0171268197397391
608, 0.0199486824373404
609, 0.0146782112618287
610, 0.0144226482758919
611, 0.0141507585843404
612, 0.0138767240568995
613, 0.0136168412864208
614, 0.0133925864162544
615, 0.0131945246830583
616, 0.00815255722651879
617, 0.00893258924285571
618, 0.00990438275039196
619, 0.0109036841119329
620, 0.011872919742018
621, 0.0127404524634282
622, 0.0134636098518968
623, 0.0155069967731833
624, 0.014023354742676
625, 0.0146915440758069
626, 0.0148521829396486
627, 0.0149386310949922
628, 0.0149808543113371
629, 0.0150067781408628
630, 0.0150430045711497
631, 0.0151191552480062
632, 0.0152656255910794
633, 0.00644196344849964
634, 0.00559239609477421
635, 0.00453446483394752
636, 0.00338827052231257
637, 0.0024736441206187
638, 0.0208817828180534
639, 0.00579307919542771
640, 0.013251905174305
641, 0.0150426967690388
642, 0.0150026365493735
643, 0.00940325468157729
644, 0.013880809613814
645, 0.01482477132231
646, 0.0149245887684325
647, 0.0104392459616065
648, 0.0114929998914401
649, 0.0124471181382736
650, 0.0143360186678668
651, 0.0146398412374159
652, 0.0149691745949288
653, 0.0149862612597644
654, 0.014906024094671
655, 0.0143493825259308
656, 0.0139062791131437
657, 0.0152445482090116
658, 0.0153550012037158
659, 0.0137028006526331
660, 0.0141269904561341
661, 0.0150985034803549
662, 0.0145607592227558
663, 0.0140038862203558
664, 0.0251440877715747
665, 0.0149396249713997
666, 0.0137724863986174
667, 0.0139031889848411
668, 0.0142495045438409
669, 0.0154968930097918
670, 0.0143924082318942
671, 0.013586293750753
672, 0.0133726703003049
673, 0.0179883042971293
674, 0.0146027440205216
675, 0.0164314241458972
676, 0.00710341900897523
677, 0.00635553570464253
678, 0.00685305575219293
679, 0.00752843342100581
680, 0.00727937704262634
681, 0.0151462743857077
682, 0.0135577213285225
683, 0.0149772351918121
684, 0.0121794619287054
685, 0.0148274572566152
686, 0.0110981574592491
687, 0.0149678722955287
688, 0.00988856035595139
689, 0.0149745536036789
690, 0.0149296360711257
691, 0.0149704452293615
692, 0.0130925967047612
693, 0.0146313803270459
694, 0.0137972796025376
695, 0.0143012055195868
696, 0.0149152482238909
697, 0.0150534058921039
698, 0.0145092631379763
699, 0.0143269165419042
700, 0.0141349344824751
701, 0.013947923357288
702, 0.0147523395717144
703, 0.00831206056422421
704, 0.0141385871296128
705, 0.0137787354178727
706, 0.0139240437808136
707, 0.0146867902949452
708, 0.0144812579577168
709, 0.014991194785883
710, 0.0154564211455484
711, 0.0161468110357722
712, 0.0171295289571087
713, 0.0140376303655406
714, 0.00770659457581739
715, 0.00895850616507232
716, 0.00803831204151114
717, 0.014874219118307
718, 0.0146820711282392
719, 0.0149778455185393
720, 0.0149463668155173
721, 0.0106557683708767
722, 0.0149218460234503
723, 0.0118978020424644
724, 0.0143345521452526
725, 0.0149898376936714
726, 0.0149638975660006
727, 0.0150183130055666
728, 0.0129784558278819
729, 0.0137806565811237
730, 0.0148182388705512
731, 0.0144953937269747
732, 0.0143351053508619
733, 0.0141510480704407
734, 0.014928121784968
735, 0.0146747046771149
736, 0.0137868996709585
737, 0.00890110451728105
738, 0.0143314699331919
739, 0.0150458269442121
740, 0.015435428203394
741, 0.0159776972917219
742, 0.0166478135312597
743, 0.0139772757621748
744, 0.0147720890430113
745, 0.014100624093165
746, 0.0142103848047554
747, 0.00896536139771342
748, 0.0183702061573664
749, 0.00913629321647542
750, 0.00954547724021333
751, 0.0077452152967453
752, 0.0151703290951749
753, 0.0149751629990836
754, 0.0148010406022271
755, 0.0150374380561213
756, 0.0148694024288229
757, 0.0149394366890192
758, 0.014772335998714
759, 0.0149940671399236
760, 0.0150355019917091
761, 0.0144505674640338
762, 0.0143642828666738
763, 0.0114997435982029
764, 0.0128856748342514
765, 0.0145160740551849
766, 0.0138396914117038
767, 0.0146470024871329
768, 0.0153950080275536
769, 0.0158039086187879
770, 0.0163050858924786
771, 0.0145770121986667
772, 0.0150779193888108
773, 0.0142922727391124
774, 0.0141793880611658
775, 0.0144268608031174
776, 0.0108091642281839
777, 0.0101694846525788
778, 0.0173931994164983
779, 0.0106827011331916
780, 0.00928650172427297
781, 0.0177264781668782
782, 0.0119151305407286
783, 0.0121372773622473
784, 0.0151265682652593
785, 0.0151539801930388
786, 0.0147730768658221
787, 0.0149963779064516
788, 0.0151126659475267
789, 0.0148646552115679
790, 0.0145622417330742
791, 0.0149317410153647
792, 0.0150281970078746
793, 0.0146699002943933
794, 0.0139678594035407
795, 0.0127665116451681
796, 0.0148622833192348
797, 0.0146454690645138
798, 0.0156201200249294
799, 0.0159334467413525
800, 0.0153246663200359
801, 0.0148468778158228
802, 0.0146696927646796
803, 0.0167685567090909
804, 0.0146938307831685
805, 0.0140094842229571
806, 0.0152786636725068
807, 0.0153241440032919
808, 0.0152207392134837
809, 0.0153017500415444
810, 0.015079956036061
811, 0.0149406207104524
812, 0.0150051487920185
813, 0.0154202044276255
814, 0.0156207612405221
815, 0.0141361864904563
816, 0.0146615462377667
817, 0.0150882673139373
818, 0.0145128600609799
819, 0.0149110457859933
820, 0.016243531058232
821, 0.0166385513065117
822, 0.0157600613310933
823, 0.0151069024577737
824, 0.0156864575110376
825, 0.014803096785077
826, 0.0149692002683878
827, 0.0155053088175399
828, 0.0147557277232409
829, 0.0125091991697749
830, 0.0202623575925827
831, 0.0119718650355935
832, 0.0152578357607126
833, 0.0162723608314991
834, 0.00971355219371617
835, 0.00253220200538635
836, 0.014086973387748
837, 0.0142021647964915
838, 0.0143576404079795
839, 0.0146005181595683
840, 0.0150155589605371
841, 0.0157734490931034
842, 0.0155232121857504
843, 0.0172245999177297
844, 0.0205427057420214
845, 0.0268276188522577
846, 0.00578882325498853
847, 0.0209416046272963
848, 0.00934968562796712
849, 0.00937434999893109
850, 0.0093883660932382
851, 0.00937606596077482
852, 0.00932049363230666
853, 0.00920281435052554
854, 0.00900465281059345
855, 0.00870495584482948
856, 0.00827643647789955
857, 0.00768606659645836
858, 0.00689716815638045
859, 0.00587834068574011
860, 0.00464174392012258
861, 0.00345024099806324
862, 0.0134202314851185
863, 0.0129073080606759
864, 0.0125173758715391
865, 0.0121911107562482
866, 0.0118938481124739
867, 0.0116083920001984
868, 0.0113247279077768
869, 0.0110384385722379
870, 0.0107500132483741
871, 0.0104637090116739
872, 0.0101871623968085
873, 0.00992800962800781
874, 0.00969699847822388
875, 0.00950797103966276
876, 0.0130158849060535
877, 0.0130537526371578
878, 0.0131355918323
879, 0.0142082123396297
880, 0.0143306284832458
881, 0.014476603983591
882, 0.0146725019440055
883, 0.0149571434594691
884, 0.015378143483152
885, 0.0159402031761905
886, 0.0165682812221348
887, 0.00857325425992409
888, 0.00917786452919245
889, 0.00693454469243685
890, 0.00634830712806433
891, 0.00945217752208312
892, 0.00950298768778642
893, 0.00948191527277231
894, 0.0094996658153832
895, 0.00892403675243258
896, 0.00811575337623557
897, 0.00755605373221139
898, 0.00934902050842842
899, 0.0140921746691068
900, 0.0133841618274649
901, 0.0139716553191344
902, 0.0138408451651533
903, 0.0144175033395489
904, 0.0145559217780828
905, 0.0147226476110518
906, 0.0149282867399355
907, 0.0151763792770604
908, 0.0154519455196957
909, 0.0135471362931033
910, 0.0136984192455808
911, 0.0132544914570947
912, 0.0142050245776772
913, 0.0131547804921865
914, 0.0152606066316366
915, 0.011468654188017
916, 0.0111468279113372
917, 0.0108219537263115
918, 0.0104994511542221
919, 0.0101909165581067
920, 0.00990196410566568
921, 0.0117847262881696
922, 0.0136650648588936
923, 0.012097982224077
924, 0.0127620357088745
925, 0.0124183152802289
926, 0.00965468259528279
927, 0.013981136182944
928, 0.0155899360155066
929, 0.018323915079236
930, 0.0142414071597159
931, 0.0150016283926864
932, 0.0144069812571009
933, 0.0135057368315756
934, 0.0137104871682823
935, 0.0138617246411741
936, 0.0165889629473289
937, 0.0146410988333325
938, 0.0133595513179898
939, 0.00945572608283588
940, 0.0153890418420945
941, 0.0135719403624535
942, 0.0141811524517834
943, 0.00973566342145205
944, 0.00974505829314391
945, 0.00969120347872376
946, 0.00909427382672826
947, 0.00972245400771499
948, 0.00917525674837331
949, 0.00932628040512403
950, 0.00966435593242447
951, 0.00947989212969939
952, 0.00960537806774179
953, 0.0133948856964707
954, 0.0140652759000659
955, 0.0138195990584791
956, 0.0139450030401349
957, 0.0150191547969977
958, 0.0149404338250558
959, 0.0148156320986648
960, 0.0146887530572712
961, 0.0145715158432722
962, 0.0150248646736145
963, 0.0134715486007432
964, 0.0142960644637545
965, 0.0129576885762314
966, 0.0126066530744235
967, 0.013340985092024
968, 0.0137793625084062
969, 0.0122694876044989
970, 0.0108659208441774
971, 0.0112264772566656
972, 0.0115831278574963
973, 0.0105066439136863
974, 0.0119307367131114
975, 0.0101749439102908
976, 0.00984724038945777
977, 0.0143334427848458
978, 0.0141062006975214
979, 0.0136350767376522
980, 0.0138198087612788
981, 0.0147204364960392
982, 0.0150581135724982
983, 0.0144809686268369
984, 0.0155523053059975
985, 0.0162878753617406
986, 0.0139727556767563
987, 0.00939473621547222
988, 0.00921678255933026
989, 0.0144452206524355
990, 0.0137696956905226
991, 0.0143680111505091
992, 0.0135720086594423
993, 0.0101862146208684
994, 0.010237362391005
995, 0.0099497870542109
996, 0.0142707781245311
997, 0.0100493282079697
998, 0.0101224966347218
999, 0.0103584197349846
1000, 0.0104899299331009
1001, 0.0102869104593992
1002, 0.0107450430902342
1003, 0.0112191758429011
1004, 0.0140669931036731
1005, 0.0141707907120387
1006, 0.0146812875755131
1007, 0.014622097214063
1008, 0.0146958484935264
1009, 0.0146740061851839
1010, 0.0136919527625044
1011, 0.0136904957305108
1012, 0.00959578361362219
1013, 0.0144661120139062
1014, 0.0120492063773175
1015, 0.0116707454435527
1016, 0.0112766640571256
1017, 0.0131133696995676
1018, 0.0134792326328655
1019, 0.0138875090827545
1020, 0.0108747224633892
1021, 0.0101470477879047
1022, 0.010468810175856
1023, 0.0124118106129269
1024, 0.0127636704904338
1025, 0.0142960976809263
1026, 0.0160988743106524
1027, 0.0155323023597399
1028, 0.0151011122701069
1029, 0.0147849634910623
1030, 0.0139664256324371
1031, 0.0173766209433476
1032, 0.0141334594227374
1033, 0.0132823806256056
1034, 0.00972119501481454
1035, 0.0124959169576565
1036, 0.0138510366280874
1037, 0.014503064720581
1038, 0.0107890240227183
1039, 0.0106376794477304
1040, 0.0104797158079843
1041, 0.0103709366438644
1042, 0.0109574222005904
1043, 0.01443773182109
1044, 0.011468185732762
1045, 0.0111728683114052
1046, 0.0143655982489387
1047, 0.0118907101762791
1048, 0.0142853390425444
1049, 0.0145389164487521
1050, 0.0143499102975641
1051, 0.0145074360383054
1052, 0.0137518326131006
1053, 0.0142625648528337
1054, 0.0139592263537149
1055, 0.0145635322357217
1056, 0.0139480332533518
1057, 0.0121448567758004
1058, 0.0117279688517253
1059, 0.0135934134013951
1060, 0.0139354653656483
1061, 0.0112818762039145
1062, 0.0125309419818223
1063, 0.010836821825554
1064, 0.0132497764813403
1065, 0.0128969370077054
1066, 0.0159262577071786
1067, 0.0145413791760802
1068, 0.0168138379231095
1069, 0.0141481636092067
1070, 0.0154646801141401
1071, 0.0151012935675681
1072, 0.0143390679731965
1073, 0.012082789093256
1074, 0.0182800069451332
1075, 0.0132866567000747
1076, 0.0133535612064103
1077, 0.0140051509564122
1078, 0.0135397099268933
1079, 0.0139006689190865
1080, 0.0141084667605658
1081, 0.0145600115259488
1082, 0.0112549437520405
1083, 0.0109912577706079
1084, 0.0114985240312914
1085, 0.011794868701448
1086, 0.0145441434967021
1087, 0.0121698289488753
1088, 0.0145141398534179
1089, 0.0126571133732796
1090, 0.0144677877736588
1091, 0.0143374558538198
1092, 0.014199110524108
1093, 0.0145598887465894
1094, 0.0107545051723719
1095, 0.0174203235656023
1096, 0.0122188637033105
1097, 0.0140186535815398
1098, 0.0117320092394948
1099, 0.0126350115363797
1100, 0.0112011732223133
1101, 0.0137146899166207
1102, 0.0130134235757093
1103, 0.0164252715185285
1104, 0.0133694604349633
1105, 0.0157010414016743
1106, 0.0148126650601625
1107, 0.0143617068727811
1108, 0.0153563443260888
1109, 0.0145713662107786
1110, 0.014139285577195
1111, 0.0142577635124326
1112, 0.0112903602421284
1113, 0.0150917112561209
1114, 0.0137770993945499
1115, 0.0174233733365933
1116, 0.0140712838619947
1117, 0.0143402299533288
1118, 0.0116560606818114
1119, 0.011926183787485
1120, 0.014523410393546
1121, 0.0122660654596984
1122, 0.0145687476421396
1123, 0.0142513094469905
1124, 0.0126694881667693
1125, 0.0131639088504016
1126, 0.0146023399817447
1127, 0.0145976847658555
1128, 0.0144040499192973
1129, 0.0144403139129281
1130, 0.0144559711528321
1131, 0.0168453805769483
1132, 0.0122613318574925
1133, 0.0127309712891777
1134, 0.0141465697171433
1135, 0.0131268718590339
1136, 0.0161032841230432
1137, 0.0150581674339871
1138, 0.0138005589445432
1139, 0.0134737345700463
1140, 0.0154679737364252
1141, 0.0145630218709509
1142, 0.0148005241838594
1143, 0.0143685169517994
1144, 0.0159320438591142
1145, 0.0158405038528144
1146, 0.016897000061969
1147, 0.0140325054526329
1148, 0.0145223087941607
1149, 0.0145121268928051
1150, 0.0126029797829688
1151, 0.0144962940054635
1152, 0.0130186076276004
1153, 0.0134859055591126
1154, 0.0145952932847043
1155, 0.0146714056221147
1156, 0.0145756530885895
1157, 0.0164167929440737
1158, 0.0128151194325515
1159, 0.0157086504623294
1160, 0.0132424238448342
1161, 0.0152220733774205
1162, 0.0135817574337125
1163, 0.0138881516953309
1164, 0.0147560647067924
1165, 0.0149801371929546
1166, 0.0145116624023233
1167, 0.012235907651484
1168, 0.0180436138063669
1169, 0.0141572061305245
1170, 0.0153841065863768
1171, 0.0143826875525216
1172, 0.0141751154636343
1173, 0.0137070716979603
1174, 0.0146486130543053
1175, 0.0132397622801363
1176, 0.0146863497793674
1177, 0.0147850204259157
1178, 0.0153751097885626
1179, 0.0146622089669108
1180, 0.0133870037272573
1181, 0.0147051049085955
1182, 0.013705017666022
1183, 0.0163949932903051
1184, 0.0159357726307852
1185, 0.0152395875193179
1186, 0.0140056915891667
1187, 0.0144796653517655
1188, 0.0150650256934265
1189, 0.0148886698298156
1190, 0.0142305836391946
1191, 0.0142735969275236
1192, 0.0148097639903426
1193, 0.0145494859665632
1194, 0.0152801107615232
1195, 0.0147276585921645
1196, 0.0147844619516815
1197, 0.0153491737853203
1198, 0.015040368506951
1199, 0.0138663604323353
1200, 0.014155786174039
1201, 0.0143671326339245
1202, 0.0150235040734212
1203, 0.0149214539366464
1204, 0.0146716597179572
1205, 0.0147049138322473
1206, 0.015089400485158
1207, 0.0143339221055309
1208, 0.0147768027548279
1209, 0.0143949420501788
1210, 0.014495292523255
1211, 0.0146644609048963
1212, 0.0148839874193072
