1, 0.00586896669119596
2, 0.0191076823199789
3, 0.00255048670805991
4, 0.00544023141264915
5, 0.0078711649402976
6, 0.0100428387522697
7, 0.00472500454634428
8, 0.00254904851317406
9, 0.0191068332642317
10, 0.00571117317304015
11, 0.00765728950500488
12, 0.00977733638137579
13, 0.00652541336603463
14, 0.00720758666284382
15, 0.0076232582796365
16, 0.00803776287163297
17, 0.00854001473635435
18, 0.0093154264613986
19, 0.0108202267438173
20, 0.0146441569862266
21, 0.0162174908909947
22, 0.0133568750073512
23, 0.00850959463665883
24, 0.00466519392405947
25, 0.00260411816028257
26, 0.00175377517007291
27, 0.00158995626649509
28, 0.00153291483487313
29, 0.00227370051046213
30, 0.00293864069196085
31, 0.00350479750583569
32, 0.00396197576386233
33, 0.00432217563502491
34, 0.00460716189506153
35, 0.00483384417990843
36, 0.00501430515820781
37, 0.00515765169014533
38, 0.00527001839751999
39, 0.00535370285312335
40, 0.0054114064356933
41, 0.00544424017425627
42, 0.00546732544898987
43, 0.00554694871728619
44, 0.00567764742299914
45, 0.00584535471474131
46, 0.00604277228315671
47, 0.00626412530740102
48, 0.00650066525364916
49, 0.00674326671287417
50, 0.00698479497805238
51, 0.0072167346564432
52, 0.00742980961998304
53, 0.00760793639346957
54, 0.00778072606772184
55, 0.00785442270959417
56, 0.00789100273201863
57, 0.00795799835274617
58, 0.00804388833542665
59, 0.0081462562084198
60, 0.00826108145217101
61, 0.00838100692878167
62, 0.0084960525855422
63, 0.00859320412079493
64, 0.0086578115200003
65, 0.00867246743291616
66, 0.00862043568243583
67, 0.00848679803311825
68, 0.0082636329655846
69, 0.00795261530826489
70, 0.00756942946463823
71, 0.00714876083657146
72, 0.00674084760248661
73, 0.00638685468584299
74, 0.00616301347812017
75, 0.00614299951121211
76, 0.00634591126193603
77, 0.00669233299170931
78, 0.00709727251281341
79, 0.00750640531380971
80, 0.00786745129153132
81, 0.0081482029830416
82, 0.00833537864188353
83, 0.00843060668557882
84, 0.00844706998517116
85, 0.00840398358802001
86, 0.00832438158492247
87, 0.00823234238972267
88, 0.0081556485965848
89, 0.00813404781123002
90, 0.00823906219253937
91, 0.00867579442759355
92, 0.00902879913337529
93, 0.00878105747203032
94, 0.00746893820663293
95, 0.00693239364773035
96, 0.0065658896540602
97, 0.00626855840285619
98, 0.0059995378057162
99, 0.00574813426161806
100, 0.00551304034888744
101, 0.00529771468912562
102, 0.00510778790339828
103, 0.00494702983026703
104, 0.00482100636387865
105, 0.00474678678438067
106, 0.00471842393744737
107, 0.00468693122578164
108, 0.00466465639571349
109, 0.00462834304198623
110, 0.00456292283100386
111, 0.00445741997100413
112, 0.004299095676591
113, 0.00407379826841255
114, 0.00376348531184097
115, 0.00334761252937218
116, 0.00281063781585544
117, 0.0021541645983234
118, 0.00150152577164893
119, 0.00159330586514746
120, 0.00172974850283936
121, 0.00246195766764383
122, 0.00430328686100741
123, 0.00810749176889658
124, 0.0132957364742955
125, 0.0176940662786365
126, 0.014588499131302
127, 0.0107416228080789
128, 0.00922059267759323
129, 0.00840818913032611
130, 0.00783459787877897
131, 0.00731538841500878
132, 0.00649582868209109
133, 0.00605195869381229
134, 0.00631668154771129
135, 0.00674762468164166
136, 0.00723894530286392
137, 0.00773000360156099
138, 0.00815855183949073
139, 0.0084857971717914
140, 0.00869678519666195
141, 0.00879502731064955
142, 0.0087976697832346
143, 0.00872734406342109
144, 0.00860684302945932
145, 0.00845786401381095
146, 0.0082971149434646
147, 0.00813905956844489
148, 0.00799330075581869
149, 0.00786638042579095
150, 0.00776507363965114
151, 0.00769135418037574
152, 0.00763661472592503
153, 0.00758945445219676
154, 0.00744114800666769
155, 0.0072454153560102
156, 0.007023217001309
157, 0.00678668357431889
158, 0.00654420706753929
159, 0.00630409720664223
160, 0.00607676648845275
161, 0.00587171021228035
162, 0.00569632432113091
163, 0.00555808547263344
164, 0.00547121713558833
165, 0.00174162344774231
166, 0.0025354353711009
167, 0.0044657054822892
168, 0.00810274916390578
169, 0.0132528968776266
170, 0.017683792548875
171, 0.0162119374144822
172, 0.0134058880309264
173, 0.00851250005265077
174, 0.00446131282175581
175, 0.00245599464202921
176, 0.00171534676337615
177, 0.00475326832383871
178, 0.00483789853751659
179, 0.00497427567218741
180, 0.00514587915192048
181, 0.00534823924923937
182, 0.00557812349870801
183, 0.00583085278049111
184, 0.00610457609097163
185, 0.00640761697043975
186, 0.00677575419346492
187, 0.00730169750750065
188, 0.0085658150104185
189, 0.00881586689502001
190, 0.00849396424988906
191, 0.00809285820772251
192, 0.0080203004181385
193, 0.00807695183902979
194, 0.0081932715450724
195, 0.00833167787641287
196, 0.00846310580770175
197, 0.00856019960095485
198, 0.00859426769117514
199, 0.00853868635992209
200, 0.00837273864696423
201, 0.00808709487318993
202, 0.00769152088711659
203, 0.00722114555537701
204, 0.00674138792480032
205, 0.00631263308847944
206, 0.00605080897609393
207, 0.00787010028337439
208, 0.00744362928283711
209, 0.0024582013914672
210, 0.0042564058676362
211, 0.00704027861356735
212, 0.00694977232099821
213, 0.00832391809672117
214, 0.00894373670841257
215, 0.0102233920645501
216, 0.0100126944792767
217, 0.0121118413905303
218, 0.00453962162802262
219, 0.0126595605785648
220, 0.00497422514793773
221, 0.00478475082976123
222, 0.00454914073149363
223, 0.00389384420122951
224, 0.00344744239312907
225, 0.0029047765613844
226, 0.00240406427266342
227, 0.00156911474186927
228, 0.00662401970475912
229, 0.00638193908768396
230, 0.00615021827009817
231, 0.00593819104445477
232, 0.00575385017630955
233, 0.00560024691124757
234, 0.00549320899881423
235, 0.00719999009743333
236, 0.00752680834072332
237, 0.00784174903916816
238, 0.00811062365149458
239, 0.00831367370362083
240, 0.00844475502769152
241, 0.00850676884874701
242, 0.00850952556356788
243, 0.00846603931859136
244, 0.0083902709496518
245, 0.00829507767533263
246, 0.00819135612497727
247, 0.00808837016423543
248, 0.00799336455141505
249, 0.0079105314022551
250, 0.00784108834341168
251, 0.00779600193103154
252, 0.00686779175885022
253, 0.00583249283954501
254, 0.0060368333167086
255, 0.0073321673553437
256, 0.00710630921336512
257, 0.00650712964124978
258, 0.00626476008134584
259, 0.00566137178490559
260, 0.00753794028423727
261, 0.00768225071951747
262, 0.00691022250490884
263, 0.00821992987766862
264, 0.00772876160529753
265, 0.00786778711092969
266, 0.00804350664839149
267, 0.00833808941145738
268, 0.00831624213606119
269, 0.00766987120732665
270, 0.00666500705604752
271, 0.00835003657266498
272, 0.00789552849406997
273, 0.00822902315606674
274, 0.00808683068801959
275, 0.00829107811053594
276, 0.00813464944561323
277, 0.00795291868659357
278, 0.00779319368302822
279, 0.00512652813146512
280, 0.0046471452806145
281, 0.00534422509372234
282, 0.00524885711881022
283, 0.00502791053925951
284, 0.00376734933039794
285, 0.00485502330896755
286, 0.00342333188746125
287, 0.00540774525143206
288, 0.00544080454856157
289, 0.00410958290255318
290, 0.00440003272766868
291, 0.0081952145944039
292, 0.00944912976895769
293, 0.00728955977995481
294, 0.0077690293546766
295, 0.00871066857750217
296, 0.00550788660932864
297, 0.00766485324129462
298, 0.00414134534075856
299, 0.00914526861160994
300, 0.00762508297339082
301, 0.0109559120610356
302, 0.00557239912450314
303, 0.00699792942032218
304, 0.00723567410993079
305, 0.00745235856932898
306, 0.00638924857291083
307, 0.00614591493892173
308, 0.00571371032856405
309, 0.00591874456343551
310, 0.00675473121615748
311, 0.00808516532803575
312, 0.0081763359097143
313, 0.00828418647870421
314, 0.00825322046875954
315, 0.00831829911718766
316, 0.00830457825213671
317, 0.00772143496821324
318, 0.00764888051586847
319, 0.00759668042883277
320, 0.00780333415605128
321, 0.0079883736713479
322, 0.00819963496178389
323, 0.00789268089768787
324, 0.0080652660690248
325, 0.00744063383899629
326, 0.0075724327005446
327, 0.00517068423020343
328, 0.00545820213543872
329, 0.00538673034558694
330, 0.0049258255554984
331, 0.00506439215193192
332, 0.00519006831261019
333, 0.00477784755639732
334, 0.00448355455106745
335, 0.00462608450713257
336, 0.00528976336742441
337, 0.0106890632637909
338, 0.00914332239578168
339, 0.00859588664025068
340, 0.00811547227203846
341, 0.00767937963828444
342, 0.00287356332410127
343, 0.00470665699270155
344, 0.00556901676048126
345, 0.00738676371318953
346, 0.00689204557177921
347, 0.00602101084465782
348, 0.00626820512115955
349, 0.00712799374014139
350, 0.00579104859692355
351, 0.00664160338540872
352, 0.00841672780613104
353, 0.00844976057608922
354, 0.00842853992556532
355, 0.00764676920759181
356, 0.00835631554946303
357, 0.00756024592556059
358, 0.00743146644284328
359, 0.00748341957417627
360, 0.00799061342452963
361, 0.0081217885017395
362, 0.00824830075725913
363, 0.00774863416639467
364, 0.00786446842054526
365, 0.00787810127561291
366, 0.00530156873477002
367, 0.00984133795524637
368, 0.00543884420767426
369, 0.00546504541610678
370, 0.00541901487546663
371, 0.00539321328202883
372, 0.00548502981352309
373, 0.00538966579673191
374, 0.00539876520633698
375, 0.00894533423706889
376, 0.00853473283350468
377, 0.00829826186721524
378, 0.00678577902726829
379, 0.00586601393297315
380, 0.0061553871879975
381, 0.00704260356724262
382, 0.00871217623353004
383, 0.00862553746749957
384, 0.00848496813947956
385, 0.00730649048152069
386, 0.00722291180863976
387, 0.00830817936609189
388, 0.00738751546790202
389, 0.0074897826804469
390, 0.00793111223417024
391, 0.0081174960359931
392, 0.00776155696560939
393, 0.00761417586666842
394, 0.00652389771615465
395, 0.0054853712208569
396, 0.00552050722762942
397, 0.00946707371622324
398, 0.00562694466983279
399, 0.00584601936861873
400, 0.00619310908950865
401, 0.00600848246055345
402, 0.0059004284751912
403, 0.00558041129261255
404, 0.00873561230088983
405, 0.00565622868016362
406, 0.00667307595722377
407, 0.00605256324633956
408, 0.00693598156794906
409, 0.00887350675960382
410, 0.00724590606987476
411, 0.00866106664761901
412, 0.00709205465391278
413, 0.00840865029022098
414, 0.00711496950437625
415, 0.00814622376735012
416, 0.00721048718939225
417, 0.00789422914385796
418, 0.00733217845360438
419, 0.00767067206713061
420, 0.00748333746256928
421, 0.0064017769570152
422, 0.00647780570822458
423, 0.00920235443239411
424, 0.00995384203270078
425, 0.00582522122810284
426, 0.00667963673671087
427, 0.00629361090250313
428, 0.00644740113057196
429, 0.00583417667075992
430, 0.00897595342248678
431, 0.00921399492238249
432, 0.00654501654207706
433, 0.00886878759289781
434, 0.00852952882026633
435, 0.00819004016617934
436, 0.00786656800967952
437, 0.00690474516401688
438, 0.00716512619207303
439, 0.00702248785334329
440, 0.00758285114231209
441, 0.00734935274037222
442, 0.00630644204405447
443, 0.00704869837500155
444, 0.00700228521600366
445, 0.00584199271785716
446, 0.00619502955426772
447, 0.0095850828414162
448, 0.00698871569087108
449, 0.00675469489457707
450, 0.00614111730828881
451, 0.00901437643915415
452, 0.00614637449117644
453, 0.00655244956059115
454, 0.00864827772602439
455, 0.00822110365455349
456, 0.00682898025427546
457, 0.00781994173303246
458, 0.00747489323839545
459, 0.00681703227261702
460, 0.00698068745744725
461, 0.00668711347195009
462, 0.00719567644409835
463, 0.00630162684246898
464, 0.00745553600912293
465, 0.00970402763535579
466, 0.00658815711115797
467, 0.00730159824403624
468, 0.00646953005343676
469, 0.00871610064059496
470, 0.00944452378898859
471, 0.00819696439430118
472, 0.0101033993331449
473, 0.00782878923096827
474, 0.00816127580280105
475, 0.00639389734715223
476, 0.0090585042323385
477, 0.00594492924089233
478, 0.0104693165048957
479, 0.00422856295481324
480, 0.00921695431073507
481, 0.00770085444673896
482, 0.00344522637315094
483, 0.00476681441068649
484, 0.00544871847766141
485, 0.00569424498826265
486, 0.00595858437009156
487, 0.00624123603726427
488, 0.00654774392023683
489, 0.00689796016861995
490, 0.00736654340289533
491, 0.00805611823064586
492, 0.00470039768454929
493, 0.00276465042649458
494, 0.00217734238443275
495, 0.0037098698473225
496, 0.00328893125212441
497, 0.00159240155092751
498, 0.0101756009583672
499, 0.00691301779200633
500, 0.0132585234629611
501, 0.00433934549801052
502, 0.0025521627200457
503, 0.0066375652483354
504, 0.00822647179787358
505, 0.00828563282266259
506, 0.00833257613703609
507, 0.00834653743853172
508, 0.00830911053344607
509, 0.0082059632986784
510, 0.0080293663777411
511, 0.00778240136181315
512, 0.00748120434582233
513, 0.00979200672979156
514, 0.00742850149981678
515, 0.00829438601310054
516, 0.00887067414199313
517, 0.0052269547401617
518, 0.00698927960669001
519, 0.00662233711530765
520, 0.00628793907041351
521, 0.00597523114023109
522, 0.0056828164961189
523, 0.00503557237486045
524, 0.00487676503447195
525, 0.00741043399708966
526, 0.00468199645789961
527, 0.00463794420162837
528, 0.00456288681986431
529, 0.00403297494631261
530, 0.00363654538523406
531, 0.00444518658332527
532, 0.00427293630006413
533, 0.00326158409006894
534, 0.00395490279576431
535, 0.0150232266945144
536, 0.00817673079048594
537, 0.00786638353019953
538, 0.00715904131842156
539, 0.00819542134801547
540, 0.00825400029619535
541, 0.00816761609166861
542, 0.00820495358978709
543, 0.00833525788038969
544, 0.00858035609126091
545, 0.00816128837565581
546, 0.00814770503590504
547, 0.00804430153220892
548, 0.00823528800780574
549, 0.00823592053105434
550, 0.00785278055506448
551, 0.00928915664553642
552, 0.00702336495742202
553, 0.00865800197546681
554, 0.00803350650572351
555, 0.0115930700364212
556, 0.00726467650383711
557, 0.00779850361868739
558, 0.00516966714834173
559, 0.00629145706382891
560, 0.00595815829001367
561, 0.00664509972557425
562, 0.00701899376387397
563, 0.00743069375554721
564, 0.00541170399325589
565, 0.00478816397177676
566, 0.00421196323198577
567, 0.00473330014695724
568, 0.00456171257731815
569, 0.00466630180987219
570, 0.00445014118061711
571, 0.0045417322544381
572, 0.00441262242384255
573, 0.00293054278396691
574, 0.00477335144144793
575, 0.0081074774886171
576, 0.00687108274238805
577, 0.00811700227980812
578, 0.00808500607187549
579, 0.00827567791566253
580, 0.00824855904405316
581, 0.00819268667449554
582, 0.00812330826496085
583, 0.00826025319596132
584, 0.00805279472842813
585, 0.00819090101867914
586, 0.00764435801344613
587, 0.00808656386410197
588, 0.00816956845422586
589, 0.00912743325655659
590, 0.00774864573031664
591, 0.00496953205826382
592, 0.00479641064469303
593, 0.0109154164480666
594, 0.00741642607109887
595, 0.00957826830978904
596, 0.00491406090025391
597, 0.00780270814097353
598, 0.00508547962332765
599, 0.00534963778530558
600, 0.00700538395904005
601, 0.00662441900931299
602, 0.0073838858709981
603, 0.00626129036148389
604, 0.0056431769238164
605, 0.0103395514500638
606, 0.00496657259230103
607, 0.00474601844325662
608, 0.00492674640069405
609, 0.00488904700614512
610, 0.0046465212944895
611, 0.0048284741739432
612, 0.00541013161030908
613, 0.00494829216040671
614, 0.00444581278134137
615, 0.0079895822952191
616, 0.00471073389053345
617, 0.00841173095007738
618, 0.00846084595347444
619, 0.00805883885671695
620, 0.00832182634621859
621, 0.00820541863019268
622, 0.00808158175398906
623, 0.0074132876470685
624, 0.0079655145915846
625, 0.00790163455531001
626, 0.00793955374198655
627, 0.00858333148062229
628, 0.00810475281572768
629, 0.00765955280512571
630, 0.00490343831479549
631, 0.00786484894342721
632, 0.0052602814976126
633, 0.00557248915235202
634, 0.00736252750669207
635, 0.00694147140408556
636, 0.00657432107254863
637, 0.00591226426574091
638, 0.00526728178374469
639, 0.00524651173812648
640, 0.00521748350001872
641, 0.00523432592550914
642, 0.00519146397709846
643, 0.0053125008319815
644, 0.0056058616998295
645, 0.00786315222891668
646, 0.00863613622883956
647, 0.00846220972016454
648, 0.00843347127859791
649, 0.00770426883051793
650, 0.00826723501086235
651, 0.00806894898414612
652, 0.00788787938654423
653, 0.00777435776156684
654, 0.00897645018994808
655, 0.00854413602501154
656, 0.00765923801809549
657, 0.00830171552176277
658, 0.00583886339639624
659, 0.00719491289928556
660, 0.00689705018885434
661, 0.00574940321967006
662, 0.00620023999363184
663, 0.00648242762933175
664, 0.00593368553866943
665, 0.00568810881425937
666, 0.00578915886580944
667, 0.00560567799645166
668, 0.00551581429317594
669, 0.0061471030736963
670, 0.00773279376638432
671, 0.0086502805352211
672, 0.00875953833262126
673, 0.00835463761662444
674, 0.00964682256536824
675, 0.0080715079481403
676, 0.00781598927763601
677, 0.00759581616148353
678, 0.00877659222377198
679, 0.00545369155172791
680, 0.00514561086893082
681, 0.00609252656189104
682, 0.00722812781376498
683, 0.0064999028109014
684, 0.00702948860513667
685, 0.00606295024044812
686, 0.00640154769644141
687, 0.00666577539717158
688, 0.00620645866729319
689, 0.00590133364312351
690, 0.00702830450609326
691, 0.00749084920001527
692, 0.00759821369623144
693, 0.0089350768498012
694, 0.00840749451890588
695, 0.0093267202998201
696, 0.00805149685281018
697, 0.00773075486843785
698, 0.00742205092683434
699, 0.0057466889731586
700, 0.0068465736694634
701, 0.00904573928564787
702, 0.00932320595408479
703, 0.00797096562261383
704, 0.00639787502586842
705, 0.00738536077551544
706, 0.00683008025710781
707, 0.00655116955749691
708, 0.00702839818162223
709, 0.0067540838693579
710, 0.00752297517222663
711, 0.00745918236983319
712, 0.00874757748097181
713, 0.00799744785763323
714, 0.00974318974961837
715, 0.00760053851020833
716, 0.0072491941973567
717, 0.00711632827296853
718, 0.0094628406688571
719, 0.00703220278955996
720, 0.0072817193189015
721, 0.00814161375164986
722, 0.0101761880020301
723, 0.00847848535825809
724, 0.00784724368713796
725, 0.00842229680468639
726, 0.00898949136691434
727, 0.00901948447738375
728, 0.0090762922540307
729, 0.00961356625581781
730, 0.00967362318187952
731, 0.00685932192330559
732, 0.0115294487526019
733, 0.0102267650266488
734, 0.00808260124176741
735, 0.00848014171545704
736, 0.00861662517612179
737, 0.00859558070078492
738, 0.00849214180683096
739, 0.00829690011839072
740, 0.00801310238117973
741, 0.00766181635359923
742, 0.0072832009755075
743, 0.00693989490779738
744, 0.00664786590884129
745, 0.00822164754693707
746, 0.0083583469192187
747, 0.00857213155056039
748, 0.00596724846400321
749, 0.00561360727685193
750, 0.00577421579509974
751, 0.00618701296237608
752, 0.00642389074588815
753, 0.00666827824898064
754, 0.00691093845913808
755, 0.00714290762941043
756, 0.00735633843578398
757, 0.00752845817866425
758, 0.00550011995558937
759, 0.013221375644207
760, 0.0100849173031747
761, 0.00468863443737583
762, 0.00688044885949542
763, 0.00254495342960581
764, 0.0052485818353792
765, 0.00534481547462444
766, 0.00477971609992286
767, 0.00454027826587359
768, 0.00387118725727002
769, 0.00341256308214118
770, 0.00285432933984945
771, 0.00223010669772824
772, 0.00159488703745107
773, 0.00512583778860668
774, 0.00540972896851599
775, 0.00497185865727564
776, 0.00424207258038223
777, 0.00876690897469719
778, 0.00972425006330013
779, 0.00795114738866687
780, 0.00773179616468648
781, 0.00817261217162013
782, 0.00793233614725371
783, 0.0083718653768301
784, 0.00838047607491414
785, 0.00842758594080806
786, 0.0078215686759601
787, 0.00825510251646241
788, 0.00783313779781262
789, 0.00843491063763698
790, 0.00756802029597263
791, 0.00765938187638919
792, 0.0076228872872889
793, 0.00806221412494779
794, 0.00805297214537859
795, 0.0082824332639575
796, 0.00726875135054191
797, 0.0068002895762523
798, 0.00567440890396635
799, 0.00606809191716214
800, 0.00585338387948771
801, 0.00630357939129074
802, 0.00655036505001287
803, 0.00704545046513279
804, 0.0149848079308867
805, 0.00538771195958058
806, 0.0054615637442718
807, 0.00484365387819707
808, 0.00371870336433252
809, 0.00528847263194621
810, 0.00502150156535208
811, 0.00462955771945417
812, 0.00437383004464209
813, 0.00407195723770807
814, 0.00332507964534064
815, 0.00516825588420033
816, 0.00292870621584977
817, 0.00813602594037851
818, 0.00759175295631091
819, 0.0092272760036091
820, 0.00710014142096043
821, 0.00739210963781391
822, 0.00551468047446438
823, 0.00749221417520727
824, 0.0115903108380735
825, 0.00786244850605726
826, 0.00771502281228701
827, 0.00762143273216983
828, 0.0075491638854146
829, 0.00813772110268474
830, 0.0084395365168651
831, 0.00842606509104371
832, 0.00801020232029259
833, 0.00825835842018326
834, 0.00788428797386587
835, 0.00776514022921522
836, 0.00835958371559779
837, 0.00838443466151754
838, 0.00808023925249775
839, 0.00825862865895033
840, 0.00781802499356369
841, 0.00719800932953755
842, 0.00694686430506408
843, 0.00668770982883871
844, 0.00643018524472912
845, 0.00617984519340098
846, 0.00594080534453193
847, 0.00572588310266535
848, 0.00504834624007344
849, 0.00490520397822062
850, 0.00517928802097837
851, 0.0052964606632789
852, 0.0053976068738848
853, 0.0047548235549281
854, 0.00548712412516276
855, 0.00449132279027253
856, 0.00460892399617781
857, 0.00557468106438007
858, 0.00853312931333979
859, 0.00544410804286599
860, 0.00798135646618903
861, 0.00753026073798537
862, 0.0108974785543978
863, 0.00936992087268404
864, 0.00456331926397979
865, 0.00838725827634335
866, 0.0103924195282161
867, 0.00863406760618091
868, 0.00862835828835765
869, 0.00755978391195337
870, 0.00747137291667362
871, 0.00839591647187869
872, 0.00853947922587395
873, 0.00737821736506053
874, 0.0075923630502075
875, 0.00822457919518153
876, 0.00787828955799341
877, 0.00772542933312555
878, 0.00804731653382381
879, 0.00854534593721231
880, 0.00604497517148654
881, 0.00630756459819774
882, 0.00580440973863006
883, 0.00657177755298714
884, 0.00738532925024629
885, 0.00684530179326733
886, 0.00710519418741266
887, 0.00765559379942715
888, 0.00557932024821639
889, 0.00445645255967975
890, 0.00544809588852028
891, 0.00557827840869625
892, 0.00539921146507065
893, 0.00545067611771325
894, 0.00551284958298008
895, 0.00537412955115239
896, 0.00566441211849451
897, 0.00536729643742243
898, 0.00563190225511789
899, 0.00900198860714833
900, 0.00891495014851292
901, 0.00896278535947204
902, 0.00874346665417155
903, 0.00738601409830153
904, 0.00850925811876853
905, 0.00730747900282343
906, 0.00726381232962012
907, 0.00825064101566871
908, 0.00741612499890228
909, 0.00757622897314529
910, 0.00799748146285613
911, 0.00777034702089926
912, 0.00618248533767958
913, 0.00673031263674299
914, 0.00588030088692904
915, 0.00704169619296278
916, 0.0064558625066032
917, 0.00747885128172735
918, 0.00564001787764331
919, 0.00582934194244444
920, 0.00581431024086972
921, 0.00582692710061868
922, 0.00615622995731731
923, 0.00584738414424161
924, 0.0058739457745105
925, 0.00597450269075731
926, 0.00884958021342754
927, 0.00938140561005899
928, 0.00900903918469946
929, 0.0092772739008069
930, 0.00866568057487408
931, 0.00719902555768688
932, 0.0083042325762411
933, 0.00712079515991112
934, 0.00796238759843012
935, 0.006650767156056
936, 0.00722963044730326
937, 0.00631507944005231
938, 0.00742227234877646
939, 0.0076652819601198
940, 0.00728885534529885
941, 0.00602517416700721
942, 0.0060648612678051
943, 0.00645557620252172
944, 0.00613478377150993
945, 0.00618446222506464
946, 0.00614437474203961
947, 0.00665521567376951
948, 0.00627681341332694
949, 0.00642531295306981
950, 0.00930165825411677
951, 0.00882436567917466
952, 0.00834094826132059
953, 0.00699815448994438
954, 0.00790142267942429
955, 0.00650615470173458
956, 0.00753233962071439
957, 0.00701716643137236
958, 0.00723962625488639
959, 0.00708019966259599
960, 0.00692245201207697
961, 0.00699166255071759
962, 0.00647438379625479
963, 0.00659296444306771
964, 0.00699876008244852
965, 0.00676063890568912
966, 0.00693380328205725
967, 0.00689545832574368
968, 0.00890452647581697
969, 0.00829486967995763
970, 0.00775903556495905
971, 0.00671032483556441
972, 0.00759300892241299
973, 0.00746134924702346
974, 0.00732692059439917
975, 0.00684992053235571
976, 0.00637573273852468
977, 0.00807306783584257
978, 0.00954497667650382
979, 0.00675687314942479
980, 0.00658716307953
981, 0.00877459937085708
982, 0.00967517821118236
983, 0.0100970715284348
984, 0.00848823064006865
985, 0.0094261584803462
986, 0.00994036104530096
987, 0.00965452706441283
988, 0.0114742955192924
989, 0.0102057691353063
990, 0.00682798008589695
991, 0.00246842380147427
992, 0.00370373607923587
993, 0.0081620702209572
994, 0.00884021803115805
995, 0.010232740480985
996, 0.00993314447502295
997, 0.0120464482655128
998, 0.00417891916974137
999, 0.0126578441510598
1000, 0.00444720204298695
1001, 0.00427308414752285
1002, 0.00403011330248167
1003, 0.0032782171232005
1004, 0.00274392725744595
1005, 0.00213767601720368
1006, 0.00153308971008907
1007, 0.00787787729253372
1008, 0.00720909525019427
1009, 0.00674123906840881
1010, 0.00638202438130975
1011, 0.00606561009772122
1012, 0.0057772530708462
1013, 0.00551286378564934
1014, 0.00527617723370592
1015, 0.00507249326134721
1016, 0.00490175141021609
1017, 0.00478024113302429
1018, 0.00664646799365679
1019, 0.0072742939616243
1020, 0.00763971467191974
1021, 0.0079676634632051
1022, 0.00821957907949885
1023, 0.00837973101685444
1024, 0.00845038983970881
1025, 0.00844512833282351
1026, 0.00838421937078238
1027, 0.00829085924973091
1028, 0.00818905141204596
1029, 0.0081024047297736
1030, 0.00805512505273024
1031, 0.00807014837240179
1032, 0.00817761818567912
1033, 0.00500784271086256
1034, 0.00547835316198568
1035, 0.00725370591195921
1036, 0.00643691304139793
1037, 0.00608900973262886
1038, 0.00682183176589509
1039, 0.005769178038463
1040, 0.00522163207642734
1041, 0.00456780971338352
1042, 0.00469288835301995
1043, 0.00464581248040001
1044, 0.00456592774329086
1045, 0.00360160499500732
1046, 0.00471159590718647
1047, 0.00471925130113959
1048, 0.00420373546270033
1049, 0.00322528408529858
1050, 0.00393596400196354
1051, 0.00441246805712581
1052, 0.00693616837573548
1053, 0.00804433055842916
1054, 0.00834214547649026
1055, 0.00821234751492739
1056, 0.00831054802983999
1057, 0.00831864106779297
1058, 0.00781760000002881
1059, 0.00817587055886785
1060, 0.00802056553463141
1061, 0.0079751672844092
1062, 0.00795326537142197
1063, 0.00809147581458092
1064, 0.00825722546627124
1065, 0.00797169383925696
1066, 0.00760055550684532
1067, 0.0085824994991223
1068, 0.0093694186458985
1069, 0.00787390475826604
1070, 0.00481865069429789
1071, 0.00459157939379414
1072, 0.0109493693336844
1073, 0.00720517729808177
1074, 0.00906196665018797
1075, 0.00541414429123203
1076, 0.00513632292859256
1077, 0.00572494564888378
1078, 0.0060655699732403
1079, 0.00643271851974229
1080, 0.00683028778682152
1081, 0.00726621675615509
1082, 0.00474893736342589
1083, 0.00481358938850462
1084, 0.00479597644880414
1085, 0.00441648294993987
1086, 0.00450984070387979
1087, 0.00463132094591856
1088, 0.00474154103236894
1089, 0.00483285045872132
1090, 0.00467521930113435
1091, 0.00494063617661595
1092, 0.00818138243630528
1093, 0.00807078182697296
1094, 0.00836509590347608
1095, 0.00828597803289692
1096, 0.00839841272681952
1097, 0.00836950385322173
1098, 0.00796613089429835
1099, 0.00780892985252043
1100, 0.00787676319790383
1101, 0.00775772449560463
1102, 0.00765036578689303
1103, 0.00827001904447873
1104, 0.00756887750079234
1105, 0.0106401456786054
1106, 0.00800204719416797
1107, 0.00839718040078878
1108, 0.00285283369400228
1109, 0.00906461430713534
1110, 0.00739809744326132
1111, 0.00443714255622278
1112, 0.00500867602282337
1113, 0.00638492366609474
1114, 0.00600694329477847
1115, 0.00564311545652648
1116, 0.00531644537113607
1117, 0.00679110006118814
1118, 0.00720034042994181
1119, 0.00494194310158491
1120, 0.00497878924943507
1121, 0.00540946012673279
1122, 0.00524059124290943
1123, 0.00530326987306277
1124, 0.00526804220862687
1125, 0.00490416904600958
1126, 0.00764842610806227
1127, 0.00865156389772892
1128, 0.00808851327747107
1129, 0.00860864669084549
1130, 0.00849671537677447
1131, 0.00833737182741364
1132, 0.00761335024920603
1133, 0.00798899882162611
1134, 0.00816050358116627
1135, 0.00748816123232245
1136, 0.00753571287107964
1137, 0.00771423599993189
1138, 0.00783891207538545
1139, 0.00841482622282846
1140, 0.00979264033958316
1141, 0.00710278460755944
1142, 0.00591911080603798
1143, 0.00631281035020947
1144, 0.00550715585372278
1145, 0.00670156922812263
1146, 0.00716045871376991
1147, 0.00522784229057531
1148, 0.00521295657381415
1149, 0.00612998171709478
1150, 0.00577766440498332
1151, 0.00593941068897645
1152, 0.0052538668581595
1153, 0.00892820783580343
1154, 0.00858396214122573
1155, 0.00871414380768935
1156, 0.00845553446561098
1157, 0.00818583307166894
1158, 0.00793352855059008
1159, 0.00729124620556831
1160, 0.00739805400371552
1161, 0.00770869952005645
1162, 0.00753842806443572
1163, 0.00787277910858393
1164, 0.00890611223876476
1165, 0.00939135579392314
1166, 0.00905969060425247
1167, 0.00580979868148764
1168, 0.00623046024702489
1169, 0.00663927880426248
1170, 0.00567651480170233
1171, 0.00519252223894
1172, 0.00664568242306511
1173, 0.00645211964313473
1174, 0.0069675961509347
1175, 0.00569120515137911
1176, 0.00648716635381182
1177, 0.00896953806901971
1178, 0.00861369166523218
1179, 0.00823852388809125
1180, 0.00789380477120479
1181, 0.00699099598984633
1182, 0.00993057402471701
1183, 0.00758408033289015
1184, 0.00717994718191524
1185, 0.00733661007446547
1186, 0.0061537204310298
1187, 0.00654977102143069
1188, 0.00612005211102466
1189, 0.00699535245075822
1190, 0.00612930925562978
1191, 0.00569697081421812
1192, 0.00698651567411919
1193, 0.00922801196575165
1194, 0.00878653023391962
1195, 0.00953573640435934
1196, 0.00829108137016495
1197, 0.00784133786025147
1198, 0.0069264496366183
1199, 0.00706983869895339
1200, 0.00548254828900099
1201, 0.0092663952548589
1202, 0.00652227263587217
1203, 0.00751729472540319
1204, 0.00711956115749975
1205, 0.00970646381999055
1206, 0.00684574749320746
1207, 0.00907044888784488
1208, 0.00630297418683767
1209, 0.00826805030616621
1210, 0.0101018677066479
1211, 0.00654116241882245
1212, 0.00921857776120305
1213, 0.00828089549516638
1214, 0.0104601612314582
1215, 0.0080556293639044
1216, 0.0088202828541398
1217, 0.00773477174031238
1218, 0.00729826690318684
1219, 0.00745172488192717
