1, 0.0048714189324528
2, 0.0116405820008367
3, 0.00133787232334726
4, 0.00445093354210258
5, 0.00605119485408068
6, 0.00784260034561157
7, 0.00414992682635784
8, 0.00132986553944647
9, 0.0116007791366428
10, 0.00512075750157237
11, 0.00590492878109217
12, 0.00812671333551407
13, 0.00504532995234643
14, 0.00524871757564445
15, 0.00536929001100361
16, 0.00546397951742013
17, 0.00555140820021431
18, 0.00565357164790233
19, 0.00580797926522791
20, 0.00609457151343425
21, 0.00672235696886977
22, 0.0083589821588248
23, 0.0100172744132578
24, 0.00554065693480273
25, 0.00248035431529085
26, 0.00142103160033002
27, 0.00220518147883316
28, 0.00290902568182598
29, 0.00343219648736219
30, 0.00379655397652338
31, 0.00404843711294234
32, 0.00422237177068989
33, 0.00433866089830796
34, 0.00441323181924721
35, 0.00445477775065228
36, 0.00447782129049301
37, 0.00455898620809118
38, 0.00468625593930483
39, 0.00483431651567419
40, 0.00498991211255391
41, 0.00514381937682629
42, 0.00528778679048022
43, 0.00541754780958096
44, 0.00553266750648618
45, 0.0056362790055573
46, 0.00573360873386264
47, 0.00582665111869574
48, 0.00595187861472368
49, 0.00601680561279257
50, 0.00600865079710881
51, 0.00599012104794383
52, 0.00595766088614861
53, 0.00590744009241462
54, 0.00583626485119263
55, 0.00574221384401123
56, 0.00562547985464334
57, 0.00548984793325265
58, 0.0053429511996607
59, 0.00519650662317872
60, 0.00505992025136948
61, 0.00500774756073952
62, 0.00492644154777129
63, 0.00495956481123964
64, 0.00503632115821044
65, 0.00512938015162945
66, 0.00522532671069105
67, 0.00531166962658366
68, 0.00538076444839438
69, 0.00543037600194414
70, 0.00546271447092295
71, 0.00548345067848762
72, 0.00550151787077387
73, 0.00552936069046458
74, 0.00558528257533908
75, 0.00569973917057117
76, 0.00593140783409278
77, 0.0064498473269244
78, 0.00687752768862993
79, 0.00671251537278295
80, 0.00557584532847007
81, 0.00517505019282301
82, 0.0049446743602554
83, 0.00478712096810341
84, 0.0046622504790624
85, 0.00455618882551789
86, 0.00446265563368797
87, 0.00437965399275223
88, 0.00430805919071039
89, 0.0042483212115864
90, 0.00420158853133519
91, 0.00416720130791267
92, 0.00418014527531341
93, 0.00423266505822539
94, 0.00427728076465428
95, 0.00431372923776507
96, 0.00433208498482903
97, 0.00432533537968993
98, 0.00428525816338758
99, 0.00420046628763278
100, 0.00405461985307435
101, 0.00382424572793146
102, 0.00347412602665524
103, 0.00295641110278666
104, 0.00224483552544067
105, 0.00143272127024829
106, 0.00260875234380364
107, 0.00572895165532827
108, 0.0100594875402749
109, 0.00834172490673761
110, 0.00672782491892576
111, 0.00611584579261641
112, 0.00584818228768806
113, 0.00571914102571706
114, 0.00564914111358424
115, 0.00560553457277517
116, 0.0055725349423786
117, 0.00554124669482311
118, 0.00550603889860213
119, 0.00546241512832542
120, 0.00540561911960443
121, 0.00533077764945726
122, 0.00522053035508309
123, 0.00518453059097131
124, 0.00523355898136894
125, 0.00529950065538287
126, 0.00537423867111405
127, 0.00545459752902389
128, 0.00553580652922392
129, 0.00561369365702073
130, 0.00568504693607489
131, 0.00574710623671611
132, 0.00579847876603405
133, 0.00583877755949895
134, 0.00586975319311023
135, 0.00587359094060957
136, 0.00585788721218705
137, 0.0057986038736999
138, 0.00576330892120798
139, 0.00573990757887562
140, 0.0057201626089712
141, 0.00569768312076728
142, 0.0056664013924698
143, 0.00562057473386327
144, 0.00555516484503945
145, 0.00546635718395313
146, 0.00535235026230415
147, 0.00521458716442188
148, 0.0050587928853929
149, 0.00489521166309714
150, 0.0047337356954813
151, 0.00459003169089556
152, 0.00449023675173521
153, 0.00260523970549305
154, 0.00570178652803103
155, 0.00999828365941842
156, 0.0100622554309666
157, 0.00559580993528167
158, 0.00248285514923433
159, 0.00416138488799334
160, 0.00418691585461299
161, 0.00422502759223183
162, 0.00427438675736388
163, 0.00433229453240832
164, 0.00439648718262712
165, 0.00446380830059449
166, 0.00453267262006799
167, 0.00460277233893673
168, 0.00467491134380301
169, 0.00475133707125982
170, 0.00483621082579096
171, 0.00493796713029345
172, 0.00507231227432688
173, 0.00526739455138644
174, 0.00557884760200977
175, 0.0067175148287788
176, 0.00721487185607354
177, 0.00652842332298557
178, 0.00601648182297746
179, 0.00574124278500676
180, 0.0055871894583106
181, 0.00549543571347992
182, 0.00543554980928699
183, 0.00539140667145451
184, 0.00535424969469508
185, 0.00531875776747863
186, 0.00528246955946088
187, 0.00524508347734809
188, 0.00520925270393491
189, 0.00517714318508903
190, 0.00515054911375046
191, 0.0051313128011922
192, 0.00515515869483352
193, 0.00518987739148239
194, 0.00447255033733589
195, 0.00205980079287353
196, 0.00553222311039766
197, 0.00562957076666256
198, 0.00576137968649467
199, 0.00598035318156083
200, 0.00638542013863723
201, 0.0072073662498345
202, 0.00724590981068711
203, 0.00922544222945968
204, 0.00375762162730098
205, 0.00340181895686934
206, 0.00292772089596838
207, 0.00237658891516427
208, 0.00568793279429277
209, 0.00558980810455978
210, 0.00548269312518338
211, 0.00536127078036467
212, 0.00522418366745114
213, 0.00507334138577183
214, 0.004914812821274
215, 0.00475852276819448
216, 0.00461321393959224
217, 0.00450369506143034
218, 0.00522788070763151
219, 0.00576520012691617
220, 0.00583196757361293
221, 0.00588060022952656
222, 0.00591340831791361
223, 0.00593155211148163
224, 0.00594410587412616
225, 0.00578434431614975
226, 0.00564982749832173
227, 0.00516996377458175
228, 0.00484102227104207
229, 0.00500930038591226
230, 0.00544313644059002
231, 0.00555286253802478
232, 0.00531585475740333
233, 0.00468050820442537
234, 0.00586710581555963
235, 0.00567940863159796
236, 0.00546116451732814
237, 0.00557626279381414
238, 0.0057681812128673
239, 0.00580396363511682
240, 0.00582745019346476
241, 0.00584041932597756
242, 0.00512679629027843
243, 0.00534157672276099
244, 0.0054411122109741
245, 0.00596641415419678
246, 0.00627813441678882
247, 0.00675111489060024
248, 0.00577431839580337
249, 0.00564354231270651
250, 0.00401409063488245
251, 0.00432394336288174
252, 0.0037778311331446
253, 0.00444574346765876
254, 0.00419613028255602
255, 0.00402547973984232
256, 0.00387431463847558
257, 0.00440388956728081
258, 0.00451931417254465
259, 0.00583794713020325
260, 0.00533336113827924
261, 0.00530820180262838
262, 0.00459920344874263
263, 0.00561918271705508
264, 0.0052815160403649
265, 0.005528399720788
266, 0.00541717023588717
267, 0.00512207858264446
268, 0.00494440202601254
269, 0.00475203346771498
270, 0.00573708799978097
271, 0.00548833065355818
272, 0.00565239166220029
273, 0.00557377981022
274, 0.00577348074875772
275, 0.00577095709741116
276, 0.00576291892987986
277, 0.00571785122156143
278, 0.00539133884012699
279, 0.00553741080996891
280, 0.00579291714044909
281, 0.00596918763282398
282, 0.00659917822728554
283, 0.00622229332414766
284, 0.00577915199100971
285, 0.00430358659165601
286, 0.00439875844555597
287, 0.00446751900017262
288, 0.00471334531903267
289, 0.00457908934913576
290, 0.00417419177635262
291, 0.00737632888679703
292, 0.00391839112853631
293, 0.00543725412959854
294, 0.00678179745695421
295, 0.00462532362767628
296, 0.0054676404222846
297, 0.00570855063519308
298, 0.00507312462044259
299, 0.00525663529212276
300, 0.00561140361241996
301, 0.00552204460836947
302, 0.00487052369862795
303, 0.00540521484799683
304, 0.00554385913225512
305, 0.00560686162983378
306, 0.00574478328538438
307, 0.00573954995100697
308, 0.00566701707430184
309, 0.0057237899551789
310, 0.00571317908664544
311, 0.00554304609873465
312, 0.00615072987663249
313, 0.00594919229236742
314, 0.00565970409661531
315, 0.00640965951606631
316, 0.00455544345701734
317, 0.00458135300626357
318, 0.00529010764633616
319, 0.00453915493562818
320, 0.00544669097289443
321, 0.00566399687280258
322, 0.00500353006646037
323, 0.00561792869120836
324, 0.00523571794231733
325, 0.00553160129735867
326, 0.00540760353518029
327, 0.00567022450268269
328, 0.00575366391179462
329, 0.00570969485367338
330, 0.00568622836310949
331, 0.00575611965420345
332, 0.00574179824131231
333, 0.00605731542843084
334, 0.0047855207696557
335, 0.00622445430296163
336, 0.00579011797284087
337, 0.00491867967260381
338, 0.00488350094695176
339, 0.00665505942223327
340, 0.00698369732126594
341, 0.0056719935964793
342, 0.00504777207970619
343, 0.00576798052393964
344, 0.00521060669173797
345, 0.0056500486874332
346, 0.005422275668631
347, 0.00556525898476442
348, 0.00573151232674718
349, 0.00605626381002367
350, 0.00579579655701915
351, 0.00565586388111114
352, 0.00577377970330417
353, 0.00579889716270069
354, 0.00590344510662059
355, 0.00531515665352345
356, 0.00634551250065366
357, 0.00556289528807004
358, 0.00593934181545462
359, 0.00569110196083784
360, 0.00561473324584464
361, 0.00544417496504528
362, 0.00570191582664847
363, 0.00586651273382207
364, 0.00581932176525394
365, 0.00594865507446229
366, 0.0061133181831489
367, 0.00564328969145815
368, 0.00515128374099731
369, 0.00627733180299401
370, 0.00587709592655301
371, 0.00585947893559933
372, 0.00617222231812775
373, 0.00578008778393269
374, 0.00590522261336446
375, 0.00574824653033699
376, 0.00591096341876047
377, 0.00570148639380932
378, 0.00580698736011982
379, 0.00499416697615137
380, 0.00726289069280028
381, 0.00553956294121842
382, 0.00448775181679853
383, 0.00575870787724853
384, 0.00597467451977233
385, 0.00638853300673266
386, 0.00726958115895589
387, 0.00563103139090041
388, 0.00557498796842992
389, 0.0043613954136769
390, 0.00548356763708095
391, 0.005446074064821
392, 0.00539582261505226
393, 0.00533194498469432
394, 0.00525768892839551
395, 0.00518103044790526
396, 0.00511560837427775
397, 0.00506641040556133
398, 0.00420372226896385
399, 0.00425000155034165
400, 0.00430981069803238
401, 0.00438174015531937
402, 0.00446720452358325
403, 0.00456400921878715
404, 0.00467289937660098
405, 0.00479857243287067
406, 0.00495132671979566
407, 0.00515200872905552
408, 0.00547010474838316
409, 0.00602021293404202
410, 0.00431915000081062
411, 0.00435064197517931
412, 0.00551234434048335
413, 0.00434580584987998
414, 0.00429526755275826
415, 0.00419857368494074
416, 0.00404134695418179
417, 0.00380365620367229
418, 0.00346071983221918
419, 0.00299559529715528
420, 0.00243847797779987
421, 0.00208468477164085
422, 0.00548397904882828
423, 0.00522552011534572
424, 0.00473733549006283
425, 0.004511132525901
426, 0.00433938391506672
427, 0.00441685683714847
428, 0.00461808584320049
429, 0.00487230384411911
430, 0.00503022223711014
431, 0.00562464849402507
432, 0.00542708036179344
433, 0.00552396297765275
434, 0.00596989768867691
435, 0.00628298451192677
436, 0.00683753689130147
437, 0.00519354259595275
438, 0.0053133622277528
439, 0.00922490058777233
440, 0.00572488208611806
441, 0.00561150349676609
442, 0.00528908365716537
443, 0.00540551162945728
444, 0.00555413534554342
445, 0.00549700033540527
446, 0.00587433041073382
447, 0.00609114059867958
448, 0.00639521675184369
449, 0.00552857341244817
450, 0.00565696197251479
451, 0.00557933833139638
452, 0.00545634981244802
453, 0.00534697303858896
454, 0.00422027676055829
455, 0.00427125200318793
456, 0.00439050304703414
457, 0.00442321482114494
458, 0.00443683657795191
459, 0.00442793771314124
460, 0.0043217515728126
461, 0.00395532321029653
462, 0.00386617130910357
463, 0.00439070359182854
464, 0.00409101787954569
465, 0.0042759211334799
466, 0.005925199549113
467, 0.00525623061028974
468, 0.00758004011586308
469, 0.00436194790527225
470, 0.00508464965969324
471, 0.00492621624531845
472, 0.00454501039348543
473, 0.00526700083476802
474, 0.00478615666118761
475, 0.00465958029963076
476, 0.00549663362714152
477, 0.00443921276989083
478, 0.00573000768199563
479, 0.0056348693712304
480, 0.005519904429093
481, 0.00540515485530098
482, 0.00660921167582273
483, 0.00624270411208272
484, 0.00572081911377609
485, 0.00591395042526225
486, 0.00559871993027627
487, 0.00543732025350134
488, 0.0055376171755294
489, 0.00549437695493301
490, 0.00556740708028277
491, 0.00560819179130097
492, 0.00558683105433981
493, 0.00562227067227165
494, 0.00564435504687329
495, 0.00580562022514641
496, 0.00577210805689295
497, 0.0053772515617311
498, 0.00433820711138348
499, 0.00456607636685173
500, 0.00458042308067282
501, 0.00458334836487969
502, 0.00453737921391924
503, 0.00458382139913738
504, 0.0048144372800986
505, 0.00465765742895504
506, 0.00459873296009998
507, 0.00449565107313295
508, 0.00395729183219373
509, 0.00553539637476206
510, 0.00697110207485301
511, 0.00444464159331151
512, 0.00570110697299242
513, 0.00551583032522883
514, 0.00456368364393711
515, 0.00547573187698921
516, 0.00528994567381839
517, 0.00496332766488194
518, 0.00482171960175037
519, 0.00511909183114767
520, 0.0046888036498179
521, 0.00579064036719501
522, 0.00565017146679262
523, 0.00642372334065537
524, 0.00565909043264886
525, 0.00565342139452696
526, 0.00558186702740689
527, 0.0056717311963439
528, 0.00563162751495838
529, 0.00562667396540443
530, 0.00562127757196625
531, 0.00571092319053908
532, 0.00565178769951065
533, 0.00563798751682043
534, 0.0059778499417007
535, 0.00486031857629617
536, 0.00495226122438908
537, 0.00479650280127923
538, 0.00474388641305268
539, 0.00534788938239217
540, 0.00509945683491727
541, 0.00469166180118918
542, 0.00462741334922612
543, 0.00422375882044435
544, 0.00455829109996557
545, 0.00547010730952024
546, 0.00470048076074038
547, 0.00498736758405964
548, 0.0051408726722002
549, 0.00530052852506439
550, 0.00484684210581084
551, 0.00660064993426204
552, 0.00595472582305471
553, 0.00578075236019989
554, 0.00575183137940864
555, 0.00573963472353561
556, 0.00559845220829759
557, 0.00574780845393737
558, 0.00571640557609499
559, 0.0056206778002282
560, 0.00563378732961913
561, 0.00665217529361447
562, 0.0056017660535872
563, 0.00567228463478386
564, 0.00616449560038745
565, 0.00518556754104793
566, 0.00505769625306129
567, 0.00534831484158834
568, 0.00495817853758733
569, 0.00558897426041464
570, 0.00487741106189787
571, 0.0057581541283677
572, 0.00479068739029268
573, 0.00514849896232287
574, 0.00561019089072943
575, 0.00638084659086806
576, 0.00545058694357673
577, 0.00530644855462015
578, 0.00515463723180195
579, 0.00486419852823019
580, 0.00499880174174905
581, 0.00606693661150833
582, 0.00590058858506382
583, 0.0058458752464503
584, 0.00579501075359682
585, 0.00565616795793176
586, 0.00571081570039193
587, 0.00563712681954106
588, 0.00557038669163982
589, 0.00558172259479761
590, 0.00623804338586827
591, 0.00533857887300352
592, 0.00549742362151543
593, 0.00519358343444765
594, 0.00569153856486082
595, 0.00592352434371908
596, 0.00631079822778702
597, 0.00508047943003476
598, 0.00499384105205536
599, 0.0062989080324769
600, 0.00530559748100738
601, 0.00542034449366232
602, 0.00560557177024228
603, 0.00606832544629772
604, 0.00545747179005827
605, 0.00589699138488088
606, 0.0057589578597496
607, 0.00555017087608576
608, 0.00516582427856823
609, 0.00528031564317644
610, 0.005948254528145
611, 0.00584150664508343
612, 0.0055630118586123
613, 0.00552539768007894
614, 0.00597873019675414
615, 0.0056036612285035
616, 0.00572433434426785
617, 0.00532643224245736
618, 0.00548270981137951
619, 0.00592764260779534
620, 0.00542437341064215
621, 0.00516544869169593
622, 0.00613471502438188
623, 0.00579278590157628
624, 0.00545781439480682
625, 0.00446310306766203
626, 0.00722281954118184
627, 0.00580778283377488
628, 0.00600025608825187
629, 0.00639504147693515
630, 0.00725470351365705
631, 0.00579074956476688
632, 0.00575180600086848
633, 0.00570366259974738
634, 0.00564668917407592
635, 0.00558285997249186
636, 0.00551474319460491
637, 0.0054457049506406
638, 0.00537956630190213
639, 0.00532144323612253
640, 0.00526754022575915
641, 0.00452561404866477
642, 0.00498062496383985
643, 0.00514477374963462
644, 0.00529371194231013
645, 0.00541999788644413
646, 0.00552051599758367
647, 0.00559600442647934
648, 0.00564967685689529
649, 0.00568614543105165
650, 0.00571095757186413
651, 0.00573009702687462
652, 0.00574964339224001
653, 0.00577661821929117
654, 0.00581795140169561
655, 0.0044175130315125
656, 0.00377362733706832
657, 0.00342297472525388
658, 0.00295893847942352
659, 0.00241457327501848
660, 0.00207644424517639
661, 0.00581969514799615
662, 0.00551712140440941
663, 0.00557190979210039
664, 0.0056242891587317
665, 0.00571233841280142
666, 0.00574479686717192
667, 0.00546277679192523
668, 0.00541161862201989
669, 0.00584287382662296
670, 0.00567165552638471
671, 0.00481343540983895
672, 0.00567948251652221
673, 0.00508035075229903
674, 0.0057052579553177
675, 0.00557931908406317
676, 0.00563929136842489
677, 0.00572265490579108
678, 0.00573777065922817
679, 0.00575628535201152
680, 0.00538316283685466
681, 0.00549498045196136
682, 0.00465258824018141
683, 0.00524355890229344
684, 0.00433805476253231
685, 0.00402780327325066
686, 0.00383878825232387
687, 0.00420929305255413
688, 0.00406467623542994
689, 0.00392575480509549
690, 0.00917243251266579
691, 0.00570383722273012
692, 0.00682514851602415
693, 0.00560045063806077
694, 0.00564221719590326
695, 0.00556673660563926
696, 0.00553336584319671
697, 0.00549578014761209
698, 0.00544935061285893
699, 0.00538747788717349
700, 0.00532084321603179
701, 0.00600093323737383
702, 0.0062906900420785
703, 0.00537431206820267
704, 0.00578900672761457
705, 0.00754725197330117
706, 0.00544216008856893
707, 0.00572033342905343
708, 0.00569300811427335
709, 0.00565906140642862
710, 0.00561926684652766
711, 0.00557543026904265
712, 0.00552946779256066
713, 0.0054844932941099
714, 0.00577139179222286
715, 0.00563835655339062
716, 0.00557339726947248
717, 0.00574085457871358
718, 0.00572967901825905
719, 0.00568048609420657
720, 0.00572010564307372
721, 0.00548064359463751
722, 0.00570577072600524
723, 0.00519904439958433
724, 0.00535623185957472
725, 0.00490215389678876
726, 0.00432819368628164
727, 0.00449714343994856
728, 0.00479262329948445
729, 0.00463811750523746
730, 0.00442860927432775
731, 0.00420612554686765
732, 0.0057564546354115
733, 0.00572894071228802
734, 0.0056146876886487
735, 0.00566231901757419
736, 0.00544514530338347
737, 0.00557581847533584
738, 0.00553828431293368
739, 0.00549585411014656
740, 0.00659987120889127
741, 0.00625606354636451
742, 0.00583126527878145
743, 0.00393521358879904
744, 0.00472825191294154
745, 0.00454827923593777
746, 0.00551026416942477
747, 0.00694262502448899
748, 0.00550272009734597
749, 0.00573867512866855
750, 0.00480602914467454
751, 0.00558688499343892
752, 0.00562598913287123
753, 0.00571003261332711
754, 0.00554425145188967
755, 0.00566016766242683
756, 0.00568893831223249
757, 0.00547927214453618
758, 0.00558093027211726
759, 0.00572451328237851
760, 0.00572759324374298
761, 0.00572971828902761
762, 0.00564978364855051
763, 0.00571441588302453
764, 0.00569204272081455
765, 0.00534009087520341
766, 0.00501344803099831
767, 0.00458938512019813
768, 0.0046693105250597
769, 0.00461792418112357
770, 0.00533479172736406
771, 0.00458715134300292
772, 0.00586194832188388
773, 0.00575877501008411
774, 0.00555064909470578
775, 0.005592001369223
776, 0.00563512579537928
777, 0.00568756259356936
778, 0.00642688983740906
779, 0.00601687033971151
780, 0.00445776097476482
781, 0.00493480474688113
782, 0.00560099794529378
783, 0.005640303172792
784, 0.00571271567605436
785, 0.00567169828961293
786, 0.00569619106439253
787, 0.00656618345528841
788, 0.00572418551892042
789, 0.00560547015629709
790, 0.00549493924093743
791, 0.00573181267827749
792, 0.0057235537096858
793, 0.00567651974658171
794, 0.00573609264877935
795, 0.0057167534250766
796, 0.00573357776738703
797, 0.00464000701904297
798, 0.00495059633006652
799, 0.00515446804153423
800, 0.00487827020697296
801, 0.00482885194942355
802, 0.00663757898534338
803, 0.0060075994891425
804, 0.00587280591328939
805, 0.00577722497594853
806, 0.00570751874086757
807, 0.00561123394540378
808, 0.00565569971998533
809, 0.00509079180968304
810, 0.00618894390451411
811, 0.00574119746064146
812, 0.00512406319224586
813, 0.0055607546120882
814, 0.00635827073295202
815, 0.00508958061358758
816, 0.00565633488198121
817, 0.00569118784430126
818, 0.00571302479753892
819, 0.00572809364114489
820, 0.00564821941467623
821, 0.0057201850383232
822, 0.00572748733684421
823, 0.00574121895867089
824, 0.00575693106899659
825, 0.00575706898234785
826, 0.00576451940772434
827, 0.0053456979803741
828, 0.00533518653052549
829, 0.00518174756628772
830, 0.0061091009217004
831, 0.00597082171589136
832, 0.00586395408026874
833, 0.00578208166795472
834, 0.00571791781112552
835, 0.00625972015162309
836, 0.00558635887379448
837, 0.00591384960959355
838, 0.00631142720314009
839, 0.00573848451798161
840, 0.00628515025600791
841, 0.00569568395925065
842, 0.00553559598379901
843, 0.00548204639926553
844, 0.00610839606573184
845, 0.00581252590442697
846, 0.0057799790520221
847, 0.00567259434610605
848, 0.00598470657132566
849, 0.00532352449372411
850, 0.00575969476873676
851, 0.00578661519102752
852, 0.005808379733935
853, 0.00584216214095553
854, 0.00601432720820109
855, 0.00592310222176214
856, 0.00577626082425316
857, 0.00571791847635593
858, 0.0057648865506053
859, 0.00574415884912014
860, 0.00588659329029421
861, 0.00586405272285144
862, 0.0057200132869184
863, 0.00577833543398551
864, 0.00582564071131249
865, 0.00597820314578712
866, 0.00593371681558589
867, 0.00587232783436775
868, 0.00615419503301382
869, 0.00581206489975254
870, 0.00595059219215597
871, 0.00585698965005577
872, 0.005716806743294
873, 0.0052677132965376
874, 0.0044649370746421
875, 0.00206229742616415
876, 0.00556803735283514
877, 0.0056044893960158
878, 0.00564798347962399
879, 0.00571111791456739
880, 0.0058169832918793
881, 0.00601348141208291
882, 0.00641134924565752
883, 0.0072248294018209
884, 0.0072769223091503
885, 0.0092464763050278
886, 0.00403334266350915
887, 0.00379740520535658
888, 0.00345419180424263
889, 0.00298466304472337
890, 0.00242212335191046
891, 0.00556863363211354
892, 0.00527485436759889
893, 0.00509616313502192
894, 0.00496802634249131
895, 0.00486734819908937
896, 0.00478077594501277
897, 0.00470126963530978
898, 0.00462497600043813
899, 0.00455013530639311
900, 0.00447639171034098
901, 0.00440454444227119
902, 0.00433705506535868
903, 0.00427815729441742
904, 0.00422869739122689
905, 0.00419166094313065
906, 0.00548963660063843
907, 0.00555171530383329
908, 0.00563751580193639
909, 0.00576149354067941
910, 0.00594153868344923
911, 0.00619068159721792
912, 0.00647628408235808
913, 0.00452870805747807
914, 0.00437125369595985
915, 0.00598126472905278
916, 0.00469753122888505
917, 0.00537251293038328
918, 0.00507089456853767
919, 0.00487114636537929
920, 0.00520043354481459
921, 0.0049647264337788
922, 0.00478328811004758
923, 0.00561273610219359
924, 0.00461263263908525
925, 0.00430709822103381
926, 0.0044472204366078
927, 0.00544138361389438
928, 0.00561254487062494
929, 0.00577362417243421
930, 0.00540029032466312
931, 0.00568377094653745
932, 0.00587979448027909
933, 0.00601057164991895
934, 0.00519560463726521
935, 0.00532541944024463
936, 0.00536215538159013
937, 0.00679977214895189
938, 0.00548788493809601
939, 0.00553096947260201
940, 0.00543398363515735
941, 0.0058458069494615
942, 0.00601831551951667
943, 0.00562011155610283
944, 0.00567189215992888
945, 0.00574100809171796
946, 0.00630970400137206
947, 0.00418868148699403
948, 0.0043327168871959
949, 0.00420449771142254
950, 0.00393394124694169
951, 0.00384588357216368
952, 0.00434749433770776
953, 0.00433677939387659
954, 0.00430611179520686
955, 0.00426022778265178
956, 0.00421536676585674
957, 0.00428357922161619
958, 0.00407514286537965
959, 0.00425605648862464
960, 0.00600818577887756
961, 0.00536196112322311
962, 0.00531107406797154
963, 0.00433026347309351
964, 0.00543667453651627
965, 0.00515576444255809
966, 0.00528127475020786
967, 0.00564442660349111
968, 0.0050491422880441
969, 0.00495075054156284
970, 0.00485566669764618
971, 0.00476097408682108
972, 0.00466660619713366
973, 0.0044824310267965
974, 0.00457306749497851
975, 0.00439503005084892
976, 0.00550938219142457
977, 0.00555599069533249
978, 0.00529073194290201
979, 0.00546874633679787
980, 0.00543178105726838
981, 0.00523465126752853
982, 0.00521432724781334
983, 0.00526042119599879
984, 0.00582749782396214
985, 0.00581051750729481
986, 0.00574846697660784
987, 0.00569393602199852
988, 0.00557457958348095
989, 0.00547367551674445
990, 0.00569795025512576
991, 0.00577358591059844
992, 0.00603450819229086
993, 0.00587858151023587
994, 0.00659711519256234
995, 0.00627086598736544
996, 0.00552770278106133
997, 0.0058578890748322
998, 0.00436897668987513
999, 0.0044028718645374
1000, 0.00431440359291931
1001, 0.00440967098499338
1002, 0.00439535236606995
1003, 0.00436343958911796
1004, 0.00479068576047818
1005, 0.00463616979929308
1006, 0.00457739946432412
1007, 0.00430369004607201
1008, 0.00743042716446022
1009, 0.00396036754439895
1010, 0.00540887572181721
1011, 0.00679150495367746
1012, 0.00558902779594064
1013, 0.00440507787945015
1014, 0.00450579837585489
1015, 0.00522593362256885
1016, 0.00471313678038617
1017, 0.00512136938050389
1018, 0.00491900377285977
1019, 0.00481590364749233
1020, 0.00502013182267547
1021, 0.00547782199767729
1022, 0.00533988885581493
1023, 0.00563665106892586
1024, 0.00460910711747905
1025, 0.00545600149780512
1026, 0.0056449620363613
1027, 0.00536831126858791
1028, 0.00556365237571299
1029, 0.00571944176529845
1030, 0.00573793767640988
1031, 0.00534492071407537
1032, 0.00552863138727844
1033, 0.00560194991218547
1034, 0.00539788650348783
1035, 0.00620657570349673
1036, 0.00579194895302256
1037, 0.00589096934224168
1038, 0.00563731269600491
1039, 0.00552413822151721
1040, 0.00602488623311122
1041, 0.00558191599945227
1042, 0.00644190787958602
1043, 0.00455485982820392
1044, 0.00454598913590113
1045, 0.00445445122507711
1046, 0.00449620156238476
1047, 0.00452733257164558
1048, 0.00534060946665704
1049, 0.00456045567989349
1050, 0.00508392532356083
1051, 0.00551556174953779
1052, 0.00528537280236681
1053, 0.00463165721989104
1054, 0.0048626201848189
1055, 0.00475210137665272
1056, 0.00518430637506147
1057, 0.00538837125835319
1058, 0.00549853880268832
1059, 0.00497463609402378
1060, 0.00508115844180187
1061, 0.0056938953542461
1062, 0.00546631193719804
1063, 0.00544030102901161
1064, 0.00568479710879425
1065, 0.00560970619941751
1066, 0.00563783097701768
1067, 0.00566575660680731
1068, 0.00549615321991344
1069, 0.00532195111736655
1070, 0.00612309629408022
1071, 0.00588119635358453
1072, 0.0059894648535798
1073, 0.00626796934132775
1074, 0.00571430055424571
1075, 0.00558363188368579
1076, 0.00564807894018789
1077, 0.00482879617872338
1078, 0.00559493076677124
1079, 0.00665563158690929
1080, 0.00475744639212887
1081, 0.00463920109905303
1082, 0.00469783988470833
1083, 0.00457308309463163
1084, 0.00492912305829426
1085, 0.00576884198623399
1086, 0.00694534128221373
1087, 0.00564267220241683
1088, 0.00450644250959158
1089, 0.00575256971642375
1090, 0.00538782961666584
1091, 0.00557623610698751
1092, 0.0053392683621496
1093, 0.00489796084972719
1094, 0.00543155117581288
1095, 0.00478330431506038
1096, 0.00502352618301908
1097, 0.00552623486146331
1098, 0.0052413873684903
1099, 0.00513537127214174
1100, 0.0056900600126634
1101, 0.00542608023222004
1102, 0.00555555491397778
1103, 0.00552675446184973
1104, 0.00566859582128624
1105, 0.00568272771003346
1106, 0.00569040856013695
1107, 0.00558229528057079
1108, 0.00602890380347768
1109, 0.00611642049625516
1110, 0.00593866066386302
1111, 0.00579312156575422
1112, 0.00571818083214263
1113, 0.00565071403980255
1114, 0.00638409494422376
1115, 0.00514994033922752
1116, 0.00501548863636951
1117, 0.00533365295268595
1118, 0.00491151283495128
1119, 0.00481785841596623
1120, 0.00597923654796822
1121, 0.00560572482645512
1122, 0.00563052196853927
1123, 0.00564928064122796
1124, 0.00547543144784868
1125, 0.00491604594779866
1126, 0.00506400130689144
1127, 0.00539189328749975
1128, 0.00554966375542184
1129, 0.00518345033439497
1130, 0.0052943779155612
1131, 0.00563300664847096
1132, 0.00598977614815036
1133, 0.00560789353524645
1134, 0.00567340687848628
1135, 0.00569332887729009
1136, 0.00569955996858577
1137, 0.00594171012441317
1138, 0.00565042269105713
1139, 0.00549610620364547
1140, 0.00578054327828189
1141, 0.00585459778085351
1142, 0.00570926023647189
1143, 0.00615932210348547
1144, 0.00472347865191599
1145, 0.00546008464880288
1146, 0.00528408470563591
1147, 0.00567626502985756
1148, 0.00514703073228399
1149, 0.00502157746814191
1150, 0.00633275769650936
1151, 0.00639357564172574
1152, 0.00562820537015796
1153, 0.00552420248277485
1154, 0.00558734964579344
1155, 0.00522175485578676
1156, 0.00544349833702048
1157, 0.00534703543720146
1158, 0.00587802954638998
1159, 0.00568487094715238
1160, 0.00570474239066243
1161, 0.0056985120754689
1162, 0.00581936491653323
1163, 0.00588011097473403
1164, 0.00595452084339091
1165, 0.0057582362399747
1166, 0.00572613688806693
1167, 0.00553186377510428
1168, 0.00537145238680144
1169, 0.00524615236957158
1170, 0.00509412242099643
1171, 0.0056685338994222
1172, 0.00562830929023524
1173, 0.00557132329170903
1174, 0.0053962046901385
1175, 0.00549893438195189
1176, 0.00568831080038633
1177, 0.00582382408902049
1178, 0.00573086359405092
1179, 0.0057223467156291
1180, 0.0057816420836995
1181, 0.00585772174720963
1182, 0.00586963715031743
1183, 0.00572987413033843
1184, 0.00591226434335113
1185, 0.00556507939472795
1186, 0.00565957939252257
1187, 0.00563004294720789
1188, 0.00556098975773369
1189, 0.00578704251286884
1190, 0.00576851214282215
1191, 0.00571034126915038
1192, 0.00578796840272844
1193, 0.00542778577655554
1194, 0.0057509446516633
1195, 0.00568035896867514
1196, 0.0057187156441311
1197, 0.00513022136874497
1198, 0.00570655326979856
