1, 0.00865412876009941
2, 0.0247778887860477
3, 0.0022352910018526
4, 0.00706264811257521
5, 0.0123205045238137
6, 0.0150781413540244
7, 0.00684483116492629
8, 0.00220195506699383
9, 0.0246913437731564
10, 0.00912045408040285
11, 0.0123043032363057
12, 0.0155474236235023
13, 0.00932051683776081
14, 0.0100075217584769
15, 0.0104003112452726
16, 0.0107563987063865
17, 0.011134365418305
18, 0.0116480498885115
19, 0.0125231825125714
20, 0.0143020398293932
21, 0.0181713784113526
22, 0.022827060893178
23, 0.0156464260071516
24, 0.00889340291420619
25, 0.0044009432507058
26, 0.00270824219721059
27, 0.0014495526944908
28, 0.00239776715170592
29, 0.00353092463531842
30, 0.00450028890433411
31, 0.00526745648433765
32, 0.00585177890025079
33, 0.00628439857003589
34, 0.0065974195022136
35, 0.0068211336620152
36, 0.00698450932811413
37, 0.00703952219337225
38, 0.00712881551589817
39, 0.00737662566825747
40, 0.00770408598085244
41, 0.00812921145310005
42, 0.00860308452198903
43, 0.00908832748730977
44, 0.00956490977356831
45, 0.0100197844828169
46, 0.0104483735437195
47, 0.0108513530964653
48, 0.0112315348039071
49, 0.0115821588163575
50, 0.0120118362829089
51, 0.0122241973876953
52, 0.0122306120271484
53, 0.012231703226765
54, 0.0122104175388813
55, 0.0121555641914407
56, 0.012055203008155
57, 0.0118946911146243
58, 0.011661940254271
59, 0.0113512929528952
60, 0.0109671947235862
61, 0.010526429861784
62, 0.0100608868524432
63, 0.00961668696254492
64, 0.00923053237299124
65, 0.0089779660726587
66, 0.00890206607679526
67, 0.00906786726166805
68, 0.00936872822542985
69, 0.00973308521012465
70, 0.0101183444882433
71, 0.0104799782857299
72, 0.0107832284023364
73, 0.0110133495181799
74, 0.0111696468666196
75, 0.0112627061704795
76, 0.0113126675908764
77, 0.0113479836533467
78, 0.0114071257412434
79, 0.0115511637801925
80, 0.0118876080960035
81, 0.0126050940404336
82, 0.0135977848743399
83, 0.012650559656322
84, 0.0105629979322354
85, 0.00990863361706336
86, 0.00942410156130791
87, 0.00901982902238766
88, 0.00865638349205256
89, 0.0083166944483916
90, 0.00799689907580614
91, 0.00769891015564402
92, 0.00742620415985584
93, 0.00718910076345007
94, 0.00700075458735228
95, 0.00688386460145315
96, 0.00684349209768698
97, 0.006814145638297
98, 0.00679223402403295
99, 0.00674644151392082
100, 0.00665400146196286
101, 0.00649310982165237
102, 0.00623875654612978
103, 0.0058603307697922
104, 0.00532109825871885
105, 0.0045789322660615
106, 0.00360619113780558
107, 0.00244673345393191
108, 0.00144945558470984
109, 0.00278683581079046
110, 0.00455968803726137
111, 0.0088543863967061
112, 0.0158292846754193
113, 0.0227547399699688
114, 0.0181614657243093
115, 0.0143420328386128
116, 0.0125962034799159
117, 0.0117552164010704
118, 0.0112934083056947
119, 0.0110061457380652
120, 0.010791064084818
121, 0.010587860054026
122, 0.0103583408830067
123, 0.0100807145548364
124, 0.00958863366395235
125, 0.00934939769407113
126, 0.00951950034747521
127, 0.00978272501379251
128, 0.0100953405102094
129, 0.0104362946003675
130, 0.0107780980567137
131, 0.0110984367008011
132, 0.0113829402253032
133, 0.011623615399003
134, 0.0118176775674025
135, 0.0119673507288098
136, 0.0120771117508411
137, 0.0121508308996757
138, 0.0121938921511173
139, 0.0122134353344639
140, 0.0120398823637515
141, 0.0117038919900854
142, 0.01145664571474
143, 0.0112024135887623
144, 0.0109386558954914
145, 0.0106520780051748
146, 0.0103279942025741
147, 0.00995899240175883
148, 0.0095449797809124
149, 0.00909586033473412
150, 0.00862773228436708
151, 0.00816365176190933
152, 0.00773595785722136
153, 0.00738683342933655
154, 0.00715856517975529
155, 0.00277539963523547
156, 0.00451873281660179
157, 0.00878256047144532
158, 0.0156652589018146
159, 0.0225632960597674
160, 0.0228753834962845
161, 0.0158313335850835
162, 0.00908053402478496
163, 0.00451799932246407
164, 0.0027300634343798
165, 0.00687690606961648
166, 0.0069811997624735
167, 0.00715433278431495
168, 0.00737152450407545
169, 0.00762062535310785
170, 0.00789111433550715
171, 0.00817283460249504
172, 0.00845953604827324
173, 0.00874938443303108
174, 0.00904747874786456
175, 0.00936711144944032
176, 0.00972886507709821
177, 0.0101796084394058
178, 0.0108212232589722
179, 0.0129803291056305
180, 0.0139571856707335
181, 0.0128575044994553
182, 0.0120428279042244
183, 0.0116170576463143
184, 0.0113934064283967
185, 0.0112607277308901
186, 0.0111584300175309
187, 0.0110516060764591
188, 0.0109196038295825
189, 0.0107514678190152
190, 0.0105444801350435
191, 0.0103040458634496
192, 0.0100431572645903
193, 0.00978255644440651
194, 0.00954944671442111
195, 0.00936772177616755
196, 0.00927918497473001
197, 0.00740277491665135
198, 0.00192543612793088
199, 0.0114385203147928
200, 0.0120986045027773
201, 0.0119284969599297
202, 0.0132659411368271
203, 0.0159149525376658
204, 0.0208566151559353
205, 0.00437267520464957
206, 0.0161919518141076
207, 0.00708736580175658
208, 0.00697658575760822
209, 0.00679955802236994
210, 0.0065513978091379
211, 0.00621241160357992
212, 0.00575588278782864
213, 0.00515399958627919
214, 0.0043849260158216
215, 0.00345649046357721
216, 0.00257590005639941
217, 0.010252563127627
218, 0.00981174921616912
219, 0.00934349683423837
220, 0.00885720706234376
221, 0.00836758377651373
222, 0.00790079147554934
223, 0.00749776085528235
224, 0.009492178602765
225, 0.00977362568179766
226, 0.0100988781390091
227, 0.0104679636036356
228, 0.0108346293369929
229, 0.0111674930279454
230, 0.0114465455214183
231, 0.0116637595929205
232, 0.0118197007104754
233, 0.0119216690460841
234, 0.0119808545957009
235, 0.0120076239109039
236, 0.0120054151241978
237, 0.0120040344384809
238, 0.00644212619711955
239, 0.00711529003456235
240, 0.0056551112793386
241, 0.00518725855120768
242, 0.00672807327161233
243, 0.00608380309616526
244, 0.00475328155638029
245, 0.00694666275133689
246, 0.0115936757065356
247, 0.0116996077510218
248, 0.0117024842960139
249, 0.0103197516873479
250, 0.0108620825534066
251, 0.0111109130084515
252, 0.0105892708525062
253, 0.01131961417074
254, 0.0114807874585191
255, 0.0117112811033924
256, 0.0116637173729638
257, 0.0106651320432623
258, 0.00962918562193712
259, 0.0114315187868973
260, 0.0110544155662258
261, 0.00914224423468113
262, 0.00863924917454521
263, 0.00812815797204773
264, 0.00766542344354093
265, 0.0117347797378898
266, 0.0100830973436435
267, 0.0110013166752954
268, 0.0119184486878415
269, 0.0141536037748059
270, 0.0127548389136791
271, 0.010251687373966
272, 0.0106381163932383
273, 0.0101313440661345
274, 0.00725806225091219
275, 0.0116537686969553
276, 0.010533956438303
277, 0.0114448122680187
278, 0.00728774295809368
279, 0.00684088158110778
280, 0.00690033185916642
281, 0.00702242568756143
282, 0.00715937690498928
283, 0.00737631476173798
284, 0.0114950075124701
285, 0.0114295395712058
286, 0.0115033355541527
287, 0.011327911944439
288, 0.0114852433713774
289, 0.0109920191268126
290, 0.0111811578584214
291, 0.011469308907787
292, 0.0114435567520559
293, 0.0107635012827814
294, 0.010502226340274
295, 0.0112592332685987
296, 0.00994458453108867
297, 0.00895186141133308
298, 0.00946913938969374
299, 0.00842846821372708
300, 0.00783885822498373
301, 0.0108964506847163
302, 0.0113718177502354
303, 0.0105865256239971
304, 0.0124931757648786
305, 0.01095778743426
306, 0.00724887028336525
307, 0.00694656325504184
308, 0.0109478498675994
309, 0.0111413840204477
310, 0.00781320982302229
311, 0.0111750786503156
312, 0.00782508426345885
313, 0.00849806571689745
314, 0.0112772015854716
315, 0.0112042085578044
316, 0.00784378948931893
317, 0.0114435322272281
318, 0.00793084478937089
319, 0.00812413698683182
320, 0.0114890403735141
321, 0.0114811121796568
322, 0.0113609565111498
323, 0.0114321902704736
324, 0.0113486226958533
325, 0.00742162112146616
326, 0.0103704654611647
327, 0.00931847933679819
328, 0.00823518205434084
329, 0.00873790960758924
330, 0.0107471610729893
331, 0.00983183706800143
332, 0.0133884361324211
333, 0.0118403259354333
334, 0.0113621206643681
335, 0.00985662769526243
336, 0.00735418793434898
337, 0.00951711134985089
338, 0.00845295709690877
339, 0.00850859781106313
340, 0.01161630731076
341, 0.0109712750251804
342, 0.00872321473434567
343, 0.0116444773351153
344, 0.011138844769448
345, 0.0116568778951963
346, 0.0115678159830471
347, 0.00904475431889296
348, 0.0114418125400941
349, 0.0112943360581994
350, 0.0102847379942735
351, 0.00915749479706089
352, 0.00972804535801212
353, 0.0106702687529226
354, 0.00918158881055812
355, 0.0122934243020912
356, 0.0117427154133717
357, 0.0129221612587571
358, 0.0141170861509939
359, 0.0109479857608676
360, 0.0101755654128889
361, 0.0101971183903515
362, 0.0103426704493662
363, 0.00897567868232727
364, 0.00926670727009575
365, 0.0118980333209038
366, 0.0108967596665025
367, 0.0118652617869278
368, 0.0117252368169526
369, 0.00969116917500893
370, 0.0110557242296636
371, 0.011510680274417
372, 0.0112780521934231
373, 0.0113677931949496
374, 0.0125674699832286
375, 0.0102330710118016
376, 0.00957345869392157
377, 0.013431792302678
378, 0.0120743998947243
379, 0.00859077582135797
380, 0.0115964974143675
381, 0.0105943650317689
382, 0.0108013035108646
383, 0.01344300309817
384, 0.0101360676011869
385, 0.0119461777309577
386, 0.0121485384491583
387, 0.0116177564486861
388, 0.0106724274477788
389, 0.0112720592878759
390, 0.0109566482715309
391, 0.0110695796708266
392, 0.0101681944603721
393, 0.0106231415023406
394, 0.0130315523594618
395, 0.0122582633048296
396, 0.0121944646040599
397, 0.0111548773323496
398, 0.013018559354047
399, 0.011747750453651
400, 0.0122699726683398
401, 0.0112585041982432
402, 0.0108320002133648
403, 0.0139405848458409
404, 0.0105905743315816
405, 0.0118571072816849
406, 0.0113506600260735
407, 0.0125931822694838
408, 0.012245384665827
409, 0.00441721369861625
410, 0.0112783970932166
411, 0.0114209822689494
412, 0.0120792117280265
413, 0.0132297665501634
414, 0.0169362511175374
415, 0.0123622867589196
416, 0.0114099217268328
417, 0.0113375300231079
418, 0.0112052719729642
419, 0.0110960574820638
420, 0.0109366035709778
421, 0.0107212038710713
422, 0.0104544339701533
423, 0.0101540395990014
424, 0.00985280781363448
425, 0.00959877390414476
426, 0.00939870299771428
427, 0.00692563333238165
428, 0.00792403363933166
429, 0.00825879955664277
430, 0.00861538263658682
431, 0.0089938462090989
432, 0.00940924619014064
433, 0.00989345538740357
434, 0.0105546310854455
435, 0.00684998114593327
436, 0.0068284635587285
437, 0.00677351118065417
438, 0.00666585098952055
439, 0.00648339178102712
440, 0.00620376854203641
441, 0.00580063795981308
442, 0.0052426322363317
443, 0.00449787441175431
444, 0.00355079618748277
445, 0.00261867199636375
446, 0.00194405829533935
447, 0.0198716356729468
448, 0.00777978310361505
449, 0.0154600407307347
450, 0.0115286734265586
451, 0.0101598428251843
452, 0.0106016939195494
453, 0.0111765172332525
454, 0.0112866889685392
455, 0.0112372788911064
456, 0.0109672878558437
457, 0.0110901334943871
458, 0.0108035085722804
459, 0.0117257577367127
460, 0.0120286764577031
461, 0.0113428107773264
462, 0.010376138612628
463, 0.00669028144329786
464, 0.00698358472436666
465, 0.00697499855111043
466, 0.00693449672932426
467, 0.00684325552235047
468, 0.00646514243756731
469, 0.0061590956368794
470, 0.00577046015920738
471, 0.00530774639143298
472, 0.00761372759006917
473, 0.00867225416004658
474, 0.0073324223048985
475, 0.00827696081250906
476, 0.0100387606459359
477, 0.00709334652250012
478, 0.00908826741700371
479, 0.00953540236999591
480, 0.0106346321602662
481, 0.0109805652561287
482, 0.0102126225829124
483, 0.0106095499359071
484, 0.0118919027348359
485, 0.0127047736508151
486, 0.00980981737375259
487, 0.010033349506557
488, 0.0139072071760893
489, 0.0115113665039341
490, 0.0112318323614697
491, 0.0112125454470515
492, 0.011227329261601
493, 0.0112351219480236
494, 0.0109850058021645
495, 0.0111748922305802
496, 0.0111010189478596
497, 0.0108263210083048
498, 0.0106270522810519
499, 0.0114195635542274
500, 0.00724648823961616
501, 0.00724982113266985
502, 0.00721054275830587
503, 0.007213607042407
504, 0.00691598389918606
505, 0.00697916365849475
506, 0.00706941618894537
507, 0.0071531996751825
508, 0.00698686211502978
509, 0.00479106430429965
510, 0.0115057731579457
511, 0.00755929597653449
512, 0.00959914938236276
513, 0.00913411099463701
514, 0.010102686782678
515, 0.008690998579065
516, 0.01067534290875
517, 0.0079075142275542
518, 0.011340221700569
519, 0.0105205209304889
520, 0.0124680044439932
521, 0.0109126612854501
522, 0.0116357697794835
523, 0.00725168168234328
524, 0.0111840412552868
525, 0.0112644345499575
526, 0.0112392514323195
527, 0.0110802982623378
528, 0.0113143515773118
529, 0.011338497667263
530, 0.0111392267669241
531, 0.0111981336958706
532, 0.0112606103842457
533, 0.0113148693926632
534, 0.00771439929182331
535, 0.00755878638786574
536, 0.00778194796293974
537, 0.0112462756223977
538, 0.00765313091687858
539, 0.00786455526637534
540, 0.00798860657960176
541, 0.00746382254042796
542, 0.00819966949832936
543, 0.0104270284995437
544, 0.00715071586892009
545, 0.0112001776695251
546, 0.00826278111586968
547, 0.00693212007172406
548, 0.00914749829098582
549, 0.00961552793160081
550, 0.0101133496500552
551, 0.010617272152255
552, 0.00786809832789004
553, 0.0118151414208114
554, 0.0108709479016917
555, 0.0113226246709625
556, 0.0133227586435775
557, 0.00685272496193647
558, 0.0113624155521393
559, 0.0142775471987469
560, 0.0119112751757105
561, 0.0109786868095398
562, 0.00781446462497115
563, 0.0110178478062153
564, 0.0115716982898968
565, 0.0114778890274465
566, 0.0116045402052502
567, 0.0115718729794025
568, 0.011049331476291
569, 0.0113417302879194
570, 0.0111894023915132
571, 0.00832148819851379
572, 0.00851191719993949
573, 0.00817027517283956
574, 0.00806521098794682
575, 0.00876650648812453
576, 0.011077678296715
577, 0.00913438387215137
578, 0.00693479245528579
579, 0.00855069320338468
580, 0.00868001378451785
581, 0.00961608920867244
582, 0.0100722274122139
583, 0.0106081377182688
584, 0.00820067183425029
585, 0.0122881995824476
586, 0.0113137930631638
587, 0.0117265535518527
588, 0.0129359029233456
589, 0.00912197190336883
590, 0.00905627439108988
591, 0.0107877490421136
592, 0.0118917606770992
593, 0.0118562347876529
594, 0.0114646847359836
595, 0.0116902828837434
596, 0.010963657250007
597, 0.0112129535215596
598, 0.00900826773916682
599, 0.00875159554804365
600, 0.00851945374161005
601, 0.00932677462697029
602, 0.0097431531175971
603, 0.0109289122434954
604, 0.00966809022550782
605, 0.00913667088995377
606, 0.0100820345493654
607, 0.0104402285069227
608, 0.01356326682227
609, 0.0125848858927687
610, 0.0115000677428075
611, 0.0122389846614429
612, 0.011609698800991
613, 0.00936400704085827
614, 0.0112466290593147
615, 0.0119507565783958
616, 0.0108881608272592
617, 0.00971389592935642
618, 0.00908429348575217
619, 0.0101258670911193
620, 0.0108268240466714
621, 0.0102917255523304
622, 0.00962012587115169
623, 0.00863122179483374
624, 0.0104220740807553
625, 0.0105426572263241
626, 0.0130042076731722
627, 0.0120916495410105
628, 0.01309095400696
629, 0.0105459644858326
630, 0.00996033769721786
631, 0.0122254833889504
632, 0.0112600058006744
633, 0.0117538603954017
634, 0.010792398514847
635, 0.0103714185145994
636, 0.010621458136787
637, 0.0109889221688112
638, 0.0126778775826097
639, 0.00961648561060429
640, 0.0100606402071814
641, 0.0131101185455918
642, 0.011203667614609
643, 0.0118656059106191
644, 0.0126238049939275
645, 0.0118110918750366
646, 0.012602793851069
647, 0.0142149882391095
648, 0.0155334719456732
649, 0.00623278909673293
650, 0.00443380543341239
651, 0.00262884626863524
652, 0.00656583703433474
653, 0.00578033683511118
654, 0.00518649304285645
655, 0.00351711482896159
656, 0.00197246673051268
657, 0.012020704181244
658, 0.0119910266560813
659, 0.0119496630504727
660, 0.0118746381873886
661, 0.0117671610787511
662, 0.0116240706605216
663, 0.0114427960167329
664, 0.0112237477054199
665, 0.0109714435723921
666, 0.0106951313403745
667, 0.010410223621875
668, 0.0101382698242863
669, 0.00990731207032998
670, 0.0097122173756361
671, 0.0072308152448386
672, 0.00752753508277237
673, 0.00793706284215053
674, 0.00839782056088249
675, 0.0088749323040247
676, 0.00934042657415072
677, 0.00977593939751387
678, 0.0101674734614789
679, 0.0105107687413692
680, 0.0108112747160097
681, 0.011080808006227
682, 0.0113354404456913
683, 0.0115916798822582
684, 0.0121560824724535
685, 0.0111820592234532
686, 0.0115470560267568
687, 0.0132727360663315
688, 0.0154588739387691
689, 0.0121349180893352
690, 0.00445617834338918
691, 0.0077726246866708
692, 0.0167886894196272
693, 0.00680982678507765
694, 0.00648281226555506
695, 0.00528685830067843
696, 0.00572678811537723
697, 0.00698340350451569
698, 0.00485630981468906
699, 0.00675743212923408
700, 0.00613725270765523
701, 0.0115661807358265
702, 0.0117106853673855
703, 0.01130912390848
704, 0.0105067485322555
705, 0.0107236639596522
706, 0.0111360197576384
707, 0.0103046726435423
708, 0.0109379198402166
709, 0.0114527048232655
710, 0.0116512603126466
711, 0.0117449847360452
712, 0.00707034138031304
713, 0.0103962115632991
714, 0.00727560038545302
715, 0.00915590114891529
716, 0.0107071294138829
717, 0.0109790679998696
718, 0.0112288423503439
719, 0.00770306346627573
720, 0.00961846377079686
721, 0.00816826599960526
722, 0.00866950675845146
723, 0.0100344635235767
724, 0.0114626401724915
725, 0.0197733347304165
726, 0.0109328258161743
727, 0.0119796919946869
728, 0.0107277051235239
729, 0.010516423266381
730, 0.0102555028473337
731, 0.00997455213218927
732, 0.0139012741856277
733, 0.01149727916345
734, 0.0127416742034256
735, 0.0101693096969809
736, 0.011737254448235
737, 0.0104543216526508
738, 0.00713553481424848
739, 0.0071984912113597
740, 0.00709435258371135
741, 0.006971971054251
742, 0.00689992137874166
743, 0.0114456949134668
744, 0.0113690743843714
745, 0.0112651378537218
746, 0.0111330326957007
747, 0.011498997764041
748, 0.0109778197171787
749, 0.011532106436789
750, 0.0115515350674589
751, 0.0108054792508483
752, 0.0106234117411077
753, 0.0069717209165295
754, 0.00708936415612698
755, 0.00948326429352164
756, 0.010634937013189
757, 0.0109041550507148
758, 0.0103138564154506
759, 0.0078892975247332
760, 0.00898358039557934
761, 0.00847408237556616
762, 0.0111341462470591
763, 0.00993064992750684
764, 0.0113736098366124
765, 0.00745441233739257
766, 0.0111740669235587
767, 0.0104850943510731
768, 0.0107164989846448
769, 0.0133103332482278
770, 0.0125102369735638
771, 0.0119261209232112
772, 0.0109334350563586
773, 0.0118136920034885
774, 0.00700540064523617
775, 0.0141824726015329
776, 0.0118639077991247
777, 0.00741961311238507
778, 0.0107296797047768
779, 0.00818761461414397
780, 0.00789161003194749
781, 0.0114098108994464
782, 0.00802156942275663
783, 0.011069099418819
784, 0.0113963267455498
785, 0.0111941130210956
786, 0.0114041768635313
787, 0.0113920650134484
788, 0.0109040689033767
789, 0.011293226853013
790, 0.0113603048957884
791, 0.00854246970266104
792, 0.0073301581821094
793, 0.0115748509764671
794, 0.0102658309042454
795, 0.00829561427235603
796, 0.0105997826904058
797, 0.010870172486951
798, 0.00879137637093663
799, 0.0112486943602562
800, 0.0110897518073519
801, 0.00985369086265564
802, 0.00936109122509758
803, 0.0115095792959134
804, 0.0123560323069493
805, 0.0129392432669799
806, 0.0109653370454907
807, 0.0112043459278842
808, 0.00706142336130142
809, 0.00920984443898002
810, 0.00936643732711673
811, 0.00787750616048773
812, 0.00950770654405157
813, 0.00908887572586536
814, 0.0112051656469703
815, 0.0113790299122532
816, 0.0113272677796582
817, 0.00885891821235418
818, 0.0114102632117768
819, 0.0113093374917905
820, 0.0114149590954185
821, 0.0112534486023443
822, 0.011381181422621
823, 0.00786582341728111
824, 0.0106050982140005
825, 0.00852447641747338
826, 0.0108778149199982
827, 0.0102525760109226
828, 0.011075617124637
829, 0.00923647064094742
830, 0.00980071273321907
831, 0.0118823568336666
832, 0.0135140810161829
833, 0.0112208064335088
834, 0.0126143572852015
835, 0.011515466341128
836, 0.011488876460741
837, 0.0110051319003105
838, 0.0111999337871869
839, 0.0101945862794916
840, 0.0113031640648842
841, 0.0114015527069569
842, 0.011442151106894
843, 0.0096650492399931
844, 0.0114759335604807
845, 0.0115144058751563
846, 0.011521988393118
847, 0.011219309642911
848, 0.00844743568450212
849, 0.0109141467449566
850, 0.0106512124960621
851, 0.0111338971182704
852, 0.00908152805641294
853, 0.0121868881396949
854, 0.0129896473760406
855, 0.0102843729158243
856, 0.0130272675305605
857, 0.00977118220180273
858, 0.011805416084826
859, 0.0105187149186219
860, 0.0113050459573666
861, 0.0116887059328812
862, 0.0114705615366499
863, 0.0115803270600736
864, 0.0116811182039479
865, 0.01236421133702
866, 0.0107837476146718
867, 0.0110254057993491
868, 0.0114890939245621
869, 0.0122991479001939
870, 0.0107762321519355
871, 0.0125228087417781
872, 0.00976231771831711
873, 0.0103677275280158
874, 0.0120080381942292
875, 0.0130630392581224
876, 0.0118463646310071
877, 0.0115610739216208
878, 0.0117503553628922
879, 0.011273848824203
880, 0.0121300079238911
881, 0.0112101629686852
882, 0.0113482167944312
883, 0.0120136702122788
884, 0.0118429502472281
885, 0.0109561622763673
886, 0.012578002953281
887, 0.00994960144162178
888, 0.0111619172617793
889, 0.0114570486669739
890, 0.0120857679285109
891, 0.0118227613468965
892, 0.0112302362918854
893, 0.0115557722747326
894, 0.0117524981809159
895, 0.0141675669699907
896, 0.0154633123117189
897, 0.00753617232354979
898, 0.00193647278938442
899, 0.0109389473994573
900, 0.0111974136283
901, 0.0115703802245359
902, 0.0121928350999951
903, 0.0120614921518912
904, 0.0133361201733351
905, 0.0159613473030428
906, 0.0208759274333715
907, 0.0044724562758347
908, 0.0162804932333529
909, 0.00579901334519188
910, 0.00523861831364532
911, 0.0044900025629128
912, 0.00355931852633754
913, 0.00264800993803268
914, 0.0101901932309071
915, 0.00974632396052281
916, 0.00937998931234082
917, 0.00905242608860135
918, 0.008740343619138
919, 0.00843261042609811
920, 0.0081266313791275
921, 0.00782665959559381
922, 0.00754127325490117
923, 0.00728455705878635
924, 0.00706629773291449
925, 0.00691190781071782
926, 0.00962598544235031
927, 0.00974489096552134
928, 0.00990592315793037
929, 0.0101104827287296
930, 0.0103286743784944
931, 0.010540727370729
932, 0.0107330737325052
933, 0.0108990472120543
934, 0.0110390642657876
935, 0.0111604668200016
936, 0.0112777074488501
937, 0.0114134123238424
938, 0.0116007026905815
939, 0.0118768826747934
940, 0.0122426114976406
941, 0.0126387747004628
942, 0.0103055629879236
943, 0.0109446744124095
944, 0.0106448968872428
945, 0.0108037181198597
946, 0.0110677468279998
947, 0.0111779705621302
948, 0.010474510025233
949, 0.0112842718760173
950, 0.0113987568765879
951, 0.0101572801358998
952, 0.0115329874679446
953, 0.0116908567336698
954, 0.0118586136959493
955, 0.00620131908605496
956, 0.00665771254959206
957, 0.00647785592203339
958, 0.00616008671931922
959, 0.00577224092558026
960, 0.00532517011743039
961, 0.00488218575871239
962, 0.00676665493908028
963, 0.00682448324126502
964, 0.00684038565183679
965, 0.00684348456561565
966, 0.0108191490483781
967, 0.00721005334829291
968, 0.00780807257009049
969, 0.00814928207546473
970, 0.00849609946211179
971, 0.0099208396859467
972, 0.00918635757019122
973, 0.00884168175980449
974, 0.00748578117539485
975, 0.0116270000115037
976, 0.00953997919956843
977, 0.0103754767527183
978, 0.0120321277839442
979, 0.0111964611957471
980, 0.0107220366286735
981, 0.0142198959365487
982, 0.0102220081413786
983, 0.0104967937804759
984, 0.0115321072128912
985, 0.0128404271478454
986, 0.0100813351039376
987, 0.00696855410933495
988, 0.0117609822856528
989, 0.0103609271347523
990, 0.0109226832476755
991, 0.0107897881728907
992, 0.0106436011071006
993, 0.011035396096607
994, 0.0112759419716895
995, 0.0112063023261726
996, 0.0111283847751717
997, 0.0115101134094099
998, 0.0113445329479873
999, 0.0114813239003221
1000, 0.0114166171600421
1001, 0.0104983858764172
1002, 0.00668363746566077
1003, 0.00696778964872162
1004, 0.00683134701102972
1005, 0.0069210942213734
1006, 0.00697379435102145
1007, 0.00698225557183226
1008, 0.00700446063031753
1009, 0.006463986588642
1010, 0.0104487788242598
1011, 0.00928549251208703
1012, 0.0100418211271365
1013, 0.00891060257951419
1014, 0.00965852243825793
1015, 0.00852691087250908
1016, 0.00775334161395828
1017, 0.00813741780196627
1018, 0.00738992526506384
1019, 0.0109275154148539
1020, 0.0109357382170856
1021, 0.0104325668265422
1022, 0.0119788308317463
1023, 0.0125896067668994
1024, 0.0115527305752039
1025, 0.0106909945607185
1026, 0.0106669871934823
1027, 0.0108092469163239
1028, 0.0112887282545368
1029, 0.0112930576627453
1030, 0.0109522345786293
1031, 0.0112784157196681
1032, 0.0112583705534538
1033, 0.0110725689058503
1034, 0.0112216613876323
1035, 0.0111616238330801
1036, 0.011223866759489
1037, 0.0112731129241486
1038, 0.00714763975702226
1039, 0.00720043620094657
1040, 0.00724258293796863
1041, 0.00723036207879583
1042, 0.00723900413140655
1043, 0.00823701405897737
1044, 0.0114893686026335
1045, 0.00707614491693676
1046, 0.00713247861713171
1047, 0.011016806853669
1048, 0.00974806273976962
1049, 0.00808493032430609
1050, 0.0085284182180961
1051, 0.00935741870974501
1052, 0.00895159443219503
1053, 0.0101330794083575
1054, 0.00765710378376146
1055, 0.0105232357357939
1056, 0.0112305659179886
1057, 0.0134708979167044
1058, 0.0124174702602128
1059, 0.0119413188658655
1060, 0.0109572454045216
1061, 0.00993286855518818
1062, 0.0111129592793683
1063, 0.0111950021237135
1064, 0.0112524596042931
1065, 0.0111152598013481
1066, 0.011306562460959
1067, 0.0112441622962554
1068, 0.0113176278149088
1069, 0.0113409929908812
1070, 0.0113470307551324
1071, 0.0109434935397335
1072, 0.00785669405013323
1073, 0.00768280921814342
1074, 0.00775874002526204
1075, 0.00761256242791812
1076, 0.00751880016177893
1077, 0.00800034357234836
1078, 0.00864219681049387
1079, 0.0108570327982306
1080, 0.00982065328086416
1081, 0.0102116954512894
1082, 0.00796500659946884
1083, 0.00941172568127513
1084, 0.00850074520955483
1085, 0.00897147972136736
1086, 0.0105599629071852
1087, 0.0130057095860442
1088, 0.0115761316070954
1089, 0.0122492817851404
1090, 0.0112550015162144
1091, 0.0141959850055476
1092, 0.00709791015833616
1093, 0.00931710687776407
1094, 0.0114195747300982
1095, 0.00874178763478994
1096, 0.0111227710731328
1097, 0.0112426344615718
1098, 0.011003569389383
1099, 0.0114565710537136
1100, 0.0115040908567607
1101, 0.0113652520813048
1102, 0.0115056784513096
1103, 0.00847418101814886
1104, 0.00809862744063139
1105, 0.00826796726323664
1106, 0.00911107131590446
1107, 0.0109536999836564
1108, 0.00962640469272931
1109, 0.01027111026148
1110, 0.00987666379660368
1111, 0.0106617644695299
1112, 0.00945795094594359
1113, 0.00896458660385438
1114, 0.0134908791321019
1115, 0.0126626226119697
1116, 0.0118663919468721
1117, 0.00747730233706534
1118, 0.0108743829652667
1119, 0.0116571641660162
1120, 0.0103641669265926
1121, 0.0134723984325926
1122, 0.0110158598316567
1123, 0.00969723938032985
1124, 0.011736046921994
1125, 0.011261354200542
1126, 0.00927868982156118
1127, 0.0114535655205448
1128, 0.0116091306942205
1129, 0.0117070957397421
1130, 0.00895118371893962
1131, 0.010329840083917
1132, 0.0102465525269508
1133, 0.00841497704386711
1134, 0.0103328724702199
1135, 0.0106802742617826
1136, 0.00992637546733022
1137, 0.0129825469727317
1138, 0.012355985896041
1139, 0.00952667929232121
1140, 0.012068627246966
1141, 0.00866678574432929
1142, 0.0129833306806783
1143, 0.0110179120674729
1144, 0.0100904453235368
1145, 0.0110292253084481
1146, 0.0113082661603888
1147, 0.011897743307054
1148, 0.0115727988692621
1149, 0.0109476878618201
1150, 0.0117931015168627
1151, 0.00967885150263707
1152, 0.0106043829582632
1153, 0.0115786857903004
1154, 0.0120543389182006
1155, 0.0107185156084597
1156, 0.0104034223283331
1157, 0.0125583888341983
1158, 0.00998845909323011
1159, 0.0122234535713991
1160, 0.0086988284252584
1161, 0.0118418157632862
1162, 0.012538561442246
1163, 0.0110233613910774
1164, 0.0108307086241742
1165, 0.0103765091237923
1166, 0.01136148472627
1167, 0.0117190199283262
1168, 0.0109194166958332
1169, 0.0112244246217112
1170, 0.00929111847653985
1171, 0.0122695773839951
1172, 0.0107540231198072
1173, 0.014007898978889
1174, 0.0118074972182512
1175, 0.0113949122217794
1176, 0.01059365645051
1177, 0.0109612210653722
1178, 0.0118561071964602
1179, 0.012051869582917
1180, 0.0113783658792575
