1, 0.00912257609888911
2, 0.0240501784719527
3, 0.00259694777196273
4, 0.00922537129372358
5, 0.010585225187242
6, 0.0148313762620091
7, 0.00686298962682486
8, 0.00249948969576508
9, 0.0253404611721635
10, 0.00802811421453953
11, 0.0089162839576602
12, 0.0136480815708637
13, 0.00951797107700258
14, 0.00994246173650026
15, 0.0101884972924987
16, 0.0103951658432682
17, 0.01057846006006
18, 0.0107631701976061
19, 0.0109988137458762
20, 0.0113748308892051
21, 0.012089607771486
22, 0.0136079244936506
23, 0.0172140630893409
24, 0.0218235005935033
25, 0.0136764884615938
26, 0.00697976754357417
27, 0.00353656779043376
28, 0.00183873268542811
29, 0.00308923640598853
30, 0.00434893548178176
31, 0.00538328646992644
32, 0.00618786535536249
33, 0.00680513121187687
34, 0.00728232165177663
35, 0.00765799350726108
36, 0.00795962785681089
37, 0.00820529103899995
38, 0.00840739843746026
39, 0.00857488283266624
40, 0.00871420620630185
41, 0.00882999955986937
42, 0.0089260257470111
43, 0.00900500034913421
44, 0.00906917778775096
45, 0.009120663938423
46, 0.00916120565185944
47, 0.00919149070978165
48, 0.00921229381735126
49, 0.00922809833926814
50, 0.00925575320919355
51, 0.00931265205144882
52, 0.00937979482114315
53, 0.00945616886019707
54, 0.0095418185616533
55, 0.00963607213149468
56, 0.00973734352737665
57, 0.00984346897651752
58, 0.00995221082121134
59, 0.0100612537935376
60, 0.0101683490599195
61, 0.0102717975775401
62, 0.0103702700386445
63, 0.010461727467676
64, 0.0105417243515452
65, 0.0105658126994967
66, 0.0105860087399681
67, 0.0106053709362944
68, 0.0106325338905056
69, 0.0106675078471502
70, 0.0107098218674461
71, 0.0107588491713007
72, 0.010813188739121
73, 0.0108711048960686
74, 0.010930175272127
75, 0.0109866842006644
76, 0.011035976310571
77, 0.0110721243545413
78, 0.0110883101200064
79, 0.0110766881455978
80, 0.0110298261667291
81, 0.0109414296845595
82, 0.0108077550927798
83, 0.0106289330869913
84, 0.0104100651418169
85, 0.0101622128859162
86, 0.00990331980089347
87, 0.00965821836143732
88, 0.00944754419227441
89, 0.00931076519191265
90, 0.00925781205296516
91, 0.00933351243535678
92, 0.00948593330880006
93, 0.0096774244060119
94, 0.00988859683275223
95, 0.0100981189558903
96, 0.0102917278806369
97, 0.0104655933876832
98, 0.0106276537602146
99, 0.0108019712691506
100, 0.0110427072892586
101, 0.0114600881934166
102, 0.0123749173556765
103, 0.0131042820867151
104, 0.0127794009943803
105, 0.010717885568738
106, 0.00999203510582447
107, 0.00957023321340481
108, 0.00926963270952304
109, 0.00901101250201464
110, 0.00876197032630444
111, 0.00850680874039729
112, 0.00823956541717052
113, 0.00796232093125582
114, 0.00768180548523863
115, 0.0074078553977112
116, 0.00716102107738455
117, 0.00696808254967133
118, 0.00687304697930813
119, 0.00685419707692095
120, 0.00682773278094828
121, 0.00678204062084357
122, 0.00668227571683625
123, 0.00649628997780383
124, 0.00618767055372397
125, 0.00571213740234574
126, 0.00502109853550792
127, 0.00407347828149796
128, 0.0029074577226614
129, 0.00174421784079944
130, 0.00363338191527873
131, 0.00718428799882531
132, 0.0137258631487687
133, 0.0211382477233807
134, 0.0180754633620381
135, 0.0139213752311965
136, 0.0119751578507324
137, 0.0107352160848677
138, 0.0092048787822326
139, 0.00896467408165336
140, 0.00942425988614559
141, 0.0104612338667115
142, 0.0113797355443239
143, 0.0120419145872196
144, 0.0123728228112062
145, 0.0124031932403644
146, 0.0122114652767777
147, 0.0118879337484638
148, 0.011506753663222
149, 0.0111173295105497
150, 0.0107486598814527
151, 0.0104169078792135
152, 0.0101282990848025
153, 0.00988168548792601
154, 0.00967405084520578
155, 0.0095019768923521
156, 0.00936092219005028
157, 0.00924636951337258
158, 0.00915468546251456
159, 0.00908245487759511
160, 0.00902662333101034
161, 0.00898521672934294
162, 0.00895723110685746
163, 0.00894323394944271
164, 0.00898584467358887
165, 0.00906010468800863
166, 0.00909973122179508
167, 0.00912768393754959
168, 0.00914713988701502
169, 0.00916213231782118
170, 0.00917683200289806
171, 0.0092007233761251
172, 0.00354978050260494
173, 0.00701693771407008
174, 0.0135490546623866
175, 0.0220635030418634
176, 0.022096302981178
177, 0.0135197282458345
178, 0.00669670291244984
179, 0.00324697672234227
180, 0.00697347230743617
181, 0.0072464730280141
182, 0.00757421972230077
183, 0.00800267063702146
184, 0.00850709310422341
185, 0.00908463820815086
186, 0.00977214332669973
187, 0.0116395275108516
188, 0.0124951054652532
189, 0.011835771612823
190, 0.0114383241161704
191, 0.0113955813770493
192, 0.0115463814387719
193, 0.0117853864406546
194, 0.0120294187217951
195, 0.0121868556986252
196, 0.0121470506613453
197, 0.0118328693012396
198, 0.0112088120852908
199, 0.0103356673692664
200, 0.00933778254936139
201, 0.00892410613596439
202, 0.0053371543929513
203, 0.00236999182961881
204, 0.00836507370695472
205, 0.0107015481529137
206, 0.0109208258800209
207, 0.0112343840301037
208, 0.0117656203607718
209, 0.0127406435397764
210, 0.0155655160280211
211, 0.0151226356891649
212, 0.0202255647629499
213, 0.0107171128370932
214, 0.00899639570464691
215, 0.00890998806183537
216, 0.00880680233240128
217, 0.0086841465284427
218, 0.0085384058766067
219, 0.00815776720022162
220, 0.00790781636411945
221, 0.00760327551203469
222, 0.00722702918574214
223, 0.00675402271250884
224, 0.00614692348365982
225, 0.00536179767611126
226, 0.00445142671621094
227, 0.00340577154808367
228, 0.010503279355665
229, 0.0098973431934913
230, 0.00978913716971874
231, 0.00968464091420174
232, 0.00958604846770565
233, 0.00949541836356123
234, 0.00941410039861997
235, 0.00934151792898774
236, 0.00928201122830311
237, 0.00961144842828313
238, 0.00976919879515966
239, 0.00994860008358955
240, 0.0101536403720578
241, 0.010360273377349
242, 0.0105504927535852
243, 0.0107116509849826
244, 0.0108371963724494
245, 0.0109250297149022
246, 0.0109767958832284
247, 0.0109968141963085
248, 0.0109908374336859
249, 0.0109652963777383
250, 0.0109261937129001
251, 0.0108787127149602
252, 0.0108273085206747
253, 0.0107754288862149
254, 0.0107256889653703
255, 0.0106798011499147
256, 0.0106391136844953
257, 0.0106047789255778
258, 0.0105772541525463
259, 0.0105564459227026
260, 0.0100070281575123
261, 0.00936985528096557
262, 0.00962983397766948
263, 0.0102215375130375
264, 0.0101157086901367
265, 0.00984130365153154
266, 0.00973319681361318
267, 0.00953334368144472
268, 0.01041956897825
269, 0.00944600425039729
270, 0.0103232747254272
271, 0.0090678211612006
272, 0.00912607694044709
273, 0.00821993903567394
274, 0.0090095290603737
275, 0.00713172182440758
276, 0.00675137146996955
277, 0.00917356150845687
278, 0.00882061043133338
279, 0.00870219292119145
280, 0.00636213412508368
281, 0.00657210652051227
282, 0.00921126827597618
283, 0.00923682687183221
284, 0.0092484263703227
285, 0.00746377371251583
286, 0.00775377755053341
287, 0.00800440235373875
288, 0.00840517009298007
289, 0.0085646715015173
290, 0.00892229859406749
291, 0.0108624097580711
292, 0.0105755577484767
293, 0.0101108763677379
294, 0.0104100997559726
295, 0.0106794989357392
296, 0.0107765189992885
297, 0.0108436834998429
298, 0.0108819181720416
299, 0.0108276945538819
300, 0.0107861496508121
301, 0.0105437578943868
302, 0.0105552189052105
303, 0.010696211985002
304, 0.0102563177545865
305, 0.0108945473718146
306, 0.0108863174294432
307, 0.0107414328182737
308, 0.0106525781253974
309, 0.0106121343560517
310, 0.0105180931277573
311, 0.010498049048086
312, 0.0105081234748165
313, 0.0124984468954305
314, 0.0103116245009005
315, 0.0109302517957985
316, 0.0116913202218711
317, 0.011232588129739
318, 0.0100755573560794
319, 0.00929461286536285
320, 0.0099977415853313
321, 0.0105493575334549
322, 0.00983663387596607
323, 0.0139462216757238
324, 0.00979920693983634
325, 0.0104788162612489
326, 0.0100628645159304
327, 0.0101709429485103
328, 0.0102768402236203
329, 0.00947559624910355
330, 0.00957123252252738
331, 0.00938965597500404
332, 0.00967443377400438
333, 0.00978299540778001
334, 0.00995196665947636
335, 0.00914536851147811
336, 0.00841224162528912
337, 0.00854411100347837
338, 0.00927211871991555
339, 0.00919694515566031
340, 0.00924006042381128
341, 0.00827415722111861
342, 0.00866672862321138
343, 0.00888032000511885
344, 0.0087789964551727
345, 0.00897062011063099
346, 0.00905036771049102
347, 0.00813651612649361
348, 0.00787425607753297
349, 0.0079153412176917
350, 0.00801213590117792
351, 0.0090836596985658
352, 0.0093279929831624
353, 0.0102857391660412
354, 0.0107848493692776
355, 0.0107438929068545
356, 0.0108191440813243
357, 0.0106549425981939
358, 0.0106997044446568
359, 0.0108421300537884
360, 0.010848480121543
361, 0.0108329205152889
362, 0.0105332580084602
363, 0.0106114608546098
364, 0.0105704676049451
365, 0.0107914636222025
366, 0.0105003151111305
367, 0.0107224254558484
368, 0.0104711169066528
369, 0.0104314365113775
370, 0.0104470460986098
371, 0.0105143369485935
372, 0.0106286277684073
373, 0.0103895855136216
374, 0.01069864211604
375, 0.0112601760774851
376, 0.0116754886694252
377, 0.0123089528642595
378, 0.0104609239580376
379, 0.0134576017037034
380, 0.0103759506406883
381, 0.0142245324328542
382, 0.0122763562947512
383, 0.0133295874111354
384, 0.011583694567283
385, 0.0131453677701453
386, 0.00932237426085132
387, 0.0105404619437953
388, 0.0103398908727935
389, 0.010007890406996
390, 0.0101191423212488
391, 0.00972125524034103
392, 0.00961162258560459
393, 0.00871436856687069
394, 0.00873638968914747
395, 0.00941353632758061
396, 0.00950661239524682
397, 0.0102243521250784
398, 0.00989500697081288
399, 0.00918202862764398
400, 0.0092340058957537
401, 0.0089908487473925
402, 0.00927923852577806
403, 0.00878688273951411
404, 0.00873756812264522
405, 0.00891977610687415
406, 0.00885013615091642
407, 0.00905994713927309
408, 0.009124504091839
409, 0.00883328340326746
410, 0.00906483208139738
411, 0.00912081884841124
412, 0.01042769998312
413, 0.0106385208976765
414, 0.0108230141922832
415, 0.0108682373538613
416, 0.0108830933459103
417, 0.0103521151468158
418, 0.0104464616936942
419, 0.0108709499860803
420, 0.0108374825989207
421, 0.0107899066060781
422, 0.0107351844199002
423, 0.0105721532988052
424, 0.0106785848426322
425, 0.0106235663406551
426, 0.0104834705901643
427, 0.0105254106844465
428, 0.0103653650730848
429, 0.010414628777653
430, 0.0107501653643946
431, 0.0103880775471528
432, 0.0102260269224644
433, 0.0109581045495967
434, 0.012124535938104
435, 0.0116267109600206
436, 0.0107239171241721
437, 0.0107538312673569
438, 0.0102711321786046
439, 0.00965841688836614
440, 0.00928846855337421
441, 0.00949612989400824
442, 0.0099515615341564
443, 0.00965562649071217
444, 0.00954647439842423
445, 0.0101801675433914
446, 0.0100660105235875
447, 0.00917481941481431
448, 0.00942891743034124
449, 0.00923721073195338
450, 0.00985379672298829
451, 0.00928720505908132
452, 0.0091223626707991
453, 0.00910971049840252
454, 0.00932689337059855
455, 0.00915174667413036
456, 0.00912268801281849
457, 0.00919023063033819
458, 0.00923292509590586
459, 0.00983571773394942
460, 0.0091833647650977
461, 0.00938593798006574
462, 0.0109971067868173
463, 0.0109855701836447
464, 0.0109132332727313
465, 0.0109429025712113
466, 0.010972261428833
467, 0.0108762655096749
468, 0.0107959260543187
469, 0.0106320146781703
470, 0.0107122589834034
471, 0.0105588960771759
472, 0.010494699391226
473, 0.010321881622076
474, 0.0102525112618293
475, 0.0103551847860217
476, 0.0104399169795215
477, 0.010393832034121
478, 0.0102776228450239
479, 0.0102944506021837
480, 0.0127046601846814
481, 0.0112540425422291
482, 0.0119167412631214
483, 0.0109606191205482
484, 0.00991519105931123
485, 0.00967493482554952
486, 0.01026787996913
487, 0.00989380618557334
488, 0.00958003181343277
489, 0.00948367230594158
490, 0.0100133206384877
491, 0.0101279560476542
492, 0.00952078308910131
493, 0.00942751858383417
494, 0.00935341852406661
495, 0.00931354627634088
496, 0.00939458624149362
497, 0.0093772200246652
498, 0.00935736407215397
499, 0.00935189444571733
500, 0.00935853955646356
501, 0.00937312142923474
502, 0.00977286649867892
503, 0.00927493441849947
504, 0.0111318449489772
505, 0.0110583008887867
506, 0.0111641351444026
507, 0.0109527129679918
508, 0.0111278332769871
509, 0.0108312331140041
510, 0.0107103440289696
511, 0.0105993769442042
512, 0.0105021898634732
513, 0.0104203183824817
514, 0.0103537047592302
515, 0.0102250861624877
516, 0.0102591066000362
517, 0.0103006395511329
518, 0.0101885912939906
519, 0.0105070181723152
520, 0.010193864038835
521, 0.0101824783099194
522, 0.0123193956290682
523, 0.0115206553600729
524, 0.00792015073820949
525, 0.0109521195602914
526, 0.0101797472064694
527, 0.0105067381324867
528, 0.00994266476482153
529, 0.00982998466740052
530, 0.00996116269379854
531, 0.0097775903219978
532, 0.00966694112867117
533, 0.00941972397267818
534, 0.00941784369448821
535, 0.00959815240154664
536, 0.00956102584799131
537, 0.0097043941107889
538, 0.00954574548328916
539, 0.00939497925962011
540, 0.0112173898766438
541, 0.0113199789387484
542, 0.0110594170788924
543, 0.0108841181111832
544, 0.0113681945949793
545, 0.0107166962698102
546, 0.0107736469556888
547, 0.0105682563347121
548, 0.0104424743913114
549, 0.0103400385317703
550, 0.0102601652033627
551, 0.0101992605874936
552, 0.0101534401377042
553, 0.0101195553628107
554, 0.0100888611438374
555, 0.0100511260596769
556, 0.0116900665064653
557, 0.0112031847238541
558, 0.0119807844360669
559, 0.0125852886897822
560, 0.0130396882072091
561, 0.0123532627310072
562, 0.0106359532413383
563, 0.010350856774797
564, 0.0101339349833628
565, 0.00976167277743419
566, 0.00948639080992767
567, 0.00989024061709642
568, 0.00997424606854717
569, 0.0098616254205505
570, 0.00955402345529624
571, 0.00978775974363089
572, 0.00955260234574477
573, 0.00962946719179551
574, 0.00974334062387546
575, 0.0100884134881198
576, 0.00954445917159319
577, 0.0114151942543685
578, 0.0111897345632315
579, 0.0109227496820192
580, 0.0109423167693118
581, 0.0115020975470543
582, 0.0114818459066252
583, 0.0107179610058665
584, 0.0105261338564257
585, 0.0103689006840189
586, 0.010244724030296
587, 0.0101516533953448
588, 0.010084254356722
589, 0.0100354393944144
590, 0.0100021086012324
591, 0.009979875292629
592, 0.00995089253410697
593, 0.0121814330729345
594, 0.011658093581597
595, 0.0107010193169117
596, 0.0104608760836224
597, 0.0102715903582672
598, 0.00969499256461859
599, 0.00980695523321629
600, 0.0101268994621933
601, 0.0100216429370145
602, 0.00971901629652296
603, 0.00970910893132289
604, 0.00994952442124486
605, 0.011369208805263
606, 0.00971898219237725
607, 0.0109917291750511
608, 0.0109942445221047
609, 0.00990142688776056
610, 0.0117396708311779
611, 0.00987055075044433
612, 0.0113686708112558
613, 0.00985508055115739
614, 0.0120651908218861
615, 0.0118377277627587
616, 0.0113311547785997
617, 0.0098668435588479
618, 0.0115857727825642
619, 0.0154969391546079
620, 0.0059043680812465
621, 0.0109339905902743
622, 0.0112398946657777
623, 0.0117488654019932
624, 0.0127257372563084
625, 0.0147740826942027
626, 0.0108615444041789
627, 0.0106831023780008
628, 0.0105141115685304
629, 0.0103408245680233
630, 0.010159231411914
631, 0.0099749726553758
632, 0.00980185158550739
633, 0.0096634963216881
634, 0.00955702519665162
635, 0.0068949768319726
636, 0.00761764876854916
637, 0.00792392327760657
638, 0.00822783152883252
639, 0.00852136313915253
640, 0.00879912124946713
641, 0.00906449261431893
642, 0.00933029952769478
643, 0.00962236352885763
644, 0.00998848676681519
645, 0.0105606080032885
646, 0.0115509868289034
647, 0.00681504094973207
648, 0.00615583484371503
649, 0.00568435100528101
650, 0.00501168643434842
651, 0.00415052853835126
652, 0.00333183848609527
653, 0.00239552545826882
654, 0.0110881328582764
655, 0.00677012116648257
656, 0.00666409241966903
657, 0.00647048349492252
658, 0.00602280100186666
659, 0.00657612442349394
660, 0.00632240537864466
661, 0.00732390217793484
662, 0.0101995718044539
663, 0.00897468455756704
664, 0.00831288083766898
665, 0.00955805787816644
666, 0.00706727895885706
667, 0.00796020085302492
668, 0.0106518939137459
669, 0.00865527521818876
670, 0.00927227114637693
671, 0.00985490577295423
672, 0.011077250353992
673, 0.0109275040837626
674, 0.0113632304904362
675, 0.0117435272162159
676, 0.0122670451179147
677, 0.0101710143499076
678, 0.0103233796544373
679, 0.0107767130248249
680, 0.0106284933475157
681, 0.0104776515314976
682, 0.0100353167702754
683, 0.010717023940136
684, 0.0103266867808998
685, 0.0105279805138707
686, 0.01236555337285
687, 0.0112509507065018
688, 0.0116813325633605
689, 0.013601334610333
690, 0.0100804305014511
691, 0.00982302576303482
692, 0.0188214600396653
693, 0.0114361481474979
694, 0.00996220590812819
695, 0.00682626999914646
696, 0.00695877888106874
697, 0.00688324441822867
698, 0.00694034621119499
699, 0.00762715578700105
700, 0.007475887114803
701, 0.00695480569265783
702, 0.0067634634518375
703, 0.00876116255919139
704, 0.0100459922105074
705, 0.00975320550302664
706, 0.0091221642990907
707, 0.00836911642303069
708, 0.00945167041694125
709, 0.0103567646195491
710, 0.0107368857910236
711, 0.0111276449635625
712, 0.00759849216168125
713, 0.00582761732706179
714, 0.0102200750261545
715, 0.0110890823416412
716, 0.0114491721615195
717, 0.0107518124083678
718, 0.0108650486605863
719, 0.0106281776291629
720, 0.0109677760240932
721, 0.0104940355134507
722, 0.0103522051746647
723, 0.011260237544775
724, 0.0109564719411234
725, 0.0105122473711769
726, 0.0102799095523854
727, 0.0130089870654047
728, 0.0122372733118633
729, 0.0116831948980689
730, 0.0107274120673537
731, 0.00725785479880869
732, 0.0105029981849449
733, 0.0111153752409986
734, 0.00752945829715048
735, 0.00736311023744444
736, 0.00731686681198577
737, 0.00724002167892953
738, 0.00870931264944375
739, 0.0107700267496208
740, 0.0104845139818887
741, 0.00740587478503585
742, 0.00884424118945996
743, 0.0099270180799067
744, 0.0102100128618379
745, 0.00961201544851065
746, 0.00924913631752133
747, 0.00797296750048796
748, 0.0107889344605307
749, 0.010888964869082
750, 0.0079541791540881
751, 0.0110581972015401
752, 0.010649682333072
753, 0.0111419633030891
754, 0.0109678845231732
755, 0.0110220188895861
756, 0.011290122444431
757, 0.0126536334864795
758, 0.0120980452435712
759, 0.0107543220122655
760, 0.0109950679664811
761, 0.0139067320685302
762, 0.00797045724466443
763, 0.00807339457484583
764, 0.00787997478619218
765, 0.00769058017370601
766, 0.0071515554562211
767, 0.0108298544461528
768, 0.0106043152821561
769, 0.0100939027033746
770, 0.0103668376492957
771, 0.0097634627794226
772, 0.00935713325937589
773, 0.00833212902459005
774, 0.0083835874684155
775, 0.00870010768994689
776, 0.0109679677656719
777, 0.0110461783284942
778, 0.0110950072606405
779, 0.0110296402126551
780, 0.0111061464995146
781, 0.0110556113844117
782, 0.00929230381734669
783, 0.0107804844155908
784, 0.0116471077005068
785, 0.0110040839451055
786, 0.0122816682172318
787, 0.011297354940325
788, 0.0131787067900101
789, 0.0110123114660382
790, 0.00832353838320289
791, 0.00893805688247085
792, 0.00856576409811775
793, 0.0108885319593052
794, 0.0107358189610144
795, 0.0102706205410262
796, 0.0105304115762313
797, 0.00991720861444871
798, 0.00889181485399604
799, 0.00942259095609188
800, 0.0111966466531158
801, 0.0112450484496852
802, 0.0112169918914636
803, 0.010097983914117
804, 0.0110785183496773
805, 0.0098600946366787
806, 0.0119027364999056
807, 0.0125969131477177
808, 0.0115597685799003
809, 0.0127462184588824
810, 0.0106083670631051
811, 0.009292790821443
812, 0.00888430774211884
813, 0.00984889020522436
814, 0.0109983095899224
815, 0.0108770723454654
816, 0.0107142666044335
817, 0.010472861584276
818, 0.00940955663099885
819, 0.0114213884142893
820, 0.0110298605635762
821, 0.0113691428365807
822, 0.0111361929836373
823, 0.0111141437664628
824, 0.0104931617776553
825, 0.0112591135936479
826, 0.0119500231618683
827, 0.0120152228378824
828, 0.0124651671697696
829, 0.0140882516279817
830, 0.0117118957762917
831, 0.0100807381261672
832, 0.0110667428622643
833, 0.0109594731281201
834, 0.0106592522934079
835, 0.0112223213848968
836, 0.0112711186520755
837, 0.011076657474041
838, 0.0121052315458655
839, 0.0117058219388127
840, 0.011642099202921
841, 0.0113905964729687
842, 0.0115158746019006
843, 0.0113383532900895
844, 0.0107284273952246
845, 0.0113439418685933
846, 0.0112585954900299
847, 0.015241177380085
848, 0.0102770617231727
849, 0.0114690957901378
850, 0.0128844475063185
851, 0.0155993506001929
852, 0.0206056628376245
853, 0.00908231378222505
854, 0.00887940234194199
855, 0.00811709929257631
856, 0.00785631701971094
857, 0.00664817355573177
858, 0.00523524483044942
859, 0.00915660957495371
860, 0.00912457316492995
861, 0.00896179163828492
862, 0.00865691667422652
863, 0.00753763543131451
864, 0.0091792067202429
865, 0.00902866137524446
866, 0.00877888997395833
867, 0.00850969351207217
868, 0.00833198614418507
869, 0.00714327705403169
870, 0.00602209521457553
871, 0.0042692869125555
872, 0.00328871444799006
873, 0.0023662993684411
874, 0.00904658933480581
875, 0.010416583934178
876, 0.00899588673685988
877, 0.00901647517457604
878, 0.00909078043575088
879, 0.00914844404906034
880, 0.00922216754406691
881, 0.00956478528678417
882, 0.0101534042817851
883, 0.0116743814821045
884, 0.0120730424920718
885, 0.0120344140256445
886, 0.0117510476460059
887, 0.0112193770085772
888, 0.0105503907737633
889, 0.00931445617849628
890, 0.00942731183022261
891, 0.00973032647743821
892, 0.00992549521227678
893, 0.0107126172321538
894, 0.0110319678982099
895, 0.0113610605088373
896, 0.0119309891015291
897, 0.00918133072555065
898, 0.00913846508289377
899, 0.00911619684969386
900, 0.009081838807712
901, 0.0154862909112126
902, 0.0106424858261432
903, 0.00572426120925229
904, 0.0124372760765254
905, 0.00919361893708507
906, 0.0081354440189898
907, 0.00894419600566228
908, 0.00906060279036562
909, 0.00692054947527746
910, 0.00651329996374746
911, 0.00584286028364052
912, 0.00913304788991809
913, 0.00915570526073376
914, 0.00886459493388732
915, 0.00613085188282033
916, 0.00761911381656925
917, 0.00876711790139476
918, 0.00833730570351084
919, 0.0085074151866138
920, 0.00729448876033227
921, 0.00910160240406791
922, 0.00900877003247539
923, 0.008649375444899
924, 0.00789806270040572
925, 0.00907933680961529
926, 0.0104737716416518
927, 0.00934849384551247
928, 0.00969405223925908
929, 0.0107299649777512
930, 0.0115819643251598
931, 0.011829476027439
932, 0.0102385714029272
933, 0.0091512156650424
934, 0.00910977770884832
935, 0.00920388118053476
936, 0.00985022556657592
937, 0.0100301848724484
938, 0.0118760506932934
939, 0.0115670717010895
940, 0.00926919048652053
941, 0.009444418673714
942, 0.00955924578011036
943, 0.0110088634925584
944, 0.0112984989148875
945, 0.00906400502260242
946, 0.0119606999990841
947, 0.00915410447244843
948, 0.0090406347066164
949, 0.00916772444422046
950, 0.00913077701504032
951, 0.00910634004200498
952, 0.011141181923449
953, 0.00983927007764578
954, 0.0091689240985683
955, 0.0139609458856285
956, 0.00770291515315572
957, 0.00901485793292522
958, 0.00905928527936339
959, 0.0082956973152856
960, 0.00844976802666982
961, 0.00895934955527385
962, 0.00880737137049437
963, 0.00912091244632999
964, 0.00858820431555311
965, 0.00780639184328417
966, 0.00909420723716418
967, 0.00870748919745286
968, 0.0081283786178877
969, 0.00795949188371499
970, 0.00889098520080248
971, 0.00914086292808255
972, 0.00773358174289266
973, 0.0101315492453674
974, 0.00947078177705407
975, 0.0106382602825761
976, 0.00994675590967139
977, 0.00956301887830099
978, 0.00966859826197227
979, 0.00979327208672961
980, 0.0103553398512304
981, 0.0109855205131074
982, 0.00939125443498294
983, 0.00926702283322811
984, 0.00932386688267191
985, 0.0092192927064995
986, 0.00917917195086678
987, 0.00914632699762782
988, 0.0119061792890231
989, 0.00912065369387468
990, 0.0091015113517642
991, 0.011409009496371
992, 0.0122783090919256
993, 0.0123838603806992
994, 0.00914609587440888
995, 0.00912542346244057
996, 0.00915592908859253
997, 0.00810186681337655
998, 0.0132113846817187
999, 0.00888944339628021
1000, 0.00943865114822984
1001, 0.0091353051053981
1002, 0.00869430244589845
1003, 0.00865206999393801
1004, 0.00857110678528746
1005, 0.00862276072924336
1006, 0.00856919788445036
1007, 0.00877302559092641
1008, 0.008914012927562
1009, 0.00884850556030869
1010, 0.00897009174029032
1011, 0.00901615185042222
1012, 0.00905346156408389
1013, 0.00908314017578959
1014, 0.00910617116217812
1015, 0.00912320769081513
1016, 0.0091537419706583
1017, 0.0106686504247288
1018, 0.00915590611596902
1019, 0.00914073642343283
1020, 0.00917369499802589
1021, 0.00919420924037695
1022, 0.00927421962842345
1023, 0.00924338384841879
1024, 0.00946719416727622
1025, 0.00991325763364633
1026, 0.010222679314514
1027, 0.00956578832119703
1028, 0.00970467956115802
1029, 0.00935066724196076
1030, 0.0093996380455792
1031, 0.00930998427793384
1032, 0.00921737976993124
1033, 0.0113379441733871
1034, 0.0128348910560211
1035, 0.0121400216594338
1036, 0.0121309305541217
1037, 0.0091399032001694
1038, 0.00914527595575367
1039, 0.00887369861205419
1040, 0.0101666650734842
1041, 0.00966522765035431
1042, 0.00914098601788282
1043, 0.00913925375789404
1044, 0.00914096320047975
1045, 0.00912959470103184
1046, 0.00913578302909931
1047, 0.00912109560643633
1048, 0.009109811236461
1049, 0.00906954457362493
1050, 0.00908119960998495
1051, 0.00907436044265827
1052, 0.00919253130753835
1053, 0.00936553456510107
1054, 0.009108307150503
1055, 0.00909613507489363
1056, 0.0105919044997011
1057, 0.01159877050668
1058, 0.0123150221382578
1059, 0.0107158510014415
1060, 0.00914047937840223
1061, 0.013407291068385
1062, 0.014081615395844
1063, 0.0116897550012384
1064, 0.0139358423650265
1065, 0.0099442710634321
1066, 0.0114480163902044
1067, 0.0102112546030964
1068, 0.00474743317213974
1069, 0.00208524335175753
1070, 0.00567358375216524
1071, 0.0102562777077158
1072, 0.0154752483358607
1073, 0.012839771186312
1074, 0.0155963287688792
1075, 0.0206286318600178
1076, 0.00696439769429465
1077, 0.00694638583809137
1078, 0.00688306669083734
1079, 0.00675464405988653
1080, 0.00653200387023389
1081, 0.00618334937219818
1082, 0.00496989046223462
1083, 0.00410875208520641
1084, 0.00298755974896873
1085, 0.00899714091792703
1086, 0.00838014700760444
1087, 0.00785267112466196
1088, 0.0074141932806621
1089, 0.0104719347630938
1090, 0.011127899090449
1091, 0.0116225446884831
1092, 0.0118892549847563
1093, 0.0119471304739515
1094, 0.0118485119504233
1095, 0.0116703893678884
1096, 0.01148471981287
1097, 0.011348528166612
1098, 0.011311319967111
1099, 0.0113822055670122
1100, 0.0115090745190779
1101, 0.0123686160271366
1102, 0.00721309978204469
1103, 0.00704609377620121
1104, 0.00601870271687706
1105, 0.00609596123519753
1106, 0.00686389463953674
1107, 0.00715698053439458
1108, 0.00631409673951566
1109, 0.00661284825764596
1110, 0.0112292726213733
1111, 0.0117949424311519
1112, 0.0110875214450061
1113, 0.0118938321247697
1114, 0.011538307958593
1115, 0.0114100629774233
1116, 0.0118449979151289
1117, 0.0115986076804499
1118, 0.0110031147487462
1119, 0.0109639357154568
1120, 0.00978481639176607
1121, 0.00975144204373161
1122, 0.0105457937344909
1123, 0.00829685727755229
1124, 0.00899368524551392
1125, 0.0077296649881949
1126, 0.0111099097079464
1127, 0.00723948030333434
1128, 0.0107360613931503
1129, 0.00713385576382279
1130, 0.0121297089383006
1131, 0.0075713477563113
1132, 0.00751920238447686
1133, 0.0076098987677445
1134, 0.00751390703953803
1135, 0.00761232113776108
1136, 0.00763889510805408
1137, 0.0139121442722778
1138, 0.0109364626308282
1139, 0.011149684432894
1140, 0.0104750969136755
1141, 0.0107310667323569
1142, 0.0122667215764523
1143, 0.0105947211074332
1144, 0.0114712008895973
1145, 0.0119107884044449
1146, 0.0125328029638955
1147, 0.0097606413376828
1148, 0.010400952026248
1149, 0.00882169433558981
1150, 0.00808821724993842
1151, 0.00815231027081609
1152, 0.0131273929340144
1153, 0.00970087479799986
1154, 0.00844413981152078
1155, 0.00877207354642451
1156, 0.00938163030271729
1157, 0.00822322024032474
1158, 0.00815258400204281
1159, 0.0082977672573179
1160, 0.0075456203892827
1161, 0.0113836190042396
1162, 0.0103485896252096
1163, 0.0106815359156047
1164, 0.0101311683344344
1165, 0.0106405800208449
1166, 0.00996551088367899
1167, 0.012175918246309
1168, 0.0127331935800612
1169, 0.00860806033015251
1170, 0.00964912182341019
1171, 0.0139062474481761
1172, 0.0102252049061159
1173, 0.00923383794724941
1174, 0.00954590893040101
1175, 0.00914516237874826
1176, 0.0089366144190232
1177, 0.008779502628992
1178, 0.0111773014068604
1179, 0.0133256683126092
1180, 0.0124035745859146
1181, 0.0100946065038443
1182, 0.0137342119589448
1183, 0.0131634680022086
1184, 0.0114855181115369
1185, 0.0087344428524375
1186, 0.0116197261959314
1187, 0.00946268144374092
1188, 0.00967161062483986
1189, 0.010029853011171
