1, 0.0073071513324976
2, 0.0174609287641943
3, 0.00200681475689635
4, 0.00667642103508115
5, 0.00907682161778212
6, 0.0117639387026429
7, 0.00622490979731083
8, 0.00199480465380475
9, 0.0174012242350727
10, 0.0076811604667455
11, 0.00885742157697678
12, 0.0121901091188192
13, 0.00756801877702985
14, 0.00787310108232001
15, 0.00805396058907112
16, 0.00819599535316229
17, 0.00832713829974333
18, 0.0084803841697673
19, 0.00871199648827314
20, 0.00914188629637162
21, 0.0100835675063233
22, 0.012538513323913
23, 0.0150259593501687
24, 0.00831101151804129
25, 0.00372054319207867
26, 0.00213155418168753
27, 0.0033077826956287
28, 0.00436355235675971
29, 0.00514831106799344
30, 0.00569484910617272
31, 0.00607267495555182
32, 0.00633357760185997
33, 0.00650801175894837
34, 0.00661986864482363
35, 0.00668218760984018
36, 0.0067167532009383
37, 0.00683850112060706
38, 0.0070294061054786
39, 0.00725149751330415
40, 0.00748489191755652
41, 0.00771575374528766
42, 0.00793170556426048
43, 0.0081263476361831
44, 0.00829902725915114
45, 0.00845444512863954
46, 0.00860044018675884
47, 0.0087400038416187
48, 0.00892784632742405
49, 0.00902523721257846
50, 0.00901300460100174
51, 0.00898520989964406
52, 0.00893651973456144
53, 0.00886118846635024
54, 0.00875442506124576
55, 0.00861334800720215
56, 0.00843824632465839
57, 0.00823479797691107
58, 0.00801445202281078
59, 0.00779478438198566
60, 0.00758990443622073
61, 0.00751164520625025
62, 0.00738968575994174
63, 0.0074393708879749
64, 0.00755450548604131
65, 0.00769409444183111
66, 0.00783801497891545
67, 0.00796752981841564
68, 0.00807117236157258
69, 0.00814559000233809
70, 0.00819409762819608
71, 0.00822520224998395
72, 0.00825230280558268
73, 0.00829406703511874
74, 0.00837795032809178
75, 0.00854963560899099
76, 0.0088971396908164
77, 0.00967480180164178
78, 0.0103163244202733
79, 0.0100688049569726
80, 0.00836379422495762
81, 0.00776259989167253
82, 0.00741703513388832
83, 0.00718070426955819
84, 0.00699339791511496
85, 0.0068343048915267
86, 0.00669400456051032
87, 0.00656950163344542
88, 0.00646210911994179
89, 0.00637250207364559
90, 0.00630240282043815
91, 0.00625082183008393
92, 0.00627023767447099
93, 0.00634901745555301
94, 0.00641594144205252
95, 0.00647061450096468
96, 0.00649814819917083
97, 0.0064880238690724
98, 0.0064279076953729
99, 0.00630071945488453
100, 0.00608194906574984
101, 0.0057363867914925
102, 0.00521120576498409
103, 0.00443463074043393
104, 0.00336726390135785
105, 0.00214908869626621
106, 0.00391314108856022
107, 0.00859345495700836
108, 0.0150892790406942
109, 0.0125126270577312
110, 0.010091769353797
111, 0.00917379775394996
112, 0.00877230117718379
113, 0.00857873866334558
114, 0.00847373871753613
115, 0.00840832867349187
116, 0.00835882918909192
117, 0.00831189658492804
118, 0.00825908469657103
119, 0.00819364857549469
120, 0.00810845429077744
121, 0.00799619189153115
122, 0.00783082024593438
123, 0.00777682025606434
124, 0.00785036307449142
125, 0.00794927589595318
126, 0.00806138354043166
127, 0.00818192244817813
128, 0.0083037360260884
129, 0.00842056702822447
130, 0.008527597412467
131, 0.00862068682909012
132, 0.00869774601111809
133, 0.00875819412370523
134, 0.00880465780695279
135, 0.00881041446700692
136, 0.0087868586803476
137, 0.00869793320695559
138, 0.00864499062299728
139, 0.00860988845427831
140, 0.00858027115464211
141, 0.00854655168950558
142, 0.00849962917466958
143, 0.00843088887631893
144, 0.00833277373264233
145, 0.00819956200818221
146, 0.00802855069438616
147, 0.00782190527146061
148, 0.00758821315442522
149, 0.00734284070009987
150, 0.00710062605018417
151, 0.00688506926720341
152, 0.00673537608236074
153, 0.00390787189826369
154, 0.0085527072660625
155, 0.0149974732970198
156, 0.015093430566291
157, 0.00839374121278524
158, 0.00372429448179901
159, 0.0062420970449845
160, 0.0062803936501344
161, 0.00633756164461374
162, 0.00641160070275267
163, 0.00649846236531933
164, 0.00659475149586797
165, 0.00669573356087009
166, 0.00679903042813142
167, 0.00690418031687538
168, 0.00701238928983609
169, 0.00712702811385194
170, 0.00725433928892016
171, 0.00740697436655561
172, 0.00760849254826705
173, 0.00790111705039938
174, 0.00836829810092846
175, 0.010076304199174
176, 0.0108223420878251
177, 0.00979266595095396
178, 0.00902475137263536
179, 0.00861189172913631
180, 0.00838081073015928
181, 0.00824317956964175
182, 0.0081533504029115
183, 0.00808713554094235
184, 0.00803140023102363
185, 0.00797816210736831
186, 0.00792372971773148
187, 0.007867650128901
188, 0.00781390365834037
189, 0.00776573938007156
190, 0.00772584819545348
191, 0.00769699380422632
192, 0.00773276260588318
193, 0.00778484088368714
194, 0.00670884666033089
195, 0.00308971093424285
196, 0.00829836074262857
197, 0.00844438265388211
198, 0.00864209700375795
199, 0.00897055833290021
200, 0.00957816063115994
201, 0.0108110835620513
202, 0.010868899213771
203, 0.0138382075044016
204, 0.00563645029130081
205, 0.0051027446364363
206, 0.00439159541080395
207, 0.00356489466503263
208, 0.00853192635501424
209, 0.00838473858311772
210, 0.00822406557078163
211, 0.00804193178191781
212, 0.00783630033644537
213, 0.00761003621543447
214, 0.00737224263139069
215, 0.00713780669805904
216, 0.00691984283427397
217, 0.00675556412898004
218, 0.00784184581910571
219, 0.00864782758677999
220, 0.00874797906726599
221, 0.00882092816755176
222, 0.00887014033893744
223, 0.008897356223315
224, 0.00891618710011244
225, 0.00867654383182526
226, 0.00847476798420151
227, 0.00775497010909021
228, 0.00726155649560193
229, 0.00751397448281447
230, 0.00816473023345073
231, 0.00832931976765394
232, 0.00797380739822984
233, 0.00702078454196453
234, 0.00880068633705378
235, 0.00851913976172606
236, 0.00819177273660898
237, 0.00836442069460948
238, 0.00865229917690158
239, 0.00870597300430139
240, 0.00874120291943351
241, 0.00876065669581294
242, 0.00769021892920136
243, 0.00801239022985101
244, 0.00816169443229834
245, 0.00894964952021837
246, 0.0094172313498954
247, 0.0101267041948934
248, 0.00866150499011079
249, 0.00846534020577868
250, 0.00602115496682624
251, 0.00648593537819882
252, 0.00566676476349433
253, 0.00666863638907671
254, 0.00629421533085406
255, 0.00603823860486348
256, 0.00581149042894443
257, 0.00660585534448425
258, 0.00677899297858988
259, 0.00875694850193603
260, 0.00800006712476412
261, 0.00796232791617513
262, 0.00689882719889283
263, 0.00842880054066578
264, 0.00792229920625687
265, 0.00829262565821409
266, 0.00812578108161688
267, 0.00768314239879449
268, 0.00741662659371893
269, 0.00712807290256023
270, 0.00860565947368741
271, 0.00823252197975914
272, 0.00847861419121424
273, 0.0083606963356336
274, 0.00866024863595764
275, 0.00865646312013268
276, 0.00864440606286128
277, 0.00857680384069681
278, 0.00808703371634086
279, 0.00830614240840077
280, 0.00868940353393555
281, 0.00895380973815918
282, 0.00989879854023457
283, 0.00933346974973877
284, 0.00866875555366278
285, 0.00645540041538576
286, 0.00659815835145613
287, 0.00670129976545771
288, 0.00707004040790101
289, 0.00686865579336882
290, 0.00626130743573109
291, 0.0110645283324023
292, 0.0058776051349317
293, 0.00815590703859925
294, 0.0101727284491062
295, 0.00693800732759493
296, 0.00820148643106222
297, 0.0085628531607134
298, 0.00760971110624572
299, 0.00788497808389366
300, 0.00841713200012843
301, 0.00828309341644247
302, 0.00730580883100629
303, 0.00810784799978137
304, 0.00831581512466073
305, 0.00841031922027469
306, 0.00861720228567719
307, 0.00860935247813662
308, 0.00850055258100232
309, 0.00858571225156387
310, 0.00856979579354326
311, 0.00831459542470319
312, 0.00922612411280473
313, 0.00892381664986412
314, 0.00848958330849806
315, 0.00961451993013422
316, 0.00683318683877587
317, 0.00687205116264522
318, 0.00793518645999332
319, 0.00680875397908191
320, 0.00817006230354309
321, 0.00849602231755853
322, 0.00750531908124685
323, 0.00842692004516721
324, 0.00785360167113443
325, 0.00829742833351096
326, 0.00811143079772592
327, 0.00850536376237869
328, 0.00863052345812321
329, 0.00856456936647495
330, 0.0085293697193265
331, 0.00863420683890581
332, 0.00861272464195887
333, 0.00908600197484096
334, 0.00717830406501889
335, 0.00933671106273929
336, 0.00868520451088746
337, 0.00737804275316497
338, 0.00732527467023049
339, 0.00998262089810201
340, 0.0104755789041519
341, 0.00850801728665829
342, 0.00757168202350537
343, 0.00865199816014085
344, 0.0078159347952654
345, 0.00847509984547893
346, 0.00813343903670708
347, 0.00834791470939914
348, 0.00859729573130608
349, 0.00908442462484042
350, 0.00869372223193447
351, 0.00848382283002138
352, 0.00866069691255689
353, 0.0086983732568721
354, 0.00885519540558259
355, 0.00797275989316404
356, 0.00951829894135396
357, 0.00834436908674737
358, 0.00890904092895133
359, 0.00853668004274368
360, 0.00842212637265523
361, 0.00816628815872329
362, 0.00855290067071716
363, 0.00879979692399502
364, 0.00872901035472751
365, 0.00892301074539622
366, 0.00917000649496913
367, 0.00846496131271124
368, 0.00772694991901517
369, 0.00941602736711502
370, 0.00881567187607288
371, 0.00878924615681171
372, 0.00925836293026805
373, 0.00867015899469455
374, 0.00885786182646241
375, 0.0086223968703832
376, 0.00886647310107946
377, 0.00855225659906864
378, 0.00871050842106342
379, 0.00749127419355015
380, 0.0108943706644433
381, 0.00830937083810568
382, 0.00673164912898626
383, 0.00863808921227852
384, 0.00896204030141234
385, 0.00958282997210821
386, 0.0109044063525895
387, 0.00844657374545932
388, 0.00836250822370251
389, 0.00654211392005285
390, 0.0082253774938484
391, 0.00816913709665338
392, 0.0080937595727543
393, 0.00799794308841228
394, 0.00788655838308235
395, 0.00777157015788058
396, 0.00767343685341378
397, 0.00759963970631361
398, 0.00630560331046581
399, 0.00637502231014272
400, 0.00646473638092478
401, 0.00657263087729613
402, 0.00670082789535324
403, 0.0068460355202357
404, 0.00700937118381262
405, 0.00719788135029376
406, 0.00742701347917318
407, 0.00772803773482641
408, 0.00820518316080173
409, 0.00903034784520666
410, 0.00647874556792279
411, 0.00652598372350136
412, 0.00826854274297754
413, 0.00651872949674726
414, 0.00644292177942892
415, 0.00629788055084646
416, 0.006062039717411
417, 0.00570550250510375
418, 0.00519109625990192
419, 0.00449340720660985
420, 0.00365772855002433
421, 0.00312703714007512
422, 0.00822599465027452
423, 0.00783830500828723
424, 0.00710602570325136
425, 0.0067667201316605
426, 0.00650909643930693
427, 0.00662530624928574
428, 0.00692715053446591
429, 0.0073084788552175
430, 0.00754535710439086
431, 0.00843699928373098
432, 0.00814064669733246
433, 0.00828597073753675
434, 0.00895487501596411
435, 0.00942450684184829
436, 0.0102563379332423
437, 0.00779033852741122
438, 0.00797006860375404
439, 0.0138373947702348
440, 0.00858735029275219
441, 0.00841728178784251
442, 0.00793365055384735
443, 0.00810829317197204
444, 0.00833122944459319
445, 0.00824552665775021
446, 0.00881152336175243
447, 0.00913673965260386
448, 0.0095928555354476
449, 0.00829288658375541
450, 0.00848546996712685
451, 0.00836903400098284
452, 0.0081845506404837
453, 0.00802048482000828
454, 0.00633043516427279
455, 0.00640689822224279
456, 0.00658577540889382
457, 0.00663484338050087
458, 0.00665527597690622
459, 0.00664192771849533
460, 0.00648264788712064
461, 0.00593300357771416
462, 0.00579927527966599
463, 0.00658607630369564
464, 0.00613654622187217
465, 0.00641390188996281
466, 0.00888782726334674
467, 0.00788437089483653
468, 0.0113700963556767
469, 0.00654294267296791
470, 0.00762699862631659
471, 0.00738934784506758
472, 0.00681753728228311
473, 0.007900526203836
474, 0.00717925761515896
475, 0.0069893926071624
476, 0.00824497655654947
477, 0.0066588403036197
478, 0.00859503839164972
479, 0.00845233087117473
480, 0.00827988299230734
481, 0.00810775797193249
482, 0.00991384902348121
483, 0.00936408604805668
484, 0.00858125602826476
485, 0.00887095353876551
486, 0.0083981064769129
487, 0.00815600606923302
488, 0.00830645191793641
489, 0.00824159135421117
490, 0.00835113708550731
491, 0.00841231426844994
492, 0.0083802732018133
493, 0.00843343262871107
494, 0.00846655946224928
495, 0.00870845808337132
496, 0.00865818963696559
497, 0.00806590281426907
498, 0.00650733135019739
499, 0.00684913635874788
500, 0.00687065650708973
501, 0.00687504435578982
502, 0.00680609055173894
503, 0.00687575386837125
504, 0.00722167865994076
505, 0.00698650830114881
506, 0.00689812128742536
507, 0.00674349799131354
508, 0.00593595660757273
509, 0.00830312091857195
510, 0.010456686307277
511, 0.00666698354429432
512, 0.00855168753436633
513, 0.00827377143182925
514, 0.00684554704154531
515, 0.0082136238925159
516, 0.00793494369524221
517, 0.00744501509082814
518, 0.00723260229763885
519, 0.00767866219393909
520, 0.00703322786527375
521, 0.00868598806361357
522, 0.00847528393690785
523, 0.00963561547299226
524, 0.00848866254091263
525, 0.00848015894492467
526, 0.00837282712260882
527, 0.00850762380287051
528, 0.00844746812557181
529, 0.00844003772363067
530, 0.00843194328869382
531, 0.00856641183296839
532, 0.00847770816956957
533, 0.00845700797314445
534, 0.00896680339549979
535, 0.00729050091467798
536, 0.00742841527486841
537, 0.0071947769417117
538, 0.00711585216534634
539, 0.00802185968495905
540, 0.00764920950556795
541, 0.00703751505352557
542, 0.00694114210394522
543, 0.00633565811440349
544, 0.00683745816349983
545, 0.00820518704131246
546, 0.00705074332654476
547, 0.00748107496959468
548, 0.00771133345551789
549, 0.00795081808852653
550, 0.00727028609253466
551, 0.00990100614726543
552, 0.00893211690708995
553, 0.00867115582029025
554, 0.0086277745043238
555, 0.0086094792932272
556, 0.00839770465557064
557, 0.00862173999970158
558, 0.00857463541130225
559, 0.00843104347586632
560, 0.00845070757592718
561, 0.00997829437255859
562, 0.00840267570068439
563, 0.00850845376650492
564, 0.00924677277604739
565, 0.00777837618564566
566, 0.00758656851636867
567, 0.00802249764092267
568, 0.00743729147749643
569, 0.00838348812734087
570, 0.00731613968188564
571, 0.00863725847254197
572, 0.00718605378642678
573, 0.0077227729683121
574, 0.00841531325131655
575, 0.00957130015428577
576, 0.00817590610434612
577, 0.00795969801644484
578, 0.00773198033372561
579, 0.00729632088914514
580, 0.00749822643895944
581, 0.0091004337494572
582, 0.00885091070085764
583, 0.0087688408481578
584, 0.00869254379843672
585, 0.00848427843302488
586, 0.00856625071416298
587, 0.00845571684961518
588, 0.00835560665776332
589, 0.00837261027966936
590, 0.0093570949199299
591, 0.00800789395968119
592, 0.0082461618197461
593, 0.00779040002574523
594, 0.0085373348556459
595, 0.00888531484330694
596, 0.009466227277049
597, 0.00762074332063397
598, 0.00749078532680869
599, 0.00944839175790548
600, 0.00795842132841547
601, 0.00813054262350003
602, 0.00840838413153376
603, 0.00910251696283619
604, 0.00818623362907342
605, 0.00884551528309073
606, 0.00863846406961481
607, 0.0083252826705575
608, 0.00774876098148525
609, 0.00792049864927928
610, 0.00892240988711516
611, 0.00876228772103787
612, 0.0083445442840457
613, 0.0082881225583454
614, 0.00896812385569016
615, 0.00840551831892558
616, 0.00858652852475643
617, 0.00798967360918011
618, 0.00822409056127071
619, 0.00889149215072393
620, 0.00813658572733402
621, 0.00774819757789373
622, 0.00920210182666779
623, 0.00868920627981424
624, 0.00818674747521679
625, 0.00669467585560467
626, 0.010834263704185
627, 0.00871170203511914
628, 0.00900041280935208
629, 0.00959259271621704
630, 0.0108820895353953
631, 0.00868615197638671
632, 0.00862773647531867
633, 0.00855552094678084
634, 0.00847006061424812
635, 0.00837431630740563
636, 0.008272141062965
637, 0.00816858342538277
638, 0.008069375064224
639, 0.00798218992228309
640, 0.00790133521271249
641, 0.00678844245461126
642, 0.007470961039265
643, 0.00771718503286441
644, 0.00794059286514918
645, 0.00813002263506254
646, 0.00828080050026377
647, 0.00839403318241239
648, 0.0084745422936976
649, 0.00852924507732193
650, 0.00856646336615086
651, 0.00859517262627681
652, 0.00862449221313
653, 0.00866495460892717
654, 0.00872695461536447
655, 0.00662629050202668
656, 0.00566045893356204
657, 0.00513447821140289
658, 0.00443842172777901
659, 0.00362187135033309
660, 0.00311467623881375
661, 0.00872957023481528
662, 0.0082757081836462
663, 0.00835789119203885
664, 0.00843646051362157
665, 0.00856853478277723
666, 0.00861722277477384
667, 0.0081941910708944
668, 0.00811745381603638
669, 0.00876433849334717
670, 0.00850751033673684
671, 0.00722017597096662
672, 0.0085192508995533
673, 0.00762055038164059
674, 0.00855791382491589
675, 0.00836900528520346
676, 0.00845896375055114
677, 0.00858400932823618
678, 0.00860668299719691
679, 0.00863445534681281
680, 0.00807476975023746
681, 0.00824249706541499
682, 0.00697890436276793
683, 0.00786536342153947
684, 0.00650710278811554
685, 0.00604172407959898
686, 0.005758200539276
687, 0.00631395975748698
688, 0.00609703354227046
689, 0.00588865089230239
690, 0.0137586924247444
691, 0.00855578311408559
692, 0.0102377550986906
693, 0.00840070253858964
694, 0.00846335260818402
695, 0.00835013156756759
696, 0.00830007515226801
697, 0.00824369629845023
698, 0.00817405168587963
699, 0.00808124228691061
700, 0.00798129010945559
701, 0.00900142826139927
702, 0.00943606486544013
703, 0.00806149361389024
704, 0.00868353726608413
705, 0.0113209137693048
706, 0.00816326625645161
707, 0.00858052726835012
708, 0.00853953929618001
709, 0.00848861907919248
710, 0.0084289270453155
711, 0.00836317194625735
712, 0.00829422784348329
713, 0.00822676594058673
714, 0.00865711489071449
715, 0.00845756148919463
716, 0.0083601224857072
717, 0.00861130903164546
718, 0.00859454569096367
719, 0.00852075607205431
720, 0.00858018562818567
721, 0.00822099127496282
722, 0.00855868325258295
723, 0.00779859124061962
724, 0.00803437316790223
725, 0.00735325397302707
726, 0.00649231105732421
727, 0.00674573658034205
728, 0.00718895772782465
729, 0.00695719857079287
730, 0.00664293502146999
731, 0.00630920822732151
732, 0.00863470900803804
733, 0.00859343819320202
734, 0.00842205823088686
735, 0.00849350541830063
736, 0.00816774383808176
737, 0.00836375433330735
738, 0.00830745277926326
739, 0.00824380728105704
740, 0.0098998382066687
741, 0.00938412500545382
742, 0.00874692558621367
743, 0.00590283897084494
744, 0.00709240014354388
745, 0.00682244044063347
746, 0.00826542237773538
747, 0.0104139705321618
748, 0.008254106156528
749, 0.00860803986766509
750, 0.00720906630158424
751, 0.00838035407165686
752, 0.00843901047483087
753, 0.00856507569551468
754, 0.0083164032548666
755, 0.00849027823035916
756, 0.00853343447670341
757, 0.00821893413861593
758, 0.0083714216016233
759, 0.00858679693192244
760, 0.00859141691277424
761, 0.0085946045195063
762, 0.00847470201551914
763, 0.00857165098811189
764, 0.00853809108957648
765, 0.00801016157492995
766, 0.00752019564000269
767, 0.00688409944996238
768, 0.00700398774019309
769, 0.00692690800254544
770, 0.00800221304719647
771, 0.00688074878416955
772, 0.00879295030608773
773, 0.00863818979511658
774, 0.0083259999131163
775, 0.00838802863533298
776, 0.00845271535217762
777, 0.00853137097631892
778, 0.00964036537334323
779, 0.00902533407012622
780, 0.00668666260316968
781, 0.00740223051980138
782, 0.00840152334421873
783, 0.00846048165112734
784, 0.00856910071646174
785, 0.00850757444277406
786, 0.00854431372135878
787, 0.00984930638223886
788, 0.00858630519360304
789, 0.00840823197116455
790, 0.00824243497724334
791, 0.00859774618099133
792, 0.00858535763940641
793, 0.00851480662822723
794, 0.00860416609793901
795, 0.00857515741760532
796, 0.00860039408629139
797, 0.00696003241464496
798, 0.00742591808860501
799, 0.00773172647071381
800, 0.00731742832188805
801, 0.00724330060184002
802, 0.00995640006537239
803, 0.00901142787188292
804, 0.00880923680961132
805, 0.00866586482152343
806, 0.00856130523607135
807, 0.00841687752732209
808, 0.00848357627789179
809, 0.00763621196771661
810, 0.00928344546506802
811, 0.00861182335453729
812, 0.00768611906096339
813, 0.00834115799516439
814, 0.00953743633415018
815, 0.00763439506824527
816, 0.00848452917610606
817, 0.0085368089688321
818, 0.0085695645151039
819, 0.00859216773616416
820, 0.00847235601395369
821, 0.00858030483747522
822, 0.00859125833958387
823, 0.00861185556277633
824, 0.00863542423273126
825, 0.00863563067590197
826, 0.00864680639157693
827, 0.00801857242671152
828, 0.00800280521313349
829, 0.00777264599067469
830, 0.00916368033116063
831, 0.00895626082395514
832, 0.0087959587884446
833, 0.0086731497819225
834, 0.00857690380265315
835, 0.00938961002975702
836, 0.00837956493099531
837, 0.00887080235406756
838, 0.00946717070681708
839, 0.00860775401815772
840, 0.00942775513976812
841, 0.00854355298603574
842, 0.00830342021903821
843, 0.0082230957535406
844, 0.00916262328003844
845, 0.00871881671870748
846, 0.00866999601324399
847, 0.00850891843438148
848, 0.00897708830113212
849, 0.00798531211912632
850, 0.00863956939429045
851, 0.00867995014414191
852, 0.00871259719133377
853, 0.00876327076305946
854, 0.00902151937286059
855, 0.00888468138873577
856, 0.00866441847756505
857, 0.00857690482267312
858, 0.0086473572999239
859, 0.00861626546829939
860, 0.00882991806914409
861, 0.00879610686873396
862, 0.00858004686112205
863, 0.00866753062499421
864, 0.00873848889023066
865, 0.00896733331804474
866, 0.0089006032794714
867, 0.00880851953600844
868, 0.00923132188618183
869, 0.0087181250564754
870, 0.00892591636095728
871, 0.00878551214312514
872, 0.00857523716986179
873, 0.0079015950517108
874, 0.00669742674965944
875, 0.00309345597634092
876, 0.00835208253314098
877, 0.00840676079193751
878, 0.00847200211137533
879, 0.00856670395781597
880, 0.00872550237302979
881, 0.00902025060107311
882, 0.0096170543693006
883, 0.0108372781736155
884, 0.0109154180002709
885, 0.0138697583849231
886, 0.00605003310677906
887, 0.00569612594942252
888, 0.0051813042567422
889, 0.00447700875035177
890, 0.00363319654328128
891, 0.0083529770684739
892, 0.00791230673591296
893, 0.00764426907214026
894, 0.0074520631848524
895, 0.0073010455040882
896, 0.00717118661850691
897, 0.00705192688231667
898, 0.0069374858867377
899, 0.0068252244964242
900, 0.00671460875310004
901, 0.00660683757935961
902, 0.00650560320354998
903, 0.00641725631430745
904, 0.00634306614908079
905, 0.0062875112829109
906, 0.00823448086157441
907, 0.00832759930441777
908, 0.00845630063364903
909, 0.0086422679014504
910, 0.00891233639170726
911, 0.00928605177129308
912, 0.00971445674076676
913, 0.00679308370066186
914, 0.00655690114945173
915, 0.00897192563861609
916, 0.00704631892343362
917, 0.00805879492933551
918, 0.00760636587316791
919, 0.00730674263710777
920, 0.00780067499727011
921, 0.00744711312775811
922, 0.0071749547496438
923, 0.00841913092881441
924, 0.00691897080590328
925, 0.00646066758781672
926, 0.00667085172608495
927, 0.00816210126504302
928, 0.00841884408146143
929, 0.0086604639266928
930, 0.00810046137000124
931, 0.0085256836997966
932, 0.00881971977651119
933, 0.00901588595782717
934, 0.00779343191534281
935, 0.00798815457771222
936, 0.00804325860614578
937, 0.0101996905480822
938, 0.00823185360059142
939, 0.00829648086801171
940, 0.00815100114171704
941, 0.00876873824745417
942, 0.00902750172341863
943, 0.00843019395445784
944, 0.00850786501541734
945, 0.00861153922354182
946, 0.00946458584318558
947, 0.00628304217631618
948, 0.00649909597511093
949, 0.00630676645475129
950, 0.00590093061327934
951, 0.00576884357724339
952, 0.00652126238370935
953, 0.0065051899291575
954, 0.0064591884923478
955, 0.00639036189143856
956, 0.00632307007908821
957, 0.00642538924391071
958, 0.00611273370062311
959, 0.00638410495594144
960, 0.00901230717343944
961, 0.00804296710217992
962, 0.00796663641397442
963, 0.00649541569873691
964, 0.00815503780419628
965, 0.00773367122747004
966, 0.00792193730982641
967, 0.00846666703000665
968, 0.00757373745242755
969, 0.00742614921182394
970, 0.00728352298028767
971, 0.00714148355958362
972, 0.00699993129819632
973, 0.00672366780539354
974, 0.00685962289571762
975, 0.00659256583700577
976, 0.00826409940297405
977, 0.00833401239166657
978, 0.00793612298245231
979, 0.0082031455822289
980, 0.00814769743010402
981, 0.00785200173656146
982, 0.00782151566818357
983, 0.00789065682329237
984, 0.00874127460909741
985, 0.00871580404539903
986, 0.00862272782251239
987, 0.00854093115776777
988, 0.0083618958791097
989, 0.00821053935214877
990, 0.00854695231343309
991, 0.00866040602947275
992, 0.00905179123704632
993, 0.00881790028264125
994, 0.00989570406575998
995, 0.00940632882217566
996, 0.00829158055906495
997, 0.00878686159849167
998, 0.00655348583435019
999, 0.00660432875156403
1000, 0.00647162607250114
1001, 0.00661452750985821
1002, 0.00659304950386286
1003, 0.00654518022201955
1004, 0.00718605138051013
1005, 0.00695427677904566
1006, 0.00686612104376157
1007, 0.00645555548059444
1008, 0.0111456760205328
1009, 0.00594057018558184
1010, 0.00811333938812216
1011, 0.0101872896775603
1012, 0.0083835681900382
1013, 0.00660763774067163
1014, 0.00675871898420155
1015, 0.00783892573478321
1016, 0.00706972756112615
1017, 0.00768207851797342
1018, 0.00737852898115913
1019, 0.00722387828864157
1020, 0.00753022163795928
1021, 0.00821675903474291
1022, 0.00800985905031363
1023, 0.00845500361174345
1024, 0.00691368260110418
1025, 0.00818402832373977
1026, 0.00846746983006597
1027, 0.00805249235903223
1028, 0.00834550522267818
1029, 0.00857918973391255
1030, 0.00860693383341034
1031, 0.00801740648845831
1032, 0.00829297350719571
1033, 0.00840295137216648
1034, 0.00809685544421276
1035, 0.00930989300832152
1036, 0.00868795082593958
1037, 0.00883648203064998
1038, 0.00845599578072627
1039, 0.00828623337050279
1040, 0.00903735791022579
1041, 0.00837290038665136
1042, 0.00966289235899846
1043, 0.00683231147316595
1044, 0.00681900535710156
1045, 0.00668169790878892
1046, 0.00674432368638615
1047, 0.00679102043310801
1048, 0.00801093969494104
1049, 0.0068407051730901
1050, 0.0076259122385333
1051, 0.00827336870133877
1052, 0.00792808442686995
1053, 0.00694750788222466
1054, 0.00729395348268251
1055, 0.00712817464955151
1056, 0.00777648412622511
1057, 0.00808258277053634
1058, 0.00824783447509011
1059, 0.00746197765693069
1060, 0.00762176179947952
1061, 0.00854087000091871
1062, 0.00819949386641383
1063, 0.00816047734891375
1064, 0.00852722271035115
1065, 0.00841458622987072
1066, 0.00845677343507608
1067, 0.00849866168573499
1068, 0.00824425602331758
1069, 0.00798295220981042
1070, 0.00918467342853546
1071, 0.00882182254766425
1072, 0.00898422580212355
1073, 0.00940198389192422
1074, 0.00857147791733344
1075, 0.00837547440702716
1076, 0.00847214537983139
1077, 0.00724321712429325
1078, 0.00839242292568088
1079, 0.00998347873489062
1080, 0.00713619225037595
1081, 0.00695882388390601
1082, 0.00704678225641449
1083, 0.00685964641161263
1084, 0.00739370798692107
1085, 0.00865329049217204
1086, 0.0104180450240771
1087, 0.00846403517893382
1088, 0.00675968518480659
1089, 0.0086288820952177
1090, 0.00808177031576634
1091, 0.00836438073643616
1092, 0.00800892788295945
1093, 0.00734696444123983
1094, 0.00814735268553098
1095, 0.00717497915029526
1096, 0.00753531302325428
1097, 0.0082893786020577
1098, 0.00786210581039389
1099, 0.00770308116140465
1100, 0.00853511706615488
1101, 0.0081391463588391
1102, 0.00833335875843962
1103, 0.00829015811905265
1104, 0.00850292093430956
1105, 0.00852411876743039
1106, 0.00853564000378052
1107, 0.00837346942474445
1108, 0.0090433843433857
1109, 0.0091746598482132
1110, 0.00890801924591263
1111, 0.0086897099390626
1112, 0.00857729852820436
1113, 0.00847609806805849
1114, 0.00957617272312442
1115, 0.00772493480083843
1116, 0.0075232566644748
1117, 0.00800050484637419
1118, 0.0073672925742964
1119, 0.00722681071298818
1120, 0.0089688834601215
1121, 0.00840861368924379
1122, 0.00844580959528685
1123, 0.00847394783049822
1124, 0.00821317313238978
1125, 0.0073740922712854
1126, 0.00759602578667303
1127, 0.00808786569784085
1128, 0.00832452205941081
1129, 0.00777519998761515
1130, 0.00794159186383088
1131, 0.00844953674823046
1132, 0.00898469254995386
1133, 0.0084118670783937
1134, 0.0085101374424994
1135, 0.00854002063473066
1136, 0.00854936723286907
1137, 0.008912593126297
1138, 0.00847566112255057
1139, 0.00824418533593416
1140, 0.00867084243024389
1141, 0.00878192453334729
1142, 0.00856391744067272
1143, 0.0092390125306944
1144, 0.00708524052364131
1145, 0.00819015285621087
1146, 0.00792615193252762
1147, 0.00851442447553078
1148, 0.00772057039042314
1149, 0.00753239014496406
1150, 0.00949916653335094
1151, 0.00959039373057229
1152, 0.00844233464449644
1153, 0.00828633007283012
1154, 0.00838105070094267
1155, 0.00783265708014369
1156, 0.00816527350495259
1157, 0.00802057857314746
1158, 0.00881707218165199
1159, 0.00852733366191387
1160, 0.00855714082717896
1161, 0.00854779531558355
1162, 0.00872907508164644
1163, 0.00882019444058339
1164, 0.00893180950411728
1165, 0.00863738171756268
1166, 0.00858923249567548
1167, 0.00829782181729873
1168, 0.00805720391993721
1169, 0.00786925353375929
1170, 0.00764120779931545
1171, 0.00850282782422645
1172, 0.00844249036163092
1173, 0.0083570114026467
1174, 0.00809433295701941
1175, 0.00824842757234971
1176, 0.00853249324219567
1177, 0.00873576399559776
1178, 0.00859632263226169
1179, 0.00858354739223917
1180, 0.00867249071598053
1181, 0.00878661032766104
1182, 0.00880448371171951
1183, 0.00859483863626208
1184, 0.00886842459440231
1185, 0.00834764540195465
1186, 0.00848939586430788
1187, 0.00844509107992053
1188, 0.00834151104624782
1189, 0.00868059135973454
1190, 0.00865279572705428
1191, 0.00856553891208023
1192, 0.00868198027213415
1193, 0.00814170446246862
1194, 0.00862644445151091
1195, 0.00852056555449963
1196, 0.00857810055216154
1197, 0.0076953563063095
1198, 0.00855985702946782
