1, 0.00728444079868495
2, 0.0173108933959156
3, 0.00165601534536108
4, 0.00690773688256741
5, 0.0084932129830122
6, 0.0121389655396342
7, 0.00551070412620902
8, 0.00151292188093066
9, 0.0174128017388284
10, 0.00700883753597736
11, 0.00840263534337282
12, 0.0121023114770651
13, 0.0074519165015469
14, 0.00767810580631097
15, 0.00783448107540607
16, 0.00794658313194911
17, 0.00803041427085797
18, 0.00809531022484104
19, 0.00814952064926426
20, 0.00820382637903094
21, 0.00827407231554389
22, 0.00838731120650967
23, 0.0085986964404583
24, 0.00902851872767011
25, 0.00999521790072322
26, 0.0124936234205961
27, 0.0159521363675594
28, 0.0102164566827317
29, 0.00508833622249464
30, 0.00254056183621287
31, 0.00168707935760419
32, 0.00295321041873346
33, 0.00403515063226223
34, 0.00484999533121784
35, 0.00544234497162203
36, 0.00586961520214876
37, 0.00617878146780034
38, 0.0064050917668889
39, 0.00657158407072226
40, 0.00669322605244815
41, 0.00678172373833756
42, 0.00684418273158371
43, 0.00688639073632658
44, 0.00691014633048326
45, 0.00693239644169807
46, 0.00699628113458554
47, 0.0070918466274937
48, 0.00720582778255145
49, 0.00733068740616242
50, 0.0074609803656737
51, 0.00758965034037828
52, 0.00771089581151803
53, 0.00782118209948142
54, 0.00791907279441754
55, 0.00800483549634616
56, 0.00808011647313833
57, 0.00814779537419478
58, 0.00821173470467329
59, 0.00827645820875963
60, 0.00834807846695185
61, 0.00843427671740452
62, 0.00845872634090483
63, 0.00846548192203045
64, 0.00844884073982636
65, 0.00842593827595313
66, 0.00839326810091734
67, 0.00834810081869364
68, 0.00828885318090518
69, 0.00821422195682923
70, 0.00812395693113407
71, 0.00801929458975792
72, 0.00790330860763788
73, 0.00778098311275244
74, 0.00765889696776867
75, 0.00754366256296635
76, 0.00743998136992256
77, 0.00741220195777714
78, 0.00737076392397285
79, 0.00734948134049773
80, 0.00741088017821312
81, 0.00748945508773128
82, 0.00758520994956295
83, 0.00769814926510056
84, 0.00782758121689161
85, 0.00798055250197649
86, 0.00817569190015396
87, 0.00845507656534513
88, 0.00890721535931031
89, 0.00980868035306533
90, 0.0105586557183415
91, 0.010320699463288
92, 0.00850048164526621
93, 0.00788476768260201
94, 0.00755636192237337
95, 0.00735090750580033
96, 0.00719712814316154
97, 0.00706537595639626
98, 0.00693832229201992
99, 0.00680529093369842
100, 0.00665938450644414
101, 0.0064978739246726
102, 0.00632250246902307
103, 0.00613894996543725
104, 0.00595733538890878
105, 0.0057868257475396
106, 0.00564025109633803
107, 0.00554430981477102
108, 0.00551710254512727
109, 0.00549788361725708
110, 0.00546861121741434
111, 0.00539357921419044
112, 0.00523673665399353
113, 0.0049635023654749
114, 0.00451841934894522
115, 0.00382235056410233
116, 0.00281562951082985
117, 0.0015831101918593
118, 0.00241003433863322
119, 0.00490453133049111
120, 0.0100852985245486
121, 0.0158812835191687
122, 0.0125810868727664
123, 0.0100415594254931
124, 0.00904247506211201
125, 0.00858375290408731
126, 0.00833916213984291
127, 0.00818358051280181
128, 0.00805838918313384
129, 0.00793187599629164
130, 0.00778005171256761
131, 0.00757058306286732
132, 0.00725191474581758
133, 0.00718738604336977
134, 0.00723506199816863
135, 0.0074071742904683
136, 0.00759433923910062
137, 0.00778196721027295
138, 0.00795576659341653
139, 0.00810403935611248
140, 0.00822074059396982
141, 0.00830471732964118
142, 0.00835896624873082
143, 0.00838866364210844
144, 0.00840007762114207
145, 0.0083991422628363
146, 0.00839332273850838
147, 0.00838819177200397
148, 0.0083681233227253
149, 0.00833573720107476
150, 0.0082261310890317
151, 0.00811883434653282
152, 0.00801163042585055
153, 0.00790079527844985
154, 0.007784110493958
155, 0.00766132539138198
156, 0.00753380932534734
157, 0.00740465149283409
158, 0.00727802282199264
159, 0.0071590308410426
160, 0.00705405573050181
161, 0.00697121024131775
162, 0.00692248856648803
163, 0.00257278963302573
164, 0.00508733668054144
165, 0.0101823715182642
166, 0.0159515623624126
167, 0.015948349609971
168, 0.0100650872724752
169, 0.00492432154715061
170, 0.00239048114356895
171, 0.00554764674355586
172, 0.00564766768366098
173, 0.00579792199035486
174, 0.00597455911338329
175, 0.00616761964435379
176, 0.00636979751288891
177, 0.00657395335535208
178, 0.00677832510943214
179, 0.00698676379397511
180, 0.00721293563644091
181, 0.00748701160773635
182, 0.0078777555997173
183, 0.00854203198105097
184, 0.0103330242757996
185, 0.0105822433251888
186, 0.00988949586947759
187, 0.00905029692997535
188, 0.00864441506564617
189, 0.00838722940534353
190, 0.00819131700942914
191, 0.00801482051610947
192, 0.00783985884239276
193, 0.00766173067192237
194, 0.00748441011334459
195, 0.00731754799683889
196, 0.00717329916854699
197, 0.00716025859583169
198, 0.00760528980754316
199, 0.0041618070432118
200, 0.00177810799796134
201, 0.00806862907484174
202, 0.00813199191664656
203, 0.00819254945963621
204, 0.0082634639305373
205, 0.00836526198933522
206, 0.00853546243160963
207, 0.00884932543461522
208, 0.00946725578978658
209, 0.011601171689108
210, 0.0108225986671944
211, 0.0139611613315841
212, 0.00773855190103253
213, 0.00580542573394875
214, 0.00536706671118736
215, 0.00476245830456416
216, 0.0039864672968785
217, 0.0029222236868615
218, 0.00838334780807296
219, 0.00824391143396497
220, 0.00818146082262198
221, 0.00811720251416167
222, 0.00804706802591681
223, 0.00796759749452273
224, 0.00787640161191424
225, 0.00777243861618141
226, 0.00765612620549897
227, 0.00752977227481703
228, 0.00739795411936939
229, 0.00726751649441818
230, 0.0071458969420443
231, 0.0070368437251697
232, 0.00695499133629103
233, 0.00760200146275262
234, 0.00823548203334212
235, 0.0082920187463363
236, 0.00833628264566263
237, 0.00836914141351978
238, 0.00839256153752406
239, 0.00840905851994952
240, 0.00612668382624785
241, 0.00691357683390379
242, 0.00573928374797106
243, 0.00654351664707065
244, 0.00636498684373995
245, 0.00602742571694156
246, 0.00541720174563428
247, 0.00543608496497784
248, 0.006677859229967
249, 0.00677031185477972
250, 0.00688964144016306
251, 0.00831027934327722
252, 0.00708385665590564
253, 0.00733676839930316
254, 0.00747409036072592
255, 0.00760719032647709
256, 0.00773038024393221
257, 0.00793706780920426
258, 0.00821530415366093
259, 0.00809207667286197
260, 0.0080202332076927
261, 0.0078406451890866
262, 0.0072035548898081
263, 0.00815581390634179
264, 0.00799319427460432
265, 0.00883092312142253
266, 0.00789800177638729
267, 0.00927709136158228
268, 0.00820544455200434
269, 0.00828895810991526
270, 0.00839935910577575
271, 0.00856436183676124
272, 0.00813183188438416
273, 0.00816597122078141
274, 0.008339816549172
275, 0.00752217778936029
276, 0.00768989735903839
277, 0.00778869011749824
278, 0.00789055833593011
279, 0.00799082700784008
280, 0.00808383276065191
281, 0.00824437492216627
282, 0.00828019607191285
283, 0.00830703616763155
284, 0.0083251022733748
285, 0.00774346416195234
286, 0.00999046369854893
287, 0.00696854113734194
288, 0.00777128439707061
289, 0.00771451568497079
290, 0.00999783879766862
291, 0.00626487851453324
292, 0.00684249346765379
293, 0.00681867954942087
294, 0.00673216138966382
295, 0.00661001253562669
296, 0.00653111554371814
297, 0.00653991708531976
298, 0.00645718374289572
299, 0.00807463595022758
300, 0.00813709991052747
301, 0.00819295303275188
302, 0.00769441691227257
303, 0.00756207775945465
304, 0.00800136212880413
305, 0.0078122199823459
306, 0.00727125171882411
307, 0.00741890445351601
308, 0.00791448385765155
309, 0.0071272076262782
310, 0.0082740328895549
311, 0.00796858981872598
312, 0.0083186939979593
313, 0.00822267852102717
314, 0.00843989957744876
315, 0.00860634430622061
316, 0.00884910238285859
317, 0.00920774679010113
318, 0.00805594042564432
319, 0.00702112941071391
320, 0.00834740046411753
321, 0.00819864682853222
322, 0.00777263489241401
323, 0.00792540982365608
324, 0.00800314545631409
325, 0.00807683619981011
326, 0.00826634311427673
327, 0.00824931481232246
328, 0.00827698471645514
329, 0.00827787630259991
330, 0.00785017572343349
331, 0.00814262591302395
332, 0.0078640861902386
333, 0.00702497868665627
334, 0.00661208868647615
335, 0.00794905610382557
336, 0.0110346494863431
337, 0.00732138419213394
338, 0.00694884439664228
339, 0.00686730801438292
340, 0.00678608861441414
341, 0.00971760911246141
342, 0.00693328639802833
343, 0.00687836995348334
344, 0.00669960778517028
345, 0.00790050392970443
346, 0.0077908697227637
347, 0.00817908672615886
348, 0.00812721330051621
349, 0.00735776755027473
350, 0.00766312695729236
351, 0.00751727501240869
352, 0.00719315488822758
353, 0.00799182414387663
354, 0.00806616277744373
355, 0.00824743524814645
356, 0.00833640014752746
357, 0.0080497187251846
358, 0.00813721011703213
359, 0.00846089965974291
360, 0.00883655498425166
361, 0.00862231214220325
362, 0.00912650938456257
363, 0.0082954803481698
364, 0.00822474714368582
365, 0.00792804852660213
366, 0.00824600815152129
367, 0.00803984344626466
368, 0.00809814377377431
369, 0.00824623958518108
370, 0.00824792310595512
371, 0.00797789342080553
372, 0.00814920819054047
373, 0.00819151444981495
374, 0.00784948533400893
375, 0.00842557456344366
376, 0.00708824613442024
377, 0.00715056046222647
378, 0.00772401623960052
379, 0.007066844496876
380, 0.00707322265952826
381, 0.00694615533575416
382, 0.00706508631507556
383, 0.0094840400852263
384, 0.00708262335198621
385, 0.00817254977300763
386, 0.00789546042991181
387, 0.0077758493522803
388, 0.00812729572256406
389, 0.00763490322666864
390, 0.00728239716651539
391, 0.00746820246179899
392, 0.00799278573443492
393, 0.00806907114262382
394, 0.00822468101978302
395, 0.00814009737223387
396, 0.0084573191901048
397, 0.0082346391864121
398, 0.00878759007900953
399, 0.00860392488539219
400, 0.0090058920904994
401, 0.00824128075813254
402, 0.0081392511104544
403, 0.00822916176790992
404, 0.00803206078708172
405, 0.00821558013558388
406, 0.00817884970456362
407, 0.00808825173104803
408, 0.00820870511233807
409, 0.00822937457511822
410, 0.00718705627756814
411, 0.00815645519954463
412, 0.00652892496436834
413, 0.00778333152023454
414, 0.00984732341021299
415, 0.00731600840975131
416, 0.00735427237426241
417, 0.00742756583107014
418, 0.00818160176277161
419, 0.00789946449610094
420, 0.00776675428884725
421, 0.00814236405616005
422, 0.0092581616093715
423, 0.00800594827160239
424, 0.0076067951352646
425, 0.00740668868335585
426, 0.0082385134883225
427, 0.00808491340527932
428, 0.00756059323127071
429, 0.00833875282357136
430, 0.00855989040186008
431, 0.00804404929901163
432, 0.00870952491338054
433, 0.00887953940158089
434, 0.0082433084025979
435, 0.00822704005986452
436, 0.0082049859687686
437, 0.00824604152391354
438, 0.00818897845844428
439, 0.00813716237566301
440, 0.00825483972827593
441, 0.00825367930034796
442, 0.007754867663607
443, 0.00822506805083581
444, 0.0102680975881716
445, 0.00835552345961332
446, 0.00878052863602837
447, 0.00947298823545376
448, 0.00758002062017719
449, 0.00766564540875455
450, 0.00820365004862348
451, 0.00791207786339025
452, 0.00803249329328537
453, 0.00775945636754235
454, 0.00832356854031483
455, 0.00757230787227551
456, 0.0081703228255113
457, 0.00804151928362747
458, 0.0081157642416656
459, 0.00781725137494504
460, 0.00904537970200181
461, 0.00843470559145013
462, 0.00861548709993561
463, 0.00873677696411808
464, 0.00916558310079078
465, 0.00830221471066276
466, 0.00829858891665936
467, 0.00829336180218629
468, 0.00828410716106494
469, 0.00825633263836304
470, 0.0082379849627614
471, 0.00824457351118326
472, 0.00990192834287882
473, 0.00866634584963322
474, 0.00876236412053307
475, 0.00937822221645287
476, 0.00912280566990376
477, 0.00844210417320331
478, 0.00782461968871454
479, 0.00807433497781555
480, 0.00792629830539227
481, 0.00824063659335176
482, 0.00816354978208741
483, 0.00795496076655885
484, 0.0082171286145846
485, 0.0088575758660833
486, 0.00817450306688746
487, 0.00850200156370799
488, 0.00860064119721452
489, 0.00835653503114978
490, 0.00835997872054577
491, 0.0083280272471408
492, 0.00828724008585725
493, 0.00918243564665317
494, 0.00876733520999551
495, 0.00814023784672221
496, 0.00823536127184828
497, 0.00829736997062961
498, 0.00828405469655991
499, 0.00845002662390471
500, 0.00839788590868314
501, 0.00823098341269153
502, 0.00863941998354026
503, 0.00852531380951405
504, 0.0083907184501489
505, 0.00842972485614675
506, 0.0087082584698995
507, 0.00833131900678078
508, 0.00837373795608679
509, 0.0084445221349597
510, 0.00848834790910284
511, 0.0084833571066459
512, 0.00892877671867609
513, 0.00844619795680046
514, 0.00837896910629102
515, 0.0083370128646493
516, 0.00802293866872788
517, 0.00773166064172983
518, 0.0115588353946805
519, 0.00835888646543026
520, 0.00442207530916979
521, 0.00758844528657695
522, 0.00777265499345958
523, 0.00790979278584321
524, 0.00800926377996802
525, 0.00808507747327288
526, 0.00814514607191086
527, 0.00820007578780254
528, 0.00826414208859205
529, 0.00852246039236585
530, 0.00883169720570246
531, 0.00945120537653565
532, 0.0108119651364783
533, 0.00805756667008003
534, 0.00790956166262428
535, 0.00778497740005453
536, 0.00768063434710105
537, 0.00759519737524291
538, 0.00752848976602157
539, 0.00558483235848447
540, 0.00610196815493206
541, 0.00630360019082824
542, 0.00649870233610272
543, 0.00667929796812435
544, 0.00684136905086537
545, 0.00698623022375007
546, 0.00712019018828869
547, 0.00725378274607162
548, 0.00740207056514919
549, 0.00759035705899199
550, 0.00786182819865644
551, 0.00833034096285701
552, 0.00918520614504814
553, 0.00552645364465813
554, 0.00494591589085758
555, 0.004484684439376
556, 0.00380814025023331
557, 0.00297931240250667
558, 0.0023426345239083
559, 0.00773061819685002
560, 0.0139370863325894
561, 0.00477570462195824
562, 0.00590643798932433
563, 0.00799783016555011
564, 0.00713553884997964
565, 0.00572487626535197
566, 0.00656666303984821
567, 0.00633665701995293
568, 0.00742376238728563
569, 0.00678050937131047
570, 0.00697020891432961
571, 0.00728298894440134
572, 0.00757374001356463
573, 0.0077540569473058
574, 0.00835297256708145
575, 0.00787979705880086
576, 0.00808938825502992
577, 0.00879348379870256
578, 0.00822565937414765
579, 0.00829556444659829
580, 0.00922876161833604
581, 0.00996733379239837
582, 0.00839091340700785
583, 0.00854119705036283
584, 0.00816180494924386
585, 0.00799696488926808
586, 0.00823962564269702
587, 0.00879292019332449
588, 0.00847662069524328
589, 0.0081620259831349
590, 0.00803146837279201
591, 0.00792004602650801
592, 0.00783026148565114
593, 0.00774911643626789
594, 0.00920507684350014
595, 0.00549883589458962
596, 0.00533772741133968
597, 0.0054092980766048
598, 0.00523738112921516
599, 0.00511150271631777
600, 0.00486957014072686
601, 0.00780464968244944
602, 0.0100472592748702
603, 0.0110314576886594
604, 0.00609873809541265
605, 0.00743103042865793
606, 0.00727016323556503
607, 0.00708293045560519
608, 0.00757742680919667
609, 0.00772400790204604
610, 0.00686309168425699
611, 0.00789068507341047
612, 0.00661359316048523
613, 0.00838479011630019
614, 0.00809781843175491
615, 0.00833598524332047
616, 0.00843332785492142
617, 0.0082592583882312
618, 0.00809866252044837
619, 0.00798465311527252
620, 0.00818501459434628
621, 0.00857525396471222
622, 0.00962015396604935
623, 0.00912876706570387
624, 0.00879423987741272
625, 0.00769907276013068
626, 0.00684768419402341
627, 0.00831477375080188
628, 0.00973825119435787
629, 0.00893306514869134
630, 0.00869815486172835
631, 0.0082282784084479
632, 0.00812124321237206
633, 0.0080252744567891
634, 0.00796020629682711
635, 0.00849541168039044
636, 0.00550835075167318
637, 0.00566667271777987
638, 0.00638055731542408
639, 0.00617332011461258
640, 0.00566438632085919
641, 0.00562076511171957
642, 0.00587449277130266
643, 0.0056540334730276
644, 0.00900026730128697
645, 0.00843816958367825
646, 0.0101357276240985
647, 0.00605792032244305
648, 0.00634555852351089
649, 0.00817407745247086
650, 0.00771624377618233
651, 0.00800008730341991
652, 0.00785550358705223
653, 0.00837896950542927
654, 0.00756726002631088
655, 0.00739474928316971
656, 0.00718477469248076
657, 0.00693105828637878
658, 0.00870086438953876
659, 0.00836851866915822
660, 0.00828915927559137
661, 0.00902239093557
662, 0.00934330529222886
663, 0.00846105115488172
664, 0.00810749223455787
665, 0.00820655530939499
666, 0.00746962791308761
667, 0.00858642114326358
668, 0.00876685107747714
669, 0.00786255085840821
670, 0.00834359244133035
671, 0.00608150350550811
672, 0.00863820500671864
673, 0.00810232143849134
674, 0.00827515404671431
675, 0.00818758690729737
676, 0.00859046587720513
677, 0.00846441633378466
678, 0.00552729787304997
679, 0.00595597344051514
680, 0.00723103348476191
681, 0.00599498270700375
682, 0.00604537385515869
683, 0.00958582820991675
684, 0.00632415184130271
685, 0.00839553427483354
686, 0.00797355671723684
687, 0.00822481714809934
688, 0.00809533831973871
689, 0.00663702407230933
690, 0.00784519749383132
691, 0.00769768057701488
692, 0.00751603899213175
693, 0.00728032869907717
694, 0.00582654168829322
695, 0.00777872356896599
696, 0.00838871921102206
697, 0.00846989545971155
698, 0.0083136063379546
699, 0.00822787971368858
700, 0.0090978240283827
701, 0.00965176708996296
702, 0.00856946393226584
703, 0.00888480013236403
704, 0.00870587630197406
705, 0.00686501649518808
706, 0.00836146576330066
707, 0.00849472265690565
708, 0.00853070933371782
709, 0.00830828181157509
710, 0.00843842560425401
711, 0.0062681058421731
712, 0.00650444540328213
713, 0.00663205329328775
714, 0.00902021410209792
715, 0.00927038614948591
716, 0.00661408513163527
717, 0.00891551980748773
718, 0.00826530437916517
719, 0.00836239717900753
720, 0.00818256350855033
721, 0.00808418123051524
722, 0.00828008105357488
723, 0.00698518458132942
724, 0.00797030438358585
725, 0.00782851711846888
726, 0.00764192485560973
727, 0.00846325932070613
728, 0.00839825083191196
729, 0.00853456386054556
730, 0.00769103520239393
731, 0.00884738362704714
732, 0.00873558688908815
733, 0.00862281226242582
734, 0.00833982098847628
735, 0.00837673076118032
736, 0.00841853426148494
737, 0.00728437723591924
738, 0.00840054838252919
739, 0.00863361187900106
740, 0.00701944173003236
741, 0.00826547760516405
742, 0.00839414793465819
743, 0.00833005147675673
744, 0.00819133128970861
745, 0.00737862203580638
746, 0.00796361252044638
747, 0.00844796063999335
748, 0.00809793950368961
749, 0.00849101211254795
750, 0.00853865236664812
751, 0.00863338696459929
752, 0.00844016174475352
753, 0.00858639956762393
754, 0.00841885417078932
755, 0.00840170841131892
756, 0.00697592115029693
757, 0.00789556365149716
758, 0.00884870272129774
759, 0.00840613078325987
760, 0.00838992465287447
761, 0.00842333638242313
762, 0.00748809427022934
763, 0.00839650196333726
764, 0.00829813443124294
765, 0.00844932187880789
766, 0.00778775444875161
767, 0.00843126187101007
768, 0.00831898647759642
769, 0.00801933440379798
770, 0.00814102590084076
771, 0.00845373850315809
772, 0.0083305524662137
773, 0.00820130240172148
774, 0.00849064160138369
775, 0.0115878387199094
776, 0.00746892803969483
777, 0.00769856967963278
778, 0.00787149462848902
779, 0.00801000945890943
780, 0.00814033439382911
781, 0.00828828942030668
782, 0.0084957272435228
783, 0.00884078582748771
784, 0.00948833130920927
785, 0.0108761116862297
786, 0.00832137636219462
787, 0.00828899551803867
788, 0.00823493193214138
789, 0.0081555787473917
790, 0.00804950529709458
791, 0.00791967272137602
792, 0.00777350808493793
793, 0.00762076846634348
794, 0.00747891531015436
795, 0.00693689635954797
796, 0.00747182321113845
797, 0.00760140743417044
798, 0.00772703570934633
799, 0.00784663778419296
800, 0.0079598914210995
801, 0.00806759810075164
802, 0.00817418284714222
803, 0.00827716554825505
804, 0.00687800340044002
805, 0.00683029865225156
806, 0.00676056408944229
807, 0.00666322993735472
808, 0.00653149280697107
809, 0.00635414221324027
810, 0.00611562343935172
811, 0.0057930601760745
812, 0.00535494872989754
813, 0.00477106481169661
814, 0.00401885629010697
815, 0.00456074198397497
816, 0.00315527668378005
817, 0.00248213968006894
818, 0.00783283639854441
819, 0.0140014023830493
820, 0.00734239933080971
821, 0.00812317555149396
822, 0.0080215687242647
823, 0.00791331458215912
824, 0.00710226184067627
825, 0.00721745425835252
826, 0.00754649238660932
827, 0.0070041927198569
828, 0.00767581529604892
829, 0.00779829383827746
830, 0.00880119483917952
831, 0.00829584151506424
832, 0.00926725969960292
833, 0.0100026885047555
834, 0.00798976530010501
835, 0.0078373517220219
836, 0.00850022211670876
837, 0.00813647545874119
838, 0.00571319476390878
839, 0.006003279859821
840, 0.00690562495340904
841, 0.0068573026607434
842, 0.00679057735639314
843, 0.00670095991032819
844, 0.00658451765775681
845, 0.00643478683196008
846, 0.00624373205937445
847, 0.00539434049278498
848, 0.00833646487444639
849, 0.00833550654351711
850, 0.00823101230586568
851, 0.00813463563099504
852, 0.00795598390201727
853, 0.00772599154151976
854, 0.00833126328264674
855, 0.00833578370511532
856, 0.0082523498373727
857, 0.00805469928309321
858, 0.00819297026221951
859, 0.00784717313945293
860, 0.00833942570413152
861, 0.00763687879468004
862, 0.0100105686911515
863, 0.00823784513132913
864, 0.00763060398665922
865, 0.00816955640912056
866, 0.00511371914763004
867, 0.00728265863532821
868, 0.00715551649530729
869, 0.00775720435194671
870, 0.00763032919106384
871, 0.00787415914237499
872, 0.00808629797150691
873, 0.00798266613855958
874, 0.0110513299393157
875, 0.00741351783896486
876, 0.00814156560227275
877, 0.00797648588195443
878, 0.00831285258755088
879, 0.00969469205786785
880, 0.00918759622921546
881, 0.00879532502343257
882, 0.00851868853593866
883, 0.00694279791787267
884, 0.00688041808704535
885, 0.00693053402937949
886, 0.00696419885692497
887, 0.00682000621842841
888, 0.00667193283637365
889, 0.00674991604561607
890, 0.00659383530728519
891, 0.00653439434245229
892, 0.0065307654440403
893, 0.00826039134214322
894, 0.0082513225885729
895, 0.00824602739885449
896, 0.00822046321506302
897, 0.00820379797369242
898, 0.00816880461449424
899, 0.00811081457262238
900, 0.00821947989364465
901, 0.00803187163546681
902, 0.00795447114588959
903, 0.00825826621924837
904, 0.00704237228880326
905, 0.00735314637422562
906, 0.00815529629055943
907, 0.0102432801698645
908, 0.00707987702584692
909, 0.00494954789367815
910, 0.00666292376505832
911, 0.00795222943027814
912, 0.00735754643877347
913, 0.00784447463229299
914, 0.00722512680416306
915, 0.00805006766070922
916, 0.00772394984960556
917, 0.0090847018485268
918, 0.00813853849346439
919, 0.00876325632755955
920, 0.00950040528550744
921, 0.00749562905790905
922, 0.00698006246238947
923, 0.00702273411055406
924, 0.00831442388395468
925, 0.00703330857989689
926, 0.00851575595637163
927, 0.00706413698693116
928, 0.00705176910075049
929, 0.00702459807507694
930, 0.00729382100204627
931, 0.00712867104448378
932, 0.00705153526117404
933, 0.00782877653837204
934, 0.0082118616749843
935, 0.0082490318454802
936, 0.00819536965961258
937, 0.00825805837909381
938, 0.00824463941777746
939, 0.00811809860169888
940, 0.00822476437315345
941, 0.00817796712120374
942, 0.00819573768724998
943, 0.00690339962020516
944, 0.00717124985530973
945, 0.00704054852637152
946, 0.00744825772320231
947, 0.00803269445896149
948, 0.00793546733135978
949, 0.0072967493130515
950, 0.00782618881203234
951, 0.00987863149493933
952, 0.00759193596119682
953, 0.00924434730162223
954, 0.0089526204392314
955, 0.00829189763005291
956, 0.0072144668083638
957, 0.0086975257533292
958, 0.00721642015767949
959, 0.00724145397543907
960, 0.00729205086827278
961, 0.0084891429481407
962, 0.00759059780587753
963, 0.00737716211006045
964, 0.00751761649735272
965, 0.00774537143297493
966, 0.00819200479115049
967, 0.0083144453043739
968, 0.00811317323573998
969, 0.00835030293092132
970, 0.00834585245077809
971, 0.00826101548348864
972, 0.00815563524762789
973, 0.00810627173632383
974, 0.00984365477537115
975, 0.0095141346433333
976, 0.00892692416285475
977, 0.00844847988337278
978, 0.00810821059470375
979, 0.00755836931057274
980, 0.00740274507552385
981, 0.00793265737593174
982, 0.00740427065951129
983, 0.0087923095561564
984, 0.00898589954401056
985, 0.00748110127945741
986, 0.00860161830981573
987, 0.00759387613895039
988, 0.00808748075117668
989, 0.00770184017407397
990, 0.00775632510582606
991, 0.00798797747120261
992, 0.00819928400839368
993, 0.00841476830343405
994, 0.00848257302173546
995, 0.00832530918220679
996, 0.00809545107185841
997, 0.00813794632752736
998, 0.00913364905864
999, 0.00769584711330632
1000, 0.00854580213005344
1001, 0.00760850155105193
1002, 0.00863939694439371
1003, 0.00875660482173165
1004, 0.00772965319144229
1005, 0.00782247019621233
1006, 0.0080234386647741
1007, 0.00831008966391285
1008, 0.00788919581100345
1009, 0.00912099626536171
1010, 0.00752674229443073
1011, 0.00810128279651205
1012, 0.00822737192114194
1013, 0.00851333849132061
1014, 0.00840882180879513
1015, 0.00803842927728381
1016, 0.00813175567115347
1017, 0.00734487697482109
1018, 0.00871565860385696
1019, 0.00910314079374075
1020, 0.00874411846910204
1021, 0.00785136715109859
1022, 0.00781297869980335
1023, 0.00838563560197751
1024, 0.00795847340486944
1025, 0.00813743177180489
1026, 0.00827062921598554
1027, 0.00854288440729891
1028, 0.00802085579683383
1029, 0.00813786794121067
1030, 0.00793227199465036
1031, 0.00769526557996869
1032, 0.00799359039713939
1033, 0.00835633852208654
1034, 0.00832343179111679
1035, 0.00814450237279137
1036, 0.00859004575759172
1037, 0.00746001574831704
1038, 0.00405701509277735
1039, 0.00166039578616619
1040, 0.00802879563222329
1041, 0.00815888696039716
1042, 0.00830340276782711
1043, 0.00850488990545273
1044, 0.00884261758377155
1045, 0.00948704872280359
1046, 0.0115752028456579
1047, 0.0108766223614415
1048, 0.0140381016147633
1049, 0.00764233630616218
1050, 0.00495133129879832
1051, 0.00448291803089281
1052, 0.00382297377412518
1053, 0.00281787004011373
1054, 0.00923312036320567
1055, 0.00782959768548608
1056, 0.00749165362988909
1057, 0.00722990666205684
1058, 0.00700143018426995
1059, 0.00678266049362719
1060, 0.00656382483430207
1061, 0.00634349044412374
1062, 0.00612630004373689
1063, 0.00592268444597721
1064, 0.00573661092979213
1065, 0.00559223272527258
1066, 0.00743503876340886
1067, 0.00821953328947226
1068, 0.00840680782372753
1069, 0.00863046028340856
1070, 0.00891691617046793
1071, 0.00929765620579322
1072, 0.00835404482980569
1073, 0.00612284289672971
1074, 0.00662660963522891
1075, 0.00711864962552985
1076, 0.00794488990989824
1077, 0.00762758101336658
1078, 0.00736323891518017
1079, 0.00637331185862422
1080, 0.00687588254610697
1081, 0.00589383090846241
1082, 0.00788727557907502
1083, 0.00880748732015491
1084, 0.00926811449850599
1085, 0.00832801979656021
1086, 0.00852185705055793
1087, 0.00817458455761274
1088, 0.00804828992113471
1089, 0.0073180696927011
1090, 0.00756956272137662
1091, 0.00772287130045394
1092, 0.00788309991670152
1093, 0.0087850623143216
1094, 0.0084355555785199
1095, 0.0086036971770227
1096, 0.00899842334911227
1097, 0.00524800092292329
1098, 0.00537467507335047
1099, 0.00551093718968332
1100, 0.00542182428762317
1101, 0.00553643602567414
1102, 0.00553347552195191
1103, 0.00518365933870276
1104, 0.0053794822389526
1105, 0.01003137913843
1106, 0.00784990850037762
1107, 0.00566846418327519
1108, 0.00770563321808974
1109, 0.007630712219647
1110, 0.00585044445469976
1111, 0.0100227138027549
1112, 0.00773552052366237
1113, 0.00802329834550619
1114, 0.00694948302892347
1115, 0.00747268522779147
1116, 0.0072161005033801
1117, 0.00666803369919459
1118, 0.00608453333067397
1119, 0.00638019285785655
1120, 0.00836116789529721
1121, 0.00836475488419334
1122, 0.00855553367485603
1123, 0.00881126057356596
1124, 0.00917155963058273
1125, 0.0080271454838415
1126, 0.00905396656266281
1127, 0.00828246058275302
1128, 0.00773117380837599
1129, 0.00553755656195184
1130, 0.00799793230059246
1131, 0.00854647625237703
1132, 0.00864805607125163
1133, 0.00867003708013466
1134, 0.00786682435621818
1135, 0.00813784621035059
1136, 0.0078645667526871
1137, 0.00568693635674814
1138, 0.00568793698524435
1139, 0.00623663305304945
1140, 0.00564606759386758
1141, 0.0059842426063759
1142, 0.00802851344148318
1143, 0.0110870266022782
1144, 0.00967755370462934
1145, 0.00668471306562424
1146, 0.00700645979183416
1147, 0.00782151729799807
1148, 0.00756721803918481
1149, 0.00808468119551738
1150, 0.00635701542099317
1151, 0.00729952791395287
1152, 0.00857022978986303
1153, 0.00837459865336617
1154, 0.00820079088831941
1155, 0.008788937702775
1156, 0.00906808457026879
1157, 0.00612296218362947
1158, 0.00873110368847847
1159, 0.00844475518291195
1160, 0.00801284172173057
1161, 0.00853445179139574
1162, 0.00854635965079069
1163, 0.00811161783834299
1164, 0.00822773948311806
1165, 0.00833907521640261
1166, 0.00602415056588749
1167, 0.00786162000149488
1168, 0.00607836688868701
1169, 0.00980438124388456
1170, 0.0101825476934512
1171, 0.00665250963841875
1172, 0.00790147623047233
1173, 0.00704647228121758
1174, 0.00940144946798682
1175, 0.00765476181792716
1176, 0.00812529415513078
1177, 0.00737311706567804
1178, 0.0083542880602181
1179, 0.00838809677710136
1180, 0.00873844930902123
1181, 0.00894163750732938
1182, 0.0085109715970854
1183, 0.00691397651098669
1184, 0.00821053516119719
1185, 0.00837481966508286
1186, 0.00840191248183449
1187, 0.00831587798893452
1188, 0.00846588658168912
1189, 0.00653626390599779
1190, 0.00666659449537595
1191, 0.00821732496842742
1192, 0.00959823404749235
1193, 0.00970460148528218
1194, 0.00706275614599387
1195, 0.0081925046009322
1196, 0.00798982606890301
1197, 0.00744597986340523
1198, 0.00774790354383488
1199, 0.00916141923516989
1200, 0.00856184276441733
1201, 0.00629936950281262
1202, 0.00880935710544387
1203, 0.00733192350404958
1204, 0.00846581067889929
1205, 0.00839200509446008
1206, 0.00847117463126779
1207, 0.00850518513470888
1208, 0.00849647385378679
1209, 0.00700914347544312
1210, 0.00732203541944424
1211, 0.00752733108986701
1212, 0.00826707916955153
1213, 0.00786039675585926
1214, 0.00809264602139592
1215, 0.00933000631630421
1216, 0.00833260975778103
1217, 0.00893671376009782
1218, 0.00866188947111368
1219, 0.00776201385694246
1220, 0.00659915634120504
1221, 0.00857845374516078
1222, 0.00854590889066458
1223, 0.00851508586977919
1224, 0.00840829352715186
1225, 0.00905706680246762
1226, 0.00890563037246466
1227, 0.00837749382480979
1228, 0.00823484531914194
1229, 0.00899239039669434
1230, 0.00873602895687024
1231, 0.00796633368978898
1232, 0.00802095225080848
1233, 0.00833902562347551
1234, 0.00794299816091855
1235, 0.00854123492414753
1236, 0.00844132956117392
1237, 0.0085108003446034
1238, 0.00843514382307019
1239, 0.00853034760802984
1240, 0.00878084842115641
1241, 0.0086650208880504
1242, 0.00847192276269198
1243, 0.00748831210657954
