1, 0.00879743555560708
2, 0.0225676205009222
3, 0.00190688477596268
4, 0.00533526825408141
5, 0.0130995586514473
6, 0.0138965724036098
7, 0.00791014079004526
8, 0.0021930510411039
9, 0.0226562069728971
10, 0.0101036089472473
11, 0.0103752561844885
12, 0.0159392934292555
13, 0.00958212278783321
14, 0.0103141185827553
15, 0.0107545241092642
16, 0.0113648022525012
17, 0.0126672990930577
18, 0.0159712281698982
19, 0.0197384754816691
20, 0.0122714977090557
21, 0.00588665623217821
22, 0.00290099783645322
23, 0.00180767030299952
24, 0.00309550032640497
25, 0.00416001304984093
26, 0.00487315954108323
27, 0.00517095224931836
28, 0.00557909824419767
29, 0.00660469910750786
30, 0.00769760987410943
31, 0.00887021080901225
32, 0.00989824595550696
33, 0.0107110453148683
34, 0.0113264977311095
35, 0.0118218933542569
36, 0.0124938897788525
37, 0.0128557796900471
38, 0.0126998272414009
39, 0.0123770177985231
40, 0.0118939202899734
41, 0.0112712830305099
42, 0.0105659936865171
43, 0.00985934212803841
44, 0.00931942214568456
45, 0.00904390929887692
46, 0.0092646861448884
47, 0.00967831599215666
48, 0.0101147865255674
49, 0.0104848137125373
50, 0.0107185800249378
51, 0.0108018200844526
52, 0.0107555572564403
53, 0.0106174716105064
54, 0.0104279927909374
55, 0.010221293506523
56, 0.0100249213476976
57, 0.00986022719492515
58, 0.0097449899961551
59, 0.00969880477835735
60, 0.00974874446789424
61, 0.00994312266508738
62, 0.0103772804141045
63, 0.0112276781971256
64, 0.0123621063927809
65, 0.0114951482973993
66, 0.00955943608035644
67, 0.00902931205928326
68, 0.00868875005592903
69, 0.00844883173704147
70, 0.00826956052333117
71, 0.00813223142176867
72, 0.00803484426190456
73, 0.00797002459876239
74, 0.00797355135104486
75, 0.00810498573506872
76, 0.00821321923285723
77, 0.00830161462848385
78, 0.00836240298425158
79, 0.00838758051395416
80, 0.00837002244467537
81, 0.00830326384554307
82, 0.00817927718162537
83, 0.00798699026927352
84, 0.00770959382255872
85, 0.0073207817816486
86, 0.00678008678369224
87, 0.00602945250769456
88, 0.00499728950671852
89, 0.00365166901610792
90, 0.00212696528372665
91, 0.00359873978110651
92, 0.0072541421589752
93, 0.0135448900982738
94, 0.0209796695659558
95, 0.016273434429119
96, 0.0129366759210825
97, 0.0116448391539355
98, 0.0111349633273979
99, 0.0109206399259468
100, 0.0108321531054874
101, 0.0107976229240497
102, 0.0107850199565291
103, 0.0107783301112552
104, 0.0107696785901984
105, 0.0107548693194985
106, 0.0107318471806745
107, 0.0106996145720283
108, 0.0106578149522344
109, 0.0106064984574914
110, 0.0105458153411746
111, 0.0104754908631245
112, 0.0103948538502057
113, 0.0103042403546472
114, 0.0101924465437021
115, 0.0101556216056148
116, 0.0101858551303546
117, 0.0102204047143459
118, 0.0102562190343936
119, 0.0102906590327621
120, 0.0103204265857736
121, 0.010344125640889
122, 0.0103600025177002
123, 0.0103979920968413
124, 0.0104552721604705
125, 0.0105490293353796
126, 0.0106347119435668
127, 0.0107332135861119
128, 0.010840041252474
129, 0.0109535722682873
130, 0.0110737485811114
131, 0.0112001889695724
132, 0.0113316684340437
133, 0.0114653349543611
134, 0.0115954835588733
135, 0.0117115362857779
136, 0.0117951783662041
137, 0.0118167549371719
138, 0.0117319881295164
139, 0.0114819041142861
140, 0.0110002756118774
141, 0.0102416006848216
142, 0.00923234348495801
143, 0.00803709573422869
144, 0.00680626680453618
145, 0.00584990779558818
146, 0.00314495091636976
147, 0.00651347342257698
148, 0.012803659774363
149, 0.0204966713984807
150, 0.0202407774825891
151, 0.0129117354129752
152, 0.00637121902157863
153, 0.00324664633565893
154, 0.0079186816389362
155, 0.00793919122467438
156, 0.00797720005114873
157, 0.0080348402261734
158, 0.00810770783573389
159, 0.00819225236773491
160, 0.00828365609049797
161, 0.00837859511375427
162, 0.00847473430136839
163, 0.00857033021748066
164, 0.00866431556642056
165, 0.00875650780896346
166, 0.0088475892941157
167, 0.00893919821828604
168, 0.00903404038399458
169, 0.00913608012100061
170, 0.00925144087523222
171, 0.00939019645253817
172, 0.00956993084400892
173, 0.00981958862394094
174, 0.0101999941592415
175, 0.0108220822488268
176, 0.0130972808692604
177, 0.014097673818469
178, 0.0126954649264614
179, 0.011634264451762
180, 0.0110425846651196
181, 0.0107051419715087
182, 0.0105026339491208
183, 0.0103774831319849
184, 0.0102978351836403
185, 0.0102455650145809
186, 0.010209389962256
187, 0.0101829099779328
188, 0.0101619763299823
189, 0.0101442498465379
190, 0.0101287076249719
191, 0.0101150882740815
192, 0.0101038981229067
193, 0.0100961675246557
194, 0.0100938063114882
195, 0.0100974862774213
196, 0.0101303667761385
197, 0.0106618559608857
198, 0.0102435579523444
199, 0.0143162679548065
200, 0.0048241476428562
201, 0.0019451774423942
202, 0.0111617512690524
203, 0.0119657660834491
204, 0.0137028251774609
205, 0.0175282848067582
206, 0.00931078599145015
207, 0.00539375802812477
208, 0.00494765715363125
209, 0.00425929044528554
210, 0.00314761717648556
211, 0.0116129090699057
212, 0.0110885195123653
213, 0.0104072607743243
214, 0.009486122832944
215, 0.00835814008799692
216, 0.00710050482302904
217, 0.0115449717268348
218, 0.0119528921010594
219, 0.0122290725509326
220, 0.0124065803053478
221, 0.0110407771232227
222, 0.0116725242696702
223, 0.0118309180252254
224, 0.00996239654098948
225, 0.0105000990442932
226, 0.00609050799782078
227, 0.00647714368200728
228, 0.0102151340494553
229, 0.0114342660332719
230, 0.0120246689766645
231, 0.0109574206483861
232, 0.00915943908815583
233, 0.00791486104329427
234, 0.010685426316091
235, 0.0111669506877661
236, 0.0117497560568154
237, 0.0124868253866831
238, 0.00961415037246687
239, 0.0118693708043013
240, 0.00634729130459683
241, 0.0110529718610148
242, 0.0116498611867428
243, 0.0116635494244595
244, 0.0114074589995046
245, 0.0126675651408732
246, 0.00884464445213477
247, 0.0114318784326315
248, 0.0101293730549514
249, 0.0109310921592017
250, 0.0111943338066339
251, 0.0116648660706622
252, 0.00614310838282108
253, 0.0139075932092965
254, 0.00748175010085106
255, 0.0116375757691761
256, 0.0122731354398032
257, 0.011104986226807
258, 0.0101641157331566
259, 0.0114522462710738
260, 0.0114772949988643
261, 0.0128194891537229
262, 0.00835306929158313
263, 0.0120120465755463
264, 0.0114620209981998
265, 0.0117786486766168
266, 0.0117814256809652
267, 0.0119351064786315
268, 0.01013282344987
269, 0.0122302762853603
270, 0.0116452647683521
271, 0.00901301484555006
272, 0.00603729657207926
273, 0.01084797882608
274, 0.014999434218875
275, 0.0101124813469748
276, 0.0105896287908157
277, 0.00988035819803675
278, 0.00997600285336375
279, 0.0102736873862644
280, 0.0104405350672702
281, 0.0106921948802968
282, 0.0111082486497859
283, 0.0106579119650026
284, 0.0102730914950371
285, 0.0100123817101121
286, 0.00987755181267858
287, 0.0098414250339071
288, 0.0107164957250158
289, 0.0106365474251409
290, 0.010443809752663
291, 0.0101627679541707
292, 0.00987072940915823
293, 0.00962224137037992
294, 0.0079427898551027
295, 0.00667772775826355
296, 0.00832162968193491
297, 0.00840303782994548
298, 0.00845297984778881
299, 0.00816277166207631
300, 0.0082104845593373
301, 0.00844894784192244
302, 0.00841007319589456
303, 0.0083153146939973
304, 0.00763993531775971
305, 0.00723041066279014
306, 0.00594021946502229
307, 0.00498845047938327
308, 0.00392536143772304
309, 0.00320081771739448
310, 0.00846742310871681
311, 0.00870372060065468
312, 0.00903216594209274
313, 0.00954627431929111
314, 0.008151323068887
315, 0.00805561821907759
316, 0.01107793332388
317, 0.0120044900104403
318, 0.0142205689723293
319, 0.0189824318513274
320, 0.0106502023215095
321, 0.010127570014447
322, 0.00995125792299708
323, 0.0104066263884306
324, 0.0107493607016901
325, 0.010173965866367
326, 0.00995098768423001
327, 0.0103510031476617
328, 0.0100348835500578
329, 0.0106764969726404
330, 0.00992486920828621
331, 0.0102596854170163
332, 0.0105528909092148
333, 0.0100216708766917
334, 0.0107449914018313
335, 0.0104803056456149
336, 0.00806996272876859
337, 0.00805809356582662
338, 0.00750303858270248
339, 0.0083672598314782
340, 0.00857752111429969
341, 0.00850694238518675
342, 0.0071447907636563
343, 0.00825513262922565
344, 0.00847485413153966
345, 0.00854627229273319
346, 0.00856503626952569
347, 0.00840388393650452
348, 0.00780899341528614
349, 0.00675496427963177
350, 0.00829116239522894
351, 0.00882785984625419
352, 0.00961430370807648
353, 0.00822733422475202
354, 0.0091655058786273
355, 0.0105249262414873
356, 0.0100764065980911
357, 0.0116804374071459
358, 0.0129304290083902
359, 0.0134549932554364
360, 0.00955710521278282
361, 0.0103341620415449
362, 0.0103186434134841
363, 0.00639291728536288
364, 0.0108217196539044
365, 0.00998374416182438
366, 0.0102242423842351
367, 0.00991938527052601
368, 0.0100856061714391
369, 0.0103968294958274
370, 0.0109540113868813
371, 0.0098924891402324
372, 0.00994719952965776
373, 0.00990254090478023
374, 0.0105937557915847
375, 0.0100152449061473
376, 0.0100605694266657
377, 0.0107928261471291
378, 0.0110365911386907
379, 0.0110070581237475
380, 0.00824930053204298
381, 0.00836104620248079
382, 0.00866790597016613
383, 0.00872532635306319
384, 0.00858303578570485
385, 0.00847727448369066
386, 0.00874843820929527
387, 0.00866791931912303
388, 0.008729573028783
389, 0.00856366055086255
390, 0.00817374434943
391, 0.00818832342823347
392, 0.00857892399653792
393, 0.0109560405835509
394, 0.00920738403995832
395, 0.00967083339180265
396, 0.00838142866268754
397, 0.0102478049695492
398, 0.0114830761615719
399, 0.00619686037922899
400, 0.00837373081594706
401, 0.0112880898329119
402, 0.0114681183670958
403, 0.0110101434402168
404, 0.0087973652407527
405, 0.00981264499326547
406, 0.00978277592609326
407, 0.00977912358939648
408, 0.00981131087367733
409, 0.00988742352152864
410, 0.0098162357074519
411, 0.010004558134824
412, 0.0101762392247717
413, 0.00979371089488268
414, 0.00895082841937741
415, 0.00894548340390126
416, 0.00882638152688742
417, 0.00884752084190647
418, 0.00888892884055773
419, 0.0088186749878029
420, 0.00892732959861557
421, 0.00889638935526212
422, 0.0106957272316019
423, 0.0104081506530444
424, 0.00910662114620209
425, 0.0089046952004234
426, 0.0100688196718693
427, 0.00890277341629068
428, 0.00842292550951242
429, 0.00952498763799667
430, 0.00864215740667922
431, 0.00880319415591657
432, 0.0117283836007118
433, 0.0112835550680757
434, 0.00949861699094375
435, 0.0108154575961332
436, 0.00957132953529557
437, 0.00960784777998924
438, 0.00906859974687298
439, 0.00961922248825431
440, 0.00960775449251135
441, 0.00961048466463884
442, 0.00917401692519585
443, 0.00914842200775941
444, 0.00965918290118376
445, 0.00974119454622269
446, 0.00917201427121957
447, 0.00916040223091841
448, 0.00915609020739794
449, 0.00917564518749714
450, 0.00924192617336909
451, 0.00988160849859317
452, 0.0104098462810119
453, 0.0100992618439098
454, 0.00938719728340705
455, 0.00965303896615903
456, 0.00922940285610301
457, 0.0107867585495114
458, 0.01152466594552
459, 0.010871027285854
460, 0.0101403907562296
461, 0.00939987413585186
462, 0.00939278351143003
463, 0.00935444856683413
464, 0.00940029649063945
465, 0.010087410453707
466, 0.0103373696717123
467, 0.00941080615545313
468, 0.00944964680820704
469, 0.00953487772494555
470, 0.00891657117754221
471, 0.00994920761634906
472, 0.00969140712792675
473, 0.0117210737828697
474, 0.0107375150546432
475, 0.0120281251147389
476, 0.0121584484353662
477, 0.0127238731033036
478, 0.0119810050042967
479, 0.0122718526050448
480, 0.00577677165468534
481, 0.0100626781738053
482, 0.0147058375711952
483, 0.010345584868143
484, 0.010317651865383
485, 0.0102584150930246
486, 0.0102270004960398
487, 0.0103853731416166
488, 0.00623681341918806
489, 0.00744668549547593
490, 0.0108908978290856
491, 0.0107815149240196
492, 0.0106783563581606
493, 0.0105819590389729
494, 0.010510366037488
495, 0.00871324244265755
496, 0.00983010698109865
497, 0.0107201905921102
498, 0.0113174794241786
499, 0.0116538663084308
500, 0.011796902709951
501, 0.011811721449097
502, 0.0117492320326467
503, 0.0116445338353515
504, 0.0115197189152241
505, 0.0113878948614001
506, 0.0112562817521393
507, 0.0111286188475788
508, 0.011006618073831
509, 0.0189842235296965
510, 0.0108326810101668
511, 0.0105220155480007
512, 0.0105893352689842
513, 0.0106483562849462
514, 0.0107410054964324
515, 0.0107744331471622
516, 0.0107997058269878
517, 0.0108181320441266
518, 0.0108492270422479
519, 0.0108799156732857
520, 0.0109481331892312
521, 0.0111048704323669
522, 0.0114603651066621
523, 0.0122983582938711
524, 0.0144575860661765
525, 0.0106990054870645
526, 0.00299486475220571
527, 0.00478395195677876
528, 0.00438137969467789
529, 0.00354661066861202
530, 0.010366915880392
531, 0.0102872865584989
532, 0.0103965951129794
533, 0.0103995281582077
534, 0.00541238960189124
535, 0.0068563847647359
536, 0.0106186641690632
537, 0.0107179173889259
538, 0.0108220330439508
539, 0.0105189058397497
540, 0.00947890213380257
541, 0.01176258114477
542, 0.011779070366174
543, 0.0112131062584619
544, 0.0109314797446132
545, 0.0115478144337734
546, 0.0082561270489047
547, 0.0111670343515774
548, 0.0112923036019007
549, 0.0110465117419759
550, 0.0114205504457156
551, 0.011666408739984
552, 0.0105195833990971
553, 0.0118128562656542
554, 0.0116040461386243
555, 0.0104471979041894
556, 0.0109934595723947
557, 0.0112150899755458
558, 0.0120603082080682
559, 0.0105733537736038
560, 0.0108034221145014
561, 0.0108441521103183
562, 0.0103631891931097
563, 0.0102866057306528
564, 0.0106414772259692
565, 0.0108794666205843
566, 0.0109119062932829
567, 0.0107023692689836
568, 0.0109467405515412
569, 0.0107563411196073
570, 0.0114968900258342
571, 0.0110713945080837
572, 0.0131367991811463
573, 0.00615759819213833
574, 0.012679252307862
575, 0.00984404136293701
576, 0.0103301714573588
577, 0.0056036322688063
578, 0.0104512111283839
579, 0.0059786318646123
580, 0.0103739718906581
581, 0.0110694337636232
582, 0.0109585247312983
583, 0.0111845997162163
584, 0.0113037747020523
585, 0.0114256849822899
586, 0.010554400117447
587, 0.0108521211271485
588, 0.0106516103260219
589, 0.0115471985191107
590, 0.0107499789446592
591, 0.0116620839883884
592, 0.0117586098300914
593, 0.0118152486781279
594, 0.00905810001616677
595, 0.0117923814492921
596, 0.0116226777123908
597, 0.0104029096352557
598, 0.0104185996266703
599, 0.00776207391172648
600, 0.011209009680897
601, 0.0104986635657648
602, 0.0108921593055129
603, 0.0108342796253661
604, 0.0109470873139799
605, 0.011001016634206
606, 0.0107721464398007
607, 0.0110583632873992
608, 0.0107054070880016
609, 0.0111264963634312
610, 0.0106332452657322
611, 0.0112194238851468
612, 0.011360476569583
613, 0.0115909540715317
614, 0.0104208818326394
615, 0.0119775482453406
616, 0.0103462735811869
617, 0.00831938914156386
618, 0.00592488120310009
619, 0.0104294580717882
620, 0.0103295077569783
621, 0.0113322390243411
622, 0.0104343650552134
623, 0.0104597203123073
624, 0.0104893058804529
625, 0.0106777722636859
626, 0.0105874075864752
627, 0.0109689367624621
628, 0.0110714623394112
629, 0.0111771725739042
630, 0.0112865398017069
631, 0.0107719893567264
632, 0.0113995862193406
633, 0.0108691516021887
634, 0.0115155717357993
635, 0.0104825481772423
636, 0.0116320905896525
637, 0.0117432231393953
638, 0.0118336523883045
639, 0.0105535214145978
640, 0.0110820292805632
641, 0.0110074325154225
642, 0.0108590034457544
643, 0.0111604152868191
644, 0.0109336646273732
645, 0.0107824554045995
646, 0.0112474001944065
647, 0.0107034362542133
648, 0.0113514641610285
649, 0.0114853709625701
650, 0.0118627788809439
651, 0.0117416890958945
652, 0.011922765057534
653, 0.0116690139596661
654, 0.0104702807342013
655, 0.0103981574997306
656, 0.010248012530307
657, 0.0105246861598321
658, 0.00824965015053749
659, 0.0116071823673944
660, 0.0122105681026975
661, 0.0105317732319236
662, 0.0106041296385229
663, 0.0109605061200758
664, 0.0110505175155898
665, 0.0111426220585903
666, 0.0106938512374957
667, 0.0108715154541035
668, 0.0112384261252979
669, 0.0107828346081078
670, 0.0113401245325804
671, 0.0114509294119974
672, 0.0115749433947106
673, 0.0106202761332194
674, 0.0117165634098152
675, 0.0118728145025671
676, 0.0119793413517376
677, 0.0120027340017259
678, 0.012027047884961
679, 0.0125265709745387
680, 0.012334444715331
681, 0.0127741014584899
682, 0.010753133178999
683, 0.0102363435241083
684, 0.0053067576372996
685, 0.00227542137727141
686, 0.0106730737412969
687, 0.0107084424234927
688, 0.0107347099110484
689, 0.0107658876416584
690, 0.010776912017415
691, 0.0107932910323143
692, 0.0108276655276616
693, 0.0109039420882861
694, 0.0110678194711606
695, 0.011416880103449
696, 0.0121846732993921
697, 0.0148332410802444
698, 0.013958710556229
699, 0.0178853962570429
700, 0.00988261005841196
701, 0.00813530897721648
702, 0.00793269004983207
703, 0.00764330135037502
704, 0.00724101423596342
705, 0.0066850622339795
706, 0.00591695091376702
707, 0.00495448196306825
708, 0.00367541195979963
709, 0.0107842028761903
710, 0.0102042315217356
711, 0.00985781165460745
712, 0.00962354134147366
713, 0.0094530686425666
714, 0.00931678727890054
715, 0.00920071794341008
716, 0.0090962341055274
717, 0.00899783832331499
718, 0.00890167088558277
719, 0.0088052408148845
720, 0.00870711697886387
721, 0.00860686833038926
722, 0.00850503146648407
723, 0.00840317706267039
724, 0.00830349217479428
725, 0.00820884201675653
726, 0.00812352557356159
727, 0.00805343470225731
728, 0.00800101443504294
729, 0.00796732973928253
730, 0.0103511256165802
731, 0.0104126793642839
732, 0.0104991605815788
733, 0.010623573170354
734, 0.0108055531357725
735, 0.011073837056756
736, 0.0114656562606494
737, 0.0119890238468846
738, 0.0125891235657036
739, 0.0103059268246094
740, 0.0116085902166863
741, 0.0101620776578784
742, 0.0105488648017248
743, 0.0110964767324428
744, 0.0102435157944759
745, 0.0102712740190327
746, 0.0109021303554376
747, 0.0107511385964851
748, 0.0106361295717458
749, 0.0113342481975754
750, 0.00838299297417204
751, 0.00860579032450914
752, 0.00904745996619264
753, 0.00883148455371459
754, 0.00949685135856271
755, 0.00926034168029825
756, 0.00818967012067636
757, 0.00981448466579119
758, 0.0100409692774216
759, 0.0103750807854036
760, 0.0116065608337522
761, 0.00963987767075499
762, 0.0108506181277335
763, 0.00937294432272514
764, 0.0091531565412879
765, 0.00894072698429227
766, 0.00811914059643944
767, 0.00828029867261648
768, 0.00849267390246193
769, 0.00871951195100943
770, 0.010877329390496
771, 0.0111279656800131
772, 0.0119558178509275
773, 0.0105728547399243
774, 0.0106279539565245
775, 0.0107297690895696
776, 0.0104300025850534
777, 0.0107555182961126
778, 0.0107772353415688
779, 0.0107991833550235
780, 0.0106972440456351
781, 0.0108285462483764
782, 0.011423586246868
783, 0.0109655649090807
784, 0.00826893839985132
785, 0.00754448926697175
786, 0.00805731536820531
787, 0.00837328921382626
788, 0.00834541209042072
789, 0.00822134548798203
790, 0.00783324637450278
791, 0.00718789268285036
792, 0.00679016346111894
793, 0.00700155539172036
794, 0.0083597619086504
795, 0.00831227842718363
796, 0.00823643291369081
797, 0.0081373432961603
798, 0.00804124400019646
799, 0.0103057502502842
800, 0.0129838578092555
801, 0.00807971360960177
802, 0.0116332644330604
803, 0.0103387782971064
804, 0.0102722930854985
805, 0.0128804983881613
806, 0.0104304193519056
807, 0.0102206723143657
808, 0.0101659080634514
809, 0.0101656499318779
810, 0.0101734763011336
811, 0.0102015594020486
812, 0.0103889668049912
813, 0.0101857444581886
814, 0.0110464088308314
815, 0.0112839542950193
816, 0.0111793869485458
817, 0.0109176320644716
818, 0.0108060242297749
819, 0.0107134492136538
820, 0.0104822847060859
821, 0.00997413430983821
822, 0.00941139490654071
823, 0.0101868775673211
824, 0.00980311694244544
825, 0.00953006154547135
826, 0.00929675887649258
827, 0.0104608872594933
828, 0.00965814478695393
829, 0.0091823999149104
830, 0.0109125168195793
831, 0.00906579522415996
832, 0.00894567277282476
833, 0.00882219926764568
834, 0.00869677138204376
835, 0.00857318596293529
836, 0.00834447952608267
837, 0.00845430791378021
838, 0.00824652193114161
839, 0.00833235758667191
840, 0.0106561033365627
841, 0.0105072239724298
842, 0.0107323078749081
843, 0.0107663632370532
844, 0.0107977652611832
845, 0.0108312447555363
846, 0.0108738490380347
847, 0.0110375353445609
848, 0.0109367625166972
849, 0.011202611339589
850, 0.0106053344594936
851, 0.0114721225885053
852, 0.00819506620367368
853, 0.00840568635612726
854, 0.00841966892282168
855, 0.008361525212725
856, 0.00829058792442083
857, 0.00838986101249854
858, 0.00846074754372239
859, 0.00831083720549941
860, 0.00839677220210433
861, 0.0118918831770619
862, 0.00827219088872274
863, 0.00825288728810847
864, 0.00817935764789581
865, 0.0113324902951717
866, 0.0103867594152689
867, 0.00829457145716463
868, 0.0124963656999171
869, 0.0142094624849657
870, 0.00924152120326956
871, 0.0105772030850252
872, 0.0103275841102004
873, 0.0105268188441793
874, 0.0108215015692015
875, 0.0108936385562023
876, 0.0109667341845731
877, 0.0110206279593209
878, 0.0102859934171041
879, 0.0102719234613081
880, 0.0103046093136072
881, 0.0110489131572346
882, 0.00839511320615808
883, 0.00930664859091242
884, 0.00864467117935419
885, 0.00891528573508064
886, 0.00918081449344754
887, 0.00905026805897554
888, 0.00877795306344827
889, 0.009671232663095
890, 0.00954904733225703
891, 0.00980006996542215
892, 0.00942871207371354
893, 0.0105387146274249
894, 0.00994115943710009
895, 0.0102964624141653
896, 0.0101039454651376
897, 0.00851534648487965
898, 0.0103553482331336
899, 0.0106383659876883
900, 0.00851127738133073
901, 0.0106924840559562
902, 0.0109114890607695
903, 0.0109819285571575
904, 0.0108177467870216
905, 0.0108599093121787
906, 0.010778245360901
907, 0.0110853997369607
908, 0.0106445282387237
909, 0.00884814948464433
910, 0.00838591794793805
911, 0.00845767557621002
912, 0.00850957554454605
913, 0.0105444376046459
914, 0.008536406327039
915, 0.00853680772706866
916, 0.0112417847849429
917, 0.00902005393678943
918, 0.00890987009430925
919, 0.0114745542717477
920, 0.0118070257206758
921, 0.0104710234639545
922, 0.0103423012420535
923, 0.0102647142484784
924, 0.013138493988663
925, 0.0105214208985368
926, 0.0122264971335729
927, 0.00968207092955709
928, 0.010697557280461
929, 0.0104497368447483
930, 0.0104199848137796
931, 0.0109014762565494
932, 0.0108589162118733
933, 0.0108270816771047
934, 0.0108879217877984
935, 0.0106465492087106
936, 0.0103950202465057
937, 0.0103741246275604
938, 0.00884754521151384
939, 0.00856144885931696
940, 0.0087041233976682
941, 0.00942128089567026
942, 0.00928665945927302
943, 0.0095501138518254
944, 0.00914561562240124
945, 0.00899863072360555
946, 0.0105748910767337
947, 0.0103814816102386
948, 0.00967478022600214
949, 0.00979835089916984
950, 0.0107815025374293
951, 0.00992518337443471
952, 0.0100602082287272
953, 0.010207888049384
954, 0.0107557492641111
955, 0.0104850094454984
956, 0.00880700272197525
957, 0.0107367341406643
958, 0.0110046826303005
959, 0.0105872234950463
960, 0.0109338740197321
961, 0.0108789118627707
962, 0.0111011532135308
963, 0.0108319390565157
964, 0.0106900281583269
965, 0.00851433367157976
966, 0.00860446055109302
967, 0.00867288078491887
968, 0.00872591882944107
969, 0.00876920949667692
970, 0.0112368641421199
971, 0.00934557849541306
972, 0.0098478770814836
973, 0.00955035987620552
974, 0.0114260201031963
975, 0.0116696890133123
976, 0.0104334412940911
977, 0.0103575034687916
978, 0.0125362436907987
979, 0.010506384074688
980, 0.0126259174818794
981, 0.00862441724166274
982, 0.0103221900450687
983, 0.0105698594513039
984, 0.0105630938584606
985, 0.0107794725336134
986, 0.010804052464664
987, 0.0105287367478013
988, 0.0108279666552941
989, 0.0104987438147267
990, 0.0107382115287085
991, 0.00874791592359543
992, 0.0088961124420166
993, 0.0104738445952535
994, 0.00952774736409386
995, 0.00966295227408409
996, 0.0090705289815863
997, 0.00938409613445401
998, 0.0106294632756284
999, 0.00923145810763041
1000, 0.00979049984986583
1001, 0.00991407704229156
1002, 0.0100366907815138
1003, 0.0104381834777693
1004, 0.0101627777330577
1005, 0.010296329545478
1006, 0.010820828533421
1007, 0.0106021403335035
1008, 0.0119590355704228
1009, 0.00841962303966284
1010, 0.0106354692640404
1011, 0.0107870111241937
1012, 0.0110050514340401
1013, 0.010940023077031
1014, 0.0110889192049702
1015, 0.0108865538301567
1016, 0.00868561894943317
1017, 0.00879790711527069
1018, 0.010740195090572
1019, 0.00889140010500948
1020, 0.00898404714340965
1021, 0.00919845839962363
1022, 0.00908387079834938
1023, 0.0111976217788955
1024, 0.00988729267070691
1025, 0.0113389338366687
1026, 0.0102047926435868
1027, 0.0115112322382629
1028, 0.0122062317095697
1029, 0.0105462734188352
1030, 0.0104489767303069
1031, 0.0102028384804726
1032, 0.0110747440318976
1033, 0.0106409750878811
1034, 0.0106616814931234
1035, 0.0108153087397416
1036, 0.0106266224756837
1037, 0.0107334942246477
1038, 0.00912426753590504
1039, 0.0107939370597402
1040, 0.0105940235468249
1041, 0.0105644110590219
1042, 0.00976985273882747
1043, 0.00962775821487109
1044, 0.00930821243673563
1045, 0.00947510559732715
1046, 0.00989898232122262
1047, 0.0100210987341901
1048, 0.0101389922201633
1049, 0.0102547036173443
1050, 0.0104982336051762
1051, 0.0103725877900918
1052, 0.0107664920389652
1053, 0.0108286021277308
1054, 0.0106988592694203
1055, 0.0106877540238202
1056, 0.0108386389911175
1057, 0.0109873736898104
1058, 0.0109321440880497
1059, 0.00903206147874395
1060, 0.0110542345792055
1061, 0.0107916832591097
1062, 0.00915812856207291
1063, 0.00929581730936964
1064, 0.0106274882952372
1065, 0.0111370308635135
1066, 0.00945314858108759
1067, 0.00964304975544413
1068, 0.0116803163352112
1069, 0.0112308282405138
1070, 0.0103980268662175
1071, 0.0113326592060427
1072, 0.0121269443382819
1073, 0.0118116006876032
1074, 0.00972553491592407
1075, 0.0112509372244988
1076, 0.0107398256659508
1077, 0.0108007164672017
1078, 0.0107096430535118
1079, 0.0093724409650479
1080, 0.00891466944345406
1081, 0.0108079480317732
1082, 0.00987388038386901
1083, 0.00972223142161965
1084, 0.00955980286623041
1085, 0.0100032857929667
1086, 0.0106461130393048
1087, 0.0106780820836624
1088, 0.010122860626628
1089, 0.0106039268895984
1090, 0.0102348721896609
1091, 0.01034250545005
1092, 0.0104451848504444
1093, 0.0105435224249959
1094, 0.0107752334636947
1095, 0.0107682319357991
1096, 0.0107435549919804
1097, 0.0108838408874969
1098, 0.0109568772216638
1099, 0.00928988354280591
1100, 0.0110057722777128
1101, 0.0108384770962099
1102, 0.00945823189492027
1103, 0.00963315662617485
1104, 0.0110613708384335
1105, 0.0106848985222834
1106, 0.01112391675512
1107, 0.0107569418226679
1108, 0.0100925841058294
1109, 0.0114347857112686
1110, 0.0111243279340367
1111, 0.00983955074722568
1112, 0.0111785481373469
1113, 0.0106135133653879
1114, 0.0118486234918237
1115, 0.0114796366542578
1116, 0.0103288867200414
1117, 0.0106613581467952
1118, 0.0107738887891173
1119, 0.00964017324149609
1120, 0.0108364413802822
1121, 0.00913652647286653
1122, 0.0110295296957095
1123, 0.0107419399234156
1124, 0.0107180428070327
1125, 0.0110086784698069
1126, 0.00981085033466419
1127, 0.0107928801638385
1128, 0.010872909023116
1129, 0.0108046281772355
1130, 0.00977140494311849
1131, 0.0109804021194577
1132, 0.0109487680407862
1133, 0.0104253749984006
1134, 0.0105204861611128
1135, 0.0106016766900818
1136, 0.0107781343782941
1137, 0.0107919767809411
1138, 0.0109135981959601
1139, 0.0102230054326355
1140, 0.0107499255488316
1141, 0.00997808513542016
1142, 0.0101061182407041
1143, 0.010215246429046
1144, 0.00996047770604491
1145, 0.0111544995701739
1146, 0.0105090442424019
1147, 0.0107118249870837
1148, 0.0098907525784203
1149, 0.0102094711425404
1150, 0.0100820558145642
1151, 0.0108159881395598
1152, 0.010803502984345
1153, 0.0103229455028971
1154, 0.0108167566359043
1155, 0.0107867862763149
1156, 0.0104253192742666
1157, 0.0105079722901185
1158, 0.0105837698404988
1159, 0.0106742190463202
1160, 0.0108046120343109
1161, 0.0109181795269251
1162, 0.0108332598271469
1163, 0.0108875784402092
1164, 0.00956989452242851
1165, 0.0100289925932884
1166, 0.0108950886254509
1167, 0.0111895402272542
1168, 0.0108519135974348
1169, 0.0109012454437713
1170, 0.0110280679538846
1171, 0.0102695928265651
1172, 0.0108919882526
1173, 0.0105509650893509
1174, 0.0106613125652075
1175, 0.0102961333468556
1176, 0.01042219515269
1177, 0.0108391232788563
1178, 0.0108336604510744
1179, 0.010809497286876
1180, 0.0108278676867485
1181, 0.0105265079376598
1182, 0.0105980957547824
1183, 0.0106569781589011
1184, 0.0106984715908766
1185, 0.0107666295953095
1186, 0.0107493152841926
1187, 0.0108571456124385
1188, 0.0108887560976048
1189, 0.0108765942665438
1190, 0.0107885908025006
1191, 0.0108167731336185
1192, 0.0102332544380001
1193, 0.0111157545819879
1194, 0.0107577699236572
1195, 0.0105459167001148
1196, 0.0105293941284929
1197, 0.0108568480770503
1198, 0.0106315173519154
1199, 0.010765274365743
1200, 0.0108213083197673
1201, 0.0106905793460707
1202, 0.0107341276792188
1203, 0.010772111825645
1204, 0.0108121756153802
1205, 0.0108292520356675
1206, 0.0107227861881256
1207, 0.0108396802097559
