1, 0.00591858522966504
2, 0.0146547702606767
3, 0.00131050110212527
4, 0.00437542470172048
5, 0.00761125842109323
6, 0.0098427077755332
7, 0.00498213712126017
8, 0.00132757556275465
9, 0.0142842822242528
10, 0.00646538403816521
11, 0.0068016299046576
12, 0.0104646943509579
13, 0.00616461683862976
14, 0.00644611249056955
15, 0.00659997606029113
16, 0.00672097286830346
17, 0.00684525188989937
18, 0.00702423284140726
19, 0.00736466275217632
20, 0.00817970698699355
21, 0.0103337617280583
22, 0.013064325787127
23, 0.00844434928148985
24, 0.0042694896304359
25, 0.00210117090803882
26, 0.00138284283457324
27, 0.00241884985007346
28, 0.0032657344903176
29, 0.00384051593330999
30, 0.00419368346532186
31, 0.00438799487892538
32, 0.00449779505530993
33, 0.00483328321327766
34, 0.00530896599714955
35, 0.00579604739323258
36, 0.00623119808733463
37, 0.00658350468923648
38, 0.00683987156177561
39, 0.0070100420465072
40, 0.00711972918361425
41, 0.00720045498261849
42, 0.00728359290709098
43, 0.00744225911330432
44, 0.00753513646001617
45, 0.00746907526627183
46, 0.00734438265984257
47, 0.00717210878307621
48, 0.0069591267965734
49, 0.00671920413151383
50, 0.00647433381527662
51, 0.00624058240403732
52, 0.00613400258589536
53, 0.00598619505763054
54, 0.00602662734066447
55, 0.00612845954795678
56, 0.00625717407092452
57, 0.00639288173988461
58, 0.00651719281449914
59, 0.00661755135903756
60, 0.00669038792451223
61, 0.00673955508197347
62, 0.00677357086290916
63, 0.00680506291488806
64, 0.00685120498140653
65, 0.00693683450420698
66, 0.00710052624344826
67, 0.00741402696197232
68, 0.00800316656629244
69, 0.0087746623903513
70, 0.00813356251455843
71, 0.00672388154392441
72, 0.00630804880832632
73, 0.00602336398636301
74, 0.00580743715787927
75, 0.00563104311004281
76, 0.00548043521121144
77, 0.00534875815113385
78, 0.00523313786834478
79, 0.00513575381288926
80, 0.00506326897690694
81, 0.00501087494194508
82, 0.00500285851636103
83, 0.00504280836321414
84, 0.00507700815796852
85, 0.00509907638964554
86, 0.00510059537676473
87, 0.00507220819902917
88, 0.00500260014086962
89, 0.0048775610824426
90, 0.00467721590151389
91, 0.00437308327915768
92, 0.00392717278252045
93, 0.00329014204908162
94, 0.00241850588160257
95, 0.00137582495032499
96, 0.00216628063935786
97, 0.0044762777009358
98, 0.00860898134609064
99, 0.0134694582472245
100, 0.0103223420058688
101, 0.00828605766097705
102, 0.00751301948912442
103, 0.0071830292387555
104, 0.00703457168613871
105, 0.00696884250889222
106, 0.00694108412911495
107, 0.00693046697415411
108, 0.00692621494332949
109, 0.00692229710208873
110, 0.00691502937115729
111, 0.00690202259769042
112, 0.00688174141881367
113, 0.00685306979964177
114, 0.0068150880591323
115, 0.00676697430511316
116, 0.00670680861609678
117, 0.00663101370446384
118, 0.00653339317068458
119, 0.00652917101979256
120, 0.00655000346402327
121, 0.00659478347127636
122, 0.0066389087587595
123, 0.00668209294478099
124, 0.00672278925776482
125, 0.00675724058722456
126, 0.00678398475671808
127, 0.00680081418249756
128, 0.00681084829072158
129, 0.00683867760623495
130, 0.00688305124640465
131, 0.00693720563625296
132, 0.0069979028776288
133, 0.00706338665137688
134, 0.00713224631423752
135, 0.00720244537418087
136, 0.00727137814586361
137, 0.00733540036405126
138, 0.00738918020700415
139, 0.00742483713353674
140, 0.00743100962912043
141, 0.00739226412648956
142, 0.00728955616553624
143, 0.00710306425268451
144, 0.00681707728654146
145, 0.00642712057257692
146, 0.00595311836029092
147, 0.00542872197305163
148, 0.00491704124336441
149, 0.00453436110789577
150, 0.00205144453017662
151, 0.00407774723134935
152, 0.00832938449457288
153, 0.0131046772003174
154, 0.0131917558610439
155, 0.00847969530150294
156, 0.00420659524388611
157, 0.00207251058115313
158, 0.00499261015405258
159, 0.00502341178556283
160, 0.00507488536338011
161, 0.00514111590261261
162, 0.00521763926371932
163, 0.0053007334160308
164, 0.00538570480421185
165, 0.00546923885121942
166, 0.00554927935202916
167, 0.00562463436896602
168, 0.00569500975931684
169, 0.00576105993241072
170, 0.00582424458116293
171, 0.00588690101479491
172, 0.00595247388506929
173, 0.00602589625244339
174, 0.00611438602209091
175, 0.0062302442577978
176, 0.00639353692531586
177, 0.00664507023369273
178, 0.00705936411395669
179, 0.00857143604662269
180, 0.00923904807617267
181, 0.00830181563893954
182, 0.00758474615092079
183, 0.00717709710200628
184, 0.00693686927358309
185, 0.00678567417586843
186, 0.00668539370720585
187, 0.00661556360622247
188, 0.00656435654188196
189, 0.00652565465619167
190, 0.00649591473241647
191, 0.00647338277970751
192, 0.00645844001943866
193, 0.00645062901700536
194, 0.00644826671729485
195, 0.00645092517758409
196, 0.00648257124703377
197, 0.0065678305303057
198, 0.00638261289956669
199, 0.0095372935757041
200, 0.00338152137451938
201, 0.00143071642378345
202, 0.00670160927499334
203, 0.00682112489206096
204, 0.00697228824719787
205, 0.00722258817404509
206, 0.00772026320919394
207, 0.00884708963955442
208, 0.0114335138350725
209, 0.00654931183505271
210, 0.003810584001864
211, 0.00325491221155971
212, 0.00234315625857562
213, 0.00723861809819937
214, 0.00716455366152028
215, 0.00708024521979193
216, 0.00695209647528827
217, 0.00674809220557411
218, 0.00644706127544244
219, 0.00604656540478269
220, 0.00557287324530383
221, 0.00505675266807278
222, 0.00461118466531237
223, 0.00687198232238491
224, 0.00705336732789874
225, 0.00720968780418237
226, 0.00732528860680759
227, 0.00740499282255769
228, 0.00906296477963527
229, 0.00692439273310204
230, 0.00535252767925461
231, 0.00634392777768274
232, 0.00719507007549206
233, 0.00714126112870872
234, 0.00706274132244289
235, 0.00669157947413623
236, 0.00731943510472774
237, 0.00587987286659579
238, 0.00667646705793838
239, 0.00699786120094359
240, 0.00648589610743026
241, 0.00631748866289854
242, 0.00711559581880768
243, 0.00720859753588835
244, 0.00819508397641281
245, 0.00684682318630318
246, 0.00699762542111178
247, 0.00721475458703935
248, 0.00758104911074042
249, 0.0067189047113061
250, 0.00416595217150946
251, 0.00434637451544404
252, 0.00444741748894254
253, 0.0044291701300868
254, 0.00850571544530491
255, 0.00593712944537401
256, 0.004707710418318
257, 0.00726230382653219
258, 0.00656216179153749
259, 0.00841597001999617
260, 0.00714517276113232
261, 0.00717208247321347
262, 0.00667704075264434
263, 0.00708168752801915
264, 0.00694097477632264
265, 0.00626856833696365
266, 0.00569126413514217
267, 0.00686316580201189
268, 0.00715809854279671
269, 0.00709707701268295
270, 0.00670502505575617
271, 0.00703295211618145
272, 0.00687842598805825
273, 0.0072282418453445
274, 0.00794145193261405
275, 0.0075132076938947
276, 0.00455999568415185
277, 0.00820919321849942
278, 0.00669941787297527
279, 0.00700820982456207
280, 0.00619863656659921
281, 0.00717749151711663
282, 0.00718656896303097
283, 0.00714843689153592
284, 0.00719681764021516
285, 0.00540146584223424
286, 0.0070074872734646
287, 0.00715547865256667
288, 0.00690290331840515
289, 0.00675587011501193
290, 0.00771830906160176
291, 0.00705126556567848
292, 0.0074406904168427
293, 0.00722057209350169
294, 0.00513095436617732
295, 0.0074732278008014
296, 0.00804080798601111
297, 0.00712979786718885
298, 0.00673571989561121
299, 0.00720982180376138
300, 0.00726137395637731
301, 0.00726459648770591
302, 0.00712640358445545
303, 0.00705264937132597
304, 0.00753579591400921
305, 0.007189378341926
306, 0.00735946232452989
307, 0.0075761933944055
308, 0.00648800345758597
309, 0.00730718361834685
310, 0.00744029087945819
311, 0.00767917023040354
312, 0.00737722124904394
313, 0.00728928772732615
314, 0.00562853932691117
315, 0.00675213926782211
316, 0.00615609791129827
317, 0.00673467312784245
318, 0.00388958336164554
319, 0.00961131689005664
320, 0.00618377964322766
321, 0.00787560959967474
322, 0.00756824489993354
323, 0.00729597833318015
324, 0.00709604184764127
325, 0.00696822387787203
326, 0.00688898757410546
327, 0.00683719719139238
328, 0.00679631849440436
329, 0.00675362899589042
330, 0.00669955749375125
331, 0.00662809781109293
332, 0.00653807236813009
333, 0.00206303260832404
334, 0.00509600170577566
335, 0.0046555088677754
336, 0.00433676255246003
337, 0.00514051442344983
338, 0.00513518252409995
339, 0.00508670314836005
340, 0.00512163457460701
341, 0.00501286797225475
342, 0.00487239309586585
343, 0.00389246289463093
344, 0.00330129805176208
345, 0.00260907021583989
346, 0.00505530582740903
347, 0.00562543096020818
348, 0.00580358722557624
349, 0.00601813111764689
350, 0.00629442883655429
351, 0.00670065730810165
352, 0.0122615491971374
353, 0.00652358525743087
354, 0.00697108505604168
355, 0.00723976680698494
356, 0.00779803531865279
357, 0.00921889084080855
358, 0.00675461200686793
359, 0.00683230029729505
360, 0.0064347869095703
361, 0.00633047963492572
362, 0.0069123471621424
363, 0.0073055337027957
364, 0.00706040447888275
365, 0.0071737280425926
366, 0.00697416183538735
367, 0.00670105552611252
368, 0.00686787938078244
369, 0.00679696328006685
370, 0.00504121564639111
371, 0.00486646771120528
372, 0.00523249641992152
373, 0.0052304589189589
374, 0.00516946318869789
375, 0.00519897423995038
376, 0.00466169556602836
377, 0.00520955569421252
378, 0.00502344833997389
379, 0.00513235557203491
380, 0.00443131131275247
381, 0.00547133937167625
382, 0.00609503655383984
383, 0.00673497638975581
384, 0.0053361797084411
385, 0.00521839433349669
386, 0.00511982625660797
387, 0.0058714651192228
388, 0.00637865353686114
389, 0.00680790678597987
390, 0.00722755282185972
391, 0.00636371020227671
392, 0.00667333339030544
393, 0.00765116799933215
394, 0.00845574175140687
395, 0.00827100340809141
396, 0.00640669674612582
397, 0.00727644609287381
398, 0.00624469178728759
399, 0.0064426421054772
400, 0.00512246847418802
401, 0.00423345245265712
402, 0.00655703572556376
403, 0.00690610442931453
404, 0.0069375973350058
405, 0.0068610447148482
406, 0.0070309117436409
407, 0.00698094341593484
408, 0.00706837015847365
409, 0.00688681712684532
410, 0.00687434625190993
411, 0.0068405371469756
412, 0.0066341410856694
413, 0.00537838911016782
414, 0.00539497712937494
415, 0.00539550379229089
416, 0.00528892898000777
417, 0.00534671607116858
418, 0.00537981170540055
419, 0.00535265728831291
420, 0.00535992424314221
421, 0.00533438559311132
422, 0.00567776050108175
423, 0.00536076483937601
424, 0.00614058497982721
425, 0.0063961260796835
426, 0.00676305778324604
427, 0.00551066586437325
428, 0.00523065861004094
429, 0.0069835267495364
430, 0.00664530298672616
431, 0.00755968503654003
432, 0.00680610840208828
433, 0.00722980313003063
434, 0.00648227341783543
435, 0.00668407906778157
436, 0.00413462434274455
437, 0.00551009418753286
438, 0.00692968505124251
439, 0.00694669519240658
440, 0.00675788700270156
441, 0.00688326436405381
442, 0.00688452164952954
443, 0.00686976305829982
444, 0.00687939021736383
445, 0.00690807146020234
446, 0.0068905393127352
447, 0.00680854311212897
448, 0.0056313475749145
449, 0.00558293463351826
450, 0.00598513047831754
451, 0.00567883959350487
452, 0.00707729775458574
453, 0.00553123210556805
454, 0.00545584775197009
455, 0.00573636467258136
456, 0.00582714782406886
457, 0.00522325709462166
458, 0.00722793637154003
459, 0.00591320482393106
460, 0.00663743345066905
461, 0.00641396804712713
462, 0.00553533326213558
463, 0.00536732921110732
464, 0.00571052846498787
465, 0.0067987000303609
466, 0.00699997080179552
467, 0.00660497257485986
468, 0.0062624856363982
469, 0.00700033875182271
470, 0.00693730583103995
471, 0.00694424837517242
472, 0.00678568636067212
473, 0.00675088252561788
474, 0.00666171551815101
475, 0.00682554743252695
476, 0.00687643101749321
477, 0.00695333156424264
478, 0.00583847348267833
479, 0.00575961040643354
480, 0.00592339496749143
481, 0.00568711325260145
482, 0.00602401102272173
483, 0.00636777669812242
484, 0.00616286609632273
485, 0.00616283241348962
486, 0.00746925454586744
487, 0.00571692145119111
488, 0.005935231068482
489, 0.00699982633814216
490, 0.00719341984950006
491, 0.00688753253780305
492, 0.00674242565097908
493, 0.00696563705181082
494, 0.00709633994847536
495, 0.00666570112419625
496, 0.00662455746593575
497, 0.00668717540490131
498, 0.00685799688411256
499, 0.00705565512180328
500, 0.00676431623287499
501, 0.0060198944217215
502, 0.00612688235317667
503, 0.00590227153152227
504, 0.00624569645151496
505, 0.00554549554362893
506, 0.00777859644343456
507, 0.00658453451469541
508, 0.00639686601546903
509, 0.00659877038560808
510, 0.00593753981714447
511, 0.00617321060659985
512, 0.00711678813344666
513, 0.00736320523234705
514, 0.00586347305215895
515, 0.00718147540464997
516, 0.00708920454295973
517, 0.00681603979319334
518, 0.00707826623693109
519, 0.0064714637119323
520, 0.00656799646094441
521, 0.0066804102777193
522, 0.00686925540988644
523, 0.00630411350478729
524, 0.00617423992870109
525, 0.00759492915434142
526, 0.00803793082013726
527, 0.00642183927508692
528, 0.00640243501402438
529, 0.00641849567182362
530, 0.00656290476520856
531, 0.0067392111911128
532, 0.00725210853852332
533, 0.00728555405512452
534, 0.00749096538250645
535, 0.00765622380588736
536, 0.0071496587091436
537, 0.00697548167469601
538, 0.0071970602342238
539, 0.00804705428890884
540, 0.0069609887432307
541, 0.00775884673930705
542, 0.00724567778940712
543, 0.00751047125086188
544, 0.00751846345762412
545, 0.00740977291328212
546, 0.00835507847368717
547, 0.00814295001327991
548, 0.00696684637417396
549, 0.00371138621509696
550, 0.0095522398284326
551, 0.00660815532319248
552, 0.00668347735578815
553, 0.00674717780202627
554, 0.00679922771329681
555, 0.00684243425106009
556, 0.00687705531405906
557, 0.00690382525014381
558, 0.00692348345182836
559, 0.00693716062232852
560, 0.00694667749727766
561, 0.0069549431403478
562, 0.00699083437211812
563, 0.00704209778147439
564, 0.00715079329287012
565, 0.00738020559462408
566, 0.00786531848522524
567, 0.00896024083097776
568, 0.00672559696249664
569, 0.00668986079593499
570, 0.00665297219529748
571, 0.00661683524958789
572, 0.0046765486864994
573, 0.00515389209613204
574, 0.00570561139223476
575, 0.00621936136546234
576, 0.00665969168767333
577, 0.00699487421661615
578, 0.00722361511240403
579, 0.00735941187789043
580, 0.0074221461545676
581, 0.00743244184801976
582, 0.00740756412657599
583, 0.00736050796695054
584, 0.00730041724940141
585, 0.00723346384863059
586, 0.00716381395856539
587, 0.00709438091143966
588, 0.00702730108362933
589, 0.00696411084694167
590, 0.00690645049326122
591, 0.00685617847678562
592, 0.0068192263909926
593, 0.00422397007544835
594, 0.0038623297198986
595, 0.00327549482850979
596, 0.00256287077597032
597, 0.0020138453207134
598, 0.00641016091685742
599, 0.0115093446026246
600, 0.00403032350974778
601, 0.0073766455364724
602, 0.00687322447386881
603, 0.00602269048492114
604, 0.00717750509890417
605, 0.00733764260075986
606, 0.00741588060433666
607, 0.00741862629850705
608, 0.00732020614668727
609, 0.00725583305271963
610, 0.00718781220105787
611, 0.00711906127010783
612, 0.0070517184988906
613, 0.00691276827516655
614, 0.00698709938054283
615, 0.00545555702410638
616, 0.00652840609351794
617, 0.00743639864958823
618, 0.0069264288370808
619, 0.00699633779004216
620, 0.00772064629321297
621, 0.00738567253574729
622, 0.00710338765444855
623, 0.00704883396004637
624, 0.00695974154708286
625, 0.00690931943245232
626, 0.00673182665680846
627, 0.00683456659317017
628, 0.00678632454946637
629, 0.00687528843991458
630, 0.00830354448407888
631, 0.00720285282780727
632, 0.00701729472105702
633, 0.00697861976611118
634, 0.0069371669087559
635, 0.00675822064901392
636, 0.00675039288277427
637, 0.00668860560593506
638, 0.00678331940434873
639, 0.00672089921620985
640, 0.00679827863350511
641, 0.00439686914905906
642, 0.00461881429267426
643, 0.00442275117772321
644, 0.00415121061572184
645, 0.0083496596198529
646, 0.0065175648778677
647, 0.00682227300213916
648, 0.00914923753589392
649, 0.00478285471243518
650, 0.00733089377172291
651, 0.00726886683454116
652, 0.00738534129535158
653, 0.00720316055230796
654, 0.0074261164603134
655, 0.00713628584829469
656, 0.00744362757541239
657, 0.00706998840905726
658, 0.00742278488663336
659, 0.00734054856002331
660, 0.0057964912460496
661, 0.00716451710710923
662, 0.00700553227216005
663, 0.00686529045924544
664, 0.00694344798102975
665, 0.00688476286207636
666, 0.00642198494945963
667, 0.00727203666853408
668, 0.00717560349342724
669, 0.00711485953070223
670, 0.00704153308955332
671, 0.00707351082625488
672, 0.00701288778024415
673, 0.0069836297382911
674, 0.00695156189613044
675, 0.00691534842674931
676, 0.0068741108601292
677, 0.00682759564369917
678, 0.00677428262618681
679, 0.0074294429893295
680, 0.00806412240490317
681, 0.00768172383929292
682, 0.00666155719331333
683, 0.00677868134031693
684, 0.00678294120977322
685, 0.00676150387153029
686, 0.00680257054045796
687, 0.00576801008234421
688, 0.00546358269639313
689, 0.00545411024774824
690, 0.0070786640048027
691, 0.00845890771597624
692, 0.00520247453823686
693, 0.00633352537018557
694, 0.0070183154505988
695, 0.00689921481534839
696, 0.0069569336095204
697, 0.00708125174666444
698, 0.00714505168919762
699, 0.00720902183093131
700, 0.00727214586610595
701, 0.00733278598636389
702, 0.00738822040148079
703, 0.00743366863268117
704, 0.00746040853361289
705, 0.00745243361840646
706, 0.00738067924976349
707, 0.00719631959994634
708, 0.00686034855122368
709, 0.00687073070245485
710, 0.00788102857768536
711, 0.00691915862262249
712, 0.00682014126020173
713, 0.00696317983480791
714, 0.0070040946205457
715, 0.00704311354396244
716, 0.00708195722351472
717, 0.00717274115110437
718, 0.00723661404723922
719, 0.00712352890210847
720, 0.00732617173343897
721, 0.00658016446977854
722, 0.00684208441525698
723, 0.007642419077456
724, 0.00745615689083934
725, 0.00672465683892369
726, 0.00681043843117853
727, 0.00681423479691148
728, 0.00683776016480156
729, 0.00630390356915693
730, 0.00657497757735352
731, 0.00759577032710825
732, 0.00800849078223109
733, 0.00690968986600637
734, 0.00696524496500691
735, 0.00702519334542255
736, 0.00690552328402797
737, 0.00708471525770922
738, 0.00714455218985677
739, 0.00720471702516079
740, 0.00726521457545459
741, 0.00732591608539224
742, 0.00738607835955918
743, 0.00744325147631268
744, 0.00749078672379255
745, 0.00691849070911606
746, 0.00686261927088102
747, 0.00728379267578324
748, 0.00751231703907251
749, 0.00747040705755353
750, 0.00696973184434076
751, 0.00701841401557128
752, 0.00706584844738245
753, 0.00711330911144614
754, 0.00716263195499778
755, 0.00728060049004853
756, 0.00721686822362244
757, 0.00735974156608184
758, 0.00810334063135087
759, 0.00746117307183643
760, 0.00773161750597258
761, 0.00758894827837745
762, 0.00684981580291476
763, 0.00782620720565319
764, 0.00702365795150399
765, 0.00697027744414906
766, 0.00691309330674509
767, 0.00702545217548807
768, 0.00707974921291073
769, 0.0071341529643784
770, 0.00718951776313285
771, 0.00724725184651713
772, 0.00730926675411562
773, 0.00737772680198153
774, 0.00745390371109049
775, 0.00742320297285914
776, 0.00753501360304654
777, 0.00762052733140687
778, 0.00760594336315989
779, 0.00685922186821699
780, 0.00691670776965718
781, 0.0065763033926487
782, 0.00345746828575752
783, 0.00144508758094162
784, 0.00686794728972018
785, 0.00689159325944881
786, 0.0069072706780086
787, 0.00692230967494349
788, 0.00692759896628559
789, 0.00693796970881522
790, 0.00696226046420634
791, 0.00701620064986249
792, 0.00712954392656684
793, 0.00736378707612554
794, 0.00785406492650509
795, 0.00963070569559932
796, 0.00895536954825123
797, 0.0115390615537763
798, 0.00645618656805406
799, 0.00484870956279337
800, 0.00463592043767373
801, 0.00432014317872624
802, 0.00386238986781488
803, 0.00326116107559452
804, 0.00240760620605821
805, 0.0070279692299664
806, 0.00664476305246353
807, 0.00641791879509886
808, 0.00626591561983029
809, 0.00615693807291488
810, 0.00607083862026532
811, 0.00599761167541146
812, 0.00593058508820832
813, 0.00586502983545264
814, 0.00579776940867305
815, 0.00572657360074421
816, 0.00565008050762117
817, 0.00556783323797087
818, 0.00548058290344973
819, 0.00538993688921134
820, 0.00529856095090508
821, 0.00521079543977976
822, 0.00513246422633529
823, 0.00506615436946352
824, 0.0050186556763947
825, 0.0066922502592206
826, 0.00676415340664486
827, 0.00686148810200393
828, 0.00699677232963343
829, 0.00718851348695656
830, 0.00746142243345578
831, 0.00781992062305411
832, 0.00822773498172561
833, 0.00663794646970928
834, 0.00685836413564781
835, 0.00719787832349539
836, 0.00656433822587132
837, 0.0065962514684846
838, 0.00705838925205171
839, 0.00694672390818596
840, 0.00736680300906301
841, 0.00755774555727839
842, 0.00650981962680817
843, 0.00514475481274227
844, 0.00532853774105509
845, 0.00543269825478395
846, 0.00553656765259802
847, 0.00628165520417194
848, 0.00597245742877324
849, 0.00581782249112924
850, 0.00573082858075698
851, 0.00611609996606906
852, 0.0056366502152135
853, 0.00522974498259525
854, 0.00757518010213971
855, 0.00653637821475665
856, 0.00675262665996949
857, 0.0070642822732528
858, 0.00639161987540623
859, 0.00619301075736682
860, 0.00604410477293034
861, 0.00589786695005993
862, 0.00498590214798848
863, 0.00483806074286501
864, 0.00506644362273316
865, 0.00510457328831156
866, 0.00511232096080979
867, 0.00498236351025601
868, 0.00464585819281638
869, 0.00443038336622218
870, 0.00457244073706014
871, 0.00509737253499528
872, 0.0050641819058607
873, 0.00502893943339586
874, 0.00692245915221671
875, 0.0076947264218082
876, 0.00734833814203739
877, 0.00688824763831993
878, 0.00694321957416832
879, 0.00698923552408814
880, 0.0070466206719478
881, 0.00679110200144351
882, 0.0068348446705689
883, 0.00673549994826317
884, 0.0071539223815004
885, 0.00690854581383367
886, 0.00693276741852363
887, 0.00695927860215306
888, 0.00664038324196424
889, 0.00837275160787006
890, 0.00758231837036354
891, 0.0050747409862067
892, 0.00666368186163406
893, 0.00661073911136815
894, 0.00828910634542505
895, 0.00673433300107718
896, 0.00654123017253975
897, 0.00651909061707556
898, 0.00669134974790116
899, 0.00651549346124132
900, 0.00652692428169151
901, 0.00706972926855087
902, 0.00716408241229753
903, 0.00733838300220668
904, 0.00698573747649789
905, 0.00726120437805851
906, 0.00678896872947613
907, 0.00622513277145724
908, 0.00599016047393282
909, 0.00663198647089303
910, 0.00680711423046887
911, 0.00649791203128795
912, 0.00614912606154879
913, 0.00709943692865116
914, 0.00639251216004292
915, 0.00630448145481447
916, 0.00607197405770421
917, 0.00590108723069231
918, 0.00580318885234495
919, 0.00569648932044705
920, 0.00558335706591606
921, 0.00534842954948545
922, 0.00546580522010724
923, 0.00523500912822783
924, 0.00508200780798991
925, 0.00517005884709458
926, 0.00517265552965303
927, 0.00512002781033516
928, 0.00515563801551859
929, 0.00529835978522897
930, 0.0053485535706083
931, 0.00529905206834276
932, 0.00514250163299342
933, 0.00685943958039085
934, 0.00737741133198142
935, 0.00702260946854949
936, 0.00676896780108412
937, 0.00691431970335543
938, 0.00696480887321134
939, 0.00694878034604092
940, 0.00698682114792367
941, 0.00693333467158179
942, 0.00708380915845434
943, 0.00718832442847391
944, 0.00736168446019292
945, 0.00682025550243755
946, 0.00763268660133084
947, 0.0051517398096621
948, 0.00670520006678998
949, 0.00522237896387066
950, 0.00915520032867789
951, 0.00674407339344422
952, 0.00803200830705464
953, 0.00685490489316483
954, 0.00663589911224941
955, 0.00680581480264664
956, 0.00711344764567912
957, 0.00705689665240546
958, 0.00715594831854105
959, 0.00662259066787859
960, 0.00665871395419041
961, 0.0069142608748128
962, 0.00535381701774895
963, 0.00574856484308839
964, 0.0058686735574156
965, 0.00562233896926045
966, 0.0060757069538037
967, 0.00597780966199934
968, 0.00624570972286165
969, 0.00640348880551755
970, 0.00616410522100826
971, 0.00632399351646503
972, 0.00648936784515778
973, 0.00701167210936546
974, 0.00658683696140846
975, 0.00685700036895772
976, 0.00670420587994158
977, 0.00548828680378695
978, 0.00593642735232909
979, 0.00530856940895319
980, 0.00525842319863538
981, 0.00528884764450292
982, 0.00530833122320473
983, 0.00531424411262075
984, 0.00688845726350943
985, 0.00710691550436119
986, 0.00696458574384451
987, 0.00700976241690417
988, 0.00698442112964888
989, 0.00704747151272992
990, 0.00694507422546546
991, 0.00680671640050908
992, 0.00685338590604564
993, 0.00576160452328622
994, 0.00720089767128229
995, 0.00734680510746936
996, 0.00755996412287156
997, 0.00679221151707073
998, 0.00694724032655358
999, 0.00673578834782044
1000, 0.00708112951057653
1001, 0.00671431158358852
1002, 0.00706342677585781
1003, 0.00690002925693989
1004, 0.00624544646901389
1005, 0.00661145336925983
1006, 0.0071813251512746
1007, 0.00676608939344684
1008, 0.00699969388855
1009, 0.00549168312656028
1010, 0.00565216015093029
1011, 0.00579290611979862
1012, 0.00592862504223983
1013, 0.00703729828819633
1014, 0.00688044470734894
1015, 0.00615624035708606
1016, 0.00604967190884054
1017, 0.00625060025292138
1018, 0.00641429362197717
1019, 0.00633545188854138
1020, 0.00649166340008378
1021, 0.00657267255398134
1022, 0.0066633994380633
1023, 0.00676509489615758
1024, 0.00782608365019163
1025, 0.00565218056241671
1026, 0.00539892065959672
1027, 0.00551757627787689
1028, 0.00546229048632085
1029, 0.00692131975665689
1030, 0.00711080757901073
1031, 0.00702354055829346
1032, 0.00705870923896631
1033, 0.00699845685934027
1034, 0.00697720268120368
1035, 0.00684739765711129
1036, 0.00557679954605798
1037, 0.00688987675433358
1038, 0.00718843510063986
1039, 0.00629475115177532
1040, 0.00730019761249423
1041, 0.00745324503319959
1042, 0.00667903935536742
1043, 0.00683906055720789
1044, 0.00808927890223761
1045, 0.00670844010476555
1046, 0.00682433081480364
1047, 0.00700349702189366
1048, 0.007016183109954
1049, 0.0066178427853932
1050, 0.00561929563991725
1051, 0.00696680430943767
1052, 0.00679569613809387
1053, 0.00703797147919734
1054, 0.00685893922733764
1055, 0.00567231914028525
1056, 0.0069990455172956
1057, 0.00611806055530906
1058, 0.00582171697169542
1059, 0.00598358386196196
1060, 0.0062338225543499
1061, 0.00642074132338166
1062, 0.0063335777570804
1063, 0.00649853617263337
1064, 0.00657196668908
1065, 0.00664588032911221
1066, 0.0069151163722078
1067, 0.00672612649699052
1068, 0.00681945083973308
1069, 0.0053349724970758
1070, 0.006069366975377
1071, 0.00568525244792302
1072, 0.00558505129689972
1073, 0.00578391707191865
1074, 0.00763785660577317
1075, 0.00695522067447503
1076, 0.00709737495829662
1077, 0.0070563779057314
1078, 0.00702783411058287
1079, 0.00700607593171299
1080, 0.00689189477513234
1081, 0.0069277787891527
1082, 0.00715536220620076
1083, 0.00590713454099993
1084, 0.00723445741459727
1085, 0.00732856802642345
1086, 0.0084518490669628
1087, 0.00689688082784414
1088, 0.00778936990536749
1089, 0.00676071861137946
1090, 0.00690047279931605
1091, 0.00702376337721944
1092, 0.00700280947300295
1093, 0.00686720370625456
1094, 0.00702673157987495
1095, 0.00692986596065263
1096, 0.00677024852484465
1097, 0.00705588702112436
1098, 0.00618521395760278
1099, 0.00631187778587143
1100, 0.00602836480053763
1101, 0.00641571986488998
1102, 0.00657938273313145
1103, 0.00650433528547486
1104, 0.00664704541365306
1105, 0.00671229558065534
1106, 0.00678012543357909
1107, 0.00685536162927747
1108, 0.00695158960297704
1109, 0.00679241570954521
1110, 0.00593755425264438
1111, 0.00698542618192732
1112, 0.00707071996293962
1113, 0.00704375980421901
1114, 0.00702435662969947
1115, 0.00693276152014732
1116, 0.0074290003006657
1117, 0.00696363726941248
1118, 0.00608353083953261
1119, 0.00649329895774523
1120, 0.00710925747019549
1121, 0.00715730005564789
1122, 0.00721006832706432
1123, 0.00626447758016487
1124, 0.00804867929158111
1125, 0.00636924840509892
1126, 0.00762339488470129
1127, 0.00694873463362455
1128, 0.00701040533992151
1129, 0.0071541559882462
1130, 0.00751237284081678
1131, 0.00639076135121286
1132, 0.00625133807105677
1133, 0.00697782045851151
1134, 0.00582491227292589
1135, 0.00649830054802199
1136, 0.00665863129931192
1137, 0.00658842044261595
1138, 0.00671859170931081
1139, 0.00677361292764544
1140, 0.00682851936047276
1141, 0.0068876282311976
1142, 0.00686644607534011
1143, 0.00700810163592299
1144, 0.00703666669627031
1145, 0.00619618912848334
1146, 0.00702423315184812
1147, 0.00696990080177784
1148, 0.00699145874629418
1149, 0.00705541429730753
1150, 0.00725242161812882
1151, 0.00708186517780026
1152, 0.00638275601280232
1153, 0.00710681057535112
1154, 0.00659987656399608
1155, 0.00695109025885661
1156, 0.00716850003227591
1157, 0.00693408213555813
1158, 0.00697886404980506
1159, 0.00700440389725069
1160, 0.0064761127345264
1161, 0.00658344531742235
1162, 0.00699988116199772
1163, 0.00719262646245105
1164, 0.00667487573809922
1165, 0.00673724027971427
1166, 0.00678775234458347
1167, 0.00683136959560215
1168, 0.00687232636846602
1169, 0.00691538699902594
1170, 0.00701533211395144
1171, 0.0069987877116849
1172, 0.00700011748510102
1173, 0.00700634465153728
1174, 0.00699244672432542
1175, 0.007077669658299
1176, 0.00700339814648032
1177, 0.00696105447908243
1178, 0.00700853144129117
1179, 0.00686579500325024
1180, 0.0066522394772619
1181, 0.00748079409822822
1182, 0.00697161660840114
1183, 0.00700354638199012
1184, 0.00667937711945602
1185, 0.00676563071707884
1186, 0.00699735565909318
1187, 0.00681803616074224
1188, 0.00685666920617223
1189, 0.00688756559975445
1190, 0.00694150671673318
1191, 0.00691492048402627
1192, 0.00707791047170758
1193, 0.00604052981361747
1194, 0.0069998629235973
1195, 0.00700126371035973
1196, 0.00699964268133044
1197, 0.00644113138938944
1198, 0.00687316331701974
1199, 0.00687696621753275
1200, 0.00699924879396955
1201, 0.00690531854828199
1202, 0.00692847293491165
1203, 0.00694406148977578
1204, 0.00695777187744776
1205, 0.00697104493156075
1206, 0.00698155397549272
1207, 0.00699291042983532
