1, 0.013686140999198
2, 0.0411241864785552
3, 0.00338102190289646
4, 0.00959154777228832
5, 0.0214049313217402
6, 0.0230580363422632
7, 0.0116442972794175
8, 0.00363560335244983
9, 0.0394988805055618
10, 0.0158597268164158
11, 0.0195204801857471
12, 0.025737127289176
13, 0.0148889359885028
14, 0.0162710078681509
15, 0.0171127241725723
16, 0.017878917666773
17, 0.0188144796217481
18, 0.0203221592431267
19, 0.0234641113008062
20, 0.0300559007252256
21, 0.0365396707008282
22, 0.0246726982295513
23, 0.0140605183939139
24, 0.00671021267771721
25, 0.00416117790155113
26, 0.0022482219695424
27, 0.00373515867007275
28, 0.00550423384023209
29, 0.00695700477808714
30, 0.00805431061113874
31, 0.008830726146698
32, 0.0093407661964496
33, 0.00962952664121985
34, 0.00978478137403727
35, 0.0103848728661736
36, 0.0113405250012875
37, 0.0124632334336638
38, 0.0136528039971987
39, 0.0148365789403518
40, 0.015953164237241
41, 0.0169741151233514
42, 0.0179055879513423
43, 0.0187885637084643
44, 0.0196948430190484
45, 0.0207226990411679
46, 0.0210154950618744
47, 0.0211144766459862
48, 0.0209606420248747
49, 0.0207306450853745
50, 0.0203663911670446
51, 0.0198213538775841
52, 0.0190859890232484
53, 0.0181744080036879
54, 0.0171404226372639
55, 0.0160703413809339
56, 0.0150533337146044
57, 0.014640191802755
58, 0.0141095969205101
59, 0.0144274085760117
60, 0.0150596067930261
61, 0.0158087781940897
62, 0.016567524522543
63, 0.0172290839254856
64, 0.0177286149313052
65, 0.0180404235919317
66, 0.0181752499192953
67, 0.0181664073218902
68, 0.0180557345350583
69, 0.0178890135139227
70, 0.0177121839175622
71, 0.0175732970237732
72, 0.017527607580026
73, 0.0176592593391736
74, 0.0181332565844059
75, 0.0194448853532473
76, 0.0204628477804363
77, 0.0199060402810574
78, 0.016720661893487
79, 0.0154783021037777
80, 0.0146840950474143
81, 0.0140814104427894
82, 0.0135717897986372
83, 0.0131240207701921
84, 0.0127263553440571
85, 0.0123766505469879
86, 0.012082412528495
87, 0.0118526605268319
88, 0.011702421742181
89, 0.0116651764671717
90, 0.0116829737089574
91, 0.0117061813361943
92, 0.011702436953783
93, 0.0116497377554576
94, 0.0115255491497616
95, 0.0113049253510932
96, 0.0109609537757933
97, 0.010459677161028
98, 0.00975679388890664
99, 0.00879649383326372
100, 0.00752256810665131
101, 0.0058969734236598
102, 0.00399061385542154
103, 0.00237438381494333
104, 0.00463017402216792
105, 0.00789449798564116
106, 0.0153678810844819
107, 0.0260543425877889
108, 0.0379311498254538
109, 0.0290970755741
110, 0.0231543891131878
111, 0.0203432176883022
112, 0.0190251360957821
113, 0.0183544947455327
114, 0.0179900319005052
115, 0.0177756749714414
116, 0.017633218318224
117, 0.0175173189491034
118, 0.0173973084116975
119, 0.0172473679607113
120, 0.0170462128395836
121, 0.0167827531695366
122, 0.0163075467571616
123, 0.0161303592224916
124, 0.0163526137669881
125, 0.0166607269396385
126, 0.0170203025142352
127, 0.0174129238973061
128, 0.01781608723104
129, 0.0182054253915946
130, 0.018562829742829
131, 0.0188732308646043
132, 0.0191252479950587
133, 0.0193179938942194
134, 0.0193558689206839
135, 0.0192829705774784
136, 0.0189993710567554
137, 0.0188553339491288
138, 0.018785422667861
139, 0.0187455465396245
140, 0.0187015372018019
141, 0.018618855625391
142, 0.0184607654809952
143, 0.0181886566181978
144, 0.0177644286304712
145, 0.0171563389400641
146, 0.0163488065203031
147, 0.0153525009130438
148, 0.0142085192104181
149, 0.0129907295728723
150, 0.0117764212191105
151, 0.0106814013173183
152, 0.00990516040474176
153, 0.00436859158799052
154, 0.00742493569850922
155, 0.014522516168654
156, 0.0250250188012918
157, 0.0355925386150678
158, 0.0367428530007601
159, 0.0254144395391146
160, 0.0145727324609955
161, 0.00726993832116326
162, 0.0044461574871093
163, 0.0116747375577688
164, 0.0117927634467681
165, 0.0119657519583901
166, 0.0122043505931894
167, 0.0124878343194723
168, 0.0127981190259258
169, 0.0131258318821589
170, 0.0134620927274227
171, 0.0137995438029369
172, 0.0141349509358406
173, 0.0144698076571027
174, 0.0148112789417307
175, 0.0151739253972967
176, 0.0155836359287302
177, 0.0160816224912802
178, 0.0167554554839929
179, 0.0177744260678689
180, 0.0213630269281566
181, 0.0229891110211611
182, 0.0210021119564772
183, 0.019489216307799
184, 0.0186786092817783
185, 0.0182387456297874
186, 0.0179828374336163
187, 0.0178155495474736
188, 0.0176840722560883
189, 0.0175577656676372
190, 0.0174194059024254
191, 0.0172594959537188
192, 0.0170749674240748
193, 0.0168686819573243
194, 0.0166490046928326
195, 0.0164305126915375
196, 0.0162312692652146
197, 0.0160706583410501
198, 0.0159674317886432
199, 0.0159545056521893
200, 0.0118721609802118
201, 0.0158810641927024
202, 0.00282150846906006
203, 0.0184725476428866
204, 0.0196278498818477
205, 0.0189477736130357
206, 0.0216254452243447
207, 0.0260173299660285
208, 0.0337987963110209
209, 0.00558916040297065
210, 0.0260614680591971
211, 0.00789763398158053
212, 0.00674594542942941
213, 0.00524076322714488
214, 0.00368133606389165
215, 0.0201352757091324
216, 0.0192449415723483
217, 0.0183743775511781
218, 0.0174879742165407
219, 0.0165233264366786
220, 0.015454794280231
221, 0.0142925359929601
222, 0.0130776610846321
223, 0.0118898269720376
224, 0.0107962732824186
225, 0.00997902468467752
226, 0.0162132582627237
227, 0.0192876026655237
228, 0.0197843428080281
229, 0.020131539242963
230, 0.0203518780569235
231, 0.0204904268806179
232, 0.0207528313621879
233, 0.0176488769551118
234, 0.0230495088423292
235, 0.0193307185545564
236, 0.01802791065226
237, 0.0137989640546342
238, 0.0113158373472591
239, 0.0150281024786333
240, 0.0171452341601253
241, 0.0161511564316849
242, 0.0125198195067545
243, 0.0188306250299017
244, 0.018640219544371
245, 0.0154834555462003
246, 0.0196489117418726
247, 0.0170323122292757
248, 0.0178729438533386
249, 0.019305366401871
250, 0.0195282362401485
251, 0.0197292029236754
252, 0.00874066508064667
253, 0.00791143889849385
254, 0.00696639235441883
255, 0.0095614654943347
256, 0.00927708251401782
257, 0.00871540714676181
258, 0.0101149776684386
259, 0.0197451159890209
260, 0.01670785301498
261, 0.0107370126992464
262, 0.0168562075123191
263, 0.0183634273707867
264, 0.0202892978365223
265, 0.0185620747506618
266, 0.0133039799208442
267, 0.0169007070362568
268, 0.0158677402262886
269, 0.0146501886968811
270, 0.017783113134404
271, 0.0118714186052481
272, 0.0189612753068407
273, 0.017296233214438
274, 0.0192021767919262
275, 0.0191700927292307
276, 0.0190578257398946
277, 0.018498567553858
278, 0.0179518262545268
279, 0.00932843439901868
280, 0.0106692376236121
281, 0.00977103489761551
282, 0.0206434387713671
283, 0.010977564512619
284, 0.0127706197090447
285, 0.0183587614446878
286, 0.0175900695224603
287, 0.0167720969766378
288, 0.0156585474809011
289, 0.0142704791699847
290, 0.0176510621483127
291, 0.0191963094597061
292, 0.0191763579845428
293, 0.0217388716215889
294, 0.019145884240667
295, 0.0182828378996679
296, 0.0187701039016247
297, 0.0188732264297349
298, 0.0189657369628549
299, 0.0186613552893202
300, 0.0107347931091984
301, 0.0183358769863844
302, 0.0137921390123665
303, 0.0167606721321742
304, 0.015496507131805
305, 0.0176822788392504
306, 0.0183264445513487
307, 0.0199452393377821
308, 0.0209374483674765
309, 0.0191242694854736
310, 0.0176481164991856
311, 0.0189749181270599
312, 0.0192084355900685
313, 0.0192475778361162
314, 0.0130827368370124
315, 0.0228277749071519
316, 0.0122092498466372
317, 0.0203208305562536
318, 0.0178740912427505
319, 0.0168725751961271
320, 0.0190846050779025
321, 0.0184554985413949
322, 0.0216533274700244
323, 0.0195972701268537
324, 0.013394378280888
325, 0.0195543256898721
326, 0.0192737833907207
327, 0.0153786431377133
328, 0.0106933714511494
329, 0.0190518864740928
330, 0.0111800929686675
331, 0.021382416288058
332, 0.0181973474100232
333, 0.0207942463457584
334, 0.0188383680901357
335, 0.0199022889137268
336, 0.0195004688575864
337, 0.0155214339494705
338, 0.0171453698227803
339, 0.0186790685402229
340, 0.0143735449140271
341, 0.0199306248021977
342, 0.0208922915160656
343, 0.0224085826426744
344, 0.0191594839096069
345, 0.018930197134614
346, 0.0188192563752333
347, 0.017816378424565
348, 0.0197742832824588
349, 0.0155281219631433
350, 0.0161588691174984
351, 0.0206131877909814
352, 0.0117767735694846
353, 0.018373999123772
354, 0.0195437346895536
355, 0.0216025710105896
356, 0.0274106006004981
357, 0.0176376594851414
358, 0.0176588877414664
359, 0.0177517728880048
360, 0.0117022173168759
361, 0.0112874171075722
362, 0.0180073433245222
363, 0.0178562514483929
364, 0.0175623248020808
365, 0.017125985895594
366, 0.016580185542504
367, 0.0159953356099625
368, 0.015482394490391
369, 0.0150819156939785
370, 0.0117797229128579
371, 0.0119889567916592
372, 0.0130465136220058
373, 0.0135096233958999
374, 0.0140350377187133
375, 0.0146424418004851
376, 0.0153813646174967
377, 0.0164253145145873
378, 0.0180405263478557
379, 0.0117671410553157
380, 0.0117920783037941
381, 0.0178730934858322
382, 0.0115458788350224
383, 0.0179811452204982
384, 0.0180380120873451
385, 0.0109017393551767
386, 0.010357031909128
387, 0.00961355119943619
388, 0.00862513265262047
389, 0.00734581286087632
390, 0.00717455218546093
391, 0.00576435176966091
392, 0.00425713000974307
393, 0.00319835115224123
394, 0.0345396511256695
395, 0.0128844340797514
396, 0.0262260533248385
397, 0.017529810157915
398, 0.0206935728589694
399, 0.016709616407752
400, 0.0159037223085761
401, 0.0191759501273433
402, 0.0126385084974269
403, 0.0164760968958338
404, 0.0155581085321804
405, 0.0122836975691219
406, 0.0135649481477837
407, 0.0141410115174949
408, 0.0147959012538195
409, 0.0119098994570474
410, 0.0115203723932306
411, 0.0107188207718233
412, 0.00859426241368055
413, 0.0119571535227199
414, 0.0119931024188797
415, 0.0119848993296425
416, 0.0117586354414622
417, 0.0111784312563638
418, 0.00941868545487523
419, 0.0101330095591644
420, 0.0177353549127777
421, 0.0165822651858131
422, 0.0176024272417029
423, 0.0177738626177112
424, 0.0178672742719452
425, 0.0173715197791656
426, 0.0179363740608096
427, 0.018001084215939
428, 0.0184867220620314
429, 0.0192378845065832
430, 0.0175830237567425
431, 0.017676099203527
432, 0.0178690267105897
433, 0.0179459409167369
434, 0.0176772285873691
435, 0.0169820118074616
436, 0.0163396453218801
437, 0.0178826006927661
438, 0.0231377752497792
439, 0.0173191751043002
440, 0.0201283075536291
441, 0.0126123589773973
442, 0.0148427897753815
443, 0.0141635287242631
444, 0.0156047924732169
445, 0.016485907137394
446, 0.0122283366508782
447, 0.0130617499041061
448, 0.0119062600923436
449, 0.0123409043687085
450, 0.0122961923480034
451, 0.0123305033581952
452, 0.0118486459056536
453, 0.0122001868051787
454, 0.0122516766811411
455, 0.0120498094086846
456, 0.0116174131010969
457, 0.0113915201897422
458, 0.0112050642880301
459, 0.0176351442933083
460, 0.0179571164771914
461, 0.017441563308239
462, 0.0173723517606656
463, 0.0181004197026292
464, 0.0175509254137675
465, 0.0174892973154783
466, 0.0179913500323892
467, 0.0181305861721436
468, 0.0178235908970237
469, 0.0176883535459638
470, 0.0178429071481029
471, 0.0180438614139954
472, 0.0177481742575765
473, 0.018162383697927
474, 0.00771292306793233
475, 0.018017081277711
476, 0.0130245072456698
477, 0.0129014910198748
478, 0.0130361222351591
479, 0.016350271490713
480, 0.0155611201189458
481, 0.0125329338812402
482, 0.0148029779084027
483, 0.0135591132566333
484, 0.0173039056360722
485, 0.0121404495090246
486, 0.012873567485561
487, 0.0128742288798094
488, 0.0128519361217817
489, 0.013316176366061
490, 0.0128019557644924
491, 0.0126826697960496
492, 0.0174127214898666
493, 0.0172345815226436
494, 0.0128728044219315
495, 0.0185923272122939
496, 0.018369215230147
497, 0.0173484683036804
498, 0.017645086782674
499, 0.0171077552561959
500, 0.0172391454023974
501, 0.0173582322895527
502, 0.0179119491949677
503, 0.0181884731476506
504, 0.018588683878382
505, 0.0184338182831804
506, 0.0171188872307539
507, 0.0189979486167431
508, 0.0111161858464281
509, 0.0217977970217665
510, 0.0117228647693992
511, 0.0189652545377612
512, 0.023491049806277
513, 0.0188906408846378
514, 0.0142466823259989
515, 0.0139236889469127
516, 0.0148136607992152
517, 0.0134755703620613
518, 0.0169860068708658
519, 0.0162676838891847
520, 0.0129842992872
521, 0.0154249548601607
522, 0.0193513019808701
523, 0.0141217939866086
524, 0.0172865400090814
525, 0.0136120946456989
526, 0.0135108446702361
527, 0.0167977856472135
528, 0.0137270431344708
529, 0.0133968374381463
530, 0.0132960407063365
531, 0.017652988123397
532, 0.0192180508747697
533, 0.0168910130858421
534, 0.0170073683063189
535, 0.0169274626920621
536, 0.0180629271393021
537, 0.0185009653990467
538, 0.0189095223322511
539, 0.0197218476484219
540, 0.013772145844996
541, 0.0110059165395796
542, 0.0208808208505313
543, 0.0144592327997088
544, 0.021687375754118
545, 0.0204507599895199
546, 0.0218366419098207
547, 0.0143871707841754
548, 0.0150784289774795
549, 0.0157106936288377
550, 0.0146500297511617
551, 0.0167277806128065
552, 0.0164071172475815
553, 0.0140155881332854
554, 0.0159187061712146
555, 0.017180864388744
556, 0.0199415904159347
557, 0.0176945021376014
558, 0.0147130942593018
559, 0.0142649170011282
560, 0.0144187491387129
561, 0.0140662918177744
562, 0.0166438495119413
563, 0.019464397802949
564, 0.0182601219664017
565, 0.0156582884180049
566, 0.0188630040114125
567, 0.0178894818139573
568, 0.0191098982468247
569, 0.0161616417268912
570, 0.0155830937437713
571, 0.0151042297482491
572, 0.0158713672842298
573, 0.0164589456592997
574, 0.0170589579890172
575, 0.0150573857439061
576, 0.0148168164305389
577, 0.0153511366806924
578, 0.0164856348807613
579, 0.0163421414792538
580, 0.0177487054218849
581, 0.0200337721034884
582, 0.0168172945933683
583, 0.0191803971926371
584, 0.0183860218773286
585, 0.0166910031499962
586, 0.0145586915314198
587, 0.0205826023593545
588, 0.0157031162774989
589, 0.0159495017890419
590, 0.0169149609282613
591, 0.0178443624948462
592, 0.0193746965378523
593, 0.0183129475141565
594, 0.0207662970448534
595, 0.0138354729861021
596, 0.0202716238796711
597, 0.0152546914294362
598, 0.0177419297397137
599, 0.0182170886546373
600, 0.0180317293852568
601, 0.0125804632746925
602, 0.0176197399074833
603, 0.0177493101606766
604, 0.017929006057481
605, 0.0187156870961189
606, 0.0196279585361481
607, 0.021408640469114
608, 0.0249359887093306
609, 0.0183478634183606
610, 0.0180284082889557
611, 0.0176885444670916
612, 0.0173459993675351
613, 0.0170211438089609
614, 0.0167408234750231
615, 0.0164932453384002
616, 0.0101907518692315
617, 0.0111657972447574
618, 0.0123805459588766
619, 0.0136296789472302
620, 0.0148412299652894
621, 0.0159256520370642
622, 0.0168296036620935
623, 0.0193838511283199
624, 0.0175292886172732
625, 0.0183645294358333
626, 0.0185653287917376
627, 0.0186733901500702
628, 0.0187261694421371
629, 0.01875857450068
630, 0.0188038581982255
631, 0.0188990468159318
632, 0.0190821358313163
633, 0.00805249810218811
634, 0.00699053301165501
635, 0.0056681118439883
636, 0.00423536108185848
637, 0.00309207197278738
638, 0.0261023701833827
639, 0.00724138831719756
640, 0.0165649717673659
641, 0.0188034735620022
642, 0.0187533978993694
643, 0.0117541321863731
644, 0.0173511067405343
645, 0.0185310645028949
646, 0.0186558368926247
647, 0.013049128310134
648, 0.0143663276297351
649, 0.0155589822679758
650, 0.0179201209296783
651, 0.0182999012370904
652, 0.0187115697190166
653, 0.0187329280500611
654, 0.018632631128033
655, 0.0179368257522583
656, 0.0173829433818658
657, 0.0190557887156804
658, 0.0191938556730747
659, 0.017128593288362
660, 0.0176588340351979
661, 0.0188732317959269
662, 0.018201047865053
663, 0.0175049528479576
664, 0.0314302801464995
665, 0.0186746322239439
666, 0.0172157014409701
667, 0.0173790805662672
668, 0.0178119769940774
669, 0.0193712214628855
670, 0.0179906080787381
671, 0.0169829592729608
672, 0.0167159281671047
673, 0.0224855026851098
674, 0.0182535288234552
675, 0.0205393914754192
676, 0.00887932209298015
677, 0.00794446274327735
678, 0.00856636627577245
679, 0.00941059288258354
680, 0.00909927060517172
681, 0.0189329457602331
682, 0.0169472433626652
683, 0.018721646318833
684, 0.0152244097553194
685, 0.0185344222312172
686, 0.0138727719895542
687, 0.0187099423880378
688, 0.0123607676165799
689, 0.0187182935575644
690, 0.018662145982186
691, 0.0187131579344471
692, 0.0163658349774778
693, 0.0182893245170514
694, 0.0172466933727264
695, 0.0178766036406159
696, 0.0186441615223885
697, 0.0188168591509263
698, 0.0181366776426633
699, 0.0179087429617842
700, 0.0176687641069293
701, 0.0174349990362922
702, 0.0184405244265993
703, 0.0103901318673577
704, 0.0176733297606309
705, 0.0172235127538443
706, 0.0174051492164532
707, 0.0183585875978072
708, 0.0181016710897287
709, 0.0187390949577093
710, 0.0193206310893099
711, 0.0201836237683892
712, 0.0214120276893179
713, 0.0175471330682437
714, 0.00963329523801804
715, 0.0111981934557358
716, 0.0100479444178442
717, 0.018592874519527
718, 0.0183526882901788
719, 0.0187224084511399
720, 0.0186830597619216
721, 0.0133197827575107
722, 0.0186524090046684
723, 0.014872333034873
724, 0.0179182874659697
725, 0.0187373983984192
726, 0.0187049731612206
727, 0.0187729932367802
728, 0.0162231574455897
729, 0.0172259143243233
730, 0.0185228992874424
731, 0.0181193404520551
732, 0.0179189788177609
733, 0.0176889064411322
734, 0.0186602537121092
735, 0.0183434806143244
736, 0.0172337181866169
737, 0.0111264411360025
738, 0.0179144348949194
739, 0.0188073854272564
740, 0.0192943898340066
741, 0.019972229997317
742, 0.0208098807682594
743, 0.0174716897308826
744, 0.0184652116149664
745, 0.0176258757710457
746, 0.0177630772814155
747, 0.0112067623995245
748, 0.0229628821834922
749, 0.011420428486807
750, 0.0119319115100162
751, 0.00968157164752483
752, 0.0189630147069693
753, 0.0187190550689896
754, 0.0185014015684525
755, 0.018796899355948
756, 0.0185868537851742
757, 0.0186743972202142
758, 0.0184655201931794
759, 0.0187426858271162
760, 0.0187944791590174
761, 0.0180633074293534
762, 0.017955451139382
763, 0.0143747573407988
764, 0.016107180621475
765, 0.0181451911727587
766, 0.0172997079789639
767, 0.0183088524887959
768, 0.0192438640321294
769, 0.0197549927979708
770, 0.0203814683482051
771, 0.0182213643565774
772, 0.0188475009053946
773, 0.017865437703828
774, 0.0177243314683437
775, 0.0180336736763517
776, 0.013511528527098
777, 0.0127119246870279
778, 0.0217416174709797
779, 0.0133534491062164
780, 0.0116081901825964
781, 0.022158218237261
782, 0.0148939942009747
783, 0.0151716790472468
784, 0.0189083131651084
785, 0.0189425780748328
786, 0.0184664462382595
787, 0.0187455744793018
788, 0.0188909349963069
789, 0.0185809198766947
790, 0.0182029008865356
791, 0.018664777589341
792, 0.0187853484724959
793, 0.0183374748254816
794, 0.0174599184344212
795, 0.0159582258202136
796, 0.0185779549181461
797, 0.0183069358269374
798, 0.0195252556974689
799, 0.0199169165765246
800, 0.0191559366260966
801, 0.0185586980854472
802, 0.018337215607365
803, 0.0209608102838198
804, 0.0183673881304761
805, 0.0175119508057833
806, 0.0190984334796667
807, 0.0191552843898535
808, 0.0190260274601834
809, 0.0191272916272283
810, 0.0188500474517544
811, 0.0186758770917853
812, 0.0187565376982093
813, 0.0192753600754908
814, 0.0195260572557648
815, 0.0176703290392955
816, 0.0183270324021578
817, 0.0188604366655151
818, 0.0181411734471718
819, 0.0186389088630676
820, 0.0203045246501764
821, 0.0207983021225248
822, 0.0197001840919256
823, 0.0188837305953105
824, 0.0196081781759858
825, 0.0185039713978767
826, 0.0187116015702486
827, 0.0193817418600832
828, 0.0184447600040585
829, 0.0156365841006239
830, 0.0253280851989984
831, 0.0149649130180478
832, 0.0190723985433578
833, 0.0203405618667603
834, 0.0121420062302301
835, 0.00316526973620057
836, 0.0176088123892744
837, 0.0177528023098906
838, 0.0179471479107936
839, 0.0182507466524839
840, 0.0187695504476627
841, 0.0197169184684753
842, 0.0194041202776134
843, 0.0215308669333657
844, 0.0256785216430823
845, 0.0335347052663565
846, 0.00723606845713221
847, 0.0261771478690207
848, 0.0116871707141399
849, 0.01171800121665
850, 0.0117355215673645
851, 0.0117201462077598
852, 0.0116506804091235
853, 0.0115035804919899
854, 0.0112558769372602
855, 0.010881253828605
856, 0.0103456020976106
857, 0.00960763543844223
858, 0.00862150716905793
859, 0.00734796576822797
860, 0.00580221150691311
861, 0.00431282476832469
862, 0.0167753805095951
863, 0.0161342228141924
864, 0.0156468052106599
865, 0.0152389709837735
866, 0.01486739066119
867, 0.0145105686970055
868, 0.0141559867188334
869, 0.0137981230703493
870, 0.0134375891648233
871, 0.0130797068898877
872, 0.0127340219914913
873, 0.0124100792842607
874, 0.0121213141828775
875, 0.0118850284876923
876, 0.0162699442977707
877, 0.0163172790780663
878, 0.0164195789645116
879, 0.0177603624761105
880, 0.0179133834317327
881, 0.018095853117605
882, 0.0183407266934713
883, 0.0186965307220817
884, 0.019222783545653
885, 0.0199253618096312
886, 0.0207104636356235
887, 0.0107166261101762
888, 0.0114723928272724
889, 0.00866822774211566
890, 0.007935426896438
891, 0.0118152862414718
892, 0.0118787994918724
893, 0.0118524582746128
894, 0.0118746468797326
895, 0.0111551067481438
896, 0.0101447470175723
897, 0.0094451184074084
898, 0.0116863395087421
899, 0.0176153139521678
900, 0.0167302933211128
901, 0.0174646638333797
902, 0.0173011502871911
903, 0.018021977506578
904, 0.0181950010980169
905, 0.0184034093593558
906, 0.0186604593570034
907, 0.0189705767358343
908, 0.0193150360137224
909, 0.0169340120628476
910, 0.0171231168011824
911, 0.0165682043880224
912, 0.0177563773468137
913, 0.0164435651774208
914, 0.0190758619457483
915, 0.0143358954228461
916, 0.0139336104815205
917, 0.0135275154995422
918, 0.0131243850725392
919, 0.0127387147707244
920, 0.0123775224201381
921, 0.0147309876047075
922, 0.0170814239730438
923, 0.0151225598528981
924, 0.0159526313655078
925, 0.0155229782685637
926, 0.0120684189411501
927, 0.0174765146027009
928, 0.019487526267767
929, 0.0229050181806087
930, 0.0178018553803364
931, 0.0187521371990442
932, 0.0180088241274158
933, 0.0168822621926665
934, 0.0171382017433643
935, 0.0173272496710221
936, 0.0207363162189722
937, 0.0183014729991555
938, 0.0166995293859925
939, 0.0118197218648025
940, 0.0192364065774849
941, 0.0169650178402662
942, 0.0177265365297596
943, 0.0121696453231076
944, 0.0121813889903327
945, 0.0121140700454513
946, 0.0113679038671156
947, 0.0121531337499619
948, 0.0114691330430408
949, 0.0116579138363401
950, 0.0120805107677976
951, 0.0118499295786023
952, 0.0120067877384524
953, 0.0167436981573701
954, 0.0175816897923748
955, 0.0172745923822125
956, 0.0174313482517997
957, 0.0187740453208486
958, 0.0186756436402599
959, 0.0185196409001946
960, 0.0183610410119096
961, 0.0182144939899445
962, 0.0187811825424433
963, 0.0168395272145669
964, 0.0178701775148511
965, 0.0161971983810266
966, 0.0157584017142653
967, 0.0166763222465913
968, 0.0172242969274521
969, 0.0153369425485531
970, 0.0135824747073154
971, 0.0140331727452576
972, 0.0144789883246024
973, 0.0131333760606746
974, 0.014913501838843
975, 0.0127187489221493
976, 0.0123091175087861
977, 0.017916901037097
978, 0.0176328464100758
979, 0.0170439382394155
980, 0.0172748547047377
981, 0.0184006455043952
982, 0.0188227441782753
983, 0.018101309115688
984, 0.01944048764805
985, 0.020359955728054
986, 0.0174660390863816
987, 0.0117434842512012
988, 0.0115210404619575
989, 0.0180566239037684
990, 0.0172122130170465
991, 0.0179601109897097
992, 0.0169651027147969
993, 0.0127328370387355
994, 0.0127967723334829
995, 0.0124373016878963
996, 0.0178385693579912
997, 0.0125617285569509
998, 0.0126531892456114
999, 0.0129480951776107
1000, 0.0131124835461378
1001, 0.0128587079234421
1002, 0.0134313766223689
1003, 0.0140240457840264
1004, 0.0175838368013501
1005, 0.0177135843162735
1006, 0.018351709159712
1007, 0.0182777208586534
1008, 0.0183699106176694
1009, 0.0183426073441903
1010, 0.0171150341629982
1011, 0.0171132124960423
1012, 0.0119947943836451
1013, 0.0180827385435502
1014, 0.0150615897340079
1015, 0.0145885110832751
1016, 0.0140959069443246
1017, 0.0163918007165194
1018, 0.0168491319442789
1019, 0.0173594808826844
1020, 0.0135934768865506
1021, 0.0126838786527514
1022, 0.0130860835003356
1023, 0.0155148475120465
1024, 0.0159546746872365
1025, 0.0178702191139261
1026, 0.0201237024739385
1027, 0.0194154834995667
1028, 0.0188764929771423
1029, 0.0184813048690557
1030, 0.0174581268802285
1031, 0.0217208946123719
1032, 0.0176669197777907
1033, 0.0166030660271645
1034, 0.0121515595043699
1035, 0.0156199806369841
1036, 0.0173138898486892
1037, 0.0181289296597242
1038, 0.0134863532148302
1039, 0.0132971714871625
1040, 0.0130997157345215
1041, 0.0129637409533773
1042, 0.0136968521401286
1043, 0.0180472626040379
1044, 0.0143353102418284
1045, 0.0139661614472667
1046, 0.0179570953672131
1047, 0.0148634682409465
1048, 0.0178567705055078
1049, 0.0181737439706922
1050, 0.0179374853947333
1051, 0.0181343934188286
1052, 0.0171898839374383
1053, 0.0178283028304577
1054, 0.0174491281310717
1055, 0.0182045145581166
1056, 0.0174351359407107
1057, 0.0151811533917983
1058, 0.0146600408479571
1059, 0.016991858681043
1060, 0.0174194260810812
1061, 0.0141024217009544
1062, 0.0156637628873189
1063, 0.0135461005071799
1064, 0.0165623100474477
1065, 0.0161212586487333
1066, 0.0199079302450021
1067, 0.018176822612683
1068, 0.0210174117237329
1069, 0.0176853003601233
1070, 0.0193309551104903
1071, 0.0188767199094097
1072, 0.0179239315912127
1073, 0.0151035681677361
1074, 0.0228501331682007
1075, 0.0166084105148911
1076, 0.0166920420403282
1077, 0.0175065336128076
1078, 0.0169247291050851
1079, 0.0173759303987026
1080, 0.0176356791829069
1081, 0.0182001134380698
1082, 0.0140687562525272
1083, 0.0137391469130913
1084, 0.0143732332314054
1085, 0.014743666164577
1086, 0.0181802784403165
1087, 0.015212368996193
1088, 0.018142773459355
1089, 0.0158214772430559
1090, 0.0180848327775796
1091, 0.017921916830043
1092, 0.0177489848186572
1093, 0.018199959769845
1094, 0.0134432042017579
1095, 0.0217755228901903
1096, 0.015273662439237
1097, 0.0175234119718273
1098, 0.0146650910998384
1099, 0.0157938504902025
1100, 0.0140015423918764
1101, 0.0171434553340077
1102, 0.0162668681393067
1103, 0.0205317003031572
1104, 0.0167119161536296
1105, 0.0196264081945022
1106, 0.0185159320632617
1107, 0.0179522313798467
1108, 0.0191955345993241
1109, 0.0182143064836661
1110, 0.0176742031638111
1111, 0.0178223010152578
1112, 0.0141130268573761
1113, 0.0188647410167115
1114, 0.0172214675694704
1115, 0.0217793347934882
1116, 0.0175892002880573
1117, 0.0179253844544291
1118, 0.0145701549148985
1119, 0.01490781068181
1120, 0.0181543612852693
1121, 0.0153326652944088
1122, 0.018211033505698
1123, 0.0178142332782348
1124, 0.015836946045359
1125, 0.0164549754311641
1126, 0.0182530240466197
1127, 0.0182472051431735
1128, 0.0180051603044073
1129, 0.0180504899471998
1130, 0.0180700620015462
1131, 0.021056839885811
1132, 0.0153267479812106
1133, 0.0159138003364205
1134, 0.0176833080393927
1135, 0.0164086787650983
1136, 0.0201292137304942
1137, 0.0188228118543824
1138, 0.0172507924338182
1139, 0.0168422600254416
1140, 0.0193350721771518
1141, 0.0182038762917121
1142, 0.0185007552305857
1143, 0.0179607439786196
1144, 0.0199151625856757
1145, 0.0198007365688682
1146, 0.0211213647077481
1147, 0.0175407274315755
1148, 0.0181529841696223
1149, 0.0181402567774057
1150, 0.0157538104491929
1151, 0.0181204658001661
1152, 0.01627334797134
1153, 0.0168574734901388
1154, 0.018244215597709
1155, 0.018339356717964
1156, 0.0182196650033196
1157, 0.0205211021006107
1158, 0.016018986169781
1159, 0.0196359194815159
1160, 0.0165531194458405
1161, 0.0190276950597763
1162, 0.0169772887602448
1163, 0.0173602836827437
1164, 0.0184451807290316
1165, 0.0187252728889386
1166, 0.0181396763239588
1167, 0.015294967405498
1168, 0.0225546397268772
1169, 0.0176966032013297
1170, 0.0192302375410994
1171, 0.0179784568026662
1172, 0.0177189906438192
1173, 0.0171339328711232
1174, 0.0183108656977614
1175, 0.016549792761604
1176, 0.0183580368757248
1177, 0.0184813760221004
1178, 0.019218991377524
1179, 0.018327860472103
1180, 0.0167338456958532
1181, 0.0183814810588956
1182, 0.0171313652147849
1183, 0.0204938522850474
1184, 0.0199198238551617
1185, 0.0190495879699786
1186, 0.017507209132115
1187, 0.0180996800107615
1188, 0.0188313843682408
1189, 0.0186109381417433
1190, 0.017788326057295
1191, 0.0178420931721727
1192, 0.0185123056173325
1193, 0.0181869562715292
1194, 0.0191002421081066
1195, 0.0184096734349926
1196, 0.0184806776898248
1197, 0.0191865715065173
1198, 0.0188005625137261
1199, 0.0173330448035683
1200, 0.0176948284109433
1201, 0.0179590132087469
1202, 0.0187794820715984
1203, 0.0186519188185533
1204, 0.0183396739885211
1205, 0.0183812417089939
1206, 0.0188618529587984
1207, 0.0179174998775125
1208, 0.0184711036937577
1209, 0.0179937755068143
1210, 0.0181192141026258
1211, 0.0183306753635407
1212, 0.0186050850898027
