1, 0.0109367342665792
2, 0.0241640233434737
3, 0.00290566851617768
4, 0.010854622349143
5, 0.0122445095330477
6, 0.0178842041641474
7, 0.00825552828609943
8, 0.00248847476905212
9, 0.0244908779859543
10, 0.0104011981748044
11, 0.0119027188047767
12, 0.018152941018343
13, 0.0111963825765997
14, 0.0114983168120186
15, 0.0116829381634792
16, 0.0118303146834175
17, 0.0119346023226778
18, 0.0120022282935679
19, 0.0120429553401967
20, 0.0120652715365092
21, 0.0120790555762748
22, 0.0120966332033277
23, 0.012136149375389
24, 0.0122283496893942
25, 0.0124375399512549
26, 0.0129062389023602
27, 0.0140463863499463
28, 0.0173247468968232
29, 0.0211079573879639
30, 0.0122396635512511
31, 0.00564515303509931
32, 0.00334072078112513
33, 0.00537034783822795
34, 0.00701669060314695
35, 0.00816976310064395
36, 0.00895633936549226
37, 0.00950561712185542
38, 0.00989639790107807
39, 0.0101791184085111
40, 0.0103861923950414
41, 0.0105391670949757
42, 0.0106523988458018
43, 0.0107353987793128
44, 0.0107938456349075
45, 0.0108331879600883
46, 0.0108557264320552
47, 0.0108826380843918
48, 0.0109474717949828
49, 0.0110385498652856
50, 0.0111458553001285
51, 0.0112617602571845
52, 0.0113806026056409
53, 0.0114968515311678
54, 0.011605450262626
55, 0.0117029622197151
56, 0.0117874446635445
57, 0.0118582944075267
58, 0.0119162211194634
59, 0.011963004556795
60, 0.0120012732222676
61, 0.012034152324001
62, 0.012065462457637
63, 0.0120988460257649
64, 0.0121357198804617
65, 0.0121939100790769
66, 0.0122257741168141
67, 0.0122179652874668
68, 0.0122022852301598
69, 0.0121787888929248
70, 0.0121464552357793
71, 0.0121045898025235
72, 0.012052317460378
73, 0.0119889210909605
74, 0.011914098324875
75, 0.0118281254544854
76, 0.0117320691545804
77, 0.0116278383259972
78, 0.0115181993072232
79, 0.011407027952373
80, 0.011299344090124
81, 0.0112019476170341
82, 0.0111191185812155
83, 0.0110578903307517
84, 0.0110051315277815
85, 0.0110122837747137
86, 0.0110560643176238
87, 0.0111380834132433
88, 0.0112663448477785
89, 0.01145515901347
90, 0.0117313396185637
91, 0.0121556309362253
92, 0.0128589272499084
93, 0.0142709001277884
94, 0.0154744863975793
95, 0.0151640369246403
96, 0.0124936234205961
97, 0.0115962981556853
98, 0.0111426264047623
99, 0.0108898567656676
100, 0.0107312621548772
101, 0.0106183150783181
102, 0.0105254308631023
103, 0.0104357423260808
104, 0.0103353109831611
105, 0.0102121590947111
106, 0.0100564459959666
107, 0.00986146026601394
108, 0.00962668936699629
109, 0.00935654124865929
110, 0.00906072370707989
111, 0.00876247386137644
112, 0.00849464442580938
113, 0.00831603507200877
114, 0.00825056992471218
115, 0.00819703719268242
116, 0.00811196397989988
117, 0.0079349799392124
118, 0.00760525433967511
119, 0.00703693957378467
120, 0.0060994968128701
121, 0.00467200685913364
122, 0.00285957369487733
123, 0.00483780447393656
124, 0.011329419290026
125, 0.0209140150497357
126, 0.0175444465130568
127, 0.0142120833819111
128, 0.0130060327549775
129, 0.0124682743723194
130, 0.0121820551964144
131, 0.0119833988137543
132, 0.0117967041830222
133, 0.0115773705765605
134, 0.01128683394442
135, 0.0108112039576684
136, 0.010576371413966
137, 0.010695295718809
138, 0.0108982920646667
139, 0.011131691125532
140, 0.0113694068665306
141, 0.0115863267953197
142, 0.0117651127899686
143, 0.0118983732536435
144, 0.0119861463705699
145, 0.0120335193350911
146, 0.0120486884067456
147, 0.0120407470191518
148, 0.0120183440546195
149, 0.0119889499619603
150, 0.0119581253578266
151, 0.0119296004995704
152, 0.0119052746643623
153, 0.0118914799143871
154, 0.011852846480906
155, 0.0117653443788489
156, 0.0116798328235745
157, 0.0115796752894918
158, 0.0114719724903504
159, 0.011360777541995
160, 0.0112491113444169
161, 0.011140742028753
162, 0.0110403848811984
163, 0.0109544179091851
164, 0.0108904074877501
165, 0.0108592327063282
166, 0.00560195992390315
167, 0.012367960686485
168, 0.0216103692849477
169, 0.0209081737945477
170, 0.0117701621105274
171, 0.0051743541068087
172, 0.00832670461386442
173, 0.00855648672829072
174, 0.00883111574997505
175, 0.00916669269402822
176, 0.00952136640747388
177, 0.00987182340274254
178, 0.0102193399022023
179, 0.0105794596796234
180, 0.0109867646048466
181, 0.0115109775215387
182, 0.0122945019975305
183, 0.0149481045082211
184, 0.0161155437429746
185, 0.0146033974985282
186, 0.013441306228439
187, 0.0127522423863411
188, 0.0122873093932867
189, 0.011917176656425
190, 0.0115835452452302
191, 0.0112701219817003
192, 0.0109793307880561
193, 0.0107223509500424
194, 0.0106682959012687
195, 0.0150960137003234
196, 0.00440220660918082
197, 0.0120254933523635
198, 0.0120677192074557
199, 0.0120988894874851
200, 0.0121299208452304
201, 0.0121759882507225
202, 0.0122611122205853
203, 0.0124290293703477
204, 0.0127703024384876
205, 0.0134970202731589
206, 0.0151400035247207
207, 0.0191485166239242
208, 0.00948489919703986
209, 0.00942691524202625
210, 0.00886650010943413
211, 0.00808630681907137
212, 0.00699375957871477
213, 0.00547966229108473
214, 0.0121172013071676
215, 0.0120814948653181
216, 0.0120504875667393
217, 0.0120197616827985
218, 0.0119853521076341
219, 0.0119439645980795
220, 0.0118925532636543
221, 0.0118288046990832
222, 0.0117513611912727
223, 0.0116600923550626
224, 0.011556262926509
225, 0.0114424638450146
226, 0.0113228247500956
227, 0.0112026641145349
228, 0.0110883593248824
229, 0.0109855259458224
230, 0.0109069085059067
231, 0.0112409605644643
232, 0.0112988877420624
233, 0.0113644880863527
234, 0.0119535222960015
235, 0.012013197876513
236, 0.0120633379556239
237, 0.0121042542159557
238, 0.0121364902394513
239, 0.0121607046263913
240, 0.0121766814651589
241, 0.0121880169026554
242, 0.011884328443557
243, 0.012093982193619
244, 0.0120312616539498
245, 0.012066084270676
246, 0.0121154403313994
247, 0.0121306339278817
248, 0.0117208001514276
249, 0.0118062651405732
250, 0.0114474383493265
251, 0.0114968790051838
252, 0.0119892229946951
253, 0.0110270345273117
254, 0.0112649633859595
255, 0.0113907201836507
256, 0.0115112002628545
257, 0.0116222617216408
258, 0.0117208731050293
259, 0.0120662902481854
260, 0.0120385152598222
261, 0.0120089117748042
262, 0.0119738957534234
263, 0.0119300295288364
264, 0.0118744837430616
265, 0.0121525978669524
266, 0.0118050795669357
267, 0.0111398496665061
268, 0.0120954872108996
269, 0.00983486960952481
270, 0.0103555967410405
271, 0.0101342474420865
272, 0.00935986234496037
273, 0.00859784218482673
274, 0.0105199818499386
275, 0.0106422255436579
276, 0.0107329616633554
277, 0.0108000999316573
278, 0.0108429652949174
279, 0.0108649082481861
280, 0.0097170138421158
281, 0.00896919107375046
282, 0.0119634619913995
283, 0.012828707229346
284, 0.0143347890116274
285, 0.0120734732287625
286, 0.0121272558656832
287, 0.0121808958550294
288, 0.0122488485649228
289, 0.0123523771762848
290, 0.0125264095452925
291, 0.0115793493265907
292, 0.0117480725360413
293, 0.0118737663142383
294, 0.0133747478636603
295, 0.0156608365165691
296, 0.00778169576078653
297, 0.0114786647526281
298, 0.0121363016909787
299, 0.0148618379607797
300, 0.0109189494646021
301, 0.0113232207617589
302, 0.0116123719140887
303, 0.0118829438773294
304, 0.0116302215804656
305, 0.0118198104513188
306, 0.0115377816061179
307, 0.0120687512680888
308, 0.0120475377577047
309, 0.0120211513713002
310, 0.0120972604490817
311, 0.0120852752588689
312, 0.0115496809594333
313, 0.0121073745191097
314, 0.0119397360831499
315, 0.0120309914151827
316, 0.0119686320734521
317, 0.0120792129476156
318, 0.0120538552291691
319, 0.0120037269468109
320, 0.0117875997287532
321, 0.0119227970329424
322, 0.0118631251777212
323, 0.0116957481950521
324, 0.011588330535839
325, 0.011468124575913
326, 0.011337428043286
327, 0.0112005431825916
328, 0.0110652154932419
329, 0.01001227243493
330, 0.0105798246028523
331, 0.0108855438108246
332, 0.0104352498116593
333, 0.0106905574599902
334, 0.0107748008643587
335, 0.0108399686093132
336, 0.0104168135051926
337, 0.0104719364705185
338, 0.0107708011443416
339, 0.0102490767215689
340, 0.0120092572954794
341, 0.0116769921345015
342, 0.0121488287113607
343, 0.0122241587378085
344, 0.0123131875880063
345, 0.0124346975547572
346, 0.0118164777134856
347, 0.0126160437551637
348, 0.0139737529680133
349, 0.0133267678320408
350, 0.0128992150227229
351, 0.0119265125443538
352, 0.011760802673442
353, 0.0138249943032861
354, 0.0116823848026494
355, 0.0119505464099348
356, 0.0119063025340438
357, 0.0120595637708902
358, 0.012068180522571
359, 0.0120472209528089
360, 0.0116138307688137
361, 0.0117520983330905
362, 0.011655583512038
363, 0.0119889465471109
364, 0.0118591515347362
365, 0.0111263931418459
366, 0.0117764457439383
367, 0.0114246748077373
368, 0.0115566382495066
369, 0.0116753522306681
370, 0.0112768881954253
371, 0.0120058845107754
372, 0.0120309356910487
373, 0.0120490264768402
374, 0.0120624074712396
375, 0.0119235965733727
376, 0.0119714238680899
377, 0.0109668536111712
378, 0.0147607647813857
379, 0.0104670041861633
380, 0.0107352736716469
381, 0.0109205335999529
382, 0.0108103570528328
383, 0.0108706665535768
384, 0.0109704103586929
385, 0.0106481791784366
386, 0.0105544234005113
387, 0.0113933109678328
388, 0.0118898923198382
389, 0.0120740810719629
390, 0.013243545157214
391, 0.0136616605644425
392, 0.0123496679589152
393, 0.0122469686903059
394, 0.0124785909429193
395, 0.0118947255735596
396, 0.0119911084572474
397, 0.0128991690774759
398, 0.012654027591149
399, 0.0114055348560214
400, 0.0127468270560106
401, 0.0140606469164292
402, 0.0117530599236488
403, 0.0120087925655146
404, 0.0118052877175311
405, 0.0119815312015514
406, 0.0120640077317754
407, 0.0120653710328043
408, 0.0117027251981199
409, 0.0118572334758937
410, 0.0120746119258304
411, 0.012030743372937
412, 0.0118630391856035
413, 0.0117714453178147
414, 0.011193993235273
415, 0.0115254293195903
416, 0.0116590020867685
417, 0.0113789813282589
418, 0.011933195249488
419, 0.0120387695108851
420, 0.0120609835056322
421, 0.0119838993996382
422, 0.0120176649652421
423, 0.0120514906011522
424, 0.0111423617539306
425, 0.0110372002236545
426, 0.0110230109033485
427, 0.0110025177709758
428, 0.0109885218553245
429, 0.0109867658466101
430, 0.0110283616619805
431, 0.0139077637078507
432, 0.012356656913956
433, 0.0121555475828548
434, 0.0119658991073569
435, 0.0123553389372925
436, 0.0124821281060576
437, 0.0133660604866842
438, 0.012064850423485
439, 0.0126397502608597
440, 0.0130850123241544
441, 0.0128421462140977
442, 0.0130974153677622
443, 0.0135422989726067
444, 0.0118354600854218
445, 0.0117942923679948
446, 0.0120566996435324
447, 0.0119119343968729
448, 0.0118725465921064
449, 0.0120451802698274
450, 0.0120706868668397
451, 0.0119490769381324
452, 0.0120631515358885
453, 0.0118751063322028
454, 0.0117718718635539
455, 0.0116448869618277
456, 0.0113343646749854
457, 0.0114859431050718
458, 0.0119524390126268
459, 0.012006238879015
460, 0.0120621907214324
461, 0.0120582957752049
462, 0.012061352096498
463, 0.01204082230106
464, 0.0110418815165758
465, 0.0118869598954916
466, 0.0112014741947254
467, 0.0112275118008256
468, 0.0113129620440304
469, 0.0112596078154941
470, 0.0114138748807212
471, 0.0115915701414148
472, 0.0122467481220762
473, 0.0120446231837074
474, 0.0124541870318353
475, 0.0125901380864282
476, 0.0130865620449185
477, 0.0121447124208013
478, 0.0127482336635391
479, 0.0129281721698741
480, 0.0130469232265438
481, 0.0120056684439381
482, 0.0120913311839104
483, 0.0119483896220724
484, 0.0119758557217817
485, 0.0120965990548333
486, 0.0120840356685221
487, 0.0120283804523448
488, 0.0118948183953762
489, 0.011627666807423
490, 0.0117744559732576
491, 0.0119819442431132
492, 0.012039868781964
493, 0.0120731820352376
494, 0.0120880390916552
495, 0.0120885283686221
496, 0.0115549140609801
497, 0.0116717293858528
498, 0.0114667712089916
499, 0.0118563968377809
500, 0.0119277329317161
501, 0.0121319098398089
502, 0.0123360711149871
503, 0.0125392344780266
504, 0.0121162298268506
505, 0.0125199300237
506, 0.0126425535418093
507, 0.0122282562466959
508, 0.0127588673494756
509, 0.0128545689707001
510, 0.0118719590827823
511, 0.0120870595177015
512, 0.0120660856676598
513, 0.0121300679941972
514, 0.0120430397801101
515, 0.0120950971419613
516, 0.0117680498709281
517, 0.0119205202596883
518, 0.0120218005031347
519, 0.0114222025232656
520, 0.0120861069299281
521, 0.0121185421012342
522, 0.0121278865262866
523, 0.0117394281551242
524, 0.0118428827263415
525, 0.0120092338571946
526, 0.0122464257292449
527, 0.0128673668950796
528, 0.0124069034742812
529, 0.0121967731975019
530, 0.01253108587116
531, 0.0123005141504109
532, 0.0126115970003108
533, 0.0126536291403075
534, 0.0125654621848038
535, 0.0121238695768019
536, 0.0121566339706381
537, 0.0121583978512457
538, 0.0121121130262812
539, 0.0119470239927371
540, 0.0116052411496639
541, 0.0120733754398922
542, 0.0121487701932589
543, 0.0121486911860605
544, 0.0121785456625124
545, 0.0120159011334181
546, 0.0121822215927144
547, 0.0120970355346799
548, 0.0122617487795651
549, 0.0124414415719608
550, 0.0124702068045735
551, 0.0121672148816288
552, 0.0122565890972813
553, 0.0124746992563208
554, 0.0123478796643515
555, 0.0124693640640804
556, 0.0122065398221215
557, 0.0122151574119926
558, 0.0122228728917738
559, 0.0121350281738809
560, 0.0121835962470089
561, 0.0122279993568858
562, 0.0121194269508123
563, 0.0122578068015476
564, 0.0122484274518987
565, 0.0119511736556888
566, 0.0121455833315849
567, 0.0124267260544002
568, 0.0122788978208389
569, 0.0123354362634321
570, 0.0123615222983062
571, 0.0122744934633374
572, 0.0122386638075113
573, 0.0122833113806943
574, 0.0123317019703488
575, 0.0123556240772208
576, 0.0120878162172933
577, 0.00848749547731131
578, 0.0119973487841586
579, 0.0120441565910975
580, 0.0120672155171633
581, 0.0120775440397362
582, 0.0121144976777335
583, 0.0121833596689006
584, 0.0123397819697857
585, 0.0126793233988186
586, 0.0133922565728426
587, 0.0150686963461339
588, 0.0118807121179998
589, 0.0116316334654888
590, 0.0114538290848335
591, 0.0113313610975941
592, 0.0112582080376645
593, 0.0112097455809514
594, 0.00838464762394627
595, 0.00897655651594202
596, 0.00931030542900165
597, 0.00962044391781092
598, 0.00989144388586283
599, 0.0101176192983985
600, 0.0102969892323017
601, 0.0104363306115071
602, 0.0105461824374894
603, 0.0106395956439277
604, 0.0107310552460452
605, 0.0108375819399953
606, 0.0109811970032752
607, 0.0111989093323549
608, 0.0115576743458708
609, 0.0122213140130043
610, 0.0134568122836451
611, 0.00762273215999206
612, 0.00705661826456587
613, 0.00620000017806888
614, 0.00510569599767526
615, 0.00415009368831913
616, 0.0146579745536049
617, 0.0191450809749464
618, 0.0080138745252043
619, 0.00796391318241755
620, 0.00815304384256403
621, 0.00824102821449439
622, 0.00826161719548205
623, 0.0081030106327186
624, 0.0086457299379011
625, 0.0117471705501278
626, 0.0109960686725875
627, 0.0112360420947274
628, 0.00970695897315939
629, 0.0100361718796194
630, 0.0103110371467968
631, 0.0105240447446704
632, 0.0108058789434532
633, 0.00932301084200541
634, 0.0106845976163944
635, 0.0109041122098764
636, 0.0110994226609667
637, 0.0114345705757538
638, 0.0122422232913474
639, 0.0119171237262587
640, 0.011793190613389
641, 0.012102276707689
642, 0.0140719076928993
643, 0.0116120828315616
644, 0.0114168845117092
645, 0.0126303471624851
646, 0.0123506804617743
647, 0.0122073232196271
648, 0.0121410006346802
649, 0.0121137322857976
650, 0.0120894992724061
651, 0.0120610628897945
652, 0.0131640850255887
653, 0.0122296029391388
654, 0.0115722234671315
655, 0.0116852273543676
656, 0.0120506227637331
657, 0.0118432349214951
658, 0.0133684563140074
659, 0.012715363719811
660, 0.00828902663973471
661, 0.0126984861812421
662, 0.0115234638963427
663, 0.0109769312354426
664, 0.015074025573475
665, 0.00839133320065836
666, 0.0084852478466928
667, 0.0099936385328571
668, 0.00949731795117259
669, 0.00846206195031603
670, 0.00891381641849875
671, 0.0110503945810099
672, 0.0111517091281712
673, 0.01091830789422
674, 0.0112415466768046
675, 0.0107353321897487
676, 0.0104855890385807
677, 0.010154184885323
678, 0.0116326085602244
679, 0.0113381994888186
680, 0.011460290911297
681, 0.00976828268418709
682, 0.0118842202549179
683, 0.0122726519281665
684, 0.0120047343273958
685, 0.0122354389168322
686, 0.0117655866779387
687, 0.0123630251425008
688, 0.0121729131788015
689, 0.0121463363369306
690, 0.0121344407089055
691, 0.0121198805669943
692, 0.0126024431859454
693, 0.0129929423953096
694, 0.0136425990300874
695, 0.0119095053523779
696, 0.0123125004271666
697, 0.0142241956666112
698, 0.0130008100531995
699, 0.0118330487360557
700, 0.011961929500103
701, 0.0121215490313868
702, 0.0126213757321239
703, 0.012951172888279
704, 0.0131545732063907
705, 0.0141540074720979
706, 0.00922859879210591
707, 0.0109671228565276
708, 0.00849448769752468
709, 0.00891552524020275
710, 0.00905823707580566
711, 0.0119880052904288
712, 0.0122534014905492
713, 0.0115486782354613
714, 0.0116519482495884
715, 0.0114642968401313
716, 0.0113826310262084
717, 0.0112841472340127
718, 0.0111461520815889
719, 0.0109413916555544
720, 0.00927560217678547
721, 0.0106533489500483
722, 0.0117882533619801
723, 0.0102492710575461
724, 0.0127148974686861
725, 0.0120879093495508
726, 0.0121636114393671
727, 0.0121875097975135
728, 0.0122359416758021
729, 0.0123351307896276
730, 0.0121693913824856
731, 0.011917340303106
732, 0.0120265901399155
733, 0.0127922201839586
734, 0.0125090127500395
735, 0.0131591021393736
736, 0.0122985015623271
737, 0.0117268275469542
738, 0.0120271309278905
739, 0.012155209047099
740, 0.0125947738332408
741, 0.012495386103789
742, 0.0133838546462357
743, 0.0103229659919937
744, 0.011941589259853
745, 0.0122609759813973
746, 0.00878186896443367
747, 0.00952485281353196
748, 0.00987559789791703
749, 0.0120537883291642
750, 0.0118106931137542
751, 0.0117316013202071
752, 0.0119159280632933
753, 0.00982613749802113
754, 0.011667202382038
755, 0.0116025440705319
756, 0.0115157905966043
757, 0.0113778255569438
758, 0.0108175021596253
759, 0.011147146889319
760, 0.0121529484167695
761, 0.0121776171339055
762, 0.012202689734598
763, 0.0121780432139834
764, 0.0122639775897066
765, 0.0120694167912006
766, 0.0121230293686191
767, 0.0122713896756371
768, 0.0123731968924403
769, 0.0125343582282464
770, 0.0126939163144146
771, 0.0124400082975626
772, 0.01216522165175
773, 0.0123684157927831
774, 0.00826225876808167
775, 0.0103085634431669
776, 0.01287602763623
777, 0.0122083904221654
778, 0.0114281220982472
779, 0.0122921904549003
780, 0.0107647399418056
781, 0.0119425212033093
782, 0.0121129116353889
783, 0.012013744097203
784, 0.0118927699513733
785, 0.0118564747584363
786, 0.0118203540332615
787, 0.0117550074743728
788, 0.0113587404290835
789, 0.011625236676385
790, 0.0121862461480002
791, 0.012144866399467
792, 0.0121398125775158
793, 0.0121607823918263
794, 0.0121849208759765
795, 0.0122362058609724
796, 0.0122102795479198
797, 0.0122812331343691
798, 0.0122987699384491
799, 0.0122230051395794
800, 0.0122235757963998
801, 0.0120522499394914
802, 0.0120894905800621
803, 0.0121474382467568
804, 0.0116004539387567
805, 0.0120357431781789
806, 0.0120369324771067
807, 0.0120434391622742
808, 0.0120102119011184
809, 0.0118951505670945
810, 0.0109895354136825
811, 0.0121697941794991
812, 0.012294108979404
813, 0.0122032859362662
814, 0.0122223220765591
815, 0.0141778159886599
816, 0.0121939167380333
817, 0.0127810668200254
818, 0.00995069642418197
819, 0.0119915179287394
820, 0.0121072571103772
821, 0.012366038436691
822, 0.0135745806619525
823, 0.0153235249842207
824, 0.0118580413982272
825, 0.0118744974024594
826, 0.0118990591727197
827, 0.0119254682213068
828, 0.0119522931054235
829, 0.0119760183927914
830, 0.0106120929121971
831, 0.0119924730000397
832, 0.0119718733864526
833, 0.0101076066493988
834, 0.0117186641631027
835, 0.0115642033827802
836, 0.0113854301162064
837, 0.0111996893150111
838, 0.0110357066926857
839, 0.0108996187336743
840, 0.0108648060510556
841, 0.0109138453068833
842, 0.0111948208262523
843, 0.0113063923393687
844, 0.011418910852323
845, 0.0115292655924956
846, 0.0116346467596789
847, 0.01173151191324
848, 0.0107693341560662
849, 0.0107032139785588
850, 0.0104894946950177
851, 0.0103261770370106
852, 0.0119226148041586
853, 0.0118389807951947
854, 0.0098127368837595
855, 0.00941012846305966
856, 0.00885434433196982
857, 0.00808427537170549
858, 0.00703947145181398
859, 0.00575386507747074
860, 0.0047618646446305
861, 0.0155754326842725
862, 0.0195854404009879
863, 0.011522841018935
864, 0.011762585490942
865, 0.0119415436250468
866, 0.011892083256195
867, 0.0118660617930194
868, 0.0118170431815088
869, 0.0119336000643671
870, 0.0118473605252802
871, 0.0119157411778967
872, 0.011933744729807
873, 0.0113934149655203
874, 0.0118407673823337
875, 0.0116519657894969
876, 0.0119038443081081
877, 0.0119035891257226
878, 0.0143765757481257
879, 0.0127617369095484
880, 0.0116949672810733
881, 0.0114396886589626
882, 0.0111684311181307
883, 0.0123773789964616
884, 0.0133641501888633
885, 0.0108150065255662
886, 0.00997161601359645
887, 0.0107797683837513
888, 0.0107150905144711
889, 0.0106289967273672
890, 0.0103771743985514
891, 0.0105183256479601
892, 0.0101977760593096
893, 0.00936670911808809
894, 0.00880976517995199
895, 0.00969221070408821
896, 0.00903468439355493
897, 0.0110880982441207
898, 0.0113692472999295
899, 0.0109920431859791
900, 0.0112537626797954
901, 0.0114823233646651
902, 0.0115925044131776
903, 0.0116919426557918
904, 0.0089890422920386
905, 0.0117908698905792
906, 0.0113150678308947
907, 0.0122820856049657
908, 0.0157410508642594
909, 0.0119083689836164
910, 0.0117960191952686
911, 0.0119301048107445
912, 0.0118775834950308
913, 0.0116844854007165
914, 0.0119368095571796
915, 0.0119549667773147
916, 0.0119551688743134
917, 0.0118753388524055
918, 0.0117801589270433
919, 0.0118418891603748
920, 0.0118099787893395
921, 0.0117574809119105
922, 0.0121059388232728
923, 0.0116297211498022
924, 0.0127592257534464
925, 0.0132703743875027
926, 0.0139581286348403
927, 0.0118706839469572
928, 0.0115661185234785
929, 0.0106419902294874
930, 0.0107148786385854
931, 0.0105603217768172
932, 0.0104755810461938
933, 0.0107774874195457
934, 0.0108295568885903
935, 0.0104015657367806
936, 0.0107035051720838
937, 0.0104332633006076
938, 0.0103662903420627
939, 0.0108274682424963
940, 0.0111406066765388
941, 0.0109398700296879
942, 0.0113214176769058
943, 0.0114391904013852
944, 0.0115487282164395
945, 0.011665022931993
946, 0.0110322114390632
947, 0.0118014356121421
948, 0.0146048447738091
949, 0.0147311476369699
950, 0.0118417529655354
951, 0.0118044015641014
952, 0.0118570127524436
953, 0.0116899420196811
954, 0.0120654801527659
955, 0.0120710387515525
956, 0.0123942946083844
957, 0.0119591881521046
958, 0.0120294185665747
959, 0.0117594020751615
960, 0.0117197648311655
961, 0.0120433143650492
962, 0.0119752952208122
963, 0.0119153253423671
964, 0.0136096364197632
965, 0.0131114305307468
966, 0.0121147039656838
967, 0.0117465747520328
968, 0.0113621163181961
969, 0.010897030433019
970, 0.01092036254704
971, 0.0112820396510263
972, 0.0117238344003757
973, 0.0108749276647965
974, 0.0108708860352635
975, 0.0108623054499427
976, 0.0108662090885142
977, 0.0108635963073799
978, 0.0110415721622606
979, 0.0109208488526444
980, 0.0112005545136829
981, 0.0109634290316275
982, 0.0113999620079994
983, 0.0116087479516864
984, 0.0115196156936387
985, 0.0110859215880434
986, 0.01372705266944
987, 0.0140739966494342
988, 0.0117791706385712
989, 0.0122275521668295
990, 0.0117148361168802
991, 0.0122643993236125
992, 0.0118577578105032
993, 0.0116615020669997
994, 0.0121494008538624
995, 0.0116107608856899
996, 0.012256986727672
997, 0.0127002631003658
998, 0.0119497580453753
999, 0.0120503501966596
1000, 0.0132833230309188
1001, 0.0123572478381296
1002, 0.0125014513420562
1003, 0.0110566574148834
1004, 0.0110778228069345
1005, 0.0111084338277578
1006, 0.0111712509145339
1007, 0.0121830304463704
1008, 0.0109412549063563
1009, 0.0108865074813366
1010, 0.0117539130151272
1011, 0.0112829810629288
1012, 0.0112730938320359
1013, 0.0114673414888481
1014, 0.011033883690834
1015, 0.0114876713293294
1016, 0.0111408806405962
1017, 0.0108404755592346
1018, 0.0110648782657725
1019, 0.0127745706898471
1020, 0.0134454340274845
1021, 0.0115702899172902
1022, 0.0116726358731588
1023, 0.0117584085091949
1024, 0.0124338787669937
1025, 0.0116068250499666
1026, 0.0123067150513331
1027, 0.0124539580196142
1028, 0.0118683048834403
1029, 0.0121515542268753
1030, 0.0121077856048942
1031, 0.0120010056222479
1032, 0.0129240504465997
1033, 0.0125855690178772
1034, 0.0114732102624008
1035, 0.0128603715760012
1036, 0.0116151051285366
1037, 0.0115364380180836
1038, 0.0125038313368956
1039, 0.0117251370102167
1040, 0.0122660100460052
1041, 0.0118701346218586
1042, 0.0120513717023035
1043, 0.0130086621269584
1044, 0.0112532363938434
1045, 0.0113014834932983
1046, 0.0113883831848701
1047, 0.0113604671011368
1048, 0.0123702382358412
1049, 0.0115223020936052
1050, 0.0119929749829074
1051, 0.0117189024264614
1052, 0.0112235463845233
1053, 0.0134801695123315
1054, 0.0127372659210648
1055, 0.0114403263044854
1056, 0.0115283968237539
1057, 0.0127089872424092
1058, 0.0123685781533519
1059, 0.0116577420073251
1060, 0.0120705732454856
1061, 0.0118356104940176
1062, 0.0114100601524115
1063, 0.0111751627177
1064, 0.0113073276976744
1065, 0.0131032362580299
1066, 0.0111271933031579
1067, 0.0147931454703212
1068, 0.00390183207734177
1069, 0.011962304978321
1070, 0.012159431197991
1071, 0.012405450300624
1072, 0.0127959339879453
1073, 0.0135707901790738
1074, 0.0152693948087593
1075, 0.0192200414215525
1076, 0.00895522498259587
1077, 0.00830470987906059
1078, 0.00826808375616868
1079, 0.0081723197363317
1080, 0.00797915024061998
1081, 0.00763340061530471
1082, 0.00706003575275342
1083, 0.0061629688522468
1084, 0.00483479684529205
1085, 0.0122330253943801
1086, 0.0114954731737574
1087, 0.0110037163831294
1088, 0.0105997522672017
1089, 0.0102242928308745
1090, 0.00984941438461343
1091, 0.00946342308695118
1092, 0.00907260707269112
1093, 0.00870402591923873
1094, 0.0111456010490656
1095, 0.0119708965842923
1096, 0.0123062110505998
1097, 0.0126963183283806
1098, 0.0131779576962193
1099, 0.0137742830750843
1100, 0.0144181516952813
1101, 0.0142694998842975
1102, 0.0128048425540328
1103, 0.0117567791603506
1104, 0.0122075485996902
1105, 0.0124544501304626
1106, 0.0133346702593068
1107, 0.00782451413882275
1108, 0.00842082306432227
1109, 0.00826185468273858
1110, 0.00804684846661985
1111, 0.00850485032424331
1112, 0.00853583853070935
1113, 0.0103753977455199
1114, 0.00994379057859381
1115, 0.0094782932040592
1116, 0.0116934023487071
1117, 0.011216365887473
1118, 0.0107949585653841
1119, 0.00900704273954034
1120, 0.0123006049543619
1121, 0.0132325701415539
1122, 0.0116682754208644
1123, 0.0109338345006108
1124, 0.0113889762821297
1125, 0.0123747987672687
1126, 0.0126604164640109
1127, 0.0129555355136593
1128, 0.0132783320732415
1129, 0.00712778703309596
1130, 0.0155685030234357
1131, 0.0145527876913548
1132, 0.0114165130736572
1133, 0.0132699699274131
1134, 0.0106388390330332
1135, 0.0114921297257145
1136, 0.0125138427441319
1137, 0.0128274383023381
1138, 0.0138339838013053
1139, 0.0132939231892427
1140, 0.0119893414278825
1141, 0.0090003216949602
1142, 0.00914200364301602
1143, 0.00928816230346759
1144, 0.00951558941354354
1145, 0.00994734310855468
1146, 0.00855181512555906
1147, 0.0123584809092184
1148, 0.011835530710717
1149, 0.0113926163564126
1150, 0.0109550951359173
1151, 0.0104890915875634
1152, 0.0100017484898369
1153, 0.00941436990563359
1154, 0.0121076651848853
1155, 0.0116109678832193
1156, 0.012811419953193
1157, 0.0127746090292931
1158, 0.0126070007681847
1159, 0.0118619472098847
1160, 0.0133494552224874
1161, 0.0143870591585125
1162, 0.0135777012578079
1163, 0.0131337108711402
1164, 0.0128042094099025
1165, 0.0117558399215341
1166, 0.0122695532627404
1167, 0.0096789738163352
1168, 0.0100290891714394
1169, 0.0110874807772537
1170, 0.0104476654281219
1171, 0.00845685619860887
1172, 0.00886107608675957
1173, 0.0128840308636427
1174, 0.0123518098456164
1175, 0.0110924223748346
1176, 0.0100371090695262
1177, 0.0119558637961745
1178, 0.0115380242156486
1179, 0.0105584752745926
1180, 0.0124245017456512
1181, 0.0120426172922764
1182, 0.0126454973593354
1183, 0.0126363194237153
1184, 0.0122255710884929
1185, 0.0120488535612822
1186, 0.0117864379659295
1187, 0.0135011502231161
1188, 0.0120258557920655
1189, 0.0131095030034582
1190, 0.0129318178320924
1191, 0.012547241213421
1192, 0.0105592809351427
1193, 0.0116179157048464
1194, 0.0109858654129008
1195, 0.0124170494132808
1196, 0.012593159917742
1197, 0.0120560203989347
1198, 0.0116834449581802
1199, 0.0112198114705582
1200, 0.0123347094282508
1201, 0.0124885460051397
1202, 0.0124582573771477
1203, 0.0123174736897151
1204, 0.0133718685247004
1205, 0.0127628195720414
1206, 0.0127428122796118
1207, 0.0118404378493627
1208, 0.0112926313653588
1209, 0.0122174237233897
1210, 0.0118804065776723
1211, 0.0125493094591158
1212, 0.0126131311990321
1213, 0.0125387231154101
1214, 0.0124019181355834
1215, 0.0131460873410106
1216, 0.0127420662902296
1217, 0.0125750393296281
1218, 0.0124725646649798
1219, 0.0123434498906136
1220, 0.0125651233164327
1221, 0.0126762731000781
