1, 0.0082273380830884
2, 0.0188770736567676
3, 0.00223182258196175
4, 0.0082345437258482
5, 0.00936655886471272
6, 0.0132361529394984
7, 0.00576254772022367
8, 0.00194439428742044
9, 0.0194033817388117
10, 0.00734114553779364
11, 0.00818667467683554
12, 0.0134180020540953
13, 0.00845237134490162
14, 0.00871255435049534
15, 0.00887075904756784
16, 0.00899735031028589
17, 0.00908852244416873
18, 0.00915071942533056
19, 0.00919357842455308
20, 0.00922635026896993
21, 0.00926071374366681
22, 0.00931390002369881
23, 0.00941520665461818
24, 0.00962262864535054
25, 0.0100637363890807
26, 0.0110639700045188
27, 0.0137354149483144
28, 0.016218149724106
29, 0.00900469704841574
30, 0.00404043627592425
31, 0.00216774832612524
32, 0.00348331561932961
33, 0.0046932848636061
34, 0.00558760102527837
35, 0.00622635381296277
36, 0.00669001524026195
37, 0.00703452240365247
38, 0.00729642016813159
39, 0.00749993960683544
40, 0.00766086943137149
41, 0.00778994119415681
42, 0.00789428595453501
43, 0.00797894255568584
44, 0.00804766934985916
45, 0.00810313643887639
46, 0.00814713848133882
47, 0.00818142869199316
48, 0.00820669236903389
49, 0.00822420402740439
50, 0.00823428761214018
51, 0.00825273431837559
52, 0.00828964977214734
53, 0.00833653658628464
54, 0.00839083641767502
55, 0.00845157603422801
56, 0.00851798088600238
57, 0.00858838173250357
58, 0.00866086408495903
59, 0.00873385711262623
60, 0.00880617306878169
61, 0.00887698649118344
62, 0.00894578980902831
63, 0.00901236198842525
64, 0.00907678871105115
65, 0.00913951390733322
66, 0.00920018119116624
67, 0.00925575817624728
68, 0.00932149984873831
69, 0.00935310591012239
70, 0.00935591043283542
71, 0.00936058691392342
72, 0.00936514977365732
73, 0.00936920537302891
74, 0.00937225141872962
75, 0.0093732892225186
76, 0.00937071318427722
77, 0.00936291180551052
78, 0.00934797991067171
79, 0.00932405951122443
80, 0.00928934135784706
81, 0.00924228255947431
82, 0.00918189094712337
83, 0.00910784925023715
84, 0.00902081746608019
85, 0.00892253499478102
86, 0.00881586223840714
87, 0.00870489546408256
88, 0.00859521826108297
89, 0.00849411201973756
90, 0.00840602535754442
91, 0.00834038977821668
92, 0.00828005156169335
93, 0.00827956385910511
94, 0.00831131761272748
95, 0.00837420641134183
96, 0.00847195802877347
97, 0.00861320706705252
98, 0.00881888903677464
99, 0.00913497277845939
100, 0.00965289895733198
101, 0.0106700075169404
102, 0.0114914712030441
103, 0.0112307230010629
104, 0.00928166508674622
105, 0.00867917792250713
106, 0.0083914694065849
107, 0.00823790983607372
108, 0.00814322164903084
109, 0.00807446582863728
110, 0.00801007015009721
111, 0.00793330992261569
112, 0.00782991666346788
113, 0.00768785985807578
114, 0.00749707967042923
115, 0.00725352733085553
116, 0.00696322415024042
117, 0.00664485851302743
118, 0.0063192752810816
119, 0.00601845358808835
120, 0.00582260948916276
121, 0.00574195792432874
122, 0.00562161952257156
123, 0.00548052523906032
124, 0.00523165295210977
125, 0.00479784941611191
126, 0.00409861941200991
127, 0.00306982981661956
128, 0.00189082050928846
129, 0.00362413167022169
130, 0.00855901340643565
131, 0.0159208582093318
132, 0.0140731274150312
133, 0.0112580203761657
134, 0.0100615980724494
135, 0.0094022243283689
136, 0.00882973956565062
137, 0.00799928745254874
138, 0.00781633565202355
139, 0.00801018082226316
140, 0.00855079603691896
141, 0.00905222973475854
142, 0.00944397629549106
143, 0.00968449407567581
144, 0.00977117847651243
145, 0.00973334163427353
146, 0.00961181800812483
147, 0.00944546051323414
148, 0.00926309855033954
149, 0.00908329089482625
150, 0.00891699859251579
151, 0.00876925916721424
152, 0.00864164158701897
153, 0.00853394779066245
154, 0.00844471591214339
155, 0.0083719560255607
156, 0.008313680998981
157, 0.008268509991467
158, 0.0082349901398023
159, 0.00821072856585185
160, 0.00820559030398726
161, 0.00821321364492178
162, 0.00824306470652421
163, 0.00825362869848808
164, 0.00825292306641738
165, 0.00824610205988089
166, 0.0082368083919088
167, 0.0082280853142341
168, 0.00822351407259703
169, 0.0082278453434507
170, 0.00409693682255844
171, 0.00915598263964057
172, 0.0166556593030691
173, 0.0161159991597136
174, 0.008634136368831
175, 0.00368072872515768
176, 0.0058560986071825
177, 0.00610742159187794
178, 0.00647811933110158
179, 0.00691062211990356
180, 0.00739434082061052
181, 0.00793872804691394
182, 0.00859639917810758
183, 0.00951462984085083
184, 0.0115339222053687
185, 0.011933968635276
186, 0.0114412624388933
187, 0.0107257682830095
188, 0.0104205723231037
189, 0.0102188671007752
190, 0.00999049562960863
191, 0.0096656276534001
192, 0.00922199090321859
193, 0.00868746172636747
194, 0.0081092375330627
195, 0.007868692278862
196, 0.00690716079303196
197, 0.00307053888294225
198, 0.00927247805520892
199, 0.0093296628134946
200, 0.00942105116943518
201, 0.00958647749697169
202, 0.00990522171681126
203, 0.0105533075208465
204, 0.0115096867749734
205, 0.0119337386762102
206, 0.0150189829679827
207, 0.00764137335742513
208, 0.00747550162486732
209, 0.00726604741066694
210, 0.00699735642410815
211, 0.00664681910226742
212, 0.00618263784175118
213, 0.00555966522855063
214, 0.00472469790838659
215, 0.00367267092224211
216, 0.00923171360045671
217, 0.00917108496651053
218, 0.00910930382087827
219, 0.00904581074913343
220, 0.008980435008804
221, 0.00891279693072041
222, 0.00884293345734477
223, 0.00877118622884154
224, 0.00869820406660438
225, 0.00862497479344408
226, 0.00855286543567975
227, 0.0084836226888001
228, 0.00841927621513605
229, 0.00836127794658144
230, 0.00830954033881426
231, 0.00826851775248845
232, 0.00850371783599257
233, 0.00856912477562825
234, 0.00864093486840526
235, 0.0087272545012335
236, 0.00881896090383331
237, 0.00891026590640346
238, 0.00899669481441379
239, 0.00907513871788979
240, 0.00914348770553867
241, 0.00920063241695364
242, 0.00924639419342081
243, 0.00928129690388838
244, 0.009306401014328
245, 0.00932311685755849
246, 0.00933296668032805
247, 0.00933755779018005
248, 0.00933831324800849
249, 0.00933652697131038
250, 0.0093333488330245
251, 0.00932933886845907
252, 0.00932405749335885
253, 0.00932130869477987
254, 0.00928827902923028
255, 0.00928140276422103
256, 0.00928911628822486
257, 0.00874493007237712
258, 0.00880389971037706
259, 0.00887139529610674
260, 0.00921179819852114
261, 0.00894108150775234
262, 0.00900880200788379
263, 0.00907150950903694
264, 0.00912696014468869
265, 0.00917387086277207
266, 0.00924098460624615
267, 0.00926219423611959
268, 0.00927648087963462
269, 0.00928503399093946
270, 0.00928511858607332
271, 0.0092899021692574
272, 0.00927679846063256
273, 0.00777456955984235
274, 0.00797063453743855
275, 0.00738029360460738
276, 0.00788259770100315
277, 0.00769602647051215
278, 0.00692221700834731
279, 0.00755322421900928
280, 0.00717159430496395
281, 0.0066310054777811
282, 0.00632371505101522
283, 0.00608276288645963
284, 0.00804249724994103
285, 0.00814988184720278
286, 0.00821529887616634
287, 0.00824579335749149
288, 0.00844836452354988
289, 0.00858966602633397
290, 0.00873767382775744
291, 0.00888158908734719
292, 0.00901633640751243
293, 0.00920232307786743
294, 0.00833009431759516
295, 0.00838540944581231
296, 0.00851724467550715
297, 0.0086636560348173
298, 0.0092797240242362
299, 0.00895022849241892
300, 0.0088105850542585
301, 0.00908002971361081
302, 0.00914277198414008
303, 0.00964363912741343
304, 0.00948059807221095
305, 0.00912164120624463
306, 0.00922739459201694
307, 0.0103858555667102
308, 0.0111767534787456
309, 0.0099173936372002
310, 0.0087903638680776
311, 0.00893462852885326
312, 0.00904256586606304
313, 0.00918042846024036
314, 0.00937667908146977
315, 0.00871535736535277
316, 0.00926732883921691
317, 0.00827596482953855
318, 0.00883756093680859
319, 0.00924911194791397
320, 0.00917284206176797
321, 0.00924852956086397
322, 0.00924450034896533
323, 0.00920103459308545
324, 0.00913697729508082
325, 0.00923593745877345
326, 0.00922180417304238
327, 0.00924728702132901
328, 0.00909387180581689
329, 0.00924383119369547
330, 0.00904482323676348
331, 0.00923121627420187
332, 0.00923923806597789
333, 0.00923428622384866
334, 0.0089921778999269
335, 0.00893808233862122
336, 0.00888558073590199
337, 0.00923265870660544
338, 0.00791263440623879
339, 0.00810148489351074
340, 0.00818598146239916
341, 0.00823571439832449
342, 0.00799458085869749
343, 0.00806285642708341
344, 0.0078397827843825
345, 0.00775282566125194
346, 0.00766472588293254
347, 0.00758749083615839
348, 0.00786387136516472
349, 0.00759857411806782
350, 0.00754581818667551
351, 0.00781429442577064
352, 0.0091790057984846
353, 0.00911264835546414
354, 0.00885224978749951
355, 0.00905263377353549
356, 0.00877975284432372
357, 0.00862947897985578
358, 0.00870518184577425
359, 0.00855384472136696
360, 0.0089220196629564
361, 0.00898881939550241
362, 0.00848005975907048
363, 0.0084099715265135
364, 0.00834574674566587
365, 0.00554655943997204
366, 0.00930233548084895
367, 0.00888364777589838
368, 0.00900254289930066
369, 0.00909822915370266
370, 0.00917406752705574
371, 0.00953825563192368
372, 0.00970574840903282
373, 0.0099552096799016
374, 0.0103336339816451
375, 0.0108591238968074
376, 0.00923903395111362
377, 0.00829941891133785
378, 0.0122020142152905
379, 0.0114702431485057
380, 0.00837853005422013
381, 0.00896667037159204
382, 0.00829584218029465
383, 0.00905637536197901
384, 0.00909748378520211
385, 0.00900851283222437
386, 0.00919658923521638
387, 0.00913592909152309
388, 0.00920422111327449
389, 0.00921167510872086
390, 0.0091683555704852
391, 0.00921856146305799
392, 0.00918831769376993
393, 0.00919358478859067
394, 0.00922706288595994
395, 0.00922726327553391
396, 0.00922407784188787
397, 0.00922219331065814
398, 0.00921138174210986
399, 0.00809980587412914
400, 0.0081950641858081
401, 0.00823308465381463
402, 0.00799304417644938
403, 0.00805711187422276
404, 0.00807289259197811
405, 0.00806882667044798
406, 0.00811324749762813
407, 0.00820624052236477
408, 0.00816874578595161
409, 0.0088173794404914
410, 0.00792046605298916
411, 0.00825860366846124
412, 0.00812000532944997
413, 0.00840658073623975
414, 0.00889622777079543
415, 0.0089641575080653
416, 0.00867310228447119
417, 0.00913924407213926
418, 0.00843896126995484
419, 0.00882478027294079
420, 0.00859465356916189
421, 0.00875012281661232
422, 0.00851595168933272
423, 0.00836614643534025
424, 0.00909026386216283
425, 0.00902861791352431
426, 0.0106165848361949
427, 0.0102437852571408
428, 0.00972958095371723
429, 0.00995157767708103
430, 0.00942039815708995
431, 0.00908081730206808
432, 0.00916788509736458
433, 0.00924882634232442
434, 0.00932927972947558
435, 0.00864060055464506
436, 0.00831257039681077
437, 0.00861675416429838
438, 0.00913165004125663
439, 0.00916104173908631
440, 0.00915844536696871
441, 0.00914665606493751
442, 0.00919199051956336
443, 0.00917060005789002
444, 0.00918391377975543
445, 0.00922409445047379
446, 0.00923415739089251
447, 0.00921150529757142
448, 0.00921625519792239
449, 0.00923222349956632
450, 0.00924003745118777
451, 0.009197813924402
452, 0.00923991637925307
453, 0.00887063487122456
454, 0.00846427539363503
455, 0.00918344625582298
456, 0.0105244787409902
457, 0.0083759743720293
458, 0.00812676269561052
459, 0.00820672030871113
460, 0.00819610416268309
461, 0.00816138864805301
462, 0.00824939126947096
463, 0.0082578107714653
464, 0.00809539202600718
465, 0.00816246432562669
466, 0.0092731099575758
467, 0.00894237604613105
468, 0.00887296907603741
469, 0.00872120137015978
470, 0.00879901554435492
471, 0.00913107541522809
472, 0.0090079652145505
473, 0.00847365334630013
474, 0.00864056947951516
475, 0.00839092815294862
476, 0.00855773407965899
477, 0.0090675363317132
478, 0.0101287298214932
479, 0.0103761671731869
480, 0.00989777532716592
481, 0.0095677082426846
482, 0.009155524118493
483, 0.00924992095679045
484, 0.00934266190355023
485, 0.00944419313843052
486, 0.010945758006225
487, 0.0114674259287616
488, 0.0107907533113446
489, 0.00912734214216471
490, 0.00888129199544589
491, 0.00922003444284201
492, 0.00925486457223693
493, 0.0091104106977582
494, 0.0091246236115694
495, 0.00927584789072474
496, 0.00925553155442079
497, 0.00914278455699483
498, 0.00920984086891015
499, 0.00918597572793563
500, 0.0092732187670966
501, 0.00916344486176968
502, 0.0092336245191594
503, 0.00928519510974487
504, 0.00928389544909199
505, 0.00947983811299006
506, 0.00871249676371614
507, 0.00830884867658218
508, 0.00826147633294264
509, 0.00830533914268017
510, 0.00831278692930937
511, 0.00827965382486582
512, 0.00822947779670358
513, 0.00832922756671906
514, 0.00907086152583361
515, 0.0101493795712789
516, 0.00998034840449691
517, 0.00892337302987774
518, 0.00885202176868916
519, 0.00898741759980718
520, 0.00877450437595447
521, 0.00869226362556219
522, 0.00905494870884078
523, 0.00842464404801528
524, 0.00910297874361277
525, 0.00851735255370537
526, 0.008606331422925
527, 0.00985681234548489
528, 0.00971323391422629
529, 0.0104926462684359
530, 0.00924020974586407
531, 0.00933921352649728
532, 0.00944617949426174
533, 0.00956644024699926
534, 0.00931835759963308
535, 0.00833669056495031
536, 0.00925738721465071
537, 0.00958931787560383
538, 0.00955374135325352
539, 0.00903819315135479
540, 0.00934252282604575
541, 0.0090933662528793
542, 0.00925427038843433
543, 0.00911927440514167
544, 0.00921764597296715
545, 0.00928945078824957
546, 0.00993516218538086
547, 0.00918190600350499
548, 0.00914860361566146
549, 0.00931971271832784
550, 0.00934924526760975
551, 0.00934099545702338
552, 0.00852627586573362
553, 0.00848068607350191
554, 0.0083423360871772
555, 0.00845621526241302
556, 0.00836345234087535
557, 0.00859969419737657
558, 0.00832576335718234
559, 0.00996910299484929
560, 0.00890896376222372
561, 0.00897625849271814
562, 0.00883424142375588
563, 0.00902555659413338
564, 0.0087509712514778
565, 0.00866069085896015
566, 0.00856854006027182
567, 0.00847393134608865
568, 0.0098173290801545
569, 0.0102424655109644
570, 0.00991337812904801
571, 0.00943046901375055
572, 0.00953713168079654
573, 0.00931307068094611
574, 0.00923310220241547
575, 0.00906531481693188
576, 0.00928430150573452
577, 0.00909776442373792
578, 0.0091840666718781
579, 0.00941929003844658
580, 0.00913879570240776
581, 0.00933409389108419
582, 0.00940975205351909
583, 0.00937780893097321
584, 0.00875873242815336
585, 0.00887627992779016
586, 0.00867457206671437
587, 0.00861631846055388
588, 0.00844608588765065
589, 0.00844745601837834
590, 0.00844736148913701
591, 0.00983825279399753
592, 0.00896618918826183
593, 0.00889942375943065
594, 0.00903180095234088
595, 0.0088198504721125
596, 0.00872246020783981
597, 0.00861633662134409
598, 0.00852733291685581
599, 0.00966919337709745
600, 0.00954296486452222
601, 0.010532395914197
602, 0.00951364651943246
603, 0.00898233257854978
604, 0.00925423763692379
605, 0.00918953726068139
606, 0.00903608587880929
607, 0.00932193454355001
608, 0.00913076397652427
609, 0.00907771351436774
610, 0.00948792680477103
611, 0.00938871223479509
612, 0.00944859177495042
613, 0.00912808999419212
614, 0.00907303299754858
615, 0.00886955019086599
616, 0.00977359246462584
617, 0.0087835897381107
618, 0.0085660972011586
619, 0.0085813559902211
620, 0.00940303076058626
621, 0.00973450472312314
622, 0.00901545435190201
623, 0.00972148807098468
624, 0.00896875405063232
625, 0.0088986378783981
626, 0.00880541652441025
627, 0.00867791753262281
628, 0.009614790789783
629, 0.00949684676847288
630, 0.00917480684195956
631, 0.00919608461360137
632, 0.00927836742872993
633, 0.00912082723031441
634, 0.00898995822561639
635, 0.00936568528413773
636, 0.00905385473743081
637, 0.00945497661208113
638, 0.00954242742487363
639, 0.00904758119334777
640, 0.00932894212504228
641, 0.00894379941746593
642, 0.0097090705918769
643, 0.00868866235638658
644, 0.0087202995394667
645, 0.00963244338830312
646, 0.0085456813685596
647, 0.00889367330819368
648, 0.00879446991408865
649, 0.00955932959914207
650, 0.00931814561287562
651, 0.00962073840200901
652, 0.00919409329071641
653, 0.00919978708649675
654, 0.00910858080411951
655, 0.00945837081720432
656, 0.00930095324292779
657, 0.00902955032264193
658, 0.00941117495919267
659, 0.00908572211240729
660, 0.00879162419587374
661, 0.00960830956076582
662, 0.00886047817766666
663, 0.00890525204262563
664, 0.00899255058417718
665, 0.00897703431546688
666, 0.00952295974517862
667, 0.0148655879311264
668, 0.00937153616299232
669, 0.0109835714101791
670, 0.00595634535420686
671, 0.00914208466808001
672, 0.00918981805443764
673, 0.00922263832762837
674, 0.00925216032192111
675, 0.00929394162570437
676, 0.00952607253566384
677, 0.00983896137525638
678, 0.0104685186718901
679, 0.011826122024407
680, 0.00894770460824172
681, 0.00876200168083111
682, 0.00862892204895616
683, 0.00853707920759916
684, 0.00848444613317649
685, 0.00845316393921773
686, 0.00587918927582602
687, 0.00617601986353596
688, 0.00654084049165249
689, 0.00690120241294305
690, 0.00723782662923137
691, 0.00752413272857666
692, 0.00774898325713972
693, 0.00791500268193583
694, 0.00803392411520084
695, 0.00811885436996818
696, 0.00818462607761224
697, 0.00824935361742973
698, 0.00833287524680297
699, 0.00846261406938235
700, 0.00868404066811005
701, 0.00912005811308821
702, 0.00999518934016426
703, 0.00525673905697962
704, 0.00483822915703058
705, 0.00421790650580078
706, 0.0033764667265738
707, 0.0027717819029931
708, 0.00920619784543912
709, 0.00882958822573225
710, 0.00955523876473308
711, 0.00909914976606766
712, 0.00894643552601337
713, 0.00874676384652654
714, 0.010007252295812
715, 0.0105975592508912
716, 0.0079404623247683
717, 0.00827206112444401
718, 0.00886518073578676
719, 0.00842968902240197
720, 0.00730730096499125
721, 0.00856543146073818
722, 0.00645077880471945
723, 0.00688660711360474
724, 0.00917788765703638
725, 0.00836436698834101
726, 0.00766442405680815
727, 0.00848934783910712
728, 0.00813659311582645
729, 0.00867902518560489
730, 0.00551808167559405
731, 0.00564683997072279
732, 0.00571031806369623
733, 0.00573398409566532
734, 0.0058031379400442
735, 0.0090691700267295
736, 0.00952680905659994
737, 0.00880292508130272
738, 0.00896021413306395
739, 0.00927477655932307
740, 0.00931749073788524
741, 0.0102269458584487
742, 0.0109534704436859
743, 0.0086352014914155
744, 0.00977738853543997
745, 0.00939100810016195
746, 0.00924207953115304
747, 0.00920384967078765
748, 0.00871634922389473
749, 0.00597534248871463
750, 0.00981692038476467
751, 0.0088855879381299
752, 0.0095070181414485
753, 0.00975022899607817
754, 0.00917888401697079
755, 0.00906336912885308
756, 0.00896703048298756
757, 0.00929107905055086
758, 0.00594764676255484
759, 0.00733835785649717
760, 0.0086570520264407
761, 0.00859538512304425
762, 0.00849877872193853
763, 0.00886587922771772
764, 0.0087082851678133
765, 0.00900924454132716
766, 0.00877206198250254
767, 0.00834915010879437
768, 0.00924491789191961
769, 0.00778029401165744
770, 0.00811958165528874
771, 0.00679708831012249
772, 0.00745051051490009
773, 0.00689847697503865
774, 0.00590923110333582
775, 0.00632238583639264
776, 0.00914709937448303
777, 0.00892872782424092
778, 0.00954447376231352
779, 0.00934921080867449
780, 0.00942126211399833
781, 0.00930489723881086
782, 0.00926907127723098
783, 0.00975354046871265
784, 0.0100982383204003
785, 0.0106267362522582
786, 0.0090585551224649
787, 0.00953189879655838
788, 0.00519363572821021
789, 0.0119213075377047
790, 0.00855619070352986
791, 0.0109629216603935
792, 0.00657777601320829
793, 0.00905382167547941
794, 0.00948765887213605
795, 0.00943919457495213
796, 0.00923089263960719
797, 0.00913649269690116
798, 0.00930559060846766
799, 0.00857625358427564
800, 0.00873174487302701
801, 0.00901701130593816
802, 0.00881949470688899
803, 0.00886594504117966
804, 0.00912316174556812
805, 0.0089499003564318
806, 0.0089010188045601
807, 0.00927292741835117
808, 0.00831366547693809
809, 0.00789084013861915
810, 0.00732771982438862
811, 0.00815082527697086
812, 0.00994788249954581
813, 0.00970056792721152
814, 0.0102948336862028
815, 0.00922477695470055
816, 0.00665986988072594
817, 0.00943142843122284
818, 0.00953651157518228
819, 0.00936801809196671
820, 0.00932815189783772
821, 0.00916022372742494
822, 0.00570765789598227
823, 0.00937485120569666
824, 0.00926465261727571
825, 0.00931278523057699
826, 0.00899150750289361
827, 0.00975267278651396
828, 0.00884256217007836
829, 0.00905398636435469
830, 0.00993396155536175
831, 0.00906296152000626
832, 0.00920245128994187
833, 0.00914022543778022
834, 0.00906520911181966
835, 0.00931325182318687
836, 0.00909685234849652
837, 0.0095999453527232
838, 0.00854545086622238
839, 0.00798796350136399
840, 0.00929243645320336
841, 0.00948618274802963
842, 0.00941131201883157
843, 0.0093676638789475
844, 0.00924545557548602
845, 0.00759551635322471
846, 0.0105987302958965
847, 0.00913467382391294
848, 0.00918656103312969
849, 0.00934990697229902
850, 0.00959017050142089
851, 0.00940972659736872
852, 0.00952971571435531
853, 0.00927585704873005
854, 0.00931325694546103
855, 0.00929817138239741
856, 0.00927735239799534
857, 0.00919672213494778
858, 0.00923496391624212
859, 0.00926827096069852
860, 0.00930657684803009
861, 0.00921677596246203
862, 0.00916716006274025
863, 0.00945720076560974
864, 0.00933843245729804
865, 0.00940216068799297
866, 0.00936896167695522
867, 0.00887180988987287
868, 0.0100774190699061
869, 0.00928216254604714
870, 0.0093083040167888
871, 0.010185694694519
872, 0.0100759446620941
873, 0.00931035727262497
874, 0.00931434954206149
875, 0.00933154326464449
876, 0.00957094722737869
877, 0.00932517237961292
878, 0.00933720807855328
879, 0.00934870696316163
880, 0.0111829221248627
881, 0.00842582508921623
882, 0.00931637858351072
883, 0.00721108010038733
884, 0.011901810166559
885, 0.00815727546190222
886, 0.00891670289759835
887, 0.00706088346695261
888, 0.00855472777038813
889, 0.00916165625676513
890, 0.00974710735802849
891, 0.010581760512044
892, 0.0121444362836579
893, 0.00826743229602774
894, 0.00830281029144923
895, 0.00820627047990759
896, 0.00821829419583082
897, 0.00818635802716017
898, 0.00834872589136163
899, 0.00840643187984824
900, 0.00807120868315299
901, 0.00866463128477335
902, 0.00784482543046276
903, 0.0090642833771805
904, 0.00742319769536455
905, 0.00950832292437553
906, 0.00962189460794131
907, 0.00953894481062889
908, 0.00933630221212904
909, 0.00902797281742096
910, 0.00864956807345152
911, 0.00824091924975316
912, 0.00825024365137021
913, 0.00825535319745541
914, 0.00825217645615339
915, 0.00823574637373289
916, 0.00811929674819112
917, 0.00847736358021696
918, 0.00856302492320538
919, 0.00801093596965075
920, 0.00793638856460651
921, 0.00878269597887993
922, 0.0077324602752924
923, 0.0075942794016252
924, 0.00921967796360453
925, 0.00937314098700881
926, 0.00720879319123924
927, 0.00693585979752243
928, 0.0096015096642077
929, 0.00658205927660068
930, 0.00611558308204015
931, 0.00549531021776299
932, 0.00467653254357477
933, 0.00364991851771871
934, 0.00308178386573369
935, 0.00823092879727483
936, 0.00822104110072056
937, 0.0082229794934392
938, 0.00824529196446141
939, 0.00825570772091548
940, 0.0082599197824796
941, 0.0154496588123341
942, 0.0102842294921478
943, 0.00962653243914247
944, 0.0112763309540848
945, 0.00824263381461302
946, 0.00829441177969178
947, 0.00909223686903715
948, 0.00847669861589869
949, 0.00948940279583136
950, 0.00956785430510839
951, 0.0094808922149241
952, 0.00832639588043094
953, 0.00836660200729966
954, 0.00883837603032589
955, 0.00957041264822086
956, 0.0092661011343201
957, 0.00822502560913563
958, 0.0084163563636442
959, 0.00854839694996675
960, 0.00863221862042944
961, 0.00872880453243852
962, 0.0089601770353814
963, 0.00923098747928937
964, 0.00936822670822342
965, 0.00726320734247565
966, 0.00783438297609488
967, 0.0065067393394808
968, 0.00821296511484044
969, 0.00819780180851618
970, 0.00810653918112318
971, 0.00744533430164059
972, 0.00817548204213381
973, 0.0081451260484755
974, 0.00805787664527694
975, 0.00792367151007056
976, 0.00799747308095296
977, 0.00759846181608737
978, 0.00772694374124209
979, 0.00704742471377055
980, 0.00679451886874934
981, 0.00622380408458412
982, 0.00605305299783746
983, 0.0082529800544892
984, 0.0090041398735983
985, 0.0125798663124442
986, 0.00826827250421047
987, 0.00822166694949071
988, 0.0082652714724342
989, 0.00825252787520488
990, 0.0108460156867901
991, 0.0101064063298206
992, 0.00823281441504757
993, 0.00826939319570859
994, 0.00883062385643522
995, 0.00855693935106198
996, 0.00896153350671132
997, 0.00872260238975286
998, 0.0086323912255466
999, 0.00849332707002759
1000, 0.00843955622985959
1001, 0.00839423186456164
1002, 0.00835631182417274
1003, 0.00832578834767143
1004, 0.00911968077222506
1005, 0.00970045446107785
1006, 0.00830104481428862
1007, 0.00951280724257231
1008, 0.00983242302512129
1009, 0.0093067289950947
1010, 0.00984555442950555
1011, 0.00758904529114564
1012, 0.00769068704297145
1013, 0.00787301377082864
1014, 0.00778656802140176
1015, 0.00748904996241132
1016, 0.00811157903323571
1017, 0.00794851221144199
1018, 0.00801309601714214
1019, 0.00806717310721675
1020, 0.00814731558784842
1021, 0.00740635519226392
1022, 0.00817586202174425
1023, 0.00737169058993459
1024, 0.0081984724051186
1025, 0.00778352205331127
1026, 0.00744874333031476
1027, 0.00820888094604015
1028, 0.0055865615606308
1029, 0.00827629221603274
1030, 0.00845304716910635
1031, 0.00828036147036723
1032, 0.0082649840041995
1033, 0.0104931136593223
1034, 0.008236031824102
1035, 0.0114933040791324
1036, 0.00881764168540637
1037, 0.00901722970108191
1038, 0.00857117570315798
1039, 0.00849686299140255
1040, 0.00844215430940191
1041, 0.00834139545137683
1042, 0.00867354512835542
1043, 0.00840052822604775
1044, 0.00836772502710422
1045, 0.00831949741890033
1046, 0.00928583741188049
1047, 0.00830192615588506
1048, 0.00961057841777802
1049, 0.00828932567189137
1050, 0.00956378094851971
1051, 0.00995014452685913
1052, 0.00797084765508771
1053, 0.00820457586087286
1054, 0.00821941470106443
1055, 0.0078745634915928
1056, 0.00813670270144939
1057, 0.00816469065224131
1058, 0.00787616070980827
1059, 0.00791770848445594
1060, 0.00796677886197964
1061, 0.00810258059451977
1062, 0.00785485515370965
1063, 0.00801623441899816
1064, 0.00806211385255059
1065, 0.00867133145220578
1066, 0.00820042882114649
1067, 0.00818746335183581
1068, 0.00822100865965088
1069, 0.00824407286321123
1070, 0.00828094035387039
1071, 0.0106821486726403
1072, 0.00887253833934665
1073, 0.00861642711485426
1074, 0.00863098694632451
1075, 0.00847599391515056
1076, 0.00838105008006096
1077, 0.00832548566783468
1078, 0.00829404297595223
1079, 0.00827733923991521
1080, 0.00826828026523193
1081, 0.00826353191708525
1082, 0.00826073468973239
1083, 0.00825872893134753
1084, 0.00901969537759821
1085, 0.00922986399382353
1086, 0.00825812201946974
1087, 0.00836249083901445
1088, 0.00821908252934615
1089, 0.00814695997784535
1090, 0.00811900990083814
1091, 0.00812016846612096
1092, 0.00816860375925899
1093, 0.00813143809015552
1094, 0.00814948572466771
1095, 0.00818650020907323
1096, 0.00971945576990644
1097, 0.00820179920022686
1098, 0.00821473977218072
1099, 0.00822626639689718
1100, 0.00946074475844701
1101, 0.00826181285083294
1102, 0.0108037367463112
1103, 0.0103258308954537
1104, 0.00955777280032635
1105, 0.0109927276149392
1106, 0.0101636070758104
1107, 0.00982749865700801
1108, 0.00923114207883676
1109, 0.00594828489314144
1110, 0.00269309715561879
1111, 0.00861427513882518
1112, 0.010651142646869
1113, 0.0111879004980437
1114, 0.0121638248674572
1115, 0.0151549043754737
1116, 0.00483991236736377
1117, 0.0041599275621896
1118, 0.00325351949625959
1119, 0.0103844637051225
1120, 0.00925422289098302
1121, 0.00844578615700205
1122, 0.00781242712400854
1123, 0.00725299585610628
1124, 0.00675014119284848
1125, 0.00629600502240161
1126, 0.00594350152338545
1127, 0.00879164521271984
1128, 0.00920656385521094
1129, 0.0095812170766294
1130, 0.00987421550477544
1131, 0.0100914415282508
1132, 0.0102764970312516
1133, 0.0104829915799201
1134, 0.010770018833379
1135, 0.0071707572011898
1136, 0.00845163331056635
1137, 0.00918629936253031
1138, 0.00778826341653864
1139, 0.00661579573837419
1140, 0.0104313326689104
1141, 0.0113331948717435
1142, 0.00976657401770353
1143, 0.00989488357057174
1144, 0.00943483893449108
1145, 0.0101588329610725
1146, 0.00837202714756131
1147, 0.0097082134646674
1148, 0.0100847564948102
1149, 0.0100049848357836
1150, 0.0102758704063793
1151, 0.00528783933259547
1152, 0.00569008484793206
1153, 0.00555910891853273
1154, 0.00574711235240102
1155, 0.00568564189597964
1156, 0.00560108094941825
1157, 0.00606222390862448
1158, 0.0102186892181635
1159, 0.00912698052291359
1160, 0.0111954553052783
1161, 0.00645395461469889
1162, 0.00839820659408967
1163, 0.00912537596498927
1164, 0.00770149550711115
1165, 0.00700580840930343
1166, 0.00971901770681143
1167, 0.010291124161865
1168, 0.0109910890460014
1169, 0.0100693927767376
1170, 0.00994408596307039
1171, 0.00971132769648518
1172, 0.0100304355534414
1173, 0.00986248223731915
1174, 0.00996543575699131
1175, 0.00598254691188534
1176, 0.00603074432971577
1177, 0.00740369238580267
1178, 0.00586659274995327
1179, 0.00503261089324951
1180, 0.00671847124717065
1181, 0.00848508847411722
1182, 0.00830760365352035
1183, 0.00756252075855931
1184, 0.009009490100046
1185, 0.00975490882992744
1186, 0.00988803307215373
1187, 0.00948068518191576
1188, 0.0096298490340511
1189, 0.0101696513593197
1190, 0.0103659564629197
1191, 0.00679029058665037
1192, 0.0115929160577556
1193, 0.00701039773412049
1194, 0.00812107635041078
1195, 0.00939786216864983
1196, 0.00984361177931229
1197, 0.00793413185913648
1198, 0.0104222228484494
1199, 0.00834306810672084
1200, 0.00739906867966056
1201, 0.0109829823486507
1202, 0.0090065977669188
1203, 0.00901557443042596
1204, 0.00962770854433378
1205, 0.00892394110560417
1206, 0.0108644999563694
1207, 0.01246835924685
1208, 0.00875442121177912
1209, 0.0106949187815189
1210, 0.0102340119580428
