1, 0.0101668136194348
2, 0.0305492938496172
3, 0.00251160789048299
4, 0.00712512619793415
5, 0.0159007534384727
6, 0.0171287693083286
7, 0.00865002069622278
8, 0.00270072487182915
9, 0.0293419281952083
10, 0.0117814717814326
11, 0.0145008787512779
12, 0.0191189460456371
13, 0.0110603153173413
14, 0.0120869937042395
15, 0.0127122667618096
16, 0.0132814374131461
17, 0.0139764238459369
18, 0.0150964106433094
19, 0.0174304243798057
20, 0.0223271660506725
21, 0.0271436640371879
22, 0.0183282286549608
23, 0.0104449211309354
24, 0.00498471261623005
25, 0.00309115046790491
26, 0.00167010222018386
27, 0.00277467991691083
28, 0.00408884580247104
29, 0.00516804338743289
30, 0.00598318215149144
31, 0.00655994610860944
32, 0.00693883180307845
33, 0.00715333875268698
34, 0.00726867048069835
35, 0.00771445113544663
36, 0.00842436154683431
37, 0.00925837115695079
38, 0.0101420494417349
39, 0.0110214219118158
40, 0.0118508823215961
41, 0.0126093008245031
42, 0.0133012495934963
43, 0.0139571723217765
44, 0.014630405853192
45, 0.0153939534599582
46, 0.0156114585697651
47, 0.0156849877287944
48, 0.0155707107235988
49, 0.015399856492877
50, 0.0151292691007257
51, 0.0147243849933147
52, 0.0141781158745289
53, 0.0135009434695045
54, 0.012732842626671
55, 0.0119379280755917
56, 0.0111824392030636
57, 0.0108755347318947
58, 0.0104813799262047
59, 0.0107174680257837
60, 0.0111870989203453
61, 0.0117436246946454
62, 0.0123072623585661
63, 0.0127987048278252
64, 0.0131697844093045
65, 0.0134014130259554
66, 0.0135015696287155
67, 0.0134950007001559
68, 0.0134127869581183
69, 0.0132889375090599
70, 0.0131575784956416
71, 0.0130544056495031
72, 0.0130204651504755
73, 0.0131182627131542
74, 0.0134703740477562
75, 0.0144447240357598
76, 0.0152009215671569
77, 0.0147872945914666
78, 0.0124210212379694
79, 0.0114981286848585
80, 0.0109081485619148
81, 0.0104604416216413
82, 0.0100818673769633
83, 0.00974924024194479
84, 0.00945383248229822
85, 0.00919405246774356
86, 0.00897547602653503
87, 0.00880480371415615
88, 0.00869319836298625
89, 0.00866553080933435
90, 0.00867875153198838
91, 0.00869599124416709
92, 0.00869320969407757
93, 0.00865406170487404
94, 0.00856180815026164
95, 0.00839791679754853
96, 0.00814239587634802
97, 0.00777001989384492
98, 0.00724787979076306
99, 0.00653451650092999
100, 0.00558817479759455
101, 0.00438059416289131
102, 0.00296444601068894
103, 0.00176382202577467
104, 0.00343954625229041
105, 0.00586446467787027
106, 0.0114161021386584
107, 0.0193545905252298
108, 0.028177331512173
109, 0.0216148983066281
110, 0.0172003461048007
111, 0.0151120540685952
112, 0.0141329108737409
113, 0.0136347215933104
114, 0.0133639791359504
115, 0.0132047431543469
116, 0.0130989185223977
117, 0.0130128219413261
118, 0.0129236717087527
119, 0.0128122873914739
120, 0.0126628587022424
121, 0.0124671463854611
122, 0.0121141370618716
123, 0.0119825126603246
124, 0.0121476153532664
125, 0.0123764987414082
126, 0.0126436110585928
127, 0.01293527148664
128, 0.0132347630957762
129, 0.0135239850108822
130, 0.0137894845878085
131, 0.0140200676396489
132, 0.0142072796200713
133, 0.0143504617735744
134, 0.0143785970285535
135, 0.0143244437252482
136, 0.0141137711082896
137, 0.0140067726994554
138, 0.0139548387378454
139, 0.0139252167815963
140, 0.0138925242548188
141, 0.0138311041519046
142, 0.0137136662378907
143, 0.0135115285714467
144, 0.0131963888804118
145, 0.0127446660771966
146, 0.0121447869266073
147, 0.011404676673313
148, 0.0105548650026321
149, 0.00965022419889768
150, 0.00874816967795292
151, 0.00793472863733768
152, 0.00735809452210863
153, 0.0032452285522595
154, 0.0055156482073168
155, 0.0107881187771757
156, 0.0185899520292878
157, 0.0264400839805603
158, 0.0272945997615655
159, 0.0188792351012429
160, 0.0108254224372407
161, 0.00540050755565365
162, 0.00330284885906925
163, 0.0086726329755038
164, 0.00876030884683132
165, 0.00888881428788106
166, 0.00906605832278728
167, 0.00927664587895075
168, 0.00950714231779178
169, 0.00975058569262425
170, 0.0100003788247705
171, 0.0102510554715991
172, 0.0105002137521903
173, 0.0107489641134938
174, 0.0110026278222601
175, 0.0112720212588708
176, 0.0115763765449325
177, 0.0119463081161181
178, 0.0124468679229418
179, 0.0132038146257401
180, 0.0158696244470775
181, 0.0170775692289074
182, 0.0156015170117219
183, 0.0144776549811165
184, 0.0138754916066925
185, 0.0135487373918295
186, 0.0133586348965764
187, 0.0132343638688326
188, 0.0131366948286692
189, 0.013042867804567
190, 0.0129400867347916
191, 0.0128212968508403
192, 0.012684218895932
193, 0.0125309787690639
194, 0.0123677908753355
195, 0.0122054830814401
196, 0.0120574741934737
197, 0.0119381637002031
198, 0.011861481393377
199, 0.0118518791471918
200, 0.00881929000440453
201, 0.0117973224259913
202, 0.00209597072098404
203, 0.0137224183417857
204, 0.0145806398553153
205, 0.0140754419068495
206, 0.016064562369138
207, 0.0193270941575368
208, 0.0251075927168131
209, 0.0041519338431369
210, 0.0193598828045651
211, 0.00586679430368046
212, 0.00501125709464153
213, 0.00389312541422745
214, 0.00273469765670598
215, 0.0149575831989447
216, 0.0142961946936945
217, 0.0136494922141234
218, 0.012991023560365
219, 0.0122744301334023
220, 0.0114806657657027
221, 0.0106172771193087
222, 0.00971480164056023
223, 0.00883241323754191
224, 0.00802006184433897
225, 0.00741296502140661
226, 0.0120440948133667
227, 0.0143278854278227
228, 0.0146968914195895
229, 0.0149548083233337
230, 0.015118487800161
231, 0.0152214093444248
232, 0.0154163376428187
233, 0.0131105507413546
234, 0.017122434762617
235, 0.0143599145424863
236, 0.013392117805779
237, 0.0102506245796879
238, 0.0084060225635767
239, 0.0111636958705882
240, 0.0127364171979328
241, 0.0119979617496332
242, 0.0093004060909152
243, 0.0139884177284936
244, 0.0138469737333556
245, 0.0115019572898746
246, 0.0145962859193484
247, 0.0126525325079759
248, 0.0132769995058576
249, 0.0143410813373824
250, 0.0145066411544879
251, 0.0146559304557741
252, 0.00649304385297
253, 0.00587704925176998
254, 0.00517501701445629
255, 0.00710277929902077
256, 0.00689152410874764
257, 0.00647428096272051
258, 0.00751395836206419
259, 0.0146677514005985
260, 0.012411506580455
261, 0.00797603977844119
262, 0.0125217124198874
263, 0.0136413572666546
264, 0.0150719999025265
265, 0.0137889237763981
266, 0.0098829233708481
267, 0.0125547692490121
268, 0.01178742495055
269, 0.0108829607876639
270, 0.0132102683807413
271, 0.00881873862817883
272, 0.014085471474876
273, 0.0128485875514646
274, 0.0142644263493518
275, 0.0142405924076835
276, 0.0141571949103049
277, 0.0137417471657197
278, 0.0133355978565911
279, 0.00692967123662432
280, 0.00792569271288812
281, 0.00725845876149833
282, 0.0153350748121738
283, 0.00815473490261606
284, 0.00948671453321973
285, 0.0136378913496931
286, 0.0130668650381267
287, 0.0124592307644586
288, 0.0116320250866314
289, 0.0106008920508126
290, 0.0131121740366022
291, 0.0142600680701435
292, 0.0142452467232943
293, 0.0161488219164312
294, 0.0142226093448699
295, 0.0135814912085022
296, 0.0139434590935707
297, 0.0140200640474047
298, 0.0140887858966986
299, 0.0138626747454206
300, 0.00797439110465348
301, 0.0136208916082978
302, 0.010245554925253
303, 0.0124507434666157
304, 0.0115116527304053
305, 0.0131353635030488
306, 0.0136138844924668
307, 0.0148164144096275
308, 0.0155534812559684
309, 0.0142065528780222
310, 0.0131099855527282
311, 0.0140956060960889
312, 0.0142690759773056
313, 0.0142981527994076
314, 0.00971857192260879
315, 0.0169577182581027
316, 0.0090696981176734
317, 0.0150954237518211
318, 0.0132778516660134
319, 0.012533870836099
320, 0.0141770876944065
321, 0.0137097529756526
322, 0.0160852749831975
323, 0.0145579235894339
324, 0.00995007622987032
325, 0.0145260222877065
326, 0.0143176197695235
327, 0.0114240967668593
328, 0.00794362075005968
329, 0.0141527828139563
330, 0.00830518423269192
331, 0.0158840273506939
332, 0.0135179841890931
333, 0.0154471027975281
334, 0.0139941692884479
335, 0.0147845081984997
336, 0.0144860140668849
337, 0.0115301696583629
338, 0.0127365176255504
339, 0.0138758331304416
340, 0.0106774549931288
341, 0.0148055576054113
342, 0.015519936196506
343, 0.0166463201865554
344, 0.014232711866498
345, 0.0140623854473233
346, 0.0139799720297257
347, 0.0132349794730544
348, 0.0146894186424712
349, 0.011535137736549
350, 0.0120036911219358
351, 0.0153126026104603
352, 0.00874843106915553
353, 0.0136492109547059
354, 0.0145181543193758
355, 0.016047570699205
356, 0.0203620924481324
357, 0.0131022178878387
358, 0.0131179870416721
359, 0.0131869873342415
360, 0.00869304655740658
361, 0.00838491056735317
362, 0.0133768388380607
363, 0.0132645995666583
364, 0.0130462545591096
365, 0.0127221182920039
366, 0.0123166682509085
367, 0.0118822095294793
368, 0.0115011688321829
369, 0.0112036714951197
370, 0.00875062185029189
371, 0.00890605229263504
372, 0.0096916633968552
373, 0.010035686660558
374, 0.0104259932413697
375, 0.0108772061454753
376, 0.0114261185129484
377, 0.0122016211971641
378, 0.0134014887735248
379, 0.00874127540737391
380, 0.00875980034470558
381, 0.0132771112645666
382, 0.00857691001147032
383, 0.0133573777663211
384, 0.0133996216269831
385, 0.00809840811416507
386, 0.00769376948786279
387, 0.00714147137477994
388, 0.00640722007180254
389, 0.00545687135308981
390, 0.00532964951707982
391, 0.00428207556251436
392, 0.00316242883369947
393, 0.0023759099887684
394, 0.0256579406559467
395, 0.00957126201440891
396, 0.0194821457068125
397, 0.0130221011737982
398, 0.0153723169739048
399, 0.0124128159756462
400, 0.0118141541257501
401, 0.0142449443228543
402, 0.00938857501993577
403, 0.0122393453493714
404, 0.0115574134203295
405, 0.00912500188375513
406, 0.0100767848392328
407, 0.0105047163863977
408, 0.0109912043747803
409, 0.00884732433284322
410, 0.00855796256413062
411, 0.00796252605505288
412, 0.00638428788321714
413, 0.00888242743288477
414, 0.0089091321763893
415, 0.00890303853278359
416, 0.00873495715980729
417, 0.0083039499198397
418, 0.00699671443241338
419, 0.00752735339726011
420, 0.0131747910442452
421, 0.0123182128493985
422, 0.0130760449295243
423, 0.0132033967723449
424, 0.0132727879099548
425, 0.0129045147138337
426, 0.0133241189954182
427, 0.0133721890548865
428, 0.0137329475643734
429, 0.0142909519374371
430, 0.0130616313156982
431, 0.0131307727036377
432, 0.0132740897436937
433, 0.0133312257627646
434, 0.0131316115148365
435, 0.0126151666045189
436, 0.0121379816638572
437, 0.0132841731288603
438, 0.0171880042180419
439, 0.0128656296680371
440, 0.0149524075289567
441, 0.0093691498041153
442, 0.0110260358390709
443, 0.0105214434054991
444, 0.0115920927685996
445, 0.0122466326380769
446, 0.00908387716238697
447, 0.00970298191532493
448, 0.00884462081428085
449, 0.00916749828805526
450, 0.0091342837549746
451, 0.00915977188075582
452, 0.00880182192971309
453, 0.00906296571095785
454, 0.00910121528431773
455, 0.00895125713820259
456, 0.00863004964776337
457, 0.00846224410148958
458, 0.00832373439334333
459, 0.0131003490338723
460, 0.0133395275721947
461, 0.0129565464643141
462, 0.0129051324911416
463, 0.0134459813125432
464, 0.0130377866638203
465, 0.0129920059504608
466, 0.0133649582664172
467, 0.0134683904858927
468, 0.013240337682267
469, 0.0131398759161433
470, 0.0132546865691741
471, 0.013403966712455
472, 0.0131843138175706
473, 0.0134920117755731
474, 0.00572958076372743
475, 0.0133840727752873
476, 0.00967531620214383
477, 0.00958393296847741
478, 0.0096839441296955
479, 0.0121458751770357
480, 0.0115596507675946
481, 0.00931014852332217
482, 0.0109964610698322
483, 0.0100724506191909
484, 0.0128542868420482
485, 0.00901858974248171
486, 0.009563189620773
487, 0.00956368089343111
488, 0.00954712058107058
489, 0.00989198389773568
490, 0.00950999247531096
491, 0.00942138054718574
492, 0.0129351210780442
493, 0.0128027889877558
494, 0.00956262291098634
495, 0.0138113969005644
496, 0.0136456570277611
497, 0.0128873904856543
498, 0.0131077348875503
499, 0.0127085756200055
500, 0.0128061794010656
501, 0.0128946437810858
502, 0.0133059749690195
503, 0.01351139228791
504, 0.0138086903219422
505, 0.0136936480800311
506, 0.0127168452367187
507, 0.0141127149884899
508, 0.00825771045250197
509, 0.0161925953192015
510, 0.00870838463306427
511, 0.0140884278031687
512, 0.0174504360184073
513, 0.0140330005437136
514, 0.0105832147722443
515, 0.0103432775164644
516, 0.0110043968694905
517, 0.0100103902320067
518, 0.0126181344191233
519, 0.012084524945489
520, 0.00964544732123613
521, 0.0114584995123247
522, 0.0143752048856446
523, 0.0104904404530923
524, 0.0128413867205381
525, 0.0101118078455329
526, 0.0100365937687457
527, 0.0124783132535716
528, 0.0101971980184317
529, 0.00995190332954129
530, 0.00987702608108521
531, 0.0131136045480768
532, 0.0142762186005712
533, 0.0125475676730275
534, 0.0126340029140313
535, 0.0125746446040769
536, 0.013418129645288
537, 0.013743528475364
538, 0.0140470267894367
539, 0.0146504666966697
540, 0.0102307029689352
541, 0.00817579617723823
542, 0.015511415588359
543, 0.0107411084075769
544, 0.0161105679348111
545, 0.0151919426086048
546, 0.0162214511739356
547, 0.0106875769173106
548, 0.0112010816422602
549, 0.0116707618969182
550, 0.0108828431305786
551, 0.0124263099084298
552, 0.0121881035156548
553, 0.0104115448581676
554, 0.0118252851068974
555, 0.0127628852302829
556, 0.0148137033296128
557, 0.0131444435877105
558, 0.0109296903635065
559, 0.0105967600829899
560, 0.0107110352255404
561, 0.0104492103370527
562, 0.0123639611216883
563, 0.0144592186746498
564, 0.013564616907388
565, 0.0116318326132993
566, 0.0140124705309669
567, 0.0132892848923802
568, 0.0141958769721289
569, 0.012005750865986
570, 0.0115759739031394
571, 0.0112202474847436
572, 0.0117901189784919
573, 0.012226604235669
574, 0.0126723262170951
575, 0.0111854493928452
576, 0.0110067411636313
577, 0.0114036632391314
578, 0.0122464308515191
579, 0.0121398359537125
580, 0.0131847085431218
581, 0.0148821809949974
582, 0.0124928053202374
583, 0.0142482474135856
584, 0.0136581423381964
585, 0.0123989895607034
586, 0.0108149915135333
587, 0.0152898823531965
588, 0.0116651332271951
589, 0.0118481616622635
590, 0.0125653574553629
591, 0.0132557676794628
592, 0.0143925833205382
593, 0.0136038583392898
594, 0.0154263409785926
595, 0.0102777456864715
596, 0.015058870613575
597, 0.0113320184871554
598, 0.0131796753033996
599, 0.0135326489495734
600, 0.0133949543039004
601, 0.00934545587127407
602, 0.0130889060286184
603, 0.0131851579062641
604, 0.0133186457678676
605, 0.0139030351613959
606, 0.0145807205699384
607, 0.0159035087563097
608, 0.0185238153984149
609, 0.0136297959834337
610, 0.0133924869199594
611, 0.013140017632395
612, 0.0128855562458436
613, 0.0126442362864812
614, 0.0124359992332757
615, 0.0122520842899879
616, 0.00757024732107917
617, 0.00829456436137358
618, 0.00919694608698289
619, 0.0101248705759645
620, 0.0110248771185676
621, 0.0118304449133575
622, 0.0125019494444132
623, 0.0143993843036393
624, 0.0130217135883868
625, 0.0136421765200794
626, 0.0137913416450222
627, 0.0138716151316961
628, 0.0139108225703239
629, 0.0139348946201305
630, 0.0139685335258643
631, 0.0140392448132237
632, 0.0141752529889345
633, 0.00598183569187919
634, 0.00519295013509691
635, 0.00421058332237105
636, 0.00314625769775982
637, 0.00229696002788842
638, 0.0193902673199773
639, 0.00537929906568024
640, 0.0123053664962451
641, 0.0139682479202747
642, 0.013931048878779
643, 0.00873161184911927
644, 0.0128893501435717
645, 0.0137658879781763
646, 0.0138585756843289
647, 0.00969360567008456
648, 0.0106720933690667
649, 0.0115580623969436
650, 0.0133120451743404
651, 0.0135941666861375
652, 0.0138999770085017
653, 0.0139158430198828
654, 0.0138413370586932
655, 0.0133244544267654
656, 0.0129130003042519
657, 0.0141556815554698
658, 0.0142582450062037
659, 0.0127240557533999
660, 0.0131179471500218
661, 0.0140200685709715
662, 0.0135207331428925
663, 0.0130036359963318
664, 0.0233481302857399
665, 0.0138725377619267
666, 0.0127887640458842
667, 0.0129101312098404
668, 0.0132317105308175
669, 0.0143900023152431
670, 0.0133644070786734
671, 0.0126158705291649
672, 0.0124175051227212
673, 0.0167034608311951
674, 0.0135597190819681
675, 0.015257783078899
676, 0.00659604572380583
677, 0.0059015811032926
678, 0.00636356502460937
679, 0.00699070274519424
680, 0.0067594355593125
681, 0.0140644269330161
682, 0.0125893390338336
683, 0.0139074622032543
684, 0.0113095237563054
685, 0.0137683819048107
686, 0.0103054534023007
687, 0.0138987675309181
688, 0.00918225400770704
689, 0.0139049715362489
690, 0.0138632624099652
691, 0.0139011568389833
692, 0.012157436615477
693, 0.0135863100488981
694, 0.0128117864951491
695, 0.0132797185021142
696, 0.0138499024324119
697, 0.0139781919618448
698, 0.013472915161401
699, 0.0133035932667553
700, 0.0131253238456945
701, 0.0129516700593134
702, 0.0136986295692623
703, 0.00771835785625236
704, 0.0131287155672908
705, 0.0127945666511854
706, 0.0129294960449139
707, 0.0136377623615166
708, 0.0134469106172522
709, 0.0139204241956274
710, 0.0143524208106101
711, 0.0149934988779326
712, 0.0159060245690246
713, 0.0130349700339139
714, 0.00715613838595649
715, 0.00831863027997315
716, 0.00746416230686009
717, 0.0138118037333091
718, 0.0136333803335826
719, 0.0139080284473797
720, 0.0138787982674936
721, 0.00989466269190113
722, 0.0138560288275282
723, 0.0110479819898804
724, 0.0133106837359567
725, 0.0139191639609635
726, 0.0138950766995549
727, 0.0139456057921052
728, 0.0120514483811955
729, 0.0127963507547975
730, 0.0137598221190274
731, 0.0134600365223984
732, 0.0133111970499158
733, 0.0131402863189578
734, 0.0138618565563645
735, 0.0136265399244924
736, 0.0128021478652954
737, 0.00826532868668437
738, 0.0133078213160237
739, 0.0139711539571484
740, 0.0143329272978008
741, 0.0148364640772343
742, 0.015458716545254
743, 0.0129789257688182
744, 0.0137169683972994
745, 0.013093464076519
746, 0.0131953849146763
747, 0.00832499586977065
748, 0.0170580837875605
749, 0.00848371854850224
750, 0.00886367600677269
751, 0.00719200065359473
752, 0.0140867638401687
753, 0.0139055374699334
754, 0.0137438524203996
755, 0.0139633645303547
756, 0.0138073310788189
757, 0.0138723632941643
758, 0.0137171978130937
759, 0.0139230915034811
760, 0.0139615667673449
761, 0.0134184123016894
762, 0.0133382905540722
763, 0.0106783552716176
764, 0.0119652942133447
765, 0.0134792399282257
766, 0.0128511688672006
767, 0.0136008163293203
768, 0.0142953943771621
769, 0.0146750886924565
770, 0.0151404685651263
771, 0.0135358253804346
772, 0.0140009539512297
773, 0.0132714238328238
774, 0.0131666021421552
775, 0.0133963986299932
776, 0.0100371020713023
777, 0.00944311246275902
778, 0.01615086166809
779, 0.00991967190057039
780, 0.00862319823354483
781, 0.0164603355030219
782, 0.0110640729156633
783, 0.011270352328817
784, 0.0140461283735931
785, 0.0140715823508799
786, 0.0137178857500354
787, 0.0139252371154726
788, 0.0140332193113863
789, 0.0138029230758548
790, 0.0135221101343632
791, 0.0138652171008289
792, 0.0139547836345931
793, 0.0136220785789192
794, 0.0129701821133494
795, 0.0118546425364912
796, 0.0138007203117013
797, 0.0135993926475445
798, 0.0145044275559485
799, 0.0147953742804627
800, 0.0142300768444935
801, 0.0137864152590434
802, 0.0136218861055871
803, 0.0155708355208238
804, 0.0136442996251086
805, 0.0130088338628411
806, 0.014187360368669
807, 0.0142295922463139
808, 0.0141335732436606
809, 0.014208797365427
810, 0.0140028457778196
811, 0.0138734624100228
812, 0.0139333812209467
813, 0.0143187913511481
814, 0.0145050229815145
815, 0.013126486291488
816, 0.0136143216863275
817, 0.0140105628718932
818, 0.0134762553498149
819, 0.0138460000356038
820, 0.0150833106599748
821, 0.0154501155817083
822, 0.0146343732252717
823, 0.0140278673109909
824, 0.014566026472797
825, 0.0137457616095032
826, 0.0139000006020069
827, 0.0143978168655719
828, 0.0137017759261653
829, 0.0116157092464467
830, 0.0188150856643915
831, 0.0111167550086975
832, 0.014168019965291
833, 0.0151100810617208
834, 0.00901974590184788
835, 0.00235133541282266
836, 0.0130807884658376
837, 0.0131877521052957
838, 0.0133321224711835
839, 0.0135576523219546
840, 0.0139430480388304
841, 0.0146468044258654
842, 0.014414441306144
843, 0.0159943046358724
844, 0.0190754098196824
845, 0.0249114125967026
846, 0.00537534708564635
847, 0.0194458166370168
848, 0.00868186928952734
849, 0.00870477190862099
850, 0.00871778683116039
851, 0.0087063650911053
852, 0.00865476221467058
853, 0.00854548858478665
854, 0.00836148066446185
855, 0.00808319014807542
856, 0.0076852785423398
857, 0.00713707669638097
858, 0.00640452676452696
859, 0.00545847074439128
860, 0.00431019987445325
861, 0.00320380188835164
862, 0.0124616694326202
863, 0.0119853826860587
864, 0.0116233020089567
865, 0.0113203406023482
866, 0.0110443105610708
867, 0.0107792434282601
868, 0.0105158407241106
869, 0.0102500002831221
870, 0.00998217596982916
871, 0.00971632124856114
872, 0.00945952767506242
873, 0.00921888509765267
874, 0.00900437450036407
875, 0.00882884860038757
876, 0.0120862042531371
877, 0.0121213669578234
878, 0.0121973607068261
879, 0.0131933676699797
880, 0.013307040091604
881, 0.0134425888148447
882, 0.0136244945848982
883, 0.0138888051733375
884, 0.0142797344985108
885, 0.0148016478245457
886, 0.015384864838173
887, 0.00796089554205537
888, 0.00852232053875923
889, 0.00643923358681301
890, 0.0058948687898616
891, 0.008777040677766
892, 0.00882422163461646
893, 0.0088046540816625
894, 0.0088211369390289
895, 0.00828662297377984
896, 0.00753607243920366
897, 0.00701635028235614
898, 0.00868125166743994
899, 0.0130856181494892
900, 0.0124281761236489
901, 0.0129737068588535
902, 0.0128522401986023
903, 0.0133877097008129
904, 0.0135162413741151
905, 0.0136710583853225
906, 0.0138620094706615
907, 0.0140923815779388
908, 0.0143482649388413
909, 0.0125795098332067
910, 0.0127199869602919
911, 0.0123077679115037
912, 0.0131904073059559
913, 0.0122151792359849
914, 0.0141705928370357
915, 0.0106494869105518
916, 0.0103506475376586
917, 0.0100489777202408
918, 0.00974951079115272
919, 0.0094630136154592
920, 0.00919470004737377
921, 0.0109429829753935
922, 0.0126890155176322
923, 0.0112338638864458
924, 0.0118504863542815
925, 0.0115313165200253
926, 0.00896508106961846
927, 0.0129825106511513
928, 0.0144763995582859
929, 0.0170150992150108
930, 0.0132241914980114
931, 0.0139301127443711
932, 0.0133779388852417
933, 0.0125410674760739
934, 0.0127311932543914
935, 0.0128716283167402
936, 0.015404068864882
937, 0.0135953344094257
938, 0.012405323396836
939, 0.00878033560833761
940, 0.0142898542274322
941, 0.01260254252702
942, 0.0131682404316962
943, 0.00904027776171764
944, 0.00904900177071492
945, 0.00899899331852794
946, 0.00844470046771069
947, 0.00902801208818952
948, 0.00851989902245502
949, 0.00866013555787504
950, 0.00897406367585063
951, 0.00880277544880907
952, 0.00891929833839337
953, 0.012438134290278
954, 0.0130606405436993
955, 0.0128325113716225
956, 0.012948958358417
957, 0.0139463869854808
958, 0.0138732888735831
959, 0.0137574014564355
960, 0.0136395848045746
961, 0.0135307217327257
962, 0.0139516890048981
963, 0.0125093210178117
964, 0.0132749446978172
965, 0.012032164260745
966, 0.0117062022909522
967, 0.0123880834629138
968, 0.0127951493486762
969, 0.0113931195810437
970, 0.0100898045736055
971, 0.0104246075885991
972, 0.0107557838782668
973, 0.00975618977099657
974, 0.0110785644501448
975, 0.00944818168257674
976, 0.0091438852250576
977, 0.0133096532275279
978, 0.0130986423852543
979, 0.012661169283092
980, 0.0128327066389223
981, 0.0136690051294863
982, 0.0139825632795691
983, 0.0134466419306894
984, 0.0144414568009476
985, 0.015124487845848
986, 0.0129747288301587
987, 0.00872370190918446
988, 0.00855845872623225
989, 0.0134134470884289
990, 0.0127861729512612
991, 0.0133417523466051
992, 0.0126026057017346
993, 0.00945864742000898
994, 0.00950614207734664
995, 0.00923910752559702
996, 0.0132514643482864
997, 0.00933153880760074
998, 0.00939948065206409
999, 0.00961855286732316
1000, 0.00974066959073146
1001, 0.00955215143039823
1002, 0.00997756095603108
1003, 0.0104178275602559
1004, 0.0130622351231674
1005, 0.0131586187829574
1006, 0.0136326525049905
1007, 0.0135776901928087
1008, 0.0136461737565696
1009, 0.0136258914135396
1010, 0.0127139828788737
1011, 0.0127126296449985
1012, 0.0089103888720274
1013, 0.0134328464046121
1014, 0.0111885718069971
1015, 0.0108371432870626
1016, 0.0104712100389103
1017, 0.0121767258582016
1018, 0.0125164563457171
1019, 0.0128955712231497
1020, 0.0100979777052999
1021, 0.00942227821797132
1022, 0.00972105811039607
1023, 0.011525276893129
1024, 0.0118520044100781
1025, 0.013274975741903
1026, 0.014948986005038
1027, 0.0144228821930786
1028, 0.0140224907857676
1029, 0.0137289234747489
1030, 0.0129688509429495
1031, 0.0161354675268133
1032, 0.0131239538701872
1033, 0.0123336650431156
1034, 0.00902684273508688
1035, 0.0116033754311502
1036, 0.0128617038329442
1037, 0.0134671595878899
1038, 0.0100184003822505
1039, 0.00987786597882708
1040, 0.00973118500163158
1041, 0.00963017544043916
1042, 0.0101747703738511
1043, 0.013406493080159
1044, 0.010649051827689
1045, 0.0103748279313246
1046, 0.0133395118949314
1047, 0.0110413967631757
1048, 0.0132649854446451
1049, 0.0135004504894217
1050, 0.0133249445685319
1051, 0.0134712189125518
1052, 0.0127695854753256
1053, 0.0132438378408551
1054, 0.0129621659095089
1055, 0.0135233082498113
1056, 0.0129517720391353
1057, 0.0112773903335134
1058, 0.0108902797413369
1059, 0.0126224818329016
1060, 0.0129401022568345
1061, 0.0104760496566693
1062, 0.0116358990781009
1063, 0.0100627838013073
1064, 0.0123033892984192
1065, 0.011975752034535
1066, 0.0147886985602478
1067, 0.0135027375072241
1068, 0.0156128822515408
1069, 0.0131376078352332
1070, 0.0143600899415712
1071, 0.0140226590447128
1072, 0.0133148765501877
1073, 0.0112197559016446
1074, 0.0169743274648984
1075, 0.0123376354264716
1076, 0.0123997611614565
1077, 0.0130048102388779
1078, 0.012572613855203
1079, 0.0129077909514308
1080, 0.0131007463981708
1081, 0.0135200388419131
1082, 0.010451041162014
1083, 0.0102061891617874
1084, 0.0106772232490281
1085, 0.0109524009749293
1086, 0.0135053042322397
1087, 0.0113005790238579
1088, 0.0134774435621997
1089, 0.0117530583714445
1090, 0.0134344023341934
1091, 0.013313379449149
1092, 0.0131849159176151
1093, 0.0135199249101182
1094, 0.00998634677380323
1095, 0.0161760488214592
1096, 0.0113461113845309
1097, 0.0130173483242591
1098, 0.0108940314191083
1099, 0.0117325351263086
1100, 0.0104011109409233
1101, 0.0127350958064198
1102, 0.0120839186323186
1103, 0.0152520692596833
1104, 0.0124145246421297
1105, 0.0145795688343545
1106, 0.013754646293819
1107, 0.0133358983633419
1108, 0.0142594922023515
1109, 0.0135305825000008
1110, 0.0131293640338949
1111, 0.0132393795996904
1112, 0.0104839278385043
1113, 0.0140137608562197
1114, 0.0127930475088457
1115, 0.0161788803525269
1116, 0.0130662194763621
1117, 0.0133159554873904
1118, 0.0108235073941095
1119, 0.0110743365560969
1120, 0.0134860519319773
1121, 0.0113899417531987
1122, 0.0135281511271993
1123, 0.0132333864457905
1124, 0.0117645491845906
1125, 0.012223655047516
1126, 0.0135593439141909
1127, 0.0135550211804608
1128, 0.0133752170950174
1129, 0.0134088907701274
1130, 0.0134234296468397
1131, 0.0156421718808512
1132, 0.0113855462210874
1133, 0.0118216408106188
1134, 0.0131361278306161
1135, 0.0121892636331419
1136, 0.0149530805647373
1137, 0.0139826132605473
1138, 0.0128148316095273
1139, 0.0125113509905835
1140, 0.0143631485601266
1141, 0.0135228340514004
1142, 0.0137433723236124
1143, 0.0133422220125794
1144, 0.0147940713601808
1145, 0.0147090695487956
1146, 0.0156901044150194
1147, 0.0130302109755576
1148, 0.0134850290293495
1149, 0.0134755743667483
1150, 0.0117027914772431
1151, 0.0134608725396295
1152, 0.0120887323282659
1153, 0.0125226527452469
1154, 0.0135528005970021
1155, 0.0136234764941037
1156, 0.0135345631279051
1157, 0.0152441965416074
1158, 0.0118997786194086
1159, 0.0145866346235077
1160, 0.0122965620830655
1161, 0.014134812168777
1162, 0.0126116580019395
1163, 0.0128961677352587
1164, 0.0137020885013044
1165, 0.0139101563642422
1166, 0.0134751432176147
1167, 0.0113619377836585
1168, 0.0167548190802336
1169, 0.0131460046395659
1170, 0.0142852716768781
1171, 0.0133553805450598
1172, 0.01316263495634
1173, 0.0127280217905839
1174, 0.0136023120333751
1175, 0.0122940905081729
1176, 0.0136373531339424
1177, 0.0137289764359593
1178, 0.0142769174916404
1179, 0.0136149368869762
1180, 0.0124308150261641
1181, 0.0136547686221699
1182, 0.0127261142867307
1183, 0.0152239537176987
1184, 0.014797534261431
1185, 0.0141510752340158
1186, 0.0130053120665252
1187, 0.013445431632655
1188, 0.013988981799533
1189, 0.0138252223841846
1190, 0.0132141411304474
1191, 0.0132540821408232
1192, 0.0137519523501396
1193, 0.0135102650150657
1194, 0.0141887042671442
1195, 0.0136757117385666
1196, 0.0137284576360668
1197, 0.0142528342881373
1198, 0.0139660856553486
1199, 0.0128759329340288
1200, 0.0131446860420207
1201, 0.013340936973691
1202, 0.013950425821046
1203, 0.0138556648356219
1204, 0.0136237125843763
1205, 0.0136545913604399
1206, 0.0140116153284907
1207, 0.0133100983997186
1208, 0.0137213453916567
1209, 0.0133667599099378
1210, 0.0134599426140388
1211, 0.0136170277372003
1212, 0.0138208743184805
