1, 0.00664447550661862
2, 0.0153500449378043
3, 0.00137892639031634
4, 0.00628351792693138
5, 0.00763646420091391
6, 0.0108730094507337
7, 0.00305627868510783
8, 0.000890697701834142
9, 0.015476404922083
10, 0.00597707973793149
11, 0.00644360948354006
12, 0.0122790867462754
13, 0.00682742916978896
14, 0.00707251966620485
15, 0.00723259213070075
16, 0.00733412546105683
17, 0.00739406910724938
18, 0.00742316424536208
19, 0.0074314260079215
20, 0.00742670490096013
21, 0.00741440577742954
22, 0.00739860953763127
23, 0.00738257495686412
24, 0.00736944501598676
25, 0.00736326049081981
26, 0.00737079745158553
27, 0.00740454974584281
28, 0.00748914565580587
29, 0.00767838978208601
30, 0.00808812165632844
31, 0.00902409028882782
32, 0.011294602882117
33, 0.0136250931148728
34, 0.00872929627075791
35, 0.00434279651381075
36, 0.0021161762609457
37, 0.00133414205629379
38, 0.00236689815452943
39, 0.00328951592867573
40, 0.00401305089083811
41, 0.00456012909611066
42, 0.00497155822813511
43, 0.00528312715080877
44, 0.00552231383820375
45, 0.00570858440672358
46, 0.00585551117546856
47, 0.00597241357900202
48, 0.0060655075746278
49, 0.00613840615066389
50, 0.00619430715839068
51, 0.00623623615441223
52, 0.00626686215400696
53, 0.00628553610295057
54, 0.00630979270984729
55, 0.00636323262006044
56, 0.00643176957964897
57, 0.00651165998230378
58, 0.00660026213154197
59, 0.00669444212689996
60, 0.00679085388158758
61, 0.00688598630949855
62, 0.00697692173222701
63, 0.00706140774612625
64, 0.00713787321001291
65, 0.00720543150479595
66, 0.00726384343579412
67, 0.00731343977774183
68, 0.0073550360587736
69, 0.007389846102645
70, 0.00741938268765807
71, 0.00744539670025309
72, 0.00746985493848721
73, 0.00749481034775575
74, 0.00752269725004832
75, 0.00755712141593297
76, 0.00760334512839715
77, 0.007616255315952
78, 0.00761800073087215
79, 0.00760544914131363
80, 0.00758938274035851
81, 0.0075680329464376
82, 0.00754042901098728
83, 0.00750669138506055
84, 0.00746638917674621
85, 0.00741929560899734
86, 0.00736545833448569
87, 0.00730518018826842
88, 0.00723904759312669
89, 0.00716813855494062
90, 0.00709397640700142
91, 0.00701854579771558
92, 0.00694424643491705
93, 0.00687391186753909
94, 0.00681007886305451
95, 0.00675198746224244
96, 0.00675792491529137
97, 0.00675624748691916
98, 0.00674284948036075
99, 0.00684021382282178
100, 0.00699412217363715
101, 0.00725352950394154
102, 0.00770350235203902
103, 0.00859864459683498
104, 0.00936782918870449
105, 0.00918208155781031
106, 0.00752970095102986
107, 0.00702153208355109
108, 0.00678537568698327
109, 0.006670492546012
110, 0.00661356250445048
111, 0.00658985398088892
112, 0.00658732932060957
113, 0.00659953150898218
114, 0.00662170971433322
115, 0.00664958326766888
116, 0.00667797075584531
117, 0.00669972908993562
118, 0.00670424941927195
119, 0.00667558377608657
120, 0.00659033407767614
121, 0.00641943405692776
122, 0.00613214836145441
123, 0.00570670701563358
124, 0.00515441472331683
125, 0.00452180703481038
126, 0.00391051786330839
127, 0.00325276725925505
128, 0.00288931649023046
129, 0.00246890087146312
130, 0.00199235964100808
131, 0.00137503235600889
132, 0.000627588684437796
133, 0.00165355554781854
134, 0.0041655331539611
135, 0.00851530209183693
136, 0.0137259953965743
137, 0.0113351945765316
138, 0.00916325952857733
139, 0.00822244320685665
140, 0.00770282186567783
141, 0.00723858045724531
142, 0.00653890349591772
143, 0.00624108966439962
144, 0.00624687364324927
145, 0.00658287309731046
146, 0.00693447375670075
147, 0.00723497522994876
148, 0.00744075498854121
149, 0.00753709782535831
150, 0.00753557480250796
151, 0.00746175072466334
152, 0.00734440221761664
153, 0.00720708693067233
154, 0.00706697534769773
155, 0.00693470643212398
156, 0.00681603622312347
157, 0.00671385430420438
158, 0.00662935245782137
159, 0.0065615203542014
160, 0.00651037832722068
161, 0.00647342344745994
162, 0.00646030390635133
163, 0.00646120775490999
164, 0.0064696652504305
165, 0.006451023897777
166, 0.00641835201531649
167, 0.00637925959502657
168, 0.00633949351807435
169, 0.00630539624641339
170, 0.00628288043662906
171, 0.00627511460334063
172, 0.00232005231858542
173, 0.00490159324059884
174, 0.00945336759711305
175, 0.0143261378010114
176, 0.0134566525618235
177, 0.00805152688796321
178, 0.00368028677379092
179, 0.00150045143285145
180, 0.00314378074835986
181, 0.0037401154016455
182, 0.00439352169632912
183, 0.00514951348304749
184, 0.00590174924582243
185, 0.00660855664561192
186, 0.00729903702934583
187, 0.0080755048741897
188, 0.0100646880455315
189, 0.0110175100465616
190, 0.0101673904185494
191, 0.00937341464062532
192, 0.008745476603508
193, 0.00814304997523626
194, 0.00752234738320112
195, 0.00689437783633669
196, 0.00655665737576783
197, 0.00696129724383354
198, 0.00338399052686457
199, 0.00139103442197666
200, 0.00744508354303737
201, 0.00744457837815086
202, 0.00743728720893462
203, 0.0074270711435626
204, 0.00741757064436873
205, 0.00741289183497429
206, 0.0074188740303119
207, 0.00744549604132771
208, 0.00751098664477468
209, 0.00765028044891854
210, 0.00793086326060196
211, 0.0100369062274694
212, 0.00850191293284297
213, 0.00972807997216781
214, 0.0122531003629168
215, 0.00674716868836965
216, 0.00523001917948325
217, 0.00490288203582168
218, 0.00447555972884099
219, 0.00391974102240056
220, 0.00323555350769311
221, 0.00230531221798932
222, 0.00757492853639026
223, 0.00753806213227411
224, 0.00750783124628166
225, 0.00748220893243949
226, 0.0074581333125631
227, 0.00743354073104759
228, 0.00740640292254587
229, 0.00737481680698693
230, 0.00733713254642983
231, 0.00729195540770888
232, 0.00723823361719648
233, 0.00717535568401217
234, 0.00710323693541189
235, 0.00702240605217715
236, 0.00693407895353933
237, 0.00684015895240009
238, 0.00674323303004106
239, 0.00664651766419411
240, 0.00655325750509898
241, 0.00646688781368236
242, 0.00639140512794256
243, 0.0063318129008015
244, 0.0074381510882328
245, 0.00747628998942673
246, 0.00750870591339966
247, 0.00753562315367162
248, 0.00755710178054869
249, 0.00757335366991659
250, 0.00758536183275282
251, 0.00769912521354854
252, 0.00747031392529607
253, 0.00747014799465736
254, 0.0074847301778694
255, 0.00751544395461679
256, 0.00757878040894866
257, 0.00740596434722344
258, 0.00743424488852421
259, 0.0079195584791402
260, 0.00829716430356105
261, 0.00746928706454734
262, 0.00747224137497445
263, 0.00746563884119193
264, 0.00749402966660758
265, 0.00744787293175856
266, 0.0073955353970329
267, 0.00732189657477041
268, 0.00641440274193883
269, 0.00659640009204547
270, 0.00669528303357462
271, 0.00679507510115703
272, 0.00689282058738172
273, 0.00698562439841529
274, 0.00721556103477875
275, 0.00714815586494903
276, 0.00707124297817548
277, 0.00650127705497046
278, 0.00727332561897735
279, 0.00751939361604552
280, 0.00747072588031491
281, 0.00742349781406422
282, 0.00736220312925677
283, 0.00548286379004518
284, 0.00583612825721502
285, 0.00509566565354665
286, 0.00451606465503573
287, 0.00568038295023143
288, 0.00535037655693789
289, 0.00480581804489096
290, 0.00450020403202091
291, 0.00628734586228217
292, 0.00629812572151423
293, 0.00596009373354415
294, 0.00739430418858926
295, 0.00753593413780133
296, 0.00750284804962575
297, 0.0074519367578129
298, 0.0068929495755583
299, 0.00704587119010588
300, 0.00710788105304043
301, 0.00717065242740015
302, 0.0072321193292737
303, 0.00729063828475773
304, 0.00734497490338981
305, 0.00747959571890533
306, 0.00752175762318075
307, 0.00754760989608864
308, 0.00713688476632039
309, 0.00755454639771155
310, 0.00634248601272702
311, 0.00631330472727617
312, 0.00899161429454883
313, 0.00742437938849131
314, 0.00735302354830007
315, 0.00755002093501389
316, 0.00752849201671779
317, 0.00751569230730335
318, 0.00750582463418444
319, 0.00749414398645361
320, 0.00758810271508992
321, 0.00776548233504097
322, 0.00765413131254415
323, 0.00795051665045321
324, 0.00824575529744228
325, 0.00745192853113015
326, 0.00892577584212025
327, 0.0073099690489471
328, 0.00735277154793342
329, 0.00738764748287698
330, 0.00741614509994785
331, 0.00744011066854
332, 0.00746139915039142
333, 0.00748211176445087
334, 0.00750474220452209
335, 0.00704142140845458
336, 0.00685175989444057
337, 0.00695014318140845
338, 0.00712372967973351
339, 0.0067488478962332
340, 0.00725800419847171
341, 0.00664429242412249
342, 0.00654005779263874
343, 0.00719603205410143
344, 0.00643991973871986
345, 0.00635629007592797
346, 0.005736846011132
347, 0.00605970357234279
348, 0.00624635295631985
349, 0.006139918230474
350, 0.00619814987294376
351, 0.00587916281074286
352, 0.00599518030261
353, 0.00555639054315786
354, 0.00557653660265108
355, 0.00566986226476729
356, 0.00556254169593255
357, 0.00741985867110391
358, 0.00698808076170584
359, 0.00684920130297542
360, 0.00693636139233907
361, 0.00716060167178512
362, 0.00720684983146687
363, 0.00725377172542115
364, 0.0072996656720837
365, 0.00734320965905984
366, 0.00749711537112792
367, 0.00748197881815334
368, 0.00746348880541821
369, 0.0075088389373074
370, 0.00751476834661194
371, 0.00738349099022647
372, 0.00759654268622398
373, 0.00726690609008074
374, 0.00784778194501996
375, 0.0070387379798506
376, 0.0075268717482686
377, 0.00858604595331209
378, 0.00747226170885066
379, 0.00796911306679249
380, 0.00764699194890757
381, 0.00744804584731658
382, 0.00771395202415685
383, 0.00753057134958605
384, 0.00819070156042775
385, 0.00755113153718412
386, 0.0075734913504372
387, 0.00760313239879906
388, 0.00781596956464151
389, 0.00737716979347169
390, 0.00747636457284292
391, 0.00974334574614962
392, 0.00863383601730069
393, 0.00730183518802126
394, 0.00724627225038906
395, 0.00647507864050567
396, 0.00669906412561734
397, 0.006809176877141
398, 0.00701302910844485
399, 0.00749085866846144
400, 0.00747309780369202
401, 0.00745519312719504
402, 0.00743555541460713
403, 0.00741234274270634
404, 0.00658677207926909
405, 0.00738346576690674
406, 0.00734715776828428
407, 0.00691473119271298
408, 0.00710177406047781
409, 0.00717966561205685
410, 0.00730415984677772
411, 0.00589588882091145
412, 0.00609058071859181
413, 0.00630163382738829
414, 0.0059975932041804
415, 0.00622785192293425
416, 0.00608756230212748
417, 0.00616211754580339
418, 0.00616973809277018
419, 0.00627831486053765
420, 0.00626858339334528
421, 0.00578446996708711
422, 0.00744164541053275
423, 0.00711782067082822
424, 0.00705192874496182
425, 0.00748226349242032
426, 0.00747173349373043
427, 0.00725511508062482
428, 0.00728929710264007
429, 0.00732364854775369
430, 0.00735685260345538
431, 0.00749028256783883
432, 0.00738797965459526
433, 0.00708359999892612
434, 0.00741640874184668
435, 0.00720131296354036
436, 0.00639796778559685
437, 0.00734121104081472
438, 0.00774953708363076
439, 0.00812274124473333
440, 0.00747696838031213
441, 0.00796215546627839
442, 0.00768541047970454
443, 0.00757323508150876
444, 0.00783895949522654
445, 0.007603533177947
446, 0.00763902634692689
447, 0.0075072586381187
448, 0.00740505700620512
449, 0.00848999091734489
450, 0.00902949506416917
451, 0.00734586835217973
452, 0.00738361570984125
453, 0.00651901331730187
454, 0.00664268488374849
455, 0.00676310054647426
456, 0.00729783880524337
457, 0.00687789707444608
458, 0.00698510355626543
459, 0.00746666872873902
460, 0.0074524082398663
461, 0.00743506181364258
462, 0.00741268267544607
463, 0.00708178663626313
464, 0.0071663458365947
465, 0.00723827032682796
466, 0.00615659635514021
467, 0.0061934197631975
468, 0.00616508155750732
469, 0.00623894335391621
470, 0.00675851867223779
471, 0.00629821160276021
472, 0.00623336954352756
473, 0.00630708141252398
474, 0.00613812877175709
475, 0.00656006950885057
476, 0.00745887068721155
477, 0.00722297909669578
478, 0.00738206917109589
479, 0.0073579871095717
480, 0.00733312529822191
481, 0.00747546437196434
482, 0.00747892454576989
483, 0.00740466546267271
484, 0.00742523581720889
485, 0.00719732992971937
486, 0.00744337448850274
487, 0.00725058365302781
488, 0.00719051781509604
489, 0.00702106060149769
490, 0.00737827395399411
491, 0.00730301424240073
492, 0.00804134318605065
493, 0.00776123759957651
494, 0.00751005757289628
495, 0.00783613844153782
496, 0.0079297935590148
497, 0.00761829619295895
498, 0.00770327402278781
499, 0.00765722462286552
500, 0.00754342608464261
501, 0.00743543620531758
502, 0.0083116494740049
503, 0.00738859758712351
504, 0.00741787658383449
505, 0.00734927218096952
506, 0.00657513528130949
507, 0.0074390711573263
508, 0.00671162060461938
509, 0.006837982373933
510, 0.00695655952828626
511, 0.00746537869175275
512, 0.00745454981612663
513, 0.0070631659279267
514, 0.00729823477255801
515, 0.00715583407630523
516, 0.00723407922002176
517, 0.00748141708650759
518, 0.00639417868417998
519, 0.00649735673020283
520, 0.00726507427170873
521, 0.00636223331093788
522, 0.00715157547965646
523, 0.00644556595943868
524, 0.0064571980231752
525, 0.00628664367832243
526, 0.00658506473215918
527, 0.00634978022426367
528, 0.00632565033932527
529, 0.005746425051863
530, 0.00706632613825301
531, 0.00747088342905045
532, 0.00730844167992473
533, 0.00741541261474292
534, 0.00739895009125272
535, 0.00743052355634669
536, 0.00744388213691612
537, 0.00747339414166553
538, 0.00745498691685498
539, 0.00728556366326908
540, 0.00746396812610328
541, 0.00875752754509449
542, 0.00734664293538247
543, 0.00843319283532245
544, 0.00741947015436987
545, 0.00795083679258823
546, 0.0075453103830417
547, 0.00781325421606501
548, 0.00775414705276489
549, 0.0078822640546908
550, 0.00765985948964953
551, 0.00770379470971723
552, 0.00758227768043677
553, 0.00794327662636836
554, 0.00746945291757584
555, 0.00814541770766179
556, 0.00749713247641921
557, 0.00744837902796765
558, 0.00742828442404668
559, 0.0073987462092191
560, 0.00665395365407069
561, 0.00735771904389064
562, 0.00746105688934525
563, 0.00679359856682519
564, 0.00692635262385011
565, 0.00704531410398583
566, 0.00714785729845365
567, 0.0073033069105198
568, 0.0072336804587394
569, 0.00746867254686852
570, 0.00747274970635772
571, 0.00643848891680439
572, 0.00676064806369444
573, 0.00687373988330364
574, 0.00645419768989086
575, 0.00669102929532528
576, 0.00705638069969912
577, 0.00648119047816311
578, 0.00646236484559874
579, 0.00734368843647341
580, 0.00747611746191978
581, 0.00738090090453625
582, 0.00745470301869015
583, 0.00746307560863594
584, 0.00747010204941034
585, 0.00747472792863846
586, 0.0074771960110714
587, 0.00747795783293744
588, 0.00736155143628518
589, 0.00745486204201976
590, 0.00757985670740406
591, 0.00777917176795502
592, 0.00782532578644653
593, 0.00786995189264417
594, 0.00773388023177783
595, 0.00769105778696636
596, 0.00761961393679182
597, 0.00800240164001783
598, 0.00750395461606483
599, 0.00817588344216347
600, 0.00746303882139425
601, 0.00744413568948706
602, 0.00747361150570214
603, 0.00741442129947245
604, 0.00673591904342175
605, 0.00737170254190763
606, 0.0074765821142743
607, 0.00702802712718646
608, 0.00689380646993717
609, 0.00714240122276048
610, 0.00723711028695107
611, 0.0073132678711166
612, 0.00723795274583002
613, 0.00749112145664791
614, 0.00706872118947407
615, 0.0066516047809273
616, 0.00694956840015948
617, 0.00664898134501917
618, 0.00659404844045639
619, 0.00746498171550532
620, 0.00744307483546436
621, 0.00750030569421748
622, 0.00750063406303525
623, 0.00750148956043025
624, 0.00749716550732652
625, 0.00749115219029288
626, 0.00748421324949179
627, 0.00743284681811929
628, 0.00749224067355196
629, 0.00761018592553834
630, 0.00776921127301951
631, 0.00773915811441839
632, 0.00778726868641873
633, 0.0077049070969224
634, 0.00765035270402829
635, 0.00789019713799159
636, 0.00753780376786987
637, 0.00740555105730891
638, 0.00798512374361356
639, 0.00748326039562623
640, 0.00749138013149301
641, 0.00746559204223255
642, 0.00743642216548324
643, 0.0074907629750669
644, 0.00714139283324281
645, 0.00739152659662068
646, 0.00701157515868545
647, 0.00724507278452317
648, 0.00732857757247984
649, 0.00747599415481091
650, 0.00770967109128833
651, 0.0068627519843479
652, 0.00735740285987655
653, 0.00756286565835277
654, 0.00720331499663492
655, 0.00679529216140509
656, 0.00749901668833835
657, 0.00752995279617608
658, 0.00753396811584632
659, 0.00752187722052137
660, 0.00751015675875048
661, 0.00804840223863721
662, 0.00774381994935019
663, 0.0076322053403904
664, 0.00771492742933333
665, 0.00752221994722883
666, 0.00772047081651787
667, 0.00769616422864298
668, 0.00766933903408547
669, 0.0075681764477243
670, 0.00778530646736423
671, 0.00780197332746216
672, 0.00750796155383189
673, 0.0075130482049038
674, 0.00749365030787885
675, 0.00751104451982038
676, 0.00746410572901368
677, 0.00725814296553532
678, 0.00714564695954323
679, 0.00741671677678823
680, 0.00685455859638751
681, 0.00734923205648859
682, 0.00707667600363493
683, 0.00760514475405216
684, 0.00741927162744105
685, 0.00753194997087121
686, 0.00698664857606803
687, 0.00747907273471355
688, 0.00755096242452661
689, 0.00756146137913068
690, 0.00753153961462279
691, 0.00764222621607284
692, 0.00766087338949243
693, 0.00766387698240578
694, 0.00767104832145075
695, 0.0075927486953636
696, 0.00754044127340118
697, 0.00769887818023562
698, 0.00774696785956621
699, 0.00754046315948168
700, 0.00753387408331037
701, 0.00752650364302099
702, 0.00749680904361109
703, 0.00727418150442342
704, 0.00737597638120254
705, 0.00744713090049724
706, 0.00729288127539413
707, 0.0075684511102736
708, 0.00756627748099466
709, 0.00758071383461356
710, 0.00756181510431426
711, 0.00716072702780366
712, 0.00763677658202748
713, 0.00763540528714657
714, 0.00760914377557735
715, 0.00757513769591848
716, 0.00765338245158394
717, 0.00760979771924516
718, 0.00757632148452103
719, 0.00756459163191418
720, 0.00753574841655791
721, 0.00748292023005585
722, 0.00744379544630647
723, 0.00761235606235762
724, 0.00761741446331143
725, 0.00761207138809065
726, 0.00740586585986118
727, 0.00758787002414465
728, 0.00758155039511621
729, 0.00752169250821074
730, 0.00759883465555807
731, 0.00749723175540566
732, 0.00755086711918314
733, 0.00265809160191566
734, 0.00227428016175205
735, 0.00170955811821235
736, 0.000938957743346691
737, 0.00700756402996679
738, 0.00739725477372607
739, 0.0073593946484228
740, 0.00736133164415757
741, 0.00733569419632355
742, 0.00742150377482176
743, 0.00755218501823644
744, 0.00839430947477619
745, 0.00983027688094548
746, 0.00720030317703883
747, 0.00738897648019095
748, 0.00741875753737986
749, 0.0074231851225098
750, 0.00741383759304881
751, 0.00737793107206623
752, 0.00734429604684313
753, 0.00733838866775235
754, 0.00783217302523553
755, 0.0129399938508868
756, 0.0035831674002111
757, 0.00416758613816152
758, 0.00492096917393307
759, 0.00558145336496333
760, 0.00610201355690757
761, 0.0064572113721321
762, 0.00666902423836291
763, 0.00677454921727379
764, 0.00680958836649855
765, 0.00680376837650935
766, 0.006777241670837
767, 0.00674304513571163
768, 0.00670947933879991
769, 0.00668227610488733
770, 0.00666564943579336
771, 0.00666375101233522
772, 0.00668256124481559
773, 0.00673101105106374
774, 0.00682838416347901
775, 0.00701000184441606
776, 0.00737964090270301
777, 0.00811662330913047
778, 0.00762942650665839
779, 0.00732996664009988
780, 0.00712439433361093
781, 0.00699289042192201
782, 0.00294774185333933
783, 0.00980640369068299
784, 0.00647028868219682
785, 0.00300243558983008
786, 0.00347484508529305
787, 0.00375633648530181
788, 0.00732146902009845
789, 0.00735840092723568
790, 0.0075111686407278
791, 0.00733892611848811
792, 0.00734994312127431
793, 0.00732571150486668
794, 0.00732522690668702
795, 0.00741915016745528
796, 0.00770743276613454
797, 0.00810708935993413
798, 0.00740455098760625
799, 0.00731960707344115
800, 0.00738115057659646
801, 0.00740304573749502
802, 0.00742192698332171
803, 0.00739516255756219
804, 0.00696591303373377
805, 0.00682679649131993
806, 0.0068137621662269
807, 0.00687093807694813
808, 0.00550834982035061
809, 0.00696356237555544
810, 0.00688201615897318
811, 0.00699711730703712
812, 0.003638489005555
813, 0.0069155745053043
814, 0.00700504511284332
815, 0.00663028936833143
816, 0.00466739945113659
817, 0.00618493603542447
818, 0.00702440955986579
819, 0.00687514889674882
820, 0.00680922786705196
821, 0.00683560711331666
822, 0.00712639978155494
823, 0.00804134287560979
824, 0.00742057679841916
825, 0.0085724325850606
826, 0.00760279526002705
827, 0.00726638462704917
828, 0.00716311763972044
829, 0.00792832000713263
830, 0.00852314522489905
831, 0.00570109234346698
832, 0.00731896958313882
833, 0.00731312126542131
834, 0.00734201554829876
835, 0.008661231957376
836, 0.00749177151980499
837, 0.00739708698044221
838, 0.00729987762557964
839, 0.00730095912391941
840, 0.00731218451013168
841, 0.00733440058926741
842, 0.00739304379870494
843, 0.00736308819614351
844, 0.00742086845760544
845, 0.00764906763409575
846, 0.00791021265710394
847, 0.00739304573896031
848, 0.00694873253814876
849, 0.00697658893962701
850, 0.0070202670370539
851, 0.007075047508503
852, 0.0071347178115199
853, 0.00693981240813931
854, 0.00718862966944774
855, 0.00695343509626885
856, 0.00722007313743234
857, 0.00699497976650794
858, 0.00720246004251142
859, 0.0052907809925576
860, 0.00707845537302395
861, 0.00678386570264896
862, 0.00707732443697751
863, 0.00621421984396875
864, 0.00742111681029201
865, 0.00432334099896252
866, 0.00720973103307188
867, 0.0076716442592442
868, 0.00783554782780508
869, 0.00754658489798506
870, 0.00744654670623796
871, 0.00689150709658861
872, 0.00901733711361885
873, 0.0073083059862256
874, 0.00475111056584865
875, 0.00831635564099997
876, 0.00787206439833556
877, 0.00669442241390546
878, 0.00760832714981266
879, 0.00741027753489713
880, 0.0075848624886324
881, 0.00776435240792731
882, 0.00738338544033468
883, 0.00727685447782278
884, 0.00730376263769964
885, 0.00726412935182452
886, 0.00726615164118509
887, 0.00728369015268981
888, 0.00731878324101369
889, 0.00737539174345632
890, 0.00746025114009778
891, 0.00734313647262752
892, 0.00743466538066665
893, 0.00734313372522593
894, 0.00715532790248593
895, 0.00693844398483634
896, 0.00726778595708311
897, 0.00728323752991855
898, 0.00740910763852298
899, 0.00740179241014024
900, 0.00709256762638688
901, 0.00735116796568036
902, 0.0070589620154351
903, 0.00728272584577401
904, 0.00705041332791249
905, 0.00721210792350272
906, 0.0071488672401756
907, 0.00709825824014843
908, 0.00706446194089949
909, 0.00741588192371031
910, 0.00618763427649226
911, 0.00561233926564455
912, 0.00746188848279417
913, 0.00762839025507371
914, 0.00750550837256014
915, 0.00732435658574104
916, 0.00722946498232583
917, 0.00721225359787544
918, 0.00726637057960033
919, 0.00732834792385499
920, 0.00740531180053949
921, 0.00727157240423063
922, 0.00721403475229939
923, 0.00723380533357461
924, 0.00742737390100956
925, 0.00752917900681496
926, 0.00730200841402014
927, 0.00742515118326992
928, 0.00764594312446813
929, 0.00752609572373331
930, 0.00715187974274159
931, 0.00737697603181005
932, 0.00794303781973819
933, 0.00749650783836842
934, 0.00721895438618958
935, 0.00716936999621491
936, 0.00714413751848042
937, 0.00714186842863758
938, 0.00793334087356925
939, 0.00716034517002602
940, 0.00776176573708653
941, 0.00719775073230267
942, 0.00758099905215204
943, 0.00725269697917004
944, 0.00749627260180811
945, 0.00732286111451685
946, 0.00740600392843286
947, 0.00689644048300882
948, 0.00741145488185187
949, 0.00788359840710958
950, 0.00854201304415862
951, 0.009820983124276
952, 0.00206823259941302
953, 0.00620822453250488
954, 0.00601764574336509
955, 0.00579388199063639
956, 0.00488325860351324
957, 0.00330704105241845
958, 0.00616027189729114
959, 0.00563948539396127
960, 0.00519962965821226
961, 0.00624358708349367
962, 0.00609741290099919
963, 0.00544574080655972
964, 0.0044751667107145
965, 0.00395287658708791
966, 0.00260002709304293
967, 0.00591787447532018
968, 0.00665692682377994
969, 0.00653804675675929
970, 0.00659057001272837
971, 0.00673776026815176
972, 0.00706017715856433
973, 0.00745766314988335
974, 0.00737951416522264
975, 0.00722264987416565
976, 0.00700437168901165
977, 0.00676448363810778
978, 0.0068330872648706
979, 0.00694162965131303
980, 0.00718309187019865
981, 0.00730065473665794
982, 0.00739876343868673
983, 0.00745845609344542
984, 0.00726914808287152
985, 0.0103677805247051
986, 0.00398336614792546
987, 0.00627347026020289
988, 0.00635791981282334
989, 0.00639937142841518
990, 0.00643697365497549
991, 0.00646567127356927
992, 0.00647522586708268
993, 0.0125573452872535
994, 0.0077028419667234
995, 0.00821464555338025
996, 0.00898727541789412
997, 0.00626585384209951
998, 0.00619755607719223
999, 0.00608327868394554
1000, 0.00453570217359811
1001, 0.0050580984291931
1002, 0.00614716966326038
1003, 0.00623610049175719
1004, 0.00565667396100859
1005, 0.00579463061876595
1006, 0.00479460437782109
1007, 0.00431965186726302
1008, 0.00600479892455041
1009, 0.00590950669720769
1010, 0.0054912733224531
1011, 0.0052929592008392
1012, 0.00650152571809789
1013, 0.00659229187294841
1014, 0.00671961546565096
1015, 0.00748446971798937
1016, 0.00742743350565434
1017, 0.00699684970701734
1018, 0.0071083588215212
1019, 0.00748455928017696
1020, 0.0072236992418766
1021, 0.00742858469796677
1022, 0.0072976890951395
1023, 0.0068933159733812
1024, 0.00733472880286475
1025, 0.00647807018831372
1026, 0.00680061957488457
1027, 0.00665043240102629
1028, 0.00654543198955556
1029, 0.00631858090249201
1030, 0.00637741992250085
1031, 0.00628780340775847
1032, 0.00642092099102835
1033, 0.0064581927532951
1034, 0.00717402329402311
1035, 0.00648618203454784
1036, 0.00913623943924904
1037, 0.00656255823560059
1038, 0.00626362308061549
1039, 0.00801333241785566
1040, 0.00858061667531729
1041, 0.00620725704357028
1042, 0.00615907879546285
1043, 0.0057778242820253
1044, 0.00610190715330342
1045, 0.00587159853118161
1046, 0.00603496298814813
1047, 0.00595787237398326
1048, 0.00568172009661794
1049, 0.00559095122540991
1050, 0.00553797728692492
1051, 0.00552415979715685
1052, 0.00624247935290138
1053, 0.00571406205805639
1054, 0.00419044704176486
1055, 0.00661197863519192
1056, 0.00692270478854577
1057, 0.00682199529061715
1058, 0.00666916773964961
1059, 0.00673801987431943
1060, 0.00704338347228865
1061, 0.00734491467786332
1062, 0.00718482413018743
1063, 0.00751343842906256
1064, 0.00656397291459143
1065, 0.00765631285806497
1066, 0.00652417455178996
1067, 0.00777744282303112
1068, 0.00774820211033026
1069, 0.00651019501189391
1070, 0.00633184619558354
1071, 0.00644988473504782
1072, 0.00640046557721992
1073, 0.00629256432875991
1074, 0.00648308964446187
1075, 0.00654959473758936
1076, 0.00815965142101049
1077, 0.00755753484554589
1078, 0.00865058659110218
1079, 0.0064913472160697
1080, 0.00828795414417982
1081, 0.00647831327902774
1082, 0.00626932263063888
1083, 0.00599564122967422
1084, 0.00604329436707
1085, 0.00615696958266199
1086, 0.0060654302748541
1087, 0.00611117544273535
1088, 0.00619939768997331
1089, 0.00623872829601169
1090, 0.00602413325880965
1091, 0.00599608655708532
1092, 0.00617502381404241
1093, 0.00759030757471919
1094, 0.00626402674242854
1095, 0.00918070426476853
1096, 0.00651371882607539
1097, 0.00648554554209113
1098, 0.00803723875433207
1099, 0.00740308089492222
1100, 0.00684130347023408
1101, 0.00698393443599343
1102, 0.00665413122624159
1103, 0.00659434505117436
1104, 0.00673444181059798
1105, 0.00654927617870271
1106, 0.00716909649781883
1107, 0.00767556539115806
1108, 0.00792646105401218
1109, 0.00635051347004871
1110, 0.00643158820457757
1111, 0.00629380504999842
1112, 0.00603658985346556
1113, 0.00829018878617457
1114, 0.00699030809725324
1115, 0.00677468879148364
1116, 0.00632025547591703
1117, 0.00636941776610911
1118, 0.00653656129725277
1119, 0.00627670840670665
1120, 0.00622131822941204
1121, 0.00623311816404263
1122, 0.00626650468135874
1123, 0.00629021343775094
1124, 0.00624484964646399
1125, 0.00622765859588981
1126, 0.00872931629419327
1127, 0.00647012963891029
1128, 0.00642794525871674
1129, 0.00644354545511305
1130, 0.00673940087047716
1131, 0.00714261860897144
1132, 0.00690672888110081
1133, 0.00662540830671787
1134, 0.00646545365452766
1135, 0.00654873981450995
1136, 0.00649810559116304
1137, 0.00746362865902483
1138, 0.00637023469122748
1139, 0.00790887644204001
1140, 0.00641209099973951
1141, 0.00788685008883476
1142, 0.00636097444221377
1143, 0.00659055169671774
1144, 0.00647855744076272
1145, 0.00641240575350821
1146, 0.00637594750151038
1147, 0.00635612437811991
1148, 0.00635483760076265
1149, 0.00635935311826567
1150, 0.00631884792819619
1151, 0.00740010413574055
1152, 0.00703777140006423
1153, 0.00808461625128984
1154, 0.010088006593287
1155, 0.00676697283051908
1156, 0.0076497511472553
1157, 0.00716736276323597
1158, 0.00975388917140663
1159, 0.00285431211523246
1160, 0.000782870606053621
1161, 0.00809051259420812
1162, 0.0087083107791841
1163, 0.00987281867613395
1164, 0.01232868557175
1165, 0.00618668685534171
1166, 0.00285940547473729
1167, 0.00245969494183858
1168, 0.00199040471731375
1169, 0.00139950132385517
1170, 0.00797582301311195
1171, 0.00719505300124486
1172, 0.00647310159790019
1173, 0.00568727225375672
1174, 0.00484092238669594
1175, 0.00398566666990519
1176, 0.00851355834553639
1177, 0.00899152690544724
1178, 0.00943206576630473
1179, 0.00980815865720312
1180, 0.00316095569481452
1181, 0.00294463154083739
1182, 0.00851740237946312
1183, 0.00808718451298773
1184, 0.00801620143465698
1185, 0.00752474018372595
1186, 0.00870939965049426
1187, 0.00706317396834493
1188, 0.00893012573942542
1189, 0.0079941141884774
1190, 0.00649473218557735
1191, 0.00554386316798627
1192, 0.00729057984426618
1193, 0.00452151607411603
1194, 0.0088147446513176
1195, 0.00339587448563959
1196, 0.00767054122739605
1197, 0.00886550479169403
1198, 0.00591647047549486
1199, 0.00883013367032011
1200, 0.00844548813377818
1201, 0.00814490392804146
1202, 0.0091157293257614
1203, 0.00841098418459296
1204, 0.00860598217695951
1205, 0.00804550650840004
1206, 0.00856000501662493
1207, 0.00731058317857484
1208, 0.00808167730325035
1209, 0.00646663658941786
1210, 0.00526426872238517
1211, 0.00339317321777344
1212, 0.00731074782088399
1213, 0.00473967450670898
1214, 0.00841255160048604
1215, 0.00652837986126542
1216, 0.00829787060086216
1217, 0.00982971473907431
1218, 0.00879708351567388
1219, 0.00858105905354023
1220, 0.00413908162154257
1221, 0.00641364992285768
1222, 0.00741847534663975
1223, 0.00459089060314
1224, 0.00860454488013472
1225, 0.00908855581656098
1226, 0.00841433942938844
1227, 0.00795337734743953
1228, 0.00747068328782916
1229, 0.00819966077272381
1230, 0.00876178368926048
