1, 0.00909720407798886
2, 0.0296269939281046
3, 0.00252810976235196
4, 0.00697336066514254
5, 0.014666985720396
6, 0.0146060064435005
7, 0.00853363145142794
8, 0.00276882498292252
9, 0.0290117901749909
10, 0.0108406115323305
11, 0.0139807220548391
12, 0.0171586200594902
13, 0.0103924988902041
14, 0.0118722668848932
15, 0.01290226339673
16, 0.0141897004408141
17, 0.0165924682902793
18, 0.0214811805635691
19, 0.0265585718055566
20, 0.0177224598204096
21, 0.00981902377679944
22, 0.00489111337810755
23, 0.00298976281192154
24, 0.00158893728318314
25, 0.002550430673485
26, 0.00374158867634833
27, 0.00476050470024347
28, 0.00555402669124305
29, 0.00614459013255934
30, 0.00656111080509921
31, 0.00683998169067005
32, 0.00699716300005093
33, 0.00710264003525178
34, 0.00749845212946336
35, 0.00813840717698137
36, 0.00892234779894352
37, 0.00978433123479287
38, 0.0106782944252094
39, 0.0115706715732813
40, 0.0124306439732512
41, 0.0132060929511984
42, 0.014086777344346
43, 0.0145040114099781
44, 0.014577077391247
45, 0.0147018140802781
46, 0.0148132269581159
47, 0.014868225902319
48, 0.0148143628612161
49, 0.0145924814666311
50, 0.0141447850813468
51, 0.0134476100405057
52, 0.0125333446388443
53, 0.0115053389842312
54, 0.0104811368510127
55, 0.0100714440923184
56, 0.00962413443873326
57, 0.0100752360497912
58, 0.0108583653345704
59, 0.0117087736725807
60, 0.0124858682975173
61, 0.0130708441138268
62, 0.0134095267082254
63, 0.0135092108199994
64, 0.0134132575864593
65, 0.0131752692783872
66, 0.0128499527151386
67, 0.0124817177032431
68, 0.0121068169052402
69, 0.0117525622869531
70, 0.0114388034368555
71, 0.0111823404828707
72, 0.0110012137641509
73, 0.0109223080798984
74, 0.0109930199881395
75, 0.0113105882580082
76, 0.012066390675803
77, 0.0131250883763035
78, 0.0122845389414579
79, 0.0103867777312795
80, 0.00987694505602121
81, 0.0095329787582159
82, 0.00927325959006945
83, 0.00906570069491863
84, 0.00889152971406778
85, 0.0087487551694115
86, 0.00864682346582413
87, 0.00858060014434159
88, 0.00858567202729838
89, 0.00868627553184827
90, 0.00877115859960516
91, 0.00883575606470307
92, 0.00886966086303194
93, 0.00886444297308723
94, 0.00881190473834674
95, 0.00870390733083089
96, 0.00853247009217739
97, 0.00828825961798429
98, 0.00795814022421837
99, 0.00752241831893722
100, 0.00695424069029589
101, 0.00621791478867332
102, 0.00527498320055505
103, 0.00410679168999195
104, 0.002785500488244
105, 0.00176460914857065
106, 0.00339743751101196
107, 0.00556211926353474
108, 0.01084313262254
109, 0.0184834732984503
110, 0.027096268410484
111, 0.0213826773688197
112, 0.0167127214372158
113, 0.0144905584553878
114, 0.0134817979608973
115, 0.0129497835102181
116, 0.0126427607610822
117, 0.0124463929484288
118, 0.012301720213145
119, 0.0121724794929226
120, 0.0120283736226459
121, 0.0118423950237532
122, 0.0115765469769637
123, 0.0111618990389009
124, 0.0111029543913901
125, 0.011190361653765
126, 0.0114554166793823
127, 0.0117583430061738
128, 0.0120898587629199
129, 0.0124287217234572
130, 0.0127557599917054
131, 0.013055603330334
132, 0.0133175859227777
133, 0.0135351540520787
134, 0.0137051899606983
135, 0.0138323875144124
136, 0.0138398194685578
137, 0.0137616451829672
138, 0.0134715596213937
139, 0.0132726322238644
140, 0.0131180298825105
141, 0.0129745751619339
142, 0.0128156639014681
143, 0.0126147149130702
144, 0.0123476218432188
145, 0.0119938508917888
146, 0.0115391950433453
147, 0.0109798523286978
148, 0.0103275245055556
149, 0.00961226783692837
150, 0.00888092909008265
151, 0.008177042628328
152, 0.00756149940813581
153, 0.00713869789615273
154, 0.00318895012605935
155, 0.00523775924618046
156, 0.0102944498260816
157, 0.0178489613657196
158, 0.0262764636427164
159, 0.0261230965455373
160, 0.0180489930013816
161, 0.0101967807859182
162, 0.00508625425087909
163, 0.00327393618257095
164, 0.00855489758153757
165, 0.00860599583635728
166, 0.00868782804658016
167, 0.00879917231698831
168, 0.00893505911032359
169, 0.00909186154603958
170, 0.00926549515376488
171, 0.00945264069984357
172, 0.00965106890847286
173, 0.00986002354572217
174, 0.0100812998910745
175, 0.0103211347013712
176, 0.0105929703762134
177, 0.0109176722665628
178, 0.0113483034074306
179, 0.0119997148091594
180, 0.0143328176345676
181, 0.0153593569993973
182, 0.0140736425916354
183, 0.0131480830411116
184, 0.0126817279184858
185, 0.0124700708935658
186, 0.0123902295405666
187, 0.0123793209592501
188, 0.0124012604355812
189, 0.0124333236987392
190, 0.012459134683013
191, 0.0124659792830547
192, 0.0124438051134348
193, 0.0123852662121256
194, 0.0122862858697772
195, 0.0121466256678104
196, 0.0119703874612848
197, 0.0117660782610377
198, 0.0115476616968711
199, 0.0113328446944555
200, 0.0111420676112175
201, 0.0109904324635863
202, 0.011009823763743
203, 0.0125133076993128
204, 0.00820190614710251
205, 0.00210204625036567
206, 0.0113997266938289
207, 0.0136406417004764
208, 0.0140832999188985
209, 0.0153059627239903
210, 0.0186773302654425
211, 0.0245332501828671
212, 0.00471966482291464
213, 0.0193390443122813
214, 0.00541768409311771
215, 0.00460705362881223
216, 0.00361786724533886
217, 0.00270035888145988
218, 0.0120334898432096
219, 0.0111501839322348
220, 0.0102469975439211
221, 0.00935288658365607
222, 0.00850999293227991
223, 0.0077669908447812
224, 0.00723303474175433
225, 0.0116542897497614
226, 0.012407072664549
227, 0.0131407145721217
228, 0.0137308582973977
229, 0.0141305173747241
230, 0.0143476238784691
231, 0.0144180621330937
232, 0.014388465632995
233, 0.014298264713337
234, 0.0141756096854806
235, 0.0140988235361874
236, 0.0139042745965223
237, 0.0132409463015695
238, 0.013843508126835
239, 0.0137025450045864
240, 0.0109368057921529
241, 0.0127326557412744
242, 0.0136225732664267
243, 0.0139253603604933
244, 0.0138191527997454
245, 0.0135698852439721
246, 0.0128813246265054
247, 0.00809441320598125
248, 0.00984030806769927
249, 0.00892145186662674
250, 0.0116708817270895
251, 0.0107650775462389
252, 0.0135373115539551
253, 0.00604417019834121
254, 0.00697253355756402
255, 0.00651151748994986
256, 0.00597939236710469
257, 0.00550503749400377
258, 0.00506691460032016
259, 0.00681226708305379
260, 0.0164282670510667
261, 0.0133766769431531
262, 0.0145975866665443
263, 0.00731876578980258
264, 0.0133900859260133
265, 0.0122403886967472
266, 0.0137985510130723
267, 0.0138725230159859
268, 0.013906050628672
269, 0.0130234823251764
270, 0.0136116499391695
271, 0.0131886914993326
272, 0.0136387824701766
273, 0.0133983747412761
274, 0.00682461564429104
275, 0.0104032168164849
276, 0.011308578774333
277, 0.00942199196045597
278, 0.00843315843182305
279, 0.00710913670870165
280, 0.00735270821799835
281, 0.012505850289017
282, 0.00643437247102459
283, 0.0142532113407339
284, 0.0127447216461102
285, 0.0124723369566103
286, 0.0138948516299327
287, 0.0142282683712741
288, 0.0130989062599838
289, 0.013489613464723
290, 0.0143874531301359
291, 0.0075656200448672
292, 0.0129602918401361
293, 0.00780906940677336
294, 0.0110742401642104
295, 0.0122618508924331
296, 0.00897927147646745
297, 0.0100497604968647
298, 0.00769797470420599
299, 0.0132112693041563
300, 0.00740415641727547
301, 0.0153546841815114
302, 0.00863029722434779
303, 0.0123562219863137
304, 0.0118538547041161
305, 0.0128503264859319
306, 0.0141252567991614
307, 0.00847385693341494
308, 0.0134386215358973
309, 0.0147308812787135
310, 0.0108308355944852
311, 0.00963547173887491
312, 0.0117966860532761
313, 0.00880113244056702
314, 0.0160819610270361
315, 0.00759087409824133
316, 0.0119465303917726
317, 0.00989470925802986
318, 0.0124990005667011
319, 0.0108363347438475
320, 0.0133041290876766
321, 0.0143009036158522
322, 0.00929488443459074
323, 0.0151072959415615
324, 0.00811691954731941
325, 0.011586144939065
326, 0.0102165969088674
327, 0.0115494038909674
328, 0.012805020591865
329, 0.0152399929550787
330, 0.0103472128200034
331, 0.0112028697816034
332, 0.0140839245480796
333, 0.0152722792699933
334, 0.0126651491348942
335, 0.00942485239356756
336, 0.0116063769285878
337, 0.0169128440320492
338, 0.00891143145660559
339, 0.0088218206850191
340, 0.00737730359348158
341, 0.00876946545516451
342, 0.00885549311836561
343, 0.00892970664426684
344, 0.00890191954871019
345, 0.00868316724275549
346, 0.00847997236996889
347, 0.00820384547114372
348, 0.00784209176587562
349, 0.00678670243360102
350, 0.00604098134984573
351, 0.0051077394746244
352, 0.00397625115389625
353, 0.00296112231444567
354, 0.0111870442827543
355, 0.0111358595701555
356, 0.0111090135760605
357, 0.0113474479876459
358, 0.012146235909313
359, 0.0127644663055738
360, 0.0132526367281874
361, 0.0131433246036371
362, 0.0128444905082385
363, 0.0115712663779656
364, 0.0118428431451321
365, 0.0124620211621126
366, 0.0130226484810313
367, 0.0131991012021899
368, 0.0119626104521255
369, 0.0115936920046806
370, 0.0123662577631573
371, 0.0117724222751955
372, 0.0111899749996761
373, 0.0106812110170722
374, 0.00865518059581518
375, 0.00907948659732938
376, 0.00929694762453437
377, 0.00956320653979977
378, 0.00990890602891644
379, 0.0104273584050437
380, 0.0185753175367912
381, 0.0135410499448578
382, 0.0151526623715957
383, 0.0246546316891909
384, 0.0194746422182236
385, 0.00499915506225079
386, 0.0146578672741141
387, 0.00906224925226221
388, 0.00235897407401353
389, 0.00865811668336391
390, 0.00828863012914856
391, 0.00756042986176908
392, 0.00655743572860956
393, 0.00531097338534892
394, 0.00875800009816885
395, 0.00904342904686928
396, 0.0089103428957363
397, 0.00904682061324517
398, 0.00899563108881315
399, 0.00900310029586156
400, 0.00890721380710602
401, 0.00709153416876992
402, 0.00855340668931603
403, 0.00795895086290936
404, 0.00594661439148088
405, 0.0112916495030125
406, 0.0120404583091537
407, 0.0125646757272383
408, 0.0129982849272589
409, 0.0131156135660907
410, 0.0115769628124932
411, 0.0112732984125614
412, 0.0112003874965012
413, 0.0112037505023181
414, 0.0114007124987741
415, 0.0131143808054427
416, 0.0128045642438034
417, 0.0117939485547443
418, 0.012302957319965
419, 0.0123077041159074
420, 0.0126789772572617
421, 0.0129702559982737
422, 0.00889848591759801
423, 0.0100788877656062
424, 0.00941466307267547
425, 0.00875173850605885
426, 0.00970837380737066
427, 0.0105512943118811
428, 0.0124248930563529
429, 0.01151102501899
430, 0.014444041531533
431, 0.012029316542404
432, 0.0112611357388752
433, 0.008798890880176
434, 0.00922558254872759
435, 0.00923113866398732
436, 0.00835611384051541
437, 0.00917471184705695
438, 0.00894937120998899
439, 0.00857919454574585
440, 0.00908134582762917
441, 0.00878019987915953
442, 0.00919476989656687
443, 0.00812730930435161
444, 0.00910112479080757
445, 0.00792978261597455
446, 0.00779754358033339
447, 0.00769766505497197
448, 0.0128947421908379
449, 0.0113615795659522
450, 0.0114681796791653
451, 0.0112113086506724
452, 0.011319007879744
453, 0.0116570655566951
454, 0.0118825404594342
455, 0.0132621124697228
456, 0.0134160321516295
457, 0.0134180678675572
458, 0.0111420958613356
459, 0.0121406509230534
460, 0.0130118743206064
461, 0.0132258348166943
462, 0.0111101432703435
463, 0.0127205018264552
464, 0.0124240474154552
465, 0.0112499898920457
466, 0.00916733282307784
467, 0.00978230095158021
468, 0.0101565023263295
469, 0.0106152974379559
470, 0.00896146070833007
471, 0.0131797518891593
472, 0.0163133561921616
473, 0.0111078459769487
474, 0.013956794382206
475, 0.0110371179346527
476, 0.00903365931784113
477, 0.00906308833509684
478, 0.00927150482311845
479, 0.00963468857419988
480, 0.00944724477206667
481, 0.00935516428823272
482, 0.00916881005590161
483, 0.00935406284406781
484, 0.00947917485609651
485, 0.00946185737848282
486, 0.00942070161302884
487, 0.00926565968741973
488, 0.00908298728366693
489, 0.0116941255206863
490, 0.0119887413457036
491, 0.0109793256657819
492, 0.010947421969225
493, 0.0139610838765899
494, 0.0141016362855832
495, 0.0136206299066544
496, 0.0111410982596378
497, 0.0110437890204291
498, 0.0112774941759805
499, 0.0114592464330296
500, 0.0123443569367131
501, 0.0131940281329056
502, 0.0127512874702613
503, 0.0089780556038022
504, 0.0111062324916323
505, 0.0110420681536198
506, 0.00947776467849811
507, 0.00758747821673751
508, 0.0105721967605253
509, 0.0101623235580822
510, 0.00920710819108146
511, 0.0153836871807774
512, 0.0108724957332015
513, 0.0102778944807748
514, 0.00992338995759686
515, 0.0110901071290885
516, 0.00969961990735361
517, 0.00975946709513664
518, 0.00975570688024163
519, 0.00974838156253099
520, 0.00974078833435973
521, 0.0097155082039535
522, 0.00969672187541922
523, 0.0096920351497829
524, 0.00975875975564122
525, 0.0107124908827245
526, 0.0114782131277025
527, 0.0107328224306305
528, 0.0118417503933112
529, 0.0112120270108183
530, 0.0147601681362305
531, 0.0110223283991218
532, 0.0107997270921866
533, 0.0108907643395166
534, 0.0140930914009611
535, 0.0123055802347759
536, 0.0128502200047175
537, 0.0108984598579506
538, 0.0134530649520457
539, 0.0148231396451592
540, 0.0100131337530911
541, 0.00977476360276341
542, 0.0105374459443348
543, 0.0100638389121741
544, 0.0166622184527417
545, 0.0133231173579892
546, 0.0156107063715657
547, 0.0114048831164837
548, 0.0108433418596784
549, 0.0104984760594865
550, 0.00999139249324799
551, 0.0102960471995175
552, 0.0101132305072887
553, 0.0103648249059916
554, 0.0100106827914715
555, 0.0112145591216783
556, 0.0109052994909386
557, 0.0101308124139905
558, 0.0101070355934401
559, 0.010081414754192
560, 0.0101848629613717
561, 0.0104396312187115
562, 0.0107026658952236
563, 0.0116670597344637
564, 0.0105742826126516
565, 0.010674138708661
566, 0.00949630625545978
567, 0.010494080837816
568, 0.0143871533994873
569, 0.012268683873117
570, 0.0128574470678965
571, 0.013582777697593
572, 0.0117361520727475
573, 0.0100879434806605
574, 0.0103127953285972
575, 0.0104578921571374
576, 0.0125647558209797
577, 0.0134118574981888
578, 0.0121430287137628
579, 0.0143766424929102
580, 0.012537501907597
581, 0.0153501920091609
582, 0.0151580519974232
583, 0.00901112317418059
584, 0.0140873244963586
585, 0.011478609405458
586, 0.0128275717919072
587, 0.0132390729462107
588, 0.0139696607366204
589, 0.0153719399434825
590, 0.0185862090438604
591, 0.0133201048399011
592, 0.0131178408240279
593, 0.0128795960918069
594, 0.0126135547955831
595, 0.0123301666850845
596, 0.0120446238045891
597, 0.0117746884934604
598, 0.0115440447504322
599, 0.007291007709379
600, 0.0078318864107132
601, 0.00852422198901574
602, 0.00925999088212848
603, 0.0100011394048731
604, 0.0106956508631508
605, 0.0113049341986577
606, 0.0118093586837252
607, 0.0122072325708965
608, 0.0125095487261812
609, 0.0127347907982767
610, 0.0129060349427164
611, 0.0130488025024533
612, 0.0131893081900974
613, 0.013356347878774
614, 0.0135743853946527
615, 0.0061369959730655
616, 0.00554441101849079
617, 0.00478200940415263
618, 0.00384510130000611
619, 0.00294526780877883
620, 0.00226058012340218
621, 0.0190808173002941
622, 0.00511430866026785
623, 0.0125769400037825
624, 0.0163038597841348
625, 0.0117761911824346
626, 0.0131808219787975
627, 0.0122721701239546
628, 0.0124070276506245
629, 0.0121417557820678
630, 0.0119871251905958
631, 0.0137450948047141
632, 0.0147047862410545
633, 0.0242905810475349
634, 0.00891103517885009
635, 0.0104479715228081
636, 0.0121025304930905
637, 0.0132479650589327
638, 0.00816156016662717
639, 0.0111122393670181
640, 0.0116654511851569
641, 0.012676609835277
642, 0.0124334425975879
643, 0.00969860594098767
644, 0.0128545295447111
645, 0.0129922524405022
646, 0.0131160483385126
647, 0.0134840334455172
648, 0.0125487851910293
649, 0.0136055490002036
650, 0.0129579557105899
651, 0.0120956993972262
652, 0.0137027852237225
653, 0.0127638444925348
654, 0.0123214037157595
655, 0.0118851833976805
656, 0.0131244502651195
657, 0.00658683090781172
658, 0.00623481961277624
659, 0.00584103252428273
660, 0.00546774764855703
661, 0.00687326064022879
662, 0.00661538432662686
663, 0.0134397719853691
664, 0.01260074833408
665, 0.0124337148542205
666, 0.0121525487241646
667, 0.0122936887977024
668, 0.0143429512778918
669, 0.0136563281218211
670, 0.0152570291732748
671, 0.0102184941060841
672, 0.0109598531077305
673, 0.0130604541239639
674, 0.0123992852556209
675, 0.0093837931441764
676, 0.0129588283598423
677, 0.0128315455901126
678, 0.00849560756857196
679, 0.0126529337527851
680, 0.0131642230165501
681, 0.0115692488228281
682, 0.0120450023872157
683, 0.0128309902114173
684, 0.00740322158006685
685, 0.0117229771401201
686, 0.0132577718856434
687, 0.013013773287336
688, 0.012879971259584
689, 0.0127207338809967
690, 0.0121572005252043
691, 0.0125417380283276
692, 0.0123479201768835
693, 0.0133692782061795
694, 0.00696656526997685
695, 0.00762837426736951
696, 0.00759612986197074
697, 0.00721769166799883
698, 0.0119837263288597
699, 0.0122024749538728
700, 0.0147315428281824
701, 0.012883732561022
702, 0.0126628838479519
703, 0.0124946534633636
704, 0.0123513168655336
705, 0.0141222729968528
706, 0.0124183252143363
707, 0.0126754532878598
708, 0.0130964961523811
709, 0.0130329551175237
710, 0.0108383980890115
711, 0.00997136952355504
712, 0.0128448545001447
713, 0.0129568801882366
714, 0.00902004974583785
715, 0.0120439524762332
716, 0.0115247618717452
717, 0.00779922995716333
718, 0.0132725710049272
719, 0.013196861371398
720, 0.0119905414059758
721, 0.0131203633112212
722, 0.0123816371584932
723, 0.012567434925586
724, 0.0127263170046111
725, 0.0128618663487335
726, 0.0129707627929747
727, 0.0131886548229626
728, 0.0079277115208762
729, 0.00771577221651872
730, 0.00895555930522581
731, 0.00784456885109345
732, 0.00701685203239322
733, 0.0113440897315741
734, 0.0160203569435648
735, 0.0136077034597596
736, 0.0124265719205141
737, 0.0132215653235714
738, 0.0143822686125835
739, 0.0129412544580797
740, 0.0127327867473165
741, 0.0125627756739656
742, 0.0127533144938449
743, 0.0125007138897975
744, 0.0129046371827523
745, 0.0130584047042898
746, 0.0129873240366578
747, 0.0130314878188074
748, 0.00963193484182869
749, 0.010739757368962
750, 0.012108131001393
751, 0.0115372984049221
752, 0.0136055084876716
753, 0.0130476172392567
754, 0.0153301963582635
755, 0.0126181702528681
756, 0.0129792316195865
757, 0.0127628540309767
758, 0.0128907205847402
759, 0.00870988207558791
760, 0.00956160513063272
761, 0.0080135190859437
762, 0.0105427995634576
763, 0.0105789069618498
764, 0.0135427098721266
765, 0.0132267703302205
766, 0.012896540419509
767, 0.012979620291541
768, 0.0130156031809747
769, 0.0127857741899788
770, 0.0126573387533426
771, 0.0130629052097599
772, 0.0130502918735147
773, 0.0130622981426617
774, 0.0122517761774361
775, 0.0106962259548406
776, 0.0116334912988047
777, 0.013101663812995
778, 0.0139382459844152
779, 0.0130291947474082
780, 0.00857318304479122
781, 0.010662578312414
782, 0.0128158276900649
783, 0.0130297172193726
784, 0.0129439871137341
785, 0.0148130248611172
786, 0.0130062393533687
787, 0.0130632727273873
788, 0.0126557573676109
789, 0.0137418975743155
790, 0.0134504518161217
791, 0.013188311830163
792, 0.0131954580234985
793, 0.0131183830089867
794, 0.0131776883887748
795, 0.0131319851304094
796, 0.0129106845706701
797, 0.0140429766227802
798, 0.0125157029057542
799, 0.0118618955214818
800, 0.0142981894314289
801, 0.0131309122911521
802, 0.0147922480744975
803, 0.0137184850561122
804, 0.0135355798217158
805, 0.013335460331291
806, 0.013123319670558
807, 0.0134262597809235
808, 0.0133402595917384
809, 0.0134321039852997
810, 0.0132166075830658
811, 0.0138425605371594
812, 0.0129768466576934
813, 0.0132817565463483
814, 0.0129106277599931
815, 0.0138287899705271
816, 0.0122439189193149
817, 0.0134226119456192
818, 0.0112190896645188
819, 0.0137480582731465
820, 0.0142794370961686
821, 0.00974169373512268
822, 0.016070842044428
823, 0.00850962991050134
824, 0.00236384982708842
825, 0.011397911546131
826, 0.0128565095365047
827, 0.0132786661076049
828, 0.0140102702813844
829, 0.0137607061769813
830, 0.0153959598392248
831, 0.0185528639703989
832, 0.024084934592247
833, 0.0051229444652563
834, 0.0187400637660176
835, 0.00743585196323693
836, 0.00685158798781534
837, 0.00610431997726361
838, 0.00517125877862175
839, 0.004067365739805
840, 0.00306618968412901
841, 0.0109613975510001
842, 0.0106328583012025
843, 0.0103565687313676
844, 0.0101081010264655
845, 0.00987667279938857
846, 0.00965768874933322
847, 0.00945040319735805
848, 0.00925607125585278
849, 0.0090778690452377
850, 0.00891940761357546
851, 0.00878567000230153
852, 0.00868030792723099
853, 0.00860857544466853
854, 0.0119599099270999
855, 0.0121185717483362
856, 0.0122508665857216
857, 0.0123518435284495
858, 0.0124204262780646
859, 0.0124591418231527
860, 0.0124736993263165
861, 0.0124725081647436
862, 0.0124664766093095
863, 0.0124693849744896
864, 0.0124987958309551
865, 0.0125782742785911
866, 0.0127421164264282
867, 0.0130311925895512
868, 0.0134458102596303
869, 0.0139166555988292
870, 0.00788812766162058
871, 0.00669859644646446
872, 0.00558936262192826
873, 0.0076932095301648
874, 0.00867453667645653
875, 0.00849041994661093
876, 0.00823314068838954
877, 0.00886134694640835
878, 0.00887917323658864
879, 0.00885848483691613
880, 0.00880657415837049
881, 0.00872808725883563
882, 0.00864909086376429
883, 0.00723562249913812
884, 0.00612211925908923
885, 0.0117838707131644
886, 0.0111879030242562
887, 0.0124308814605077
888, 0.0130914451243977
889, 0.0114339476761719
890, 0.011602954318126
891, 0.0123685280171533
892, 0.0125689284565548
893, 0.012531872993956
894, 0.0125143813590209
895, 0.0121721491838495
896, 0.0122818665889402
897, 0.0124708951140443
898, 0.0124932943532864
899, 0.0125049264170229
900, 0.0126372040249407
901, 0.0127476335813602
902, 0.012904939862589
903, 0.0164186471762757
904, 0.0125930211506784
905, 0.0132484046431879
906, 0.0122598903253675
907, 0.0124093371753891
908, 0.0119408170382182
909, 0.0138306285565098
910, 0.0147895001185437
911, 0.0113820116966963
912, 0.00881313191105922
913, 0.00911998531470696
914, 0.00952544715255499
915, 0.0102504761889577
916, 0.00999504529560606
917, 0.0108230247472723
918, 0.0120114139281213
919, 0.0128608027473092
920, 0.0111656367468337
921, 0.00931294138232867
922, 0.00975368202974399
923, 0.0105235441587865
924, 0.00894918261716763
925, 0.00871612104986395
926, 0.0115703271169748
927, 0.0130019439384341
928, 0.00836574363832672
929, 0.00879564291487137
930, 0.00875965273007751
931, 0.0088857834537824
932, 0.00893547727415959
933, 0.00895513966679573
934, 0.00881069339811802
935, 0.00859366186584035
936, 0.00807085788498322
937, 0.00817604021479686
938, 0.00835483412568768
939, 0.0119038885459304
940, 0.0113005291981002
941, 0.0117632568192979
942, 0.0125319731111328
943, 0.012723525830855
944, 0.0126590295694768
945, 0.0125346713078519
946, 0.0126019188513358
947, 0.0125274040425817
948, 0.0125634735450149
949, 0.0125427756768962
950, 0.0127586256712675
951, 0.012514122761786
952, 0.0124376708020767
953, 0.0123674267282089
954, 0.0124858594499528
955, 0.0080680672544986
956, 0.0120440176688135
957, 0.0126187374504904
958, 0.0121136556069056
959, 0.0117106749676168
960, 0.0124229984357953
961, 0.0137766849560042
962, 0.0128755754170318
963, 0.0116002564318478
964, 0.0109629048965871
965, 0.0113069120173653
966, 0.0106505517226954
967, 0.0100863675276438
968, 0.0103598893620074
969, 0.00982658037294944
970, 0.00958015381669005
971, 0.00935057131573558
972, 0.00914237275719643
973, 0.00896070183565219
974, 0.012149343577524
975, 0.00872170847530166
976, 0.00886926349873344
977, 0.0089556078559586
978, 0.00902465839559833
979, 0.00908530891562502
980, 0.00898050082226594
981, 0.00893558996419112
982, 0.00957322726026177
983, 0.00938098908712467
984, 0.00887171210100253
985, 0.0121660434330503
986, 0.0125883525858323
987, 0.0125813786871731
988, 0.0120427287183702
989, 0.0124773044760029
990, 0.0125466156750917
991, 0.0125653557479382
992, 0.0125304283574224
993, 0.0125122349709272
994, 0.0125199410443505
995, 0.0125207688348989
996, 0.0125242181432744
997, 0.0129304222452144
998, 0.0125791705213487
999, 0.0116402376443148
1000, 0.0127367418259382
1001, 0.0125475853371123
1002, 0.0126665844582021
1003, 0.0120779409383734
1004, 0.0118751120753586
1005, 0.0122527633793652
1006, 0.00883891340345144
1007, 0.00854578412448367
1008, 0.0122757330536842
1009, 0.0116947779121498
1010, 0.0132820317521691
1011, 0.0104397522906462
1012, 0.00935793916384379
1013, 0.0113986874930561
1014, 0.0101519793582459
1015, 0.00987563515082002
1016, 0.00960843435799082
1017, 0.0107401567511261
1018, 0.0110585568472743
1019, 0.00913919120406111
1020, 0.0122629019564816
1021, 0.0144968157013257
1022, 0.0081645759443442
1023, 0.0155263083676497
1024, 0.0093020840237538
1025, 0.015010425200065
1026, 0.00909831638758381
1027, 0.00932177435606718
1028, 0.0133061255328357
1029, 0.00934522179886699
1030, 0.00922082162772616
1031, 0.00911566168069839
1032, 0.00911004655063152
1033, 0.0124077295574049
1034, 0.0126578748847047
1035, 0.00905537170668443
1036, 0.0123042388198276
1037, 0.0106264675656954
1038, 0.0126122070165972
1039, 0.0125134508125484
1040, 0.0126920213612417
1041, 0.0125622681031624
1042, 0.012467752986898
1043, 0.0121811317013843
1044, 0.0123269506730139
1045, 0.012424875361224
1046, 0.0123810350584487
1047, 0.0129713689287504
1048, 0.0119186573040982
1049, 0.0122647771301369
1050, 0.0127057681481043
1051, 0.0124523988924921
1052, 0.00998750561848283
1053, 0.0117729967460036
1054, 0.010494289919734
1055, 0.00959773656601707
1056, 0.0124908499419689
1057, 0.00931674536938469
1058, 0.0108024935858945
1059, 0.0114535079337656
1060, 0.0111179083275298
1061, 0.0101930075325072
1062, 0.00989710275704662
1063, 0.00931035572042068
1064, 0.0137414157701035
1065, 0.014306704668949
1066, 0.00860140154448648
1067, 0.016357668209821
1068, 0.0120545396847384
1069, 0.0118110477924347
1070, 0.0146273053251207
1071, 0.0100642844724158
1072, 0.0122851813212037
1073, 0.00992607496057948
1074, 0.00935485245039066
1075, 0.00934329691032569
1076, 0.00983636934931079
1077, 0.0126763360264401
1078, 0.0127575718797743
1079, 0.0132920860002438
1080, 0.0125544539963206
1081, 0.00931002510090669
1082, 0.0126384768324594
1083, 0.0125879434247812
1084, 0.0124999612259368
1085, 0.0124161612863342
1086, 0.0136706825966636
1087, 0.00935640061895053
1088, 0.0111633598183592
1089, 0.0123346083176633
1090, 0.0120809005573392
1091, 0.0121610624094804
1092, 0.0122511798205475
1093, 0.0124707743525505
1094, 0.0121741892459492
1095, 0.0128237234118084
1096, 0.0127039601405462
1097, 0.0117894515084724
1098, 0.0121097790077329
1099, 0.0126895687232415
1100, 0.0108418110758066
1101, 0.00953549239784479
1102, 0.0111564947292209
1103, 0.00988803167516986
1104, 0.010526141927888
1105, 0.011465094362696
1106, 0.0102091071506341
1107, 0.0141291211669644
1108, 0.0102822148861984
1109, 0.0155831955683728
1110, 0.010771881788969
1111, 0.0124564773536154
1112, 0.0119611121093233
1113, 0.0143038684812685
1114, 0.0120819658041
1115, 0.0109252627007663
1116, 0.0106327409545581
1117, 0.015600965047876
1118, 0.010416733721892
1119, 0.0127596015421053
1120, 0.0097089617823561
1121, 0.00959923195963105
1122, 0.00965243407214681
1123, 0.0135585186071694
1124, 0.0126269169462224
1125, 0.0127149821879963
1126, 0.0127929880594214
1127, 0.0124930298576752
1128, 0.0123642853771647
1129, 0.0122433869789044
1130, 0.00977039849385619
1131, 0.0121217655638854
1132, 0.0118335736915469
1133, 0.0120039409957826
1134, 0.0128816903258363
1135, 0.0150490372131268
1136, 0.0139221952607234
1137, 0.012852494760106
1138, 0.0129792465207477
1139, 0.0128643428906798
1140, 0.0113279069773853
1141, 0.0111816429222624
1142, 0.0114960569577912
1143, 0.0108663040834169
1144, 0.0102005979667107
1145, 0.01053997532775
1146, 0.0118838070581357
1147, 0.0139657976105809
1148, 0.0126218112806479
1149, 0.0151530617537598
1150, 0.0113648308130602
1151, 0.0117730915856858
1152, 0.0110416410801311
1153, 0.0126786668164035
1154, 0.0129448432209236
1155, 0.0101496819406748
1156, 0.0100343604572117
1157, 0.0124949823754529
1158, 0.0128625819149117
1159, 0.0123148974962533
1160, 0.0136956195347011
1161, 0.0121435251397391
1162, 0.0120032678047816
1163, 0.0102604657101134
1164, 0.0118190555700234
1165, 0.0146016872798403
1166, 0.0130219766870141
1167, 0.00986905101065834
1168, 0.0129885450005531
1169, 0.0132420030422509
1170, 0.0115018559930225
1171, 0.011201736672471
1172, 0.0105255955298032
1173, 0.0108873196877539
1174, 0.0122934089352687
1175, 0.0130496666145821
1176, 0.0130687405665716
1177, 0.00993366229037444
1178, 0.0126882204785943
1179, 0.0134956312055389
1180, 0.0142985245523353
1181, 0.0103064165450633
1182, 0.013650330559661
1183, 0.0120235484403869
1184, 0.0145271308720112
1185, 0.0116372167443236
1186, 0.0125018761803706
1187, 0.0106221203071376
1188, 0.012739240967979
1189, 0.0104815859037141
1190, 0.0124859862650434
1191, 0.0122730842170616
1192, 0.0129445392328004
1193, 0.0120435905021926
1194, 0.0118660751419763
1195, 0.0107847123096387
1196, 0.0141763218368093
1197, 0.0130383175176879
1198, 0.0115451960203548
1199, 0.0134068101954957
1200, 0.0112246897382041
1201, 0.0109031915664673
1202, 0.0132391438819468
1203, 0.0132091182417103
1204, 0.0117384869605303
1205, 0.0117641739547253
1206, 0.0107306855109831
1207, 0.0142279904335737
1208, 0.0137272598221898
1209, 0.0121429297141731
1210, 0.0125437883349756
1211, 0.0110391682013869
1212, 0.0101541323587298
1213, 0.0125173887548347
1214, 0.0122329120834668
1215, 0.0119520799877743
1216, 0.0113084708961348
1217, 0.0129765012922386
1218, 0.0137769946207603
1219, 0.0134486339188048
1220, 0.01304705052947
1221, 0.011636309192649
1222, 0.014330835826695
1223, 0.0111742460479339
1224, 0.0134500476221244
1225, 0.0131760019809008
1226, 0.0125450467069944
1227, 0.0114282639697194
1228, 0.0121990665793419
1229, 0.0118740540929139
1230, 0.0117831006646156
1231, 0.0136837545516235
1232, 0.0133860276213714
1233, 0.0110128431447915
1234, 0.0133774435768525
1235, 0.0128226494416595
1236, 0.0131400011790295
1237, 0.0115419042607148
1238, 0.0129961231723428
1239, 0.0161250436678529
1240, 0.0131792433559895
1241, 0.00997802764177322
1242, 0.012933898717165
1243, 0.0134381888434291
