1, 0.00811389647424221
2, 0.0193403984885663
3, 0.00233139720512554
4, 0.00777355208992958
5, 0.00980369001626968
6, 0.011615538969636
7, 0.00748268375173211
8, 0.00238548696506768
9, 0.0194666841998696
10, 0.00888482248410583
11, 0.00975132640451193
12, 0.0127694616094232
13, 0.00903995777480304
14, 0.00995367610206207
15, 0.0108875096775591
16, 0.0134602525892357
17, 0.0171135924756527
18, 0.00991804509734114
19, 0.00452763571714361
20, 0.00262924873580535
21, 0.00409377195561926
22, 0.00528490737391015
23, 0.00612846226431429
24, 0.00670600573842724
25, 0.00710477602357666
26, 0.00738232070580125
27, 0.0075749206977586
28, 0.00770624680444598
29, 0.00777181082715591
30, 0.00786087964661419
31, 0.00808343291282654
32, 0.00834636017680168
33, 0.00867177018274864
34, 0.00902580749243498
35, 0.0093726667885979
36, 0.00966091205676397
37, 0.00975664239376783
38, 0.00986773986369371
39, 0.0100123056521018
40, 0.0101993999754389
41, 0.0104029116531213
42, 0.0105867497622967
43, 0.0106870985279481
44, 0.0106231846536199
45, 0.0103305963178476
46, 0.00981644820421934
47, 0.00915921820948521
48, 0.00861981386939684
49, 0.00858188141137362
50, 0.00908162444829941
51, 0.00968875456601381
52, 0.0101722596834103
53, 0.0104355458170176
54, 0.0104616445799669
55, 0.0103112158055107
56, 0.0100629044075807
57, 0.00977892273416122
58, 0.00949618220329285
59, 0.00923466930786769
60, 0.00900114079316457
61, 0.00879673380404711
62, 0.00861926966657241
63, 0.00846542697399855
64, 0.00833213453491529
65, 0.00821744650602341
66, 0.00812051972995202
67, 0.00804223710050186
68, 0.0079859293376406
69, 0.0079579542701443
70, 0.00797032626966635
71, 0.00804545947661003
72, 0.00822614536931117
73, 0.00859406186888615
74, 0.00942040545245012
75, 0.0101515492424369
76, 0.00996227251986662
77, 0.00836495403200388
78, 0.00789641883845131
79, 0.00768735135595004
80, 0.00758485511566202
81, 0.00753511892010768
82, 0.00753729650750756
83, 0.00761167618579098
84, 0.00786438227320711
85, 0.0080725671723485
86, 0.00825440728416046
87, 0.00840354105457664
88, 0.00851882730300228
89, 0.00860228048016628
90, 0.00865617673844099
91, 0.00868367900451024
92, 0.00868781392152111
93, 0.00867137064536413
94, 0.00863579536477725
95, 0.00858106945330898
96, 0.00850645576914152
97, 0.00840992899611592
98, 0.00828801452492674
99, 0.00813508313149214
100, 0.0079426208200554
101, 0.00769694327997665
102, 0.0073761292733252
103, 0.00694370347385605
104, 0.00633821877030035
105, 0.00545700918883085
106, 0.00420383107848465
107, 0.00266993631764005
108, 0.00427472537072996
109, 0.00948579190298915
110, 0.0171931060031056
111, 0.0138017339631915
112, 0.0110950781963766
113, 0.0101346860950192
114, 0.00974107906222343
115, 0.00955360320707162
116, 0.00945304116855065
117, 0.00939307144532601
118, 0.00935212476179004
119, 0.00931837782263756
120, 0.00928428086141745
121, 0.00924396996075908
122, 0.00919031413892905
123, 0.00911093844721715
124, 0.00898371823132038
125, 0.00896257720887661
126, 0.00898778562744459
127, 0.00906883366405964
128, 0.00916117336601019
129, 0.00926045080025991
130, 0.00936051644384861
131, 0.0094549177835385
132, 0.00953926611691713
133, 0.0096102487295866
134, 0.00966589991003275
135, 0.00970729036877553
136, 0.00971376430243254
137, 0.00969571340829134
138, 0.00962657698740562
139, 0.00958548206835985
140, 0.00955649620542924
141, 0.00952816661447287
142, 0.00949089229106903
143, 0.00943490707625945
144, 0.00935114858051141
145, 0.00923212959120671
146, 0.00907361973077059
147, 0.00887688032040993
148, 0.00864757752666871
149, 0.00839871789018313
150, 0.00815606210380793
151, 0.00795915412406127
152, 0.00780868518631905
153, 0.00432765716686845
154, 0.00944963951284687
155, 0.0168753617132703
156, 0.0169687385981282
157, 0.00965793337672949
158, 0.00451242605534693
159, 0.00751362492640813
160, 0.00754195839787523
161, 0.00755799779047569
162, 0.00758196925744414
163, 0.00761383275190989
164, 0.00765342637896538
165, 0.00769857146466772
166, 0.00775015105803808
167, 0.00780987522254388
168, 0.00788049058367809
169, 0.00796791631728411
170, 0.00808352356155713
171, 0.00824354620029529
172, 0.00849124727149804
173, 0.00892056462665399
174, 0.0106294602155685
175, 0.0113621323059003
176, 0.0103105309729775
177, 0.00955440166095893
178, 0.00916050095111132
179, 0.00897069306423267
180, 0.00889012465874354
181, 0.00887178629636765
182, 0.00889022710422675
183, 0.00893073715269566
184, 0.00898415936777989
185, 0.009044473990798
186, 0.00910693841675917
187, 0.00916777240733306
188, 0.0092236523826917
189, 0.00927147114028533
190, 0.0093083493411541
191, 0.00933164730668068
192, 0.00933916090677182
193, 0.00932941151161989
194, 0.00930202814439932
195, 0.00925816719730695
196, 0.00920077475408713
197, 0.0091342485199372
198, 0.00906494104613861
199, 0.00899968047936757
200, 0.00894440275927385
201, 0.00894224178045988
202, 0.00800094311125576
203, 0.00665719077611963
204, 0.00974871683865786
205, 0.00380974150417993
206, 0.012420943317314
207, 0.0104356893959145
208, 0.0118148986560603
209, 0.0152551284991205
210, 0.00782766984775662
211, 0.00757526870196064
212, 0.00735980699149271
213, 0.00706400310931106
214, 0.00609873638798793
215, 0.00534989180353781
216, 0.00443561153952032
217, 0.00953452739243706
218, 0.00885266313950221
219, 0.00850086364274224
220, 0.0081842973207434
221, 0.00934708925584952
222, 0.00983269093558192
223, 0.0101949977688491
224, 0.0104162332912286
225, 0.0104724019765854
226, 0.0103943653715154
227, 0.0102435552204649
228, 0.0100718724230925
229, 0.00991310443108281
230, 0.00978275900706649
231, 0.00773111203064521
232, 0.00693070748820901
233, 0.0073465381283313
234, 0.00771505921147764
235, 0.00685987543935577
236, 0.00712716820028921
237, 0.00754724784443776
238, 0.00921612450232108
239, 0.00832401386772593
240, 0.00868018437176943
241, 0.0101810685979823
242, 0.0098037162485222
243, 0.0104509056545794
244, 0.00955596007406712
245, 0.0096543508892258
246, 0.0103579182177782
247, 0.00998472950110833
248, 0.0104250780617197
249, 0.0124131372819344
250, 0.00713109291003396
251, 0.0112267260750135
252, 0.0102632786812527
253, 0.00982070825994015
254, 0.0116961778451999
255, 0.00797491047220925
256, 0.00797458318993449
257, 0.00800832314416766
258, 0.00807658854561547
259, 0.00837581581436098
260, 0.00786166180235644
261, 0.00798703251140458
262, 0.00847100719277348
263, 0.00905688495064775
264, 0.00945689263088363
265, 0.00953249633312225
266, 0.00978142380093535
267, 0.00934949641426404
268, 0.0101100029423833
269, 0.00926335932066043
270, 0.0104807207050423
271, 0.0108000785112381
272, 0.0109461937099695
273, 0.0112253533676267
274, 0.0109692583126681
275, 0.00846155003334085
276, 0.00857937072093288
277, 0.00879806497444709
278, 0.00920054875314236
279, 0.00808085648653408
280, 0.00812904611229897
281, 0.00893285979206363
282, 0.00926312282681465
283, 0.0107014810976883
284, 0.00922426596904794
285, 0.00956968124955893
286, 0.00882050940500838
287, 0.0100755540964504
288, 0.00900082119430105
289, 0.0079757934436202
290, 0.00971937030553818
291, 0.0116676345157127
292, 0.00901298698348304
293, 0.00988316955044866
294, 0.00835050959140062
295, 0.0153762676442663
296, 0.0102648201088111
297, 0.00858171144500375
298, 0.00785840481209258
299, 0.00973074156790972
300, 0.0104496295874317
301, 0.0118630874591569
302, 0.00860314769670367
303, 0.0077272835187614
304, 0.00798487694313129
305, 0.00819845000902812
306, 0.00836974506576856
307, 0.00836506175498168
308, 0.00822979056586822
309, 0.0084914507654806
310, 0.00816196746503313
311, 0.00863952639823159
312, 0.0082049483122925
313, 0.00866630937283238
314, 0.00845592841506004
315, 0.00853067729622126
316, 0.0088730868883431
317, 0.00821843386317293
318, 0.00948644833018382
319, 0.00996189781775077
320, 0.00684589395920436
321, 0.0073268226115033
322, 0.0100690432203313
323, 0.00973773033668598
324, 0.00930374286447962
325, 0.00768330204300582
326, 0.00777214773309727
327, 0.00793356820940971
328, 0.0082740889241298
329, 0.00896338451032837
330, 0.00814364695300659
331, 0.00816092531507214
332, 0.00866992305964231
333, 0.00867766669640938
334, 0.00827043891573946
335, 0.00835447184120615
336, 0.00863789984335502
337, 0.00859291960174839
338, 0.00857523363083601
339, 0.00871371384710073
340, 0.00844959790507952
341, 0.00834686961025
342, 0.00905517907813191
343, 0.00926038048540553
344, 0.00805846694856882
345, 0.00972583563998342
346, 0.00760548189282417
347, 0.00727918511256576
348, 0.0101643640858432
349, 0.0102850341548522
350, 0.00625531018401186
351, 0.00546027937283119
352, 0.00450900507469972
353, 0.00376807694556192
354, 0.012194628516833
355, 0.00762402303516865
356, 0.00796835729852319
357, 0.00811313465237617
358, 0.00836767644310991
359, 0.00807581190019846
360, 0.00833927777906259
361, 0.00866004296888908
362, 0.00864114752039313
363, 0.00850125324601928
364, 0.00791079768290122
365, 0.00703402841463685
366, 0.00789390677320106
367, 0.00814578806360563
368, 0.00847577877963583
369, 0.00857063739870985
370, 0.00862983598684271
371, 0.00866191818689307
372, 0.00866913221155604
373, 0.00856147861729066
374, 0.00860779949774345
375, 0.00833044480532408
376, 0.00842491164803505
377, 0.00821518447871009
378, 0.00749724637717009
379, 0.00771752675063908
380, 0.0072578484347711
381, 0.00693702713275949
382, 0.00895309774205089
383, 0.00865121573830644
384, 0.00917105656117201
385, 0.0100082337545852
386, 0.00834701396524906
387, 0.0083523653447628
388, 0.00842506997287273
389, 0.00848619174212217
390, 0.00865191034972668
391, 0.00875649958228072
392, 0.00901432894170284
393, 0.00955011695623398
394, 0.00977358284095923
395, 0.0103308203009268
396, 0.00851987255737185
397, 0.00842478964477777
398, 0.0103443975870808
399, 0.00942679308354855
400, 0.00836890128751596
401, 0.00837963198622068
402, 0.00856190330038468
403, 0.0088768545538187
404, 0.00934907716388504
405, 0.0102194317926963
406, 0.0124476637380819
407, 0.00722040018687646
408, 0.0112380092697484
409, 0.0101918375917843
410, 0.0088664089728679
411, 0.0108947457878717
412, 0.00937851828833421
413, 0.00844422588124871
414, 0.00823329358051221
415, 0.00867880787700415
416, 0.00821471959352493
417, 0.00844669435173273
418, 0.00837885743627946
419, 0.00855012998605768
420, 0.00806951918639243
421, 0.00861576261619727
422, 0.00850378861650825
423, 0.00830036712189515
424, 0.00858700710038344
425, 0.0081321377462397
426, 0.00863736867904663
427, 0.00865707810347279
428, 0.00865074712783098
429, 0.00865149032324553
430, 0.00862646040817102
431, 0.00847872051720818
432, 0.00857285208379229
433, 0.00806352930764357
434, 0.0083298979859267
435, 0.00817674825278421
436, 0.00853336470512052
437, 0.00883232584844033
438, 0.00852445745840669
439, 0.00916624752183755
440, 0.00866560001547138
441, 0.0088083753362298
442, 0.00890091604863604
443, 0.00849743684132894
444, 0.00856222910806537
445, 0.00860940959925453
446, 0.00873127502078811
447, 0.0090160242592295
448, 0.00848258985206485
449, 0.00848204332093398
450, 0.00849811919033527
451, 0.00853190865988533
452, 0.00858249934390187
453, 0.00864720437675714
454, 0.00936876749619842
455, 0.00964293644453088
456, 0.00999453089510401
457, 0.0103874175498883
458, 0.0106970982936521
459, 0.00866017530539206
460, 0.00847514516984423
461, 0.00811159554868937
462, 0.0086354841478169
463, 0.0084679420106113
464, 0.00859291230638822
465, 0.00854369020089507
466, 0.00849598413333297
467, 0.0084964622122546
468, 0.00852067846183976
469, 0.00856331534062823
470, 0.00847497411693136
471, 0.00857943389564753
472, 0.00862674197802941
473, 0.00858627197643121
474, 0.00860496951888005
475, 0.00861621539418896
476, 0.00863810566564401
477, 0.00862818087140719
478, 0.00850315112620592
479, 0.00859258789569139
480, 0.00923514397193988
481, 0.0088128000497818
482, 0.0100374162817995
483, 0.0106881482837101
484, 0.00879791285842657
485, 0.00858617620542645
486, 0.00860149894530574
487, 0.00864276755601168
488, 0.00867378742744525
489, 0.00857403843353192
490, 0.00872029069190224
491, 0.00861990063761671
492, 0.00856619576613108
493, 0.00857903466870387
494, 0.00951033675422271
495, 0.00856370711699128
496, 0.00856772639478246
497, 0.00859631147856514
498, 0.00861569866538048
499, 0.00863087999944886
500, 0.008930586433659
501, 0.00915371781835953
502, 0.00996354144687454
503, 0.0109686274081469
504, 0.0107828367501497
505, 0.00860730838030577
506, 0.0117779279127717
507, 0.0112487164636453
508, 0.00704266860460242
509, 0.0119761857204139
510, 0.00361819169484079
511, 0.00706758272523681
512, 0.00734905238884191
513, 0.00535283129041394
514, 0.00439012803447743
515, 0.00667216170889636
516, 0.00768980903861423
517, 0.00754950017047425
518, 0.00611699287158747
519, 0.00944472399229805
520, 0.0090786797615389
521, 0.00916869721064965
522, 0.00923112748811642
523, 0.00927620381116867
524, 0.00931326594824592
525, 0.00934822810813785
526, 0.00938847692062457
527, 0.0095348086518546
528, 0.0096924959992369
529, 0.0106248126054804
530, 0.012030555245777
531, 0.00998689699918032
532, 0.015403685780863
533, 0.00787787036970258
534, 0.00853345263749361
535, 0.00877781181285779
536, 0.00899247250830134
537, 0.00917022908106446
538, 0.00930688142155608
539, 0.00940506982927521
540, 0.0094714091780285
541, 0.00951457070186734
542, 0.0095440746905903
543, 0.00956960891683896
544, 0.00960118276998401
545, 0.00964862977464994
546, 0.0094901608924071
547, 0.0094148147230347
548, 0.00933261743436257
549, 0.00924846855923533
550, 0.00916718179360032
551, 0.00909636992340287
552, 0.00691241243233283
553, 0.0127015672624111
554, 0.00777554721571505
555, 0.00735347950831056
556, 0.0076771832536906
557, 0.00693199775802592
558, 0.00714360736310482
559, 0.00778916718748709
560, 0.00753354273426036
561, 0.00680476916022599
562, 0.00973763798053066
563, 0.00932500480363766
564, 0.00941514053071539
565, 0.0114385392516851
566, 0.0100094188625614
567, 0.0104669379070401
568, 0.00957814743742347
569, 0.00948003446683288
570, 0.00936723516012231
571, 0.0092804830831786
572, 0.00922877884780367
573, 0.00827614202474554
574, 0.0095785620311896
575, 0.00953657723342379
576, 0.0095079963405927
577, 0.00946158062045773
578, 0.0089275996821622
579, 0.00803425178552667
580, 0.00869387248530984
581, 0.00912534321347872
582, 0.00927812311177452
583, 0.00938786054030061
584, 0.00955712220941981
585, 0.00955521035939455
586, 0.0094608001721402
587, 0.00933394689733783
588, 0.00920287317906817
589, 0.00960849535961946
590, 0.00964744621887803
591, 0.00967699661850929
592, 0.00939977153514822
593, 0.00926867003242175
594, 0.010204956944411
595, 0.0117775386509796
596, 0.00788298588512199
597, 0.00961492636374065
598, 0.00910656658622126
599, 0.00797022723903259
600, 0.00799348034585516
601, 0.00794906836623947
602, 0.00842315354384482
603, 0.0080970903703322
604, 0.00797180637406806
605, 0.00962757707263033
606, 0.00944903492927551
607, 0.00952231247598926
608, 0.009392901789397
609, 0.00934281200170517
610, 0.00978647886464993
611, 0.00928940173859398
612, 0.0109373211860657
613, 0.0104478062130511
614, 0.0100375171750784
615, 0.00915207567491702
616, 0.00842371381198367
617, 0.00938872853294015
618, 0.00926936402296027
619, 0.00956250975529353
620, 0.00955117354169488
621, 0.00909995675707857
622, 0.00946639462684592
623, 0.00953798353051146
624, 0.0095130360374848
625, 0.00887796329334378
626, 0.0095138899050653
627, 0.00959227575610081
628, 0.00940406524265806
629, 0.00945537009586891
630, 0.00934800148631136
631, 0.0092979564464518
632, 0.00955712950477997
633, 0.00814838071043293
634, 0.010860045440495
635, 0.00922954175621271
636, 0.00831585579241315
637, 0.00878736656159163
638, 0.00840347601721684
639, 0.00853380421176553
640, 0.00935993110761046
641, 0.0107702056744269
642, 0.0094159155463179
643, 0.00965699537967642
644, 0.0103297869985302
645, 0.00955331030612191
646, 0.00947735536222657
647, 0.00980491377413273
648, 0.0100177057708303
649, 0.00800115652382374
650, 0.0090361051261425
651, 0.00923677645623684
652, 0.00861967696497838
653, 0.00949888241787752
654, 0.00949082802981138
655, 0.00953301275148988
656, 0.00957830976694822
657, 0.00955373188480735
658, 0.00941221617783109
659, 0.00955522976194819
660, 0.00955150354032715
661, 0.00928368822981914
662, 0.00909493444487453
663, 0.00946537762259444
664, 0.00936884190887213
665, 0.00955765215413911
666, 0.00941900396719575
667, 0.00953369044388334
668, 0.00828238856047392
669, 0.00992058543488383
670, 0.0107269729487598
671, 0.00956370293473204
672, 0.00874571169593505
673, 0.00915653351694345
674, 0.00888793263584375
675, 0.00943421359573092
676, 0.0104124442053338
677, 0.00966073665767908
678, 0.00949522837375601
679, 0.00956701580435038
680, 0.00978550439079603
681, 0.0101696883017818
682, 0.00995569055279096
683, 0.00882693162808816
684, 0.00950371489549677
685, 0.00957310479134321
686, 0.00957790451745192
687, 0.00953914504498243
688, 0.0113296864243845
689, 0.00946309107045333
690, 0.00955303385853767
691, 0.00956990709528327
692, 0.00932339128727714
693, 0.00948343751952052
694, 0.00954500995576382
695, 0.00952957880993684
696, 0.0101329775837561
697, 0.0105338800698519
698, 0.00967295560985804
699, 0.00908942427486181
700, 0.00933346152305603
701, 0.00964327746381362
702, 0.00956298628201087
703, 0.00974137739588817
704, 0.0101366808327536
705, 0.00855427794158459
706, 0.00986133655533195
707, 0.0100055088599523
708, 0.00950585622340441
709, 0.00910240691155195
710, 0.00952260273819168
711, 0.00962371441225211
712, 0.00963713477055232
713, 0.00959446902076403
714, 0.00956902354955673
715, 0.00961510945732395
716, 0.00954396991680066
717, 0.0101101330614516
718, 0.00939322263002396
719, 0.00954734394326806
720, 0.00965535982201497
721, 0.00961293047294021
722, 0.00968715595081449
723, 0.00976813305169344
724, 0.00989287266773837
725, 0.00984997178117434
726, 0.00954344030469656
727, 0.00968735432252288
728, 0.00963641811783115
729, 0.00972875223184625
730, 0.00957842956164054
731, 0.00972438479463259
732, 0.00993693917989731
733, 0.00966197289526463
734, 0.00858207140117884
735, 0.00906011229380965
736, 0.00935371033847332
737, 0.00939912969867388
738, 0.00946014514192939
739, 0.00955391007785996
740, 0.0097128595225513
741, 0.0100096634899577
742, 0.0122095348779112
743, 0.0106201541299621
744, 0.0120271838580569
745, 0.0154239539988339
746, 0.00772069481068424
747, 0.00868061805764834
748, 0.00870378160228332
749, 0.00870395979533593
750, 0.008683190215379
751, 0.00864248195042213
752, 0.00850132790704568
753, 0.00839845246324936
754, 0.00827017814541856
755, 0.00811110576614738
756, 0.0079128163245817
757, 0.00766216420258085
758, 0.00733863508018355
759, 0.00691011974898477
760, 0.00632388268907865
761, 0.00549914439519246
762, 0.0043725543267404
763, 0.00795364488537113
764, 0.00788124456691245
765, 0.00782009571169814
766, 0.00776788227570554
767, 0.00772308891949554
768, 0.00768538657575846
769, 0.00765748826476435
770, 0.0076378690234075
771, 0.00761584176992377
772, 0.00909003848209977
773, 0.00920025507609049
774, 0.00925076426938176
775, 0.00929159686590234
776, 0.00931968710695704
777, 0.00933346974973877
778, 0.00933283536384503
779, 0.00931874709203839
780, 0.00929293036460876
781, 0.00925762314970295
782, 0.0092154013303419
783, 0.00916911770279209
784, 0.00912196127076944
785, 0.00907751234869162
786, 0.00904016522690654
787, 0.00901550442601244
788, 0.00901106729482611
789, 0.00903768527011077
790, 0.00911125245814522
791, 0.00925677719836434
792, 0.0095053242209057
793, 0.00985947980855902
794, 0.0102667808532715
795, 0.00364435372951751
796, 0.00927187968045473
797, 0.00931367883458734
798, 0.00950583349913359
799, 0.00922195908303062
800, 0.00943073801075419
801, 0.00961335593213638
802, 0.0105277267284691
803, 0.0113310137142738
804, 0.00978033492962519
805, 0.0100558547613521
806, 0.00863187698026498
807, 0.00817690681045254
808, 0.00844915273288886
809, 0.00855504302307963
810, 0.00782145652920008
811, 0.00735012426351507
812, 0.00801364456613859
813, 0.00870707103361686
814, 0.00759859282212953
815, 0.00708238004396359
816, 0.00681709870696068
817, 0.0083138767319421
818, 0.00814858187610904
819, 0.00795686850324273
820, 0.00777122722938657
821, 0.00831497429559628
822, 0.0084310391296943
823, 0.00852732903634509
824, 0.00860521678502361
825, 0.0086651920961837
826, 0.00873008044436574
827, 0.00873290669793884
828, 0.0087138006153206
829, 0.0080418698489666
830, 0.00831166158119837
831, 0.00815509057914217
832, 0.00854365744938453
833, 0.00894225699206193
834, 0.00953303836286068
835, 0.00787954901655515
836, 0.00792513244474928
837, 0.00797986875598629
838, 0.00812539566929142
839, 0.00804591551423073
840, 0.00784161275563141
841, 0.00781558391948541
842, 0.00914513552561402
843, 0.0090419213908414
844, 0.00900093875825405
845, 0.00926326758538683
846, 0.00964873811850945
847, 0.00934295744324724
848, 0.00924435661484798
849, 0.00927317452927431
850, 0.00933031629150113
851, 0.00934290513396263
852, 0.00934427029763659
853, 0.00933528350045284
854, 0.00929269505043825
855, 0.00923162093386054
856, 0.0092004812322557
857, 0.0093065711359183
858, 0.00914364183942477
859, 0.0093174468105038
860, 0.00917294869820277
861, 0.009152560805281
862, 0.00915165602539976
863, 0.00918297981843352
864, 0.0094813018416365
865, 0.0124311946953336
866, 0.0113735528041919
867, 0.00782225979492068
868, 0.00911813202713217
869, 0.00962050338940961
870, 0.00637244922108948
871, 0.011627745659401
872, 0.00932049363230666
873, 0.00926705589517951
874, 0.0091543315599362
875, 0.00984390235195557
876, 0.00967190849284331
877, 0.00955178604150812
878, 0.0101022330733637
879, 0.0110437537853916
880, 0.010491695565482
881, 0.0093725030310452
882, 0.00860084950303038
883, 0.00850267056375742
884, 0.00837758369743824
885, 0.00865748773018519
886, 0.00822433751697342
887, 0.00804046494886279
888, 0.0085187617999812
889, 0.00859328685328364
890, 0.00870948377996683
891, 0.0087474014920493
892, 0.0087693229628106
893, 0.00877322613572081
894, 0.00875694304704666
895, 0.00843642124285301
896, 0.00835012209912141
897, 0.00826662856464585
898, 0.00819972320459783
899, 0.00818186695687473
900, 0.00849194258141021
901, 0.00828183062064151
902, 0.00867070474972328
903, 0.00822207362701496
904, 0.00834361448263129
905, 0.00873581568400065
906, 0.00906540142993132
907, 0.00850299280136824
908, 0.00819574684525529
909, 0.00827792969842752
910, 0.00812814679617683
911, 0.00802866198743383
912, 0.00807309476658702
913, 0.00798995715255539
914, 0.00923335443561276
915, 0.00914840198432406
916, 0.00922691108038028
917, 0.0092806532047689
918, 0.00930465788890918
919, 0.00923934470241269
920, 0.00925812435646852
921, 0.00932796858251095
922, 0.00934842927381396
923, 0.00936393470813831
924, 0.00929680668438474
925, 0.00937249014774958
926, 0.00925597672661146
927, 0.00922352122142911
928, 0.00923217926174402
929, 0.0093723856844008
930, 0.00941705517470837
931, 0.00935391476377845
932, 0.00945824400211374
933, 0.00936235813423991
934, 0.00934227090328932
935, 0.00919215443233649
936, 0.0110260954437157
937, 0.00906952131273491
938, 0.0107781464854876
939, 0.00939272996038198
940, 0.00932871938372652
941, 0.00970275513827801
942, 0.00986808926487962
943, 0.0092068809705476
944, 0.0104000121355057
945, 0.00946344155818224
946, 0.0100924855408569
947, 0.00865657177443306
948, 0.00953849511487143
949, 0.00856764474883676
950, 0.00881111032019059
951, 0.00882597190017501
952, 0.00880644827460249
953, 0.00877818123747905
954, 0.00874210552622875
955, 0.00882343327005704
956, 0.00870221465205153
957, 0.00813869905791112
958, 0.00845202648391326
959, 0.00831219491859277
960, 0.00865274031336109
961, 0.00862398215879997
962, 0.00863386659572522
963, 0.00866367931788166
964, 0.00871862983331084
965, 0.00898502316946785
966, 0.00875185135131081
967, 0.0079608241096139
968, 0.00837758416309953
969, 0.00821073167026043
970, 0.00865385091553132
971, 0.00841084681451321
972, 0.00917312582688672
973, 0.00884962314739823
974, 0.00826311064884067
975, 0.00849986774846911
976, 0.00832921716695031
977, 0.00816417081902424
978, 0.00931335690741738
979, 0.00945295039564371
980, 0.0092700538225472
981, 0.00927376250425974
982, 0.00933433541407188
983, 0.00930036883801222
984, 0.00928449661781391
985, 0.00932011023784677
986, 0.00927393852422635
987, 0.00934216690560182
988, 0.00936476684485873
989, 0.00938591764618953
990, 0.00940334470942616
991, 0.0092854251464208
992, 0.00931978474060694
993, 0.0094145885668695
994, 0.00930409568051497
995, 0.00932569506888588
996, 0.00941730104386806
997, 0.00940987203891079
998, 0.00927857371668021
999, 0.00924846875880446
1000, 0.0111250552969674
1001, 0.00919886268675327
1002, 0.0105563459607462
1003, 0.00926191018273433
1004, 0.0100387460552156
1005, 0.00862522687142094
1006, 0.00936022990693649
1007, 0.0088908135270079
1008, 0.00931425703068574
1009, 0.0102606806904078
1010, 0.00918495814715113
1011, 0.00834502026970897
1012, 0.0083824930091699
1013, 0.00853880044693748
1014, 0.0088839343128105
1015, 0.00887589187671741
1016, 0.00889215571805835
1017, 0.00887046350787083
1018, 0.00885675583655635
1019, 0.00929107159997026
1020, 0.00929115852341056
1021, 0.00894517342870434
1022, 0.00948502542451024
1023, 0.0093219043686986
1024, 0.00945210875943303
1025, 0.0105081411699454
1026, 0.00957968334356944
1027, 0.00871988090996941
1028, 0.00840676094715794
1029, 0.00877618137747049
1030, 0.00929421295101444
1031, 0.00946810763950149
1032, 0.00896156781042616
1033, 0.00888737880935272
1034, 0.00884908344596624
1035, 0.00885556483020385
1036, 0.00974588484192888
1037, 0.00910390773788095
1038, 0.00934681963796417
1039, 0.00850711933647593
1040, 0.00864182428146402
1041, 0.00876796276619037
1042, 0.00852560965965191
1043, 0.00844540136555831
1044, 0.0082684526219964
1045, 0.00930176861584187
1046, 0.00933146243914962
1047, 0.00935282635812958
1048, 0.00937736826017499
1049, 0.0094036110676825
1050, 0.00942947001506885
1051, 0.00929071536908547
1052, 0.00911730490624905
1053, 0.00928505463525653
1054, 0.00926836673170328
1055, 0.0098501150496304
1056, 0.00939125614240766
1057, 0.00947473927711447
1058, 0.00940521185596784
1059, 0.00988004431128502
1060, 0.0106917374456922
1061, 0.0102937307208776
1062, 0.00933129138623675
1063, 0.00958421593531966
1064, 0.00949184177443385
1065, 0.00995232273514072
1066, 0.00970136203492681
1067, 0.0101208503668507
1068, 0.0102726120191316
1069, 0.00879180633152525
1070, 0.00871823448687792
1071, 0.00894909755637248
1072, 0.008630965060244
1073, 0.00896554657568534
1074, 0.00897318373123805
1075, 0.00897669016073147
1076, 0.0089813081237177
1077, 0.0102886970021895
1078, 0.00899354321882129
1079, 0.00916385231539607
1080, 0.0093115398970743
1081, 0.00902114063501358
1082, 0.00907357720037301
1083, 0.00884410878643394
1084, 0.0095381800395747
1085, 0.0098621710203588
1086, 0.00861625249187152
1087, 0.00946989019090931
1088, 0.00900032805899779
1089, 0.00862417214860519
1090, 0.00854586809873581
1091, 0.00885450094938278
1092, 0.00848298110067844
1093, 0.00872289466982087
1094, 0.00929281674325466
1095, 0.00928330328315496
1096, 0.00930297064284484
1097, 0.00931583546722929
1098, 0.00927057536318898
1099, 0.00933262209097544
1100, 0.0093540302477777
1101, 0.00938026063765089
1102, 0.00941086715708176
1103, 0.00944446648160616
1104, 0.00947855086997151
1105, 0.00924775858099262
1106, 0.00920889743914207
1107, 0.00940528764788594
1108, 0.00950927721957366
1109, 0.00953227793797851
1110, 0.00944376147041718
1111, 0.00967364742731055
1112, 0.00956728883708517
1113, 0.0097989197820425
1114, 0.00996679393574595
1115, 0.0100712181689839
1116, 0.00887272180989385
1117, 0.0088013739635547
1118, 0.00902719516307116
1119, 0.00850781829406818
1120, 0.00871643833816052
1121, 0.00904661122088631
1122, 0.009061967022717
1123, 0.0090783714937667
1124, 0.0091020530089736
1125, 0.00914020168905457
1126, 0.00942655062923829
1127, 0.00891941366717219
1128, 0.00920046291624506
1129, 0.0092918883698682
1130, 0.00961995916441083
1131, 0.00870647327974439
1132, 0.00954529208441575
1133, 0.00870932064329584
1134, 0.00986932124942541
1135, 0.00863258274538176
1136, 0.00891134639581045
1137, 0.00880217893670003
1138, 0.00926552278300126
1139, 0.00928375326717893
1140, 0.00924292781079809
1141, 0.00930091133341193
1142, 0.00931950115288297
1143, 0.00934171257540584
1144, 0.00936904766907295
1145, 0.00940257761006554
1146, 0.00944237457588315
1147, 0.00920736913879712
1148, 0.00948676917081078
1149, 0.00915956683456898
1150, 0.00949134919792414
1151, 0.0095323184505105
1152, 0.00957354546214143
1153, 0.00954526556389672
1154, 0.00906251756740468
1155, 0.0101106422021985
1156, 0.00916132740676403
1157, 0.00972541528088706
1158, 0.00985151389613748
1159, 0.0089564456914862
1160, 0.00984812048929078
1161, 0.00889499097441634
1162, 0.00879020150750875
1163, 0.00910585218419631
1164, 0.00912861262137691
1165, 0.00915173270429174
1166, 0.00918072757000724
1167, 0.00922215372944872
1168, 0.00928258057683706
1169, 0.0089989627401034
1170, 0.00936765208219489
1171, 0.00948365482812127
1172, 0.00964390362302462
1173, 0.00878168611476819
1174, 0.00960615975782275
1175, 0.00896462922294935
1176, 0.00886553525924683
1177, 0.00921281054615974
1178, 0.00924349467580517
1179, 0.00926835214098295
1180, 0.00929071210945646
1181, 0.00931437903394302
1182, 0.00917400419712067
1183, 0.00934195766846339
1184, 0.00937603802109758
1185, 0.00941878960778316
1186, 0.00910220933812005
1187, 0.00947064130256573
1188, 0.00952917942777276
1189, 0.009589282485346
1190, 0.00962714136888584
1191, 0.00977448225021362
1192, 0.0098211955545204
1193, 0.00904240241895119
1194, 0.00899014016613364
1195, 0.00891710740203659
1196, 0.0091795907355845
1197, 0.00920598239948352
1198, 0.0092365179831783
1199, 0.00927668375273546
1200, 0.00933260129143794
1201, 0.00907870382070541
1202, 0.00940810314690073
1203, 0.00950439553707838
1204, 0.00961992268760999
1205, 0.0096449403402706
1206, 0.00899962102994323
1207, 0.00891572268058856
1208, 0.00918597867712379
1209, 0.00921984498078624
1210, 0.00914048062016567
1211, 0.00924715710182985
1212, 0.0092727883408467
1213, 0.00930007097000877
1214, 0.00933259166777134
1215, 0.00937403040006757
1216, 0.00942749064415693
1217, 0.00949354050680995
1218, 0.00956881775831183
1219, 0.00969356702019771
1220, 0.00972284640495976
1221, 0.00963499527424574
1222, 0.00912077228228251
1223, 0.00907792352760831
1224, 0.00901744530225793
1225, 0.00974207036197186
1226, 0.00884339927385251
1227, 0.00915261451154947
1228, 0.00964728075390061
1229, 0.00903639889189175
1230, 0.00910899446656307
1231, 0.00909821223467588
1232, 0.00905041676014662
1233, 0.0097088871213297
1234, 0.00894386395812035
1235, 0.0096022910438478
1236, 0.00950684553633134
1237, 0.00942556544517477
1238, 0.0091550926057001
1239, 0.00936079956591129
1240, 0.0091897362532715
1241, 0.0093118604272604
1242, 0.00921804007763664
1243, 0.00927500116328398
1244, 0.00924527505412698
