1, 0.00977579364553094
2, 0.0293743554502726
3, 0.00241501041455194
4, 0.00685109058395028
5, 0.0152892032638192
6, 0.0164699908345938
7, 0.00831733737140894
8, 0.00259685388300568
9, 0.0282134260050952
10, 0.0113283512182534
11, 0.0139431692659855
12, 0.0183836221694946
13, 0.0106349309374179
14, 0.0116221231097976
15, 0.0122233480215073
16, 0.012770627780507
17, 0.0134388846345246
18, 0.0145157963658373
19, 0.0167600433342159
20, 0.0214684540405869
21, 0.0260997073103984
22, 0.0176233177383741
23, 0.0100432055381437
24, 0.00479299854487181
25, 0.00297226345477005
26, 0.00160586936787392
27, 0.00266796455252916
28, 0.0039315870963037
29, 0.00496927835047245
30, 0.00575306646836301
31, 0.00630764771873752
32, 0.0066719613969326
33, 0.00687821832252666
34, 0.00698911445215344
35, 0.0074177502344052
36, 0.00810035737231374
37, 0.00890229052553574
38, 0.00975198205560446
39, 0.0105975335463881
40, 0.0113950924326976
41, 0.0121243416021268
42, 0.0127896781389912
43, 0.0134203735118111
44, 0.0140677141025662
45, 0.0148018955563505
46, 0.0150110351387411
47, 0.0150817362591624
48, 0.014971855096519
49, 0.0148075719674428
50, 0.0145473908632994
51, 0.0141580790902177
52, 0.0136328199878335
53, 0.0129816920186083
54, 0.0122431327278415
55, 0.0114787903924783
56, 0.0107523578529557
57, 0.0104572570417076
58, 0.0100782616063952
59, 0.0103052696213126
60, 0.0107568384458621
61, 0.0112919599438707
62, 0.0118339201435447
63, 0.0123064617315928
64, 0.0126632691050569
65, 0.0128859890003999
66, 0.0129822936529915
67, 0.0129759771128496
68, 0.0128969255213936
69, 0.0127778391664227
70, 0.0126515325779716
71, 0.0125523274764419
72, 0.0125196920707822
73, 0.0126137286424637
74, 0.0129522979259491
75, 0.0138891736666361
76, 0.0146162880118936
77, 0.0142185694227616
78, 0.0119433036694924
79, 0.0110559059927861
80, 0.0104886163026094
81, 0.0100581285854181
82, 0.00969411463787158
83, 0.00937428046017885
84, 0.00909023421506087
85, 0.00884044542908669
86, 0.00863027603675922
87, 0.00846616768588622
88, 0.00835885449002186
89, 0.00833225090588842
90, 0.00834496303771933
91, 0.00836153980344534
92, 0.00835886520023147
93, 0.00832122300441066
94, 0.00823251716792583
95, 0.00807492916161815
96, 0.00782923555622498
97, 0.0074711818403254
98, 0.00696912345786889
99, 0.0062831963878125
100, 0.00537325139157474
101, 0.00421211464951436
102, 0.00285043222053597
103, 0.00169598472227032
104, 0.00330726002963881
105, 0.00563891495888432
106, 0.0109770341465871
107, 0.0186102048804363
108, 0.0270936197290818
109, 0.0207835808396339
110, 0.0165388132445514
111, 0.0145308381567399
112, 0.013589353300631
113, 0.0131103245851894
114, 0.0128499949350953
115, 0.0126968834859629
116, 0.0125951287336648
117, 0.0125123436252276
118, 0.0124266220567127
119, 0.0123195216680566
120, 0.0121758398599923
121, 0.0119876546474795
122, 0.0116482223384082
123, 0.0115216601019104
124, 0.0116804133479794
125, 0.0119004935647051
126, 0.0121573324625691
127, 0.0124377754206459
128, 0.0127257487426201
129, 0.0130038472513358
130, 0.0132591351866722
131, 0.0134808501849572
132, 0.0136608618001143
133, 0.0137985373536746
134, 0.0138255904894322
135, 0.0137735201666752
136, 0.0135709500561158
137, 0.0134680665408572
138, 0.0134181299557288
139, 0.0133896473174294
140, 0.0133582120761275
141, 0.0132991538072626
142, 0.0131862324972947
143, 0.0129918698221445
144, 0.0126888506735365
145, 0.0122545013825099
146, 0.0116776935756207
147, 0.0109660482654969
148, 0.0101489204292496
149, 0.00927907259513935
150, 0.00841171108186245
151, 0.00762955580527584
152, 0.00707509911929568
153, 0.00312041580521812
154, 0.00530351387957732
155, 0.0103732033943137
156, 0.0178749753783147
157, 0.0254231877624989
158, 0.0262448377907276
159, 0.0181531313185891
160, 0.0104090718862911
161, 0.00519280189958711
162, 0.00317581991354624
163, 0.00833908026106656
164, 0.00842338396857182
165, 0.00854694688071807
166, 0.00871737425525983
167, 0.00891986240943273
168, 0.00914149358868599
169, 0.00937557406723499
170, 0.00961575967570146
171, 0.00985679527123769
172, 0.0100963714842995
173, 0.0103355546792348
174, 0.0105794621631503
175, 0.0108384946361184
176, 0.0111311444391807
177, 0.0114868481953939
178, 0.0119681563228369
179, 0.0126959908132752
180, 0.0152592717204243
181, 0.0164207583293319
182, 0.0150014761214455
183, 0.0139208383237322
184, 0.0133418344582121
185, 0.0130276471997301
186, 0.0128448562075694
187, 0.0127253647272786
188, 0.0126314520214995
189, 0.012541233561933
190, 0.0124424053356051
191, 0.012328184209764
192, 0.0121963787823915
193, 0.0120490326856573
194, 0.0118921206643184
195, 0.0117360549047589
196, 0.0115937388812502
197, 0.0114790170143048
198, 0.0114052835851908
199, 0.0113960507636269
200, 0.00848009643544044
201, 0.0113435924674074
202, 0.00201535879168659
203, 0.0131946480832994
204, 0.0140198621278008
205, 0.0135340945950399
206, 0.0154467131942511
207, 0.0185837668056289
208, 0.0241419441998005
209, 0.0039922486591552
210, 0.0186152934329584
211, 0.0056411549448967
212, 0.00481852198330065
213, 0.00374339408396433
214, 0.00262951998350521
215, 0.0143823083490133
216, 0.0137463569020232
217, 0.0131245270992319
218, 0.0124913834345837
219, 0.0118023504813512
220, 0.0110391147124271
221, 0.0102089322172105
222, 0.00934116635471582
223, 0.0084927153463165
224, 0.00771160695391397
225, 0.00712785939686
226, 0.0115808737464249
227, 0.0137768291557829
228, 0.0141316427228351
229, 0.0143796401098371
230, 0.0145370246221622
231, 0.0146359875798225
232, 0.0148234187314908
233, 0.0126063134521246
234, 0.0164638988984128
235, 0.0138076261306802
236, 0.0128770514080922
237, 0.0098563814535737
238, 0.00808272355546554
239, 0.0107343356745938
240, 0.0122465694633623
241, 0.0115365153178573
242, 0.00894270883873105
243, 0.0134504173571865
244, 0.0133144135276477
245, 0.0110595872625709
246, 0.0140349067126711
247, 0.0121659110300243
248, 0.0127663606156905
249, 0.0137895174945394
250, 0.0139487098592023
251, 0.0140922572463751
252, 0.00624331855215132
253, 0.00565101532265544
254, 0.00497598367898415
255, 0.00682960338890553
256, 0.00662647319647173
257, 0.00622527728167673
258, 0.00722496843497668
259, 0.01410362363926
260, 0.0119341549330524
261, 0.00766927814111114
262, 0.0120401222569247
263, 0.0131167050761481
264, 0.0144923243982097
265, 0.0132585962613424
266, 0.009502822222809
267, 0.0120719075202942
268, 0.0113340755924582
269, 0.0104643977247179
270, 0.0127021960603694
271, 0.00847956631332636
272, 0.0135437385179102
273, 0.0123544254650672
274, 0.0137158109185596
275, 0.0136928937087456
276, 0.0136127034202218
277, 0.0132132337118189
278, 0.0128227051657935
279, 0.00666315294802189
280, 0.00762086726414661
281, 0.00697929544063906
282, 0.0147452812641859
283, 0.00784110045060515
284, 0.00912185152992606
285, 0.0131133724935353
286, 0.0125643083204826
287, 0.0119800435689588
288, 0.0111846523359418
289, 0.0101931773436566
290, 0.0126078743487597
291, 0.0137116198117534
292, 0.013697368837893
293, 0.0155277315837642
294, 0.0136756018425028
295, 0.0130591413804463
296, 0.0134071880951524
297, 0.0134808469031538
298, 0.013546925658981
299, 0.013329510577023
300, 0.00766769276621441
301, 0.0130970266958078
302, 0.00985150660077731
303, 0.0119718826996783
304, 0.0110689097394546
305, 0.0126301720738411
306, 0.0130902890426417
307, 0.0142465687046448
308, 0.0149552877992392
309, 0.0136601628425221
310, 0.0126057701185346
311, 0.0135534832254052
312, 0.0137202815773586
313, 0.013748240036269
314, 0.0093447916608836
315, 0.016305517560492
316, 0.00872087376192212
317, 0.0145148475033542
318, 0.0127671800243358
319, 0.0120518129939834
320, 0.0136318309232593
321, 0.0131824701093137
322, 0.0154666285961866
323, 0.0139980196420636
324, 0.00956739221389095
325, 0.0139673454686999
326, 0.0137669582230349
327, 0.0109847212831179
328, 0.00763810588978231
329, 0.0136084606250127
330, 0.00798576325178146
331, 0.0152731211856008
332, 0.0129980770871043
333, 0.0148530006408691
334, 0.0134559478610754
335, 0.0142158899456263
336, 0.0139288761032124
337, 0.0110867140814662
338, 0.0122466658552488
339, 0.0133421628270298
340, 0.0102667954439918
341, 0.0142361296873007
342, 0.0149230329319835
343, 0.016006095521152
344, 0.0136853160336614
345, 0.013521539978683
346, 0.0134422966899971
347, 0.0127259567379951
348, 0.0141244572587311
349, 0.0110914913627009
350, 0.0115420242771506
351, 0.014723673862006
352, 0.00841196269417802
353, 0.0131242567052444
354, 0.0139597801802059
355, 0.0154303745366633
356, 0.0195789579302073
357, 0.0125983008183539
358, 0.0126134636811912
359, 0.0126798103253047
360, 0.00835870811715722
361, 0.00806242305164536
362, 0.0128623602601389
363, 0.0127544376688699
364, 0.0125444903969765
365, 0.0122328203481932
366, 0.0118429639066259
367, 0.0114252148196101
368, 0.0110588291039069
369, 0.0107727735303342
370, 0.00841406950106223
371, 0.00856352193901936
372, 0.00931891798973083
373, 0.00964971010883649
374, 0.0100250051667293
375, 0.0104588642716408
376, 0.0109866651085516
377, 0.0117323418768744
378, 0.0128860619540016
379, 0.00840508239343762
380, 0.00842289471377929
381, 0.0127664678730071
382, 0.00824703819428881
383, 0.0128436473508676
384, 0.0128842665192982
385, 0.00778693969671925
386, 0.00739786393630008
387, 0.00686680735088885
388, 0.00616079576623936
389, 0.00524699773329
390, 0.00512466896907426
391, 0.00411738513503224
392, 0.00304080051137134
393, 0.00228453152813017
394, 0.0246711257845163
395, 0.00920314737595618
396, 0.0187328544755777
397, 0.0125212656954924
398, 0.0147810913622379
399, 0.011935414125522
400, 0.0113597767427564
401, 0.0136970778306325
402, 0.00902748651181658
403, 0.0117686148732901
404, 0.0111129103849332
405, 0.0087740506666402
406, 0.00968922752266129
407, 0.0101007004268467
408, 0.0105684779894849
409, 0.00850705243647099
410, 0.00822881950686375
411, 0.00765628398706516
412, 0.00613874530730148
413, 0.0085408054292202
414, 0.00856648323436578
415, 0.00856062381838759
416, 0.00839900691062212
417, 0.00798457643638054
418, 0.00672761785487334
419, 0.00723784836009145
420, 0.0126680829562247
421, 0.0118444490556916
422, 0.0125731349301835
423, 0.0126955886371434
424, 0.0127623110699157
425, 0.0124082014275094
426, 0.0128116679067413
427, 0.012857889290899
428, 0.0132047729566693
429, 0.013741316087544
430, 0.0125592756085098
431, 0.0126257577600578
432, 0.0127635626122355
433, 0.0128185013309121
434, 0.0126265642854075
435, 0.0121299821572999
436, 0.0116711498371192
437, 0.0127732583454677
438, 0.0165269466427465
439, 0.0123708123962084
440, 0.0143773316716154
441, 0.00900880852714181
442, 0.0106019697462519
443, 0.0101167840572695
444, 0.0111462560792764
445, 0.011775621989121
446, 0.00873450733100375
447, 0.00932980111489693
448, 0.00850445298211915
449, 0.00881491244460146
450, 0.00878297553087274
451, 0.00880748328442375
452, 0.0084633002212892
453, 0.00871440023183823
454, 0.00875117862597108
455, 0.00860698816056053
456, 0.0082981341984123
457, 0.00813678248474995
458, 0.00800360001934071
459, 0.0125965042971075
460, 0.01282648400714
461, 0.0124582323866586
462, 0.0124087957665324
463, 0.0129288433430096
464, 0.012536347998927
465, 0.0124923279508948
466, 0.0128509365022182
467, 0.0129503907325367
468, 0.0127311088144779
469, 0.0126345107952754
470, 0.0127449058927596
471, 0.0128884445875883
472, 0.0126772398749987
473, 0.0129731030513843
474, 0.00550921870550762
475, 0.01286931575409
476, 0.00930319912731647
477, 0.00921533070504665
478, 0.00931149565925201
479, 0.0116787397613128
480, 0.0111150617400805
481, 0.00895207628075566
482, 0.0105735324323177
483, 0.00968506000936031
484, 0.012359905615449
485, 0.00867173112928867
486, 0.00919538534556826
487, 0.00919585768133402
488, 0.0091799342383941
489, 0.00951153381417195
490, 0.00914423416058222
491, 0.00905903009697795
492, 0.0124376309104264
493, 0.0123103884980083
494, 0.00919484036664168
495, 0.0132802048077186
496, 0.0131208393722773
497, 0.0123917361100515
498, 0.0126036059421798
499, 0.012219798595955
500, 0.0123136483931116
501, 0.0123987103191515
502, 0.0127942215961715
503, 0.0129917385056615
504, 0.0132776025372247
505, 0.0131669848536452
506, 0.0122277500107884
507, 0.0135699339831869
508, 0.00794011556232969
509, 0.0155698211553196
510, 0.00837345663458109
511, 0.0135465810696284
512, 0.0167792849242687
513, 0.0134932853281498
514, 0.0101761797753473
515, 0.00994547068451842
516, 0.0105811633790533
517, 0.00962538660193483
518, 0.0121328357296685
519, 0.0116197490798576
520, 0.009274479188025
521, 0.0110178007744253
522, 0.0138223285653761
523, 0.0100869736634195
524, 0.0123475015473862
525, 0.00972290352607767
526, 0.00965058229242762
527, 0.0119983921758831
528, 0.00980500954513749
529, 0.0095691488434871
530, 0.00949715157704694
531, 0.0126092497569819
532, 0.0137271493052443
533, 0.0120649829506874
534, 0.0121480940530697
535, 0.0120910185699662
536, 0.0129020626967152
537, 0.013214946569254
538, 0.0135067724622786
539, 0.0140870035005112
540, 0.00983722570041815
541, 0.00786135187372565
542, 0.0149148398389419
543, 0.010328001032273
544, 0.0154909489676356
545, 0.0146076542635759
546, 0.0155975674944265
547, 0.0102765283857783
548, 0.0107702833289901
549, 0.0112218998062114
550, 0.0104642844138046
551, 0.0119483890011907
552, 0.0117193438733617
553, 0.0100111126278838
554, 0.0113704796880484
555, 0.012272019404918
556, 0.0142439622431993
557, 0.0126389027573168
558, 0.0105093300032119
559, 0.0101892044767737
560, 0.0102990842424333
561, 0.0100473295897245
562, 0.0118884383700788
563, 0.0139031110641857
564, 0.0130429160781205
565, 0.0111844674684107
566, 0.0134735450459023
567, 0.0127781736664474
568, 0.0136498979603251
569, 0.0115440048587819
570, 0.0111307570089897
571, 0.0107887119054794
572, 0.0113366662657687
573, 0.0117563641009231
574, 0.0121849433829387
575, 0.0107552524035176
576, 0.0105834174901247
577, 0.010965073791643
578, 0.0117754281188051
579, 0.0116729328408837
580, 0.0126776192337275
581, 0.0143098062835634
582, 0.0120123270899057
583, 0.0137002539510528
584, 0.0131328447411458
585, 0.0119221191853285
586, 0.0103990427617516
587, 0.0147018272740146
588, 0.0112164874694177
589, 0.0113924764362829
590, 0.0120820887386799
591, 0.0127459455591937
592, 0.0138390388650199
593, 0.013080648612231
594, 0.0148330375862618
595, 0.00988245941698551
596, 0.0144797001034021
597, 0.0108961844816804
598, 0.0126727797091007
599, 0.0130121777765453
600, 0.0128797790966928
601, 0.00898602542777856
602, 0.0125855011865497
603, 0.0126780512121816
604, 0.0128064050028721
605, 0.0133683186334868
606, 0.0140199398932358
607, 0.0152918530317644
608, 0.0178113818789522
609, 0.0131055884994566
610, 0.012877406552434
611, 0.0126346469235917
612, 0.0123899723403156
613, 0.012157933631291
614, 0.0119577054865658
615, 0.0117808640934527
616, 0.00727909267880023
617, 0.00797555207585295
618, 0.00884322791049878
619, 0.00973546380798022
620, 0.0106008554187914
621, 0.0113754409054915
622, 0.0120211193958918
623, 0.0138455779912571
624, 0.012520893321683
625, 0.0131174926646054
626, 0.0132609206872682
627, 0.0133381069948276
628, 0.0133758063117663
629, 0.0133989526269337
630, 0.0134312979256113
631, 0.0134992897510529
632, 0.0136300673087438
633, 0.00575177185237408
634, 0.00499322707764804
635, 0.00404864254718025
636, 0.00302525130488599
637, 0.00220861800480634
638, 0.0186445098370314
639, 0.0051724088989431
640, 0.011832096769164
641, 0.0134310233406723
642, 0.0133952549658716
643, 0.00839579043289026
644, 0.0123936203308403
645, 0.013236446150889
646, 0.0133255693751077
647, 0.0093207856019338
648, 0.01026164010788
649, 0.0111135343710581
650, 0.012800058349967
651, 0.0130713294881086
652, 0.0133653781376779
653, 0.0133806338223318
654, 0.0133089935407043
655, 0.0128119906100134
656, 0.0124163610550265
657, 0.0136112480734785
658, 0.0137098671868443
659, 0.0122346833037833
660, 0.0126134253417452
661, 0.0134808508058389
662, 0.0130007203357915
663, 0.0125035104962687
664, 0.0224501518532634
665, 0.0133389942348003
666, 0.0122969029471278
667, 0.0124136020118992
668, 0.0127228133690854
669, 0.0138365568903585
670, 0.0128504064244529
671, 0.0121306587631504
672, 0.0119399227201939
673, 0.0160610388653974
674, 0.0130382066903015
675, 0.0146709624677896
676, 0.0063423589648058
677, 0.00567460397724062
678, 0.00611881981603801
679, 0.00672183744609356
680, 0.0064994649340709
681, 0.0135235033397164
682, 0.012105147620397
683, 0.0133725752433141
684, 0.0108745548253258
685, 0.0132388441512982
686, 0.00990910129621625
687, 0.0133642152262231
688, 0.00882910036792358
689, 0.0133701808129748
690, 0.013330075579385
691, 0.0133665126437942
692, 0.0116898566484451
693, 0.0130637750650446
694, 0.0123190398638447
695, 0.0127689749933779
696, 0.0133172292262316
697, 0.0134405846086641
698, 0.0129547415611645
699, 0.0127919317844013
700, 0.0126205184496939
701, 0.0124535434879363
702, 0.0131717746456464
703, 0.00742150670183556
704, 0.0126237796309094
705, 0.0123024825006723
706, 0.0124322225650152
707, 0.0131132484724124
708, 0.0129297369470199
709, 0.0133850389781098
710, 0.0138004207983613
711, 0.0144168425661822
712, 0.015294272142152
713, 0.0125336395576596
714, 0.00688091036863625
715, 0.00799869241503378
716, 0.00717708755594989
717, 0.0132805961184204
718, 0.013109034858644
719, 0.0133731200670203
720, 0.0133450139934818
721, 0.00951411000763377
722, 0.0133231203071773
723, 0.0106230722740293
724, 0.012798749220868
725, 0.0133838270169993
726, 0.0133606662663321
727, 0.0134092519059777
728, 0.0115879445026318
729, 0.0123041976864139
730, 0.013230613588045
731, 0.0129423582305511
732, 0.0127992431322734
733, 0.0126349053656061
734, 0.0133287234764014
735, 0.0131024575481812
736, 0.0123097721487284
737, 0.00794744063168764
738, 0.0127959968522191
739, 0.013433817618837
740, 0.0137816770002246
741, 0.0142658473923802
742, 0.0148641676642001
743, 0.0124797512378011
744, 0.0131894081520538
745, 0.0125898841458062
746, 0.012687885047247
747, 0.00800481314460436
748, 0.0164020230683188
749, 0.00815743128103869
750, 0.00852277542331389
751, 0.00691539337858558
752, 0.0135449809022248
753, 0.0133707248605788
754, 0.0132152579414348
755, 0.013426327612251
756, 0.0132762953372938
757, 0.0133388264415165
758, 0.0131896285650631
759, 0.0133876036852598
760, 0.0134245990775526
761, 0.0129023344876866
762, 0.0128252942647253
763, 0.0102676615739862
764, 0.0115051041357219
765, 0.0129608229423563
766, 0.0123569074397286
767, 0.0130777233280241
768, 0.0137455874743561
769, 0.0141106786516805
770, 0.0145581599014501
771, 0.0130152318937083
772, 0.0134624714652697
773, 0.0127609993020693
774, 0.0126602090895176
775, 0.0128811675434311
776, 0.00965107085981539
777, 0.00907992664724588
778, 0.0155296929491063
779, 0.00953815709799528
780, 0.00829154644161463
781, 0.0158272643263141
782, 0.0106385437150796
783, 0.0108368899673223
784, 0.0135059086605906
785, 0.0135303836626311
786, 0.0131902898040911
787, 0.013389666719983
788, 0.0134934955276549
789, 0.0132720565423369
790, 0.0130020441487432
791, 0.0133319549883405
792, 0.0134180768703421
793, 0.0130981678764025
794, 0.012471343545864
795, 0.0113987079821527
796, 0.0132699390873313
797, 0.0130763542838395
798, 0.013946581321458
799, 0.0142263380500178
800, 0.013682782339553
801, 0.0132561841358741
802, 0.0130979825432102
803, 0.0149719747714698
804, 0.0131195342789094
805, 0.0125085090153984
806, 0.0136417087167501
807, 0.0136823162126044
808, 0.0135899900591799
809, 0.0136623213378092
810, 0.0134642903382579
811, 0.0133398833374182
812, 0.0133974977458517
813, 0.0137680847463863
814, 0.0139471537744006
815, 0.0126216361920039
816, 0.0130907090380788
817, 0.0134717111165325
818, 0.0129579529166222
819, 0.0133134772380193
820, 0.0145032002280156
821, 0.0148558979853988
822, 0.0140715293586254
823, 0.0134883496599893
824, 0.0140058112641176
825, 0.0132170936891011
826, 0.0133654007688165
827, 0.013844070956111
828, 0.0131747997365892
829, 0.0111689642071724
830, 0.0180914498865604
831, 0.0106892000883818
832, 0.0136231120675802
833, 0.0145289409905672
834, 0.00867284271710863
835, 0.00226090203505009
836, 0.0125776960824927
837, 0.0126805457596978
838, 0.0128193635803958
839, 0.0130362192479273
840, 0.0134067926555872
841, 0.0140834824802975
842, 0.0138600557111204
843, 0.0153791569173336
844, 0.0183417610824108
845, 0.0239533092826605
846, 0.00516860897187144
847, 0.0186979217687622
848, 0.00834796112030745
849, 0.00836998286346594
850, 0.00838249704490105
851, 0.00837151473388076
852, 0.00832189650585254
853, 0.00821682531386614
854, 0.00803989451378584
855, 0.00777230729969839
856, 0.00738969965217014
857, 0.00686258170753717
858, 0.00615820599099
859, 0.00524853557969133
860, 0.00414442775460581
861, 0.00308058236259967
862, 0.0119823884839813
863, 0.0115244197659194
864, 0.0111762648448348
865, 0.0108849555253983
866, 0.0106195417853693
867, 0.0103646692199012
868, 0.0101113971322775
869, 0.00985578075051308
870, 0.00959825717533628
871, 0.00934262744461497
872, 0.00909571008135875
873, 0.00886432314291596
874, 0.00865806251143416
875, 0.00848928730313977
876, 0.0116213637714585
877, 0.0116551741957664
878, 0.0117282452993095
879, 0.0126859452575445
880, 0.0127952457405627
881, 0.012925581385692
882, 0.0131004909053445
883, 0.0133546359526614
884, 0.0137305298509697
885, 0.014232370381554
886, 0.0147931564909716
887, 0.00765471618312101
888, 0.00819454854354262
889, 0.00619157791758577
890, 0.00566814979538321
891, 0.00843947178994616
892, 0.00848483806475997
893, 0.00846602348610759
894, 0.00848187226802111
895, 0.00796791600684325
896, 0.00724623197068771
897, 0.00674649855742852
898, 0.00834736709172527
899, 0.0125823396568497
900, 0.0119501833493511
901, 0.0124747326287131
902, 0.0123579376377165
903, 0.0128728128038347
904, 0.0129964010169109
905, 0.0131452639276783
906, 0.0133288707584143
907, 0.0135503825731575
908, 0.0137964246484141
909, 0.0120956966032585
910, 0.0122307711280882
911, 0.0118344059834878
912, 0.0126830991357565
913, 0.0117453780646125
914, 0.0136255862191319
915, 0.0102399031942089
916, 0.0099525572732091
917, 0.00966249002764622
918, 0.00937454029917717
919, 0.00909906206652522
920, 0.00884106801822782
921, 0.0105221111637851
922, 0.012200990691781
923, 0.0108018047176301
924, 0.0113947118322055
925, 0.0110878176055849
926, 0.0086202803067863
927, 0.0124831980404754
928, 0.0139196313296755
929, 0.0163606912828982
930, 0.0127155835119387
931, 0.0133943548426032
932, 0.0128634177769224
933, 0.0120587325654924
934, 0.0122415460646152
935, 0.012376580076913
936, 0.0148116222893198
937, 0.0130724521974723
938, 0.0119282096358282
939, 0.00844264003847327
940, 0.0137402608192393
941, 0.012117843516171
942, 0.0126617844216526
943, 0.00869258477663
944, 0.00870097319905957
945, 0.00865288839365045
946, 0.0081199137493968
947, 0.00868079081798593
948, 0.0081922203147163
949, 0.00832706332827608
950, 0.00862891754756371
951, 0.00846421687553326
952, 0.00857625824088852
953, 0.0119597581215203
954, 0.0125583228655159
955, 0.012338967838635
956, 0.0124509359399478
957, 0.0134100032349428
958, 0.0133397163202365
959, 0.0132282860577106
960, 0.013115000911057
961, 0.0130103242894014
962, 0.0134151013568044
963, 0.0120282073815664
964, 0.0127643846596281
965, 0.0115694023358325
966, 0.0112559767439961
967, 0.0119116326483587
968, 0.0123030425359805
969, 0.0109549352588753
970, 0.00970174667115013
971, 0.0100236730650067
972, 0.0103421119662623
973, 0.00938096254443129
974, 0.0106524780082206
975, 0.00908480087916056
976, 0.00879220757633448
977, 0.0127977586040894
978, 0.0125948631515106
979, 0.0121742153229813
980, 0.0123391550344725
981, 0.0131432896790405
982, 0.0134447881331046
983, 0.012929478349785
984, 0.0138860324708124
985, 0.0145427938550711
986, 0.0124757153292497
987, 0.00838818456977606
988, 0.00822929680968324
989, 0.0128975606390408
990, 0.0122944113487999
991, 0.012828622944653
992, 0.0121179039900502
993, 0.00909486397479971
994, 0.0091405319981277
995, 0.00888376760606964
996, 0.0127418075377742
997, 0.0089726437193652
998, 0.00903797258312503
999, 0.00924861927827199
1000, 0.00936603949715694
1001, 0.00918477137262622
1002, 0.0095938197337091
1003, 0.010017153651764
1004, 0.0125598561329146
1005, 0.0126525326631963
1006, 0.01310833528017
1007, 0.0130554864493509
1008, 0.0131213362328708
1009, 0.0131018340277175
1010, 0.0122249975490073
1011, 0.0122236966022423
1012, 0.00856769178062677
1013, 0.0129162135223548
1014, 0.0107582546770573
1015, 0.0104203424416482
1016, 0.0100684831850231
1017, 0.0117084036270777
1018, 0.0120350682797531
1019, 0.0123996022157371
1020, 0.00970960548147559
1021, 0.00905989371240139
1022, 0.00934718238810698
1023, 0.0110820097227891
1024, 0.0113961713699003
1025, 0.0127644146171709
1026, 0.0143740417746206
1027, 0.0138681723425786
1028, 0.013483180043598
1029, 0.0132009031561514
1030, 0.0124700635982056
1031, 0.0155148909737666
1032, 0.0126192012491326
1033, 0.0118593070656061
1034, 0.00867966647880773
1035, 0.0111571049007277
1036, 0.0123670371249318
1037, 0.0129492071767648
1038, 0.0096330886396269
1039, 0.00949795916676521
1040, 0.00935691967606544
1041, 0.0092597949717726
1042, 0.00978344446048141
1043, 0.0128908739425242
1044, 0.0102394850303729
1045, 0.0099758078965048
1046, 0.0128264687955379
1047, 0.0106167402118444
1048, 0.012754808490475
1049, 0.0129812175097565
1050, 0.0128124617040157
1051, 0.0129531101944546
1052, 0.0122784616736074
1053, 0.0127344746142626
1054, 0.0124636357650161
1055, 0.0130031961016357
1056, 0.0124536415872475
1057, 0.0108436572675904
1058, 0.0104714351085325
1059, 0.0121370158158243
1060, 0.0124424203919868
1061, 0.0100731365382671
1062, 0.0111883774710198
1063, 0.00967576525484522
1064, 0.0118301959397892
1065, 0.0115151597807805
1066, 0.0142199192196131
1067, 0.012983416672796
1068, 0.0150124039500952
1069, 0.0126323299482465
1070, 0.0138077950105071
1071, 0.0134833416280647
1072, 0.0128027809162935
1073, 0.01078823969389
1074, 0.0163214878800015
1075, 0.0118631247120599
1076, 0.0119228612942
1077, 0.0125046397248904
1078, 0.0120890660521885
1079, 0.0124113518744707
1080, 0.0125968864498039
1081, 0.0130000527327259
1082, 0.0100490896341701
1083, 0.00981365516781807
1084, 0.0102665725474556
1085, 0.0105311670340598
1086, 0.0129858846776187
1087, 0.0108659543717901
1088, 0.0129590956494212
1089, 0.011301030870527
1090, 0.0129177096920709
1091, 0.0128013415572544
1092, 0.0126778186919789
1093, 0.012999943147103
1094, 0.00960226804018021
1095, 0.0155539110613366
1096, 0.010909735225141
1097, 0.0125166956956188
1098, 0.0104750422760844
1099, 0.0112812969212731
1100, 0.0100010799554487
1101, 0.0122452986737092
1102, 0.0116191661606232
1103, 0.0146654682854811
1104, 0.0119370569785436
1105, 0.0140188325506945
1106, 0.0132256366002063
1107, 0.0128229941862325
1108, 0.0137110662957033
1109, 0.0130101907998323
1110, 0.0126244033287678
1111, 0.0127301875501871
1112, 0.0100807113572955
1113, 0.0134747859888843
1114, 0.0123010217212141
1115, 0.0155566339381039
1116, 0.0125636871283253
1117, 0.012803818564862
1118, 0.0104072309498276
1119, 0.0106484129404028
1120, 0.012967373089244
1121, 0.0109518798999488
1122, 0.0130078528697292
1123, 0.0127244250228008
1124, 0.0113120799263318
1125, 0.0117535285341243
1126, 0.0130378459580243
1127, 0.0130336894653738
1128, 0.0128608007604877
1129, 0.0128931794315577
1130, 0.0129071592042843
1131, 0.015040567299972
1132, 0.0109476535581052
1133, 0.01136697580417
1134, 0.0126309068873525
1135, 0.0117204595978061
1136, 0.0143779789408048
1137, 0.0134448360962172
1138, 0.0123219677867989
1139, 0.0120301594336828
1140, 0.0138107356615365
1141, 0.0130027405296763
1142, 0.0132147967815399
1143, 0.0128290748223662
1144, 0.0142250852659345
1145, 0.0141433525520066
1146, 0.0150866564363241
1147, 0.0125290638146301
1148, 0.0129663891469439
1149, 0.0129572985693812
1150, 0.0112526970915496
1151, 0.0129431618067125
1152, 0.0116237945233782
1153, 0.0120410262607038
1154, 0.013031554253151
1155, 0.0130995119300981
1156, 0.0130140182251732
1157, 0.0146578984335065
1158, 0.0114421080797911
1159, 0.0140256263936559
1160, 0.0118236310469608
1161, 0.0135911813316246
1162, 0.0121266084412734
1163, 0.0124001759104431
1164, 0.0131751005537808
1165, 0.0133751660274963
1166, 0.0129568837583065
1167, 0.0109249530360103
1168, 0.0161104219034314
1169, 0.0126404037388662
1170, 0.0137358543773492
1171, 0.0128417271189392
1172, 0.0126563945474724
1173, 0.0122384967592855
1174, 0.0130791614452998
1175, 0.0118212546221912
1176, 0.013112855010799
1177, 0.0132009539753199
1178, 0.0137278211436101
1179, 0.013091300924619
1180, 0.0119527205824852
1181, 0.0131296004789571
1182, 0.0122366625194748
1183, 0.0146384343194465
1184, 0.0142284148771848
1185, 0.013606819168975
1186, 0.0125051223052045
1187, 0.0129283147730998
1188, 0.0134509598525862
1189, 0.0132934985061487
1190, 0.0127059197984636
1191, 0.0127443245922526
1192, 0.0132230464369059
1193, 0.0129906546324491
1194, 0.0136430006474257
1195, 0.0131497383117676
1196, 0.0132004552121673
1197, 0.0137046644730227
1198, 0.0134289444291166
1199, 0.0123807191848755
1200, 0.0126391357431809
1201, 0.0128278389573097
1202, 0.0134138866948585
1203, 0.0133227699746688
1204, 0.0130997390175859
1205, 0.0131294298917055
1206, 0.0134727230295539
1207, 0.0127981862363716
1208, 0.0131936167765941
1209, 0.012852668762207
1210, 0.0129422675818205
1211, 0.0130933113396168
1212, 0.0132893174886703
