1, 0.0153002631850541
2, 0.0377160655334592
3, 0.00183739126077853
4, 0.00215053907595575
5, 0.0184341408312321
6, 0.0272952727973461
7, 0.0103242481127381
8, 0.00252085638931021
9, 0.0373420743271708
10, 0.0166707979515195
11, 0.0166745763272047
12, 0.0294055622071028
13, 0.0159662119778139
14, 0.0167311622450749
15, 0.0171593160678943
16, 0.017476687207818
17, 0.0177587817112605
18, 0.0180974981437127
19, 0.0186461660390099
20, 0.0197268805156151
21, 0.022310179968675
22, 0.0279964640115698
23, 0.0339937061071396
24, 0.0227348711341619
25, 0.0129338611538211
26, 0.00588919579361876
27, 0.00277656832865129
28, 0.000919801949445779
29, 0.00168811029288918
30, 0.00224192021414638
31, 0.00330323667731136
32, 0.00647040425489346
33, 0.00992335565388203
34, 0.0135414466882745
35, 0.0165180567031105
36, 0.0185444088031848
37, 0.0196585133671761
38, 0.0200826128323873
39, 0.0200426715115706
40, 0.0197327056278785
41, 0.0193034335970879
42, 0.0188661937912305
43, 0.0185283410052458
44, 0.0183528466150165
45, 0.0183214514205853
46, 0.0180628324548403
47, 0.0176214637855689
48, 0.0171059612184763
49, 0.0165671594440937
50, 0.0160431237891316
51, 0.0158306355588138
52, 0.0155097109576066
53, 0.0156478444114327
54, 0.01597953060021
55, 0.0164081050703923
56, 0.0168876772125562
57, 0.0173710659146309
58, 0.0178255184243123
59, 0.0182372846951087
60, 0.0186117800573508
61, 0.0189745196451743
62, 0.0193777599682411
63, 0.0199219286441803
64, 0.0208043965200583
65, 0.0226429992665847
66, 0.0239554001018405
67, 0.0232188124209642
68, 0.0190453684578339
69, 0.0173412753889958
70, 0.0162443413088719
71, 0.0154071378832062
72, 0.0146807637065649
73, 0.0139996934061249
74, 0.0133405017356078
75, 0.0127011326452096
76, 0.012089144748946
77, 0.0115193746363123
78, 0.011015227685372
79, 0.0106077333912253
80, 0.0103773015240828
81, 0.010213683010079
82, 0.00993029881889621
83, 0.00968515686690807
84, 0.00937407681097587
85, 0.00894972852741679
86, 0.00835952674970031
87, 0.00754332278544704
88, 0.00643810684171816
89, 0.00498949262934426
90, 0.00323841239636143
91, 0.00164117140229791
92, 0.00342796560532103
93, 0.00666956727703412
94, 0.0139036715651552
95, 0.0237288114925226
96, 0.0346393479655186
97, 0.0280146154885491
98, 0.0225514754032095
99, 0.020079646880428
100, 0.0190967324500283
101, 0.0186846144497395
102, 0.0185285834595561
103, 0.0184940462931991
104, 0.0185135199377934
105, 0.0185527944316467
106, 0.0185951565702756
107, 0.018631133561333
108, 0.0186552737529079
109, 0.018665263739725
110, 0.0186593395968278
111, 0.0186358050753673
112, 0.0185923303167025
113, 0.018526473082602
114, 0.018436709108452
115, 0.0183211645732323
116, 0.018177619514366
117, 0.0180032529557745
118, 0.0177944852039218
119, 0.0175510436917345
120, 0.0172756944472591
121, 0.0169208142906427
122, 0.0167435736705859
123, 0.0167298254867395
124, 0.0167241891225179
125, 0.0167270743598541
126, 0.0167320414135853
127, 0.0167304712037245
128, 0.0167740858159959
129, 0.016860240449508
130, 0.0171522262195746
131, 0.0174202819665273
132, 0.0176682999978463
133, 0.017902630691727
134, 0.0181269720196724
135, 0.0183408539742231
136, 0.0185450110584497
137, 0.0187422055751085
138, 0.0189354177564383
139, 0.0191278215497732
140, 0.0193244485805432
141, 0.0195305335024993
142, 0.0197504268338283
143, 0.0199878942221403
144, 0.0202446598559618
145, 0.0205178540199995
146, 0.0207963505138954
147, 0.0210545596977075
148, 0.0212426862368981
149, 0.0212741295496623
150, 0.0210166176160177
151, 0.0202918977787097
152, 0.0188923813402653
153, 0.0166104606663187
154, 0.013428485331436
155, 0.0097548213476936
156, 0.00636848201975226
157, 0.00328921165782958
158, 0.0025578731050094
159, 0.00549887508774797
160, 0.0123510907093684
161, 0.0220931010941664
162, 0.0333274062722921
163, 0.0343785447378953
164, 0.02418161307772
165, 0.0142464001352588
166, 0.00677231901014845
167, 0.00346862288036694
168, 0.0103965926294525
169, 0.0106496876105666
170, 0.0110597340390086
171, 0.0115433232858777
172, 0.0120635361721118
173, 0.0125907215600212
174, 0.0131004359573126
175, 0.0135724988455574
176, 0.0139949265867472
177, 0.0143618676811457
178, 0.0146725463370482
179, 0.0149304441486796
180, 0.0151416876663764
181, 0.0153137889380256
182, 0.0154546499252319
183, 0.0155719366545478
184, 0.0156729922940334
185, 0.0157648281504711
186, 0.0158542785793543
187, 0.0159486265232166
188, 0.0160560955603917
189, 0.0161865477760633
190, 0.0163537257661422
191, 0.0165781639516354
192, 0.0168952650080125
193, 0.0173600949347019
194, 0.0180947575718164
195, 0.0193359218537807
196, 0.0238047079183161
197, 0.0257694503913323
198, 0.022956870496273
199, 0.0207838732749224
200, 0.0194770538558563
201, 0.0186652398357789
202, 0.0181268211454153
203, 0.0177525921414296
204, 0.0174817281464736
205, 0.0172799713909626
206, 0.0171264888097843
207, 0.0170089614888032
208, 0.0169187231610219
209, 0.0168502262483041
210, 0.0167942605912685
211, 0.0168197671882808
212, 0.0165188116952777
213, 0.017946833611599
214, 0.00421575984052782
215, 0.00157688952749595
216, 0.0104882490288998
217, 0.0170455801611145
218, 0.017426463154455
219, 0.0177323610211412
220, 0.0180505067110062
221, 0.0184882239749034
222, 0.0192441757147511
223, 0.0207615979015827
224, 0.0245182244107127
225, 0.0315283052623272
226, 0.0247792974114418
227, 0.00292001034055526
228, 0.00218294896573449
229, 0.0186221261198322
230, 0.0190376518294215
231, 0.0194907744104664
232, 0.0198890774821242
233, 0.0201082418983181
234, 0.0199816881989439
235, 0.019295372068882
236, 0.0178105803206563
237, 0.0153132175716261
238, 0.0119027745289107
239, 0.0079744616523385
240, 0.0166748234381278
241, 0.0170984640717506
242, 0.0175321803738674
243, 0.0179263505463799
244, 0.0182245373725891
245, 0.0201072931910555
246, 0.0174372692902883
247, 0.0181316736464699
248, 0.0185387010375659
249, 0.0217795046046376
250, 0.0177854293336471
251, 0.0191264664754272
252, 0.0172861556832989
253, 0.0162918476387858
254, 0.0176581700022022
255, 0.0179924073939522
256, 0.0190155257781347
257, 0.0191513076424599
258, 0.0199884315952659
259, 0.014206612482667
260, 0.0187074740727743
261, 0.0196161850666006
262, 0.0201428278038899
263, 0.0103278791842361
264, 0.0183848280459642
265, 0.0199002176523209
266, 0.0172286654512088
267, 0.00557221019906657
268, 0.0169669360454593
269, 0.0182952495025737
270, 0.0186554488415519
271, 0.0182380157833298
272, 0.0178443032006423
273, 0.0191659436871608
274, 0.0198614373803139
275, 0.0181518619259198
276, 0.0178730825760535
277, 0.0196951168278853
278, 0.0192303334673246
279, 0.0186852009168693
280, 0.0168694186334809
281, 0.018901095725596
282, 0.0199341528738538
283, 0.0200709089015921
284, 0.0129346422230204
285, 0.0202190522104502
286, 0.0174891237169504
287, 0.0183669023215771
288, 0.00502496394328773
289, 0.0208621978138884
290, 0.0203998511036237
291, 0.0192313905184468
292, 0.0197776208321253
293, 0.0183140259856979
294, 0.0187456924468279
295, 0.0197408869862556
296, 0.0201853243634105
297, 0.0187570961813132
298, 0.0192577950656414
299, 0.01893174679329
300, 0.0201575069998701
301, 0.0204064830516775
302, 0.0167806884273887
303, 0.00874811438843608
304, 0.0215166796530996
305, 0.018345245718956
306, 0.0206189002841711
307, 0.0192609697580338
308, 0.0207672895242771
309, 0.0189458544233016
310, 0.00493360694963485
311, 0.0183842905486623
312, 0.0191547929619749
313, 0.0207285614063342
314, 0.0253717798207487
315, 0.0192652087037762
316, 0.018875101270775
317, 0.0185147617012262
318, 0.0181510541588068
319, 0.0177671114603678
320, 0.0173627631738782
321, 0.016954455524683
322, 0.0165728563442826
323, 0.016268427328517
324, 0.0160530622427662
325, 0.0103761188996335
326, 0.011241522928079
327, 0.0118364146910608
328, 0.0124824570181469
329, 0.0131592797115445
330, 0.0138554557537039
331, 0.0145675606715182
332, 0.0153103537547092
333, 0.0161289189321299
334, 0.0171187904973825
335, 0.0185246827701728
336, 0.0207045910259088
337, 0.00885422605400284
338, 0.00821592550103863
339, 0.00734566656562189
340, 0.00618499393264453
341, 0.00469648263727625
342, 0.00312647528092687
343, 0.00206904371734709
344, 0.0318035650998354
345, 0.0115068500994572
346, 0.0245972505460183
347, 0.00802843878045678
348, 0.00964793764675657
349, 0.0093144920344154
350, 0.00989927087600032
351, 0.0092140743508935
352, 0.00869562352697054
353, 0.00720718875527382
354, 0.0179466065019369
355, 0.0200071390718222
356, 0.0173380210374792
357, 0.0176383992657065
358, 0.0165278103202581
359, 0.0189474870761236
360, 0.0169583127523462
361, 0.0197357681269447
362, 0.0187686278174321
363, 0.0203432089959582
364, 0.0211564870551229
365, 0.0222519677132368
366, 0.0169327311838667
367, 0.0175359804804126
368, 0.0190802325184147
369, 0.0184714198112488
370, 0.0181708245848616
371, 0.017858539087077
372, 0.0172171266749501
373, 0.0107283666729927
374, 0.018429193024834
375, 0.0172447931642334
376, 0.0115707763470709
377, 0.0138472799832622
378, 0.0123051671932141
379, 0.0130660279343526
380, 0.0146332069610556
381, 0.0154330651275814
382, 0.0162776415236294
383, 0.0167721680232457
384, 0.0202916142131601
385, 0.0218926866849263
386, 0.00988947212075194
387, 0.0101065298852821
388, 0.00975994354424377
389, 0.00992310574899117
390, 0.0101172377665838
391, 0.00960448011755943
392, 0.0179465400675933
393, 0.0172754644105832
394, 0.017621286213398
395, 0.0196470891435941
396, 0.0197901977226138
397, 0.0202352205912272
398, 0.018668044048051
399, 0.0174633882318934
400, 0.0177411107967297
401, 0.0180067447945476
402, 0.0182477316508691
403, 0.0184673477585117
404, 0.0188571820035577
405, 0.0194250736385584
406, 0.0183417908847332
407, 0.0129136323618392
408, 0.012091648299247
409, 0.0172675587236881
410, 0.0183495345215003
411, 0.0163461407646537
412, 0.0154865132644773
413, 0.0137809072621167
414, 0.014638658768187
415, 0.0109164092379312
416, 0.017211788892746
417, 0.00622988888062537
418, 0.0103239077808602
419, 0.0176530640040125
420, 0.0104424355862041
421, 0.0105262189172208
422, 0.0183847040558855
423, 0.0115449301277598
424, 0.0117886853404343
425, 0.0180136697987715
426, 0.010296439131101
427, 0.0192278089622657
428, 0.0185113279148936
429, 0.0192112510225603
430, 0.0183717080702384
431, 0.0181864223753413
432, 0.0179313356056809
433, 0.0186107071737448
434, 0.018677208883067
435, 0.0154963677438597
436, 0.0163589079553882
437, 0.0126781280462941
438, 0.0172432729353507
439, 0.0193951837718487
440, 0.0181484557688236
441, 0.0145943958001832
442, 0.0136600164696574
443, 0.0190412933006883
444, 0.0112046088491167
445, 0.0188932474702597
446, 0.0208298716073235
447, 0.00978964893147349
448, 0.0100803272798657
449, 0.0105588195845485
450, 0.0113196501818796
451, 0.0188574809581041
452, 0.0112334328393141
453, 0.0184165770187974
454, 0.0133441365323961
455, 0.018722833134234
456, 0.0187467571347952
457, 0.0186151564121246
458, 0.0185389534259836
459, 0.0183985685663564
460, 0.0186037573342522
461, 0.0163597775002321
462, 0.0171561812361081
463, 0.018067362585238
464, 0.0113993207924068
465, 0.0185465347021818
466, 0.0134728465539714
467, 0.0154746728949249
468, 0.0144967546996971
469, 0.0194239284222325
470, 0.01186827365309
471, 0.0187133920068542
472, 0.01022829557769
473, 0.0122653059661388
474, 0.0201496506730715
475, 0.0122954719034689
476, 0.01246148487553
477, 0.0187893497447173
478, 0.0192074893663327
479, 0.0183061327164372
480, 0.018777738014857
481, 0.0186739802981416
482, 0.0171711730460326
483, 0.0163859991977612
484, 0.018093553185463
485, 0.0184694640338421
486, 0.0154247752701243
487, 0.0142777992102007
488, 0.0128532277109722
489, 0.0184359786411126
490, 0.0140514800635477
491, 0.019675903643171
492, 0.0132384987858435
493, 0.0208454945435127
494, 0.0137639935128391
495, 0.0189695321023464
496, 0.0188551092786448
497, 0.0171928936615586
498, 0.0164477300519745
499, 0.0184954162687063
500, 0.015333493905408
501, 0.0192541818444928
502, 0.0182378127550085
503, 0.0144623746164143
504, 0.015164227069666
505, 0.0152301231088738
506, 0.0199796116600434
507, 0.0220827177787821
508, 0.0143426109105349
509, 0.0178833029099873
510, 0.0177518397569656
511, 0.018711518868804
512, 0.0132111083716154
513, 0.0173690980300307
514, 0.018532470241189
515, 0.016727610801657
516, 0.0180747577299674
517, 0.017190385343773
518, 0.0161762214265764
519, 0.0159699399955571
520, 0.0193979823961854
521, 0.0202264711260796
522, 0.0195986103887359
523, 0.0179184673664471
524, 0.0177965600043535
525, 0.0171073030680418
526, 0.0178132373839617
527, 0.0188985749458273
528, 0.0167083892350396
529, 0.0174911534413695
530, 0.019047557686766
531, 0.0180416596787316
532, 0.0175590060651302
533, 0.0186191297446688
534, 0.00268949214867981
535, 0.00163212229963392
536, 0.016896625670294
537, 0.0168958557769656
538, 0.0169214891890685
539, 0.018748387383918
540, 0.0187441632151604
541, 0.0191506852085392
542, 0.0197624738017718
543, 0.0187768631925186
544, 0.0176372447361549
545, 0.0178660588959853
546, 0.0180653988694151
547, 0.0182350194081664
548, 0.0183770892520746
549, 0.0184947435433666
550, 0.0185899023587505
551, 0.0186629978319009
552, 0.0187163259834051
553, 0.018752864561975
554, 0.0187738708530863
555, 0.0187812422712644
556, 0.0187632764379183
557, 0.0187721246232589
558, 0.0188783090561628
559, 0.0211223186925054
560, 0.0246628659466902
561, 0.0312456630170345
562, 0.00496841762214899
563, 0.00784446368925273
564, 0.0117142368108034
565, 0.0153037256871661
566, 0.0180251641819874
567, 0.0197786639134089
568, 0.0207606498152018
569, 0.0211866972967982
570, 0.0212553450837731
571, 0.0211204923689365
572, 0.0208869300161799
573, 0.0206170755748947
574, 0.0203442291046182
575, 0.0200841755916675
576, 0.0198425520211458
577, 0.0196192894751827
578, 0.0194110991433263
579, 0.0192139940336347
580, 0.0190232104311387
581, 0.0188330315674345
582, 0.0186400776728988
583, 0.0184415535380443
584, 0.0182341483111183
585, 0.0180162002022068
586, 0.0177871758739154
587, 0.0175478216260672
588, 0.0172896981239319
589, 0.0170216464127103
590, 0.0246073680796794
591, 0.0176431669720582
592, 0.00993637261646134
593, 0.00369605274560551
594, 0.00293276488082483
595, 0.0168932378292084
596, 0.0169069639717539
597, 0.0171475845078627
598, 0.0168674781918526
599, 0.0173785857235392
600, 0.0198318564022581
601, 0.019042590012153
602, 0.0188791627685229
603, 0.0189568459366759
604, 0.018754285449783
605, 0.0185708086937666
606, 0.0183074148371816
607, 0.018136822928985
608, 0.017938332632184
609, 0.0177180053045352
610, 0.0184503806134065
611, 0.0190973347052932
612, 0.0171476427465677
613, 0.0220741167043646
614, 0.0206333451593916
615, 0.0194179574027658
616, 0.0192049521331986
617, 0.0190107629944881
618, 0.0189847489818931
619, 0.0189228588715196
620, 0.0188232520595193
621, 0.0186714545513193
622, 0.0203695210317771
623, 0.0205158727864424
624, 0.0211894894018769
625, 0.0208830398817857
626, 0.0098447009610633
627, 0.0173077199918528
628, 0.0198841203625004
629, 0.0196674764156342
630, 0.0179059483731786
631, 0.0201185022791227
632, 0.0140900739158193
633, 0.0194658000643055
634, 0.0192751701300343
635, 0.0190908294171095
636, 0.0189067209139466
637, 0.0187204955145717
638, 0.0185300307348371
639, 0.0183323137462139
640, 0.0181253614525
641, 0.0193414377669493
642, 0.00563468683200578
643, 0.0210921348383029
644, 0.0210557288179795
645, 0.0206300991897782
646, 0.0176725204413136
647, 0.0174306097129981
648, 0.0171370117792061
649, 0.0171936417796782
650, 0.0171468378975987
651, 0.0171371117855112
652, 0.0193402248745163
653, 0.0200700225929419
654, 0.0194366754343112
655, 0.0191144030541182
656, 0.0191866603369514
657, 0.0190391695747773
658, 0.018957712687552
659, 0.0188664399708311
660, 0.0197626476486524
661, 0.0195678407326341
662, 0.0192602515841524
663, 0.0187684645255407
664, 0.0186618693793813
665, 0.0185426482930779
666, 0.0183994195734461
667, 0.0182241617391507
668, 0.0180195293699702
669, 0.0177910371373097
670, 0.0174825750291348
671, 0.0205641115705172
672, 0.0213383864611387
673, 0.0193042879303296
674, 0.0191331890722116
675, 0.0194798763841391
676, 0.0189578902597229
677, 0.0187814772749941
678, 0.0196646936237812
679, 0.0186001428713401
680, 0.019863442517817
681, 0.0184135492891073
682, 0.0200784454743067
683, 0.0182229510198037
684, 0.0203085184718172
685, 0.0205488946909706
686, 0.0207857939725121
687, 0.0175532583768169
688, 0.018020289329191
689, 0.0209878298143546
690, 0.0178019801775614
691, 0.0126583714348574
692, 0.0210913025463621
693, 0.0209572315216064
694, 0.0203826762735844
695, 0.0167994081663589
696, 0.00736042034501831
697, 0.0190731035545468
698, 0.0173338528722525
699, 0.0174120355929647
700, 0.0206681555137038
701, 0.0210549080123504
702, 0.0173734876637657
703, 0.0192306206251184
704, 0.0195922261724869
705, 0.0197351162011425
706, 0.0199006119122108
707, 0.0200990239779154
708, 0.0203486907606324
709, 0.0193454902619123
710, 0.0194644105310241
711, 0.0191161992649237
712, 0.0189987402409315
713, 0.0188686223700643
714, 0.0187560018151999
715, 0.0186591468130549
716, 0.0185140883550048
717, 0.0183424782007933
718, 0.0181199394698654
719, 0.0178669185067217
720, 0.0175558961927891
721, 0.0204603203261892
722, 0.0209767821555336
723, 0.0210195487986008
724, 0.0208329589416583
725, 0.0206023544693987
726, 0.0177051356683175
727, 0.0203705492118994
728, 0.0201523217062155
729, 0.0199522276719411
730, 0.0197687953089674
731, 0.0195997068658471
732, 0.0194426470746597
733, 0.0192925445735455
734, 0.0191456700364749
735, 0.0189952729269862
736, 0.0188145666782345
737, 0.0186457158997655
738, 0.0184721887732546
739, 0.0182824789856871
740, 0.0179454094419877
741, 0.0181217689067125
742, 0.0189722760890921
743, 0.0165517739951611
744, 0.0173486936837435
745, 0.0176159602900346
746, 0.0207935746759176
747, 0.0216723829507828
748, 0.0192473411560059
749, 0.0211685278142492
750, 0.0171373225748539
751, 0.0188762049323746
752, 0.0110555669913689
753, 0.00229979872237891
754, 0.01813076933225
755, 0.0182788924624523
756, 0.018394789348046
757, 0.0184813082839052
758, 0.0185417955120405
759, 0.0185786538446943
760, 0.0185940492277344
761, 0.0185905592516065
762, 0.0185705873494347
763, 0.0185362783571084
764, 0.0184901912386219
765, 0.0184370285520951
766, 0.0183848586554329
767, 0.0183475675682227
768, 0.0183514139304558
769, 0.0184460571035743
770, 0.018726237428685
771, 0.0193896659960349
772, 0.0209078794966141
773, 0.0246135763203104
774, 0.031557609513402
775, 0.00617639512347523
776, 0.024938743095845
777, 0.00830751021082203
778, 0.00748169686024388
779, 0.00639356377845009
780, 0.00503129434461395
781, 0.00363501819083467
782, 0.0191593303655585
783, 0.0180366250375907
784, 0.0173847740516067
785, 0.0169608443975449
786, 0.0166714005172253
787, 0.0164624402920405
788, 0.0163049443314473
789, 0.0161805025612315
790, 0.0160770680134495
791, 0.0159849375486374
792, 0.0158960552265247
793, 0.015802929798762
794, 0.0156983582613369
795, 0.0155746755190194
796, 0.0154236666858196
797, 0.0152365464406709
798, 0.015004365084072
799, 0.0147186211931209
800, 0.0143725962067644
801, 0.0139631228521466
802, 0.0134924286976457
803, 0.0129688136900465
804, 0.0124077551687757
805, 0.0118333529680967
806, 0.0112782808331152
807, 0.0107761050264041
808, 0.0104098590090871
809, 0.0170449816311399
810, 0.0171144219736258
811, 0.0172100213045875
812, 0.0173332380751769
813, 0.0174911323313912
814, 0.0176947247236967
815, 0.0179599610467752
816, 0.0183106294522683
817, 0.0187819842249155
818, 0.0194302937015891
819, 0.0203262474387884
820, 0.0214578484495481
821, 0.0227237486590942
822, 0.0089152983079354
823, 0.0069610873858134
824, 0.00831193725268046
825, 0.00968820213650664
826, 0.00935872768362363
827, 0.00888410691792766
828, 0.00992173158253233
829, 0.010097985714674
830, 0.00765378392922382
831, 0.0169672191143036
832, 0.019389298123618
833, 0.0173835176974535
834, 0.0179689703509212
835, 0.0174852063258489
836, 0.0176125302289923
837, 0.0177710438147187
838, 0.0182168362662196
839, 0.0185274798423052
840, 0.0189135673766335
841, 0.0199552016953627
842, 0.0205784911910693
843, 0.0190414059907198
844, 0.018288169366618
845, 0.0185090120260914
846, 0.0185508128876487
847, 0.0185163396721085
848, 0.0184296869362394
849, 0.0179474748050173
850, 0.0177241368219256
851, 0.0182499193275968
852, 0.0183677695070704
853, 0.0184524077922106
854, 0.0218939706683159
855, 0.0185726083194216
856, 0.0199965710441271
857, 0.0185409570112824
858, 0.0185415782034397
859, 0.0184780163690448
860, 0.0183760371680061
861, 0.0183247181897362
862, 0.0182877564802766
863, 0.0183609292532007
864, 0.0109612027493616
865, 0.0122474323337277
866, 0.0157136460766196
867, 0.0152548202313483
868, 0.0145371441418926
869, 0.0135155219274263
870, 0.0160008554036419
871, 0.0172531610975663
872, 0.0167618732278546
873, 0.0166043415665627
874, 0.016480525645117
875, 0.0163779758537809
876, 0.0162870275477568
877, 0.0161992907524109
878, 0.0161065543070436
879, 0.0182635296757023
880, 0.0207987356930971
881, 0.0191579485932986
882, 0.0176526432236036
883, 0.0169692092264692
884, 0.0158732462053498
885, 0.0149330069931845
886, 0.014063297615697
887, 0.0155112754243116
888, 0.0129047239509722
889, 0.0115757479021947
890, 0.0103671231440135
891, 0.0173223234180893
892, 0.0207010616681405
893, 0.0096879075281322
894, 0.00996491468201081
895, 0.0101686137107511
896, 0.0101030973407129
897, 0.0101605979725718
898, 0.00933940118799607
899, 0.0179714231441418
900, 0.0178228197619319
901, 0.0177002229417364
902, 0.0181479370221496
903, 0.0198671575635672
904, 0.0189073933288455
905, 0.0186123596504331
906, 0.0192400657882293
907, 0.0195840761686365
908, 0.0183598942433794
909, 0.0179011272266507
910, 0.0182773135602474
911, 0.0182719485213359
912, 0.0174514629567663
913, 0.018437959253788
914, 0.0185189796611667
915, 0.018356037636598
916, 0.0185240755478541
917, 0.0184820365781585
918, 0.0183954664195577
919, 0.0183458632479111
920, 0.0184907608975967
921, 0.0185104285677274
922, 0.0184424662341674
923, 0.0183009123429656
924, 0.0195155416925748
925, 0.0183456403513749
926, 0.0188767019038399
927, 0.0185222337022424
928, 0.0180967813357711
929, 0.0165760653714339
930, 0.0161552156011264
931, 0.0162883860369523
932, 0.0157651232245068
933, 0.0170389612515767
934, 0.0167657385269801
935, 0.0164890804638465
936, 0.0168866127108534
937, 0.016665406525135
938, 0.0163962558532755
939, 0.0159851557885607
940, 0.018359989238282
941, 0.0178676101689537
942, 0.0172384443382422
943, 0.0191913936287165
944, 0.0175042096525431
945, 0.0146665169547002
946, 0.0127814770676196
947, 0.0134903378784657
948, 0.0120094885739187
949, 0.0112223078807195
950, 0.0154809748443464
951, 0.0141211828837792
952, 0.0151183713848392
953, 0.0104146668066581
954, 0.0105509779726466
955, 0.0107306972412126
956, 0.0120079373009503
957, 0.0183396724363168
958, 0.0184882367029786
959, 0.0182644200200836
960, 0.0184349389746785
961, 0.0190540834640463
962, 0.0192331404735645
963, 0.017975273852547
964, 0.0181175200268626
965, 0.0186282548432549
966, 0.0188384472082059
967, 0.0193685684353113
968, 0.0175870478153229
969, 0.0180799132212996
970, 0.0176602881401777
971, 0.0184180478875836
972, 0.0183271657054623
973, 0.0184904942288995
974, 0.0183725403621793
975, 0.0184586659694711
976, 0.0185092519968748
977, 0.018288550277551
978, 0.0182664832100272
979, 0.0185090474163493
980, 0.0184393733118971
981, 0.0184848563124736
982, 0.018276092906793
983, 0.0182356393585602
984, 0.0200259607285261
985, 0.0106393799185753
986, 0.0192095227539539
987, 0.0187644554922978
988, 0.0160055955251058
989, 0.0141512754683693
990, 0.0156933160809179
991, 0.0134256586122016
992, 0.0164217008277774
993, 0.0166686171044906
994, 0.0171436757470171
995, 0.0169327811648448
996, 0.0170289610202114
997, 0.0168459756920735
998, 0.0167608186602592
999, 0.0172868880132834
1000, 0.0165593276421229
1001, 0.0162423678363363
1002, 0.0174695613483588
1003, 0.0177111954738696
1004, 0.0180273360262314
1005, 0.0188965745270252
1006, 0.0184509272997578
1007, 0.0116872635359565
1008, 0.0125807241226236
1009, 0.0147755054446558
1010, 0.0102850277908146
1011, 0.015287505928427
1012, 0.0205665286630392
1013, 0.010229397409906
1014, 0.0189186039247683
1015, 0.0114982360973954
1016, 0.011385346762836
1017, 0.0112711247056723
1018, 0.0184286792452137
1019, 0.0183119388918082
1020, 0.018632808389763
1021, 0.0125564821064472
1022, 0.0182600390786926
1023, 0.0184736683343848
1024, 0.0186151123295228
1025, 0.0183398375908534
1026, 0.0182376711496285
1027, 0.0188831087822715
1028, 0.0189811720823248
1029, 0.0187565144151449
1030, 0.017861209543688
1031, 0.0182338207960129
1032, 0.0183499921113253
1033, 0.0184767432510853
1034, 0.0184392308195432
1035, 0.0183957420910398
1036, 0.0184926350290577
1037, 0.0183064363275965
1038, 0.018271083633105
1039, 0.018251812706391
1040, 0.0185025281583269
1041, 0.0185095531245073
1042, 0.0183600097273787
1043, 0.0162435537204146
1044, 0.0189433774600426
1045, 0.0164929612850149
1046, 0.0141508365049958
1047, 0.0172668127343059
1048, 0.0173731228957574
1049, 0.0175035853559772
1050, 0.0171763878315687
1051, 0.0170943206176162
1052, 0.017012655424575
1053, 0.016923215550681
1054, 0.0168156949803233
1055, 0.0166773336629073
1056, 0.017667663594087
1057, 0.0178735892598828
1058, 0.0181464636698365
1059, 0.0184746949623028
1060, 0.0133015320946773
1061, 0.012235766010625
1062, 0.0148759088478982
1063, 0.0159043446183205
1064, 0.0154546154662967
1065, 0.0116927201549212
1066, 0.0198467299342155
1067, 0.0106695075519383
1068, 0.0215941807255149
1069, 0.0128649453011652
1070, 0.0124552881655594
1071, 0.0183327548826734
1072, 0.0184699579452475
1073, 0.0140994363464415
1074, 0.0182530023157597
1075, 0.0186634886388977
1076, 0.018218873689572
1077, 0.0167505703866482
1078, 0.018494775518775
1079, 0.0185936264072855
1080, 0.018397730961442
1081, 0.0186859462410212
1082, 0.018781589033703
1083, 0.0187545993054907
1084, 0.0182751516501109
1085, 0.0182389803230762
1086, 0.0184186777720849
1087, 0.0183692046751579
1088, 0.0183201041072607
1089, 0.0182176042969028
1090, 0.0183782866224647
1091, 0.0184649073829254
1092, 0.0185010330751538
1093, 0.0185207094376286
1094, 0.018453072446088
1095, 0.0169328215221564
1096, 0.0149538436283668
1097, 0.017165703078111
1098, 0.0172483241185546
1099, 0.0170653068150083
1100, 0.0174810628717144
1101, 0.017398859684666
1102, 0.0175777338445187
1103, 0.0176929521063964
1104, 0.0173238984619578
1105, 0.0178334070369601
1106, 0.0180079235384862
1107, 0.0182191009322802
1108, 0.0140362037345767
1109, 0.0185260102152824
1110, 0.0164957195520401
1111, 0.0203590511033932
1112, 0.0133839626796544
1113, 0.0156388661513726
1114, 0.0161316158870856
1115, 0.0193266052131852
1116, 0.0134717527156075
1117, 0.0180930186063051
1118, 0.0187739092856646
1119, 0.0151080579186479
1120, 0.0148838382835189
1121, 0.019946926938636
1122, 0.0143211740069091
1123, 0.0182756725698709
1124, 0.0182034128035108
1125, 0.0183771842469772
1126, 0.0181620676691333
1127, 0.0172026672710975
1128, 0.0150610916316509
1129, 0.0181487112616499
1130, 0.0185650046914816
1131, 0.0184831361153296
1132, 0.0170330470427871
1133, 0.018618030163149
1134, 0.0186417878915866
1135, 0.0181585581352313
1136, 0.0181861724704504
1137, 0.0182268234590689
1138, 0.0182768112669388
1139, 0.0183325866237283
1140, 0.0183906763171156
1141, 0.0184505466992656
1142, 0.018508056178689
1143, 0.0185097713023424
1144, 0.0173196888839205
1145, 0.0174053199589252
1146, 0.0174752085780104
1147, 0.0175398141145706
1148, 0.017677261804541
1149, 0.0177619168534875
1150, 0.0176060404628515
1151, 0.0178618365898728
1152, 0.0179779259487987
1153, 0.0181162773321072
1154, 0.018289760996898
1155, 0.0184545062482357
1156, 0.0149617914908699
1157, 0.0167832570150495
1158, 0.0158385479201873
1159, 0.0136461911412577
1160, 0.0196390909453233
1161, 0.018899941816926
1162, 0.0163958237196008
1163, 0.0131186867132783
1164, 0.0194912798081835
1165, 0.0160215104309221
1166, 0.018059347756207
1167, 0.0180748247851928
1168, 0.0180434690167507
1169, 0.0156384309132894
1170, 0.0180373508483171
1171, 0.0174874116977056
1172, 0.0175777164598306
1173, 0.0180459078401327
1174, 0.0185557665924231
1175, 0.0180695429444313
1176, 0.018564625022312
1177, 0.0181065378710628
1178, 0.0181549917906523
1179, 0.0182131370529532
1180, 0.0182790129135052
1181, 0.018351796704034
1182, 0.018441782732095
1183, 0.0185439956507512
1184, 0.0176392036179701
1185, 0.0176894916221499
1186, 0.0177383037904898
1187, 0.0177919194102287
1188, 0.0179227944463491
1189, 0.017852246761322
1190, 0.0180076789110899
1191, 0.0181051089117924
1192, 0.0182133714358012
1193, 0.0183342198530833
1194, 0.0184984938906772
1195, 0.0173434590299924
1196, 0.0184695723777016
1197, 0.0164458450550834
1198, 0.0159843765199184
1199, 0.0190569233770172
1200, 0.0171181860690316
1201, 0.0167285299726895
1202, 0.0167496393745144
1203, 0.0171426984791954
1204, 0.018029462856551
1205, 0.0177773476267854
1206, 0.017826394798855
1207, 0.0178543400640289
1208, 0.0186682798500572
1209, 0.0165196711507936
1210, 0.0178789732356866
1211, 0.0179087047775586
1212, 0.0179474037140608
1213, 0.0185011603559057
1214, 0.0179959569747249
1215, 0.018054377908508
1216, 0.0181243056431413
1217, 0.0182055408755938
1218, 0.0182980050643285
1219, 0.0186412042627732
1220, 0.0180860568458835
1221, 0.0183888738974929
1222, 0.0176879909510414
1223, 0.0185028212144971
1224, 0.0175642451892296
1225, 0.0184696972370148
1226, 0.0176531536770718
1227, 0.0182090952992439
1228, 0.0175588515897592
1229, 0.0185202147811651
1230, 0.016292923130095
1231, 0.0180201347296437
1232, 0.0183790851384401
1233, 0.0223492933437228
1234, 0.0173913631588221
1235, 0.0122855246067047
