1, 0.00667387084104121
2, 0.0171201459597796
3, 0.00144659235957079
4, 0.00404741708189249
5, 0.00993752852082253
6, 0.0105421552434564
7, 0.00600075488910079
8, 0.00166368251666427
9, 0.0171873497311026
10, 0.00766475428827107
11, 0.00787083059549332
12, 0.0120917949825525
13, 0.00726914673577994
14, 0.00782444995517532
15, 0.00815854873508215
16, 0.00862151508529981
17, 0.00960960953185956
18, 0.0121160211662451
19, 0.014973913008968
20, 0.00930934802939495
21, 0.00446570850908756
22, 0.00220074186411997
23, 0.00137132670109471
24, 0.00234829448163509
25, 0.0031558503008758
26, 0.00369685429281422
27, 0.00392276449128985
28, 0.00423239031806588
29, 0.00501042697578669
30, 0.00583952634284894
31, 0.00672907972087463
32, 0.00750896272559961
33, 0.00812556470433871
34, 0.00859245657920837
35, 0.00896827100465695
36, 0.00947805843316019
37, 0.00975259393453598
38, 0.00963428585479657
39, 0.00938939768821001
40, 0.00902291232099136
41, 0.00855057003597418
42, 0.00801552661384145
43, 0.00747944957887133
44, 0.00706985779106617
45, 0.00686084975798925
46, 0.00702833446363608
47, 0.0073421203220884
48, 0.0076732337474823
49, 0.00795394228771329
50, 0.00813128054141998
51, 0.00819442793726921
52, 0.00815933228780826
53, 0.00805457836637894
54, 0.0079108364880085
55, 0.00775403156876564
56, 0.00760506046935916
57, 0.00748012106244763
58, 0.00739270045111577
59, 0.00735766347497702
60, 0.00739554859076937
61, 0.00754300660143296
62, 0.00787236541509628
63, 0.00851749101032813
64, 0.00937808553377787
65, 0.00872039748355746
66, 0.0072519361662368
67, 0.00684977602213621
68, 0.006591420310239
69, 0.00640941442300876
70, 0.00627341649184624
71, 0.00616923642034332
72, 0.00609535723924637
73, 0.00604618398938328
74, 0.00604885942967875
75, 0.00614856773366531
76, 0.00623067546014984
77, 0.0062977335571001
78, 0.00634384869287411
79, 0.0063629486442854
80, 0.00634962863599261
81, 0.00629898478897909
82, 0.00620492664165795
83, 0.00605905482855936
84, 0.00584861744816105
85, 0.00555365858599544
86, 0.00514347890081505
87, 0.00457403614806632
88, 0.00379102133835355
89, 0.00277021275057147
90, 0.00161354884039611
91, 0.00273005974789461
92, 0.00550310468922059
93, 0.0102753636116783
94, 0.0159155021732052
95, 0.0123452794117232
96, 0.00981396265948812
97, 0.00883395550772548
98, 0.00844715582206845
99, 0.00828456661353509
100, 0.00821743905544281
101, 0.00819124390060703
102, 0.00818168309827646
103, 0.00817660816634695
104, 0.00817004513616363
105, 0.00815881043672562
106, 0.00814134565492471
107, 0.00811689362550775
108, 0.00808518364404639
109, 0.0080462540499866
110, 0.00800021877512336
111, 0.0079468695136408
112, 0.00788569698731104
113, 0.00781695637851954
114, 0.00773214788309165
115, 0.00770421186462045
116, 0.00772714739044507
117, 0.00775335729122162
118, 0.00778052676469088
119, 0.00780665346731742
120, 0.00782923540100455
121, 0.00784721411764622
122, 0.00785925860206286
123, 0.0078880786895752
124, 0.00793153163976967
125, 0.00800265713284413
126, 0.00806765723973513
127, 0.00814238221695026
128, 0.00822342311342557
129, 0.00830954934159915
130, 0.00840071681886911
131, 0.00849663683523734
132, 0.00859637930989265
133, 0.00869778078049421
134, 0.00879651339103778
135, 0.00888455286622047
136, 0.00894800542543332
137, 0.00896437373012304
138, 0.00890006807943185
139, 0.00871035053084294
140, 0.00834497964630524
141, 0.00776943719635407
142, 0.00700379892562826
143, 0.00609706544006864
144, 0.00516333943232894
145, 0.00443783076480031
146, 0.00238580850418657
147, 0.00494122186986109
148, 0.00971305494507154
149, 0.0155490928639968
150, 0.0153549670552214
151, 0.00979504237572352
152, 0.00483330548740923
153, 0.00246295627827446
154, 0.00600723425547282
155, 0.00602279339606563
156, 0.00605162760863702
157, 0.00609535413483779
158, 0.00615063263103366
159, 0.00621476924667756
160, 0.00628410993764798
161, 0.00635613221675158
162, 0.00642906470845143
163, 0.00650158540035288
164, 0.006572884041816
165, 0.00664282248665889
166, 0.00671191839501262
167, 0.00678141446163257
168, 0.00685336301103234
169, 0.00693077205990752
170, 0.00701828642437855
171, 0.00712354853749275
172, 0.00725989773248633
173, 0.00744929211214185
174, 0.00773787358775735
175, 0.00820979941636324
176, 0.00993580021895468
177, 0.0106947136421998
178, 0.0096309765552481
179, 0.00882593356072903
180, 0.00837707581619422
181, 0.0081210865949591
182, 0.00796746059010426
183, 0.00787251954898238
184, 0.00781209735820691
185, 0.0077724444369475
186, 0.00774500146508217
187, 0.00772491299236814
188, 0.00770903239026666
189, 0.00769558517883221
190, 0.00768379447981715
191, 0.0076734625423948
192, 0.00766497353712718
193, 0.00765910899887482
194, 0.00765731791034341
195, 0.00766010954976082
196, 0.00768505327869207
197, 0.00808824924752116
198, 0.00777092166244984
199, 0.0108605425339192
200, 0.00365967313492937
201, 0.00147564174840227
202, 0.00846747743586699
203, 0.00907741549114386
204, 0.0103951756221553
205, 0.0132972282978396
206, 0.00706330651883036
207, 0.00409178839375575
208, 0.00375336932484061
209, 0.00323116371873766
210, 0.00238783120100076
211, 0.0088097327388823
212, 0.00841192264730732
213, 0.00789510916608075
214, 0.0071963199103872
215, 0.00634061483045419
216, 0.00538655300624669
217, 0.00875819443414609
218, 0.00906764917696516
219, 0.00927716384952267
220, 0.00941182409102718
221, 0.00837570475414395
222, 0.00885495776310563
223, 0.00897511762256424
224, 0.00755762821063399
225, 0.00796553787464897
226, 0.0046203537688901
227, 0.00491366166222308
228, 0.00774935896818837
229, 0.00867421148965756
230, 0.00912210009992123
231, 0.00831246903787057
232, 0.00694849241214494
233, 0.00600433621245126
234, 0.00810612990920033
235, 0.00847142189741135
236, 0.00891354711105426
237, 0.00947269944784542
238, 0.00729344339509095
239, 0.009004288486072
240, 0.00481515351150717
241, 0.00838495573649804
242, 0.00883776508271694
243, 0.00884814917420348
244, 0.00865387512991826
245, 0.00960981116319696
246, 0.00670968415215611
247, 0.00867240024464471
248, 0.00768429933426281
249, 0.00829249604915579
250, 0.00849219504743814
251, 0.00884914810636214
252, 0.00466025713831186
253, 0.0105505155709883
254, 0.00567577155306935
255, 0.00882844502727191
256, 0.00931059041370948
257, 0.00842441470983128
258, 0.00771065553029378
259, 0.00868785176426172
260, 0.00870685372501612
261, 0.00972506295268734
262, 0.00633676789168801
263, 0.00911252424120903
264, 0.00869526667520404
265, 0.0089354653443609
266, 0.0089375718186299
267, 0.00905415679638585
268, 0.00768691681635876
269, 0.00927807685608665
270, 0.00883427821099758
271, 0.00683741271495819
272, 0.00457998660082618
273, 0.00822944480127522
274, 0.0113788031573806
275, 0.00767148503412803
276, 0.00803345643604795
277, 0.00749539273480574
278, 0.0075679502915591
279, 0.00779377832077444
280, 0.00792035165553292
281, 0.00811126471186678
282, 0.0084268896219631
283, 0.00808525706330935
284, 0.00779332600844403
285, 0.00759554778536161
286, 0.00749326396423082
287, 0.00746585754677653
288, 0.00812969962134957
289, 0.00806904972220461
290, 0.00792283588089049
291, 0.00770963324854771
292, 0.00748808837185303
293, 0.00729958162022134
294, 0.00602552356819312
295, 0.00506582778568069
296, 0.00631291729708513
297, 0.00637467469399174
298, 0.00641256128437817
299, 0.00619240516486267
300, 0.00622860086150467
301, 0.00640950289865335
302, 0.00638001187083622
303, 0.00630812672898173
304, 0.005795773351565
305, 0.00548510152536134
306, 0.00450634257867932
307, 0.00378431589342654
308, 0.00297784005912642
309, 0.00242818987074619
310, 0.00642351829446852
311, 0.00660277732337515
312, 0.00685194095907112
313, 0.00724195168974499
314, 0.00618371980575224
315, 0.00611111670732498
316, 0.00840389200796684
317, 0.00910679204389453
318, 0.0107879436885317
319, 0.0144003663212061
320, 0.0080794085127612
321, 0.00768293153184156
322, 0.00754917847613494
323, 0.00789462806036075
324, 0.00815463159233332
325, 0.00771812807458142
326, 0.00754897366277874
327, 0.007852431309099
328, 0.00761261822966238
329, 0.0080993560453256
330, 0.00752915954217315
331, 0.00778315627637009
332, 0.00800558629756173
333, 0.00760259494806329
334, 0.0081513167048494
335, 0.00795052239360909
336, 0.00612199873042603
337, 0.00611299454855422
338, 0.00569192126082877
339, 0.00634753300497929
340, 0.00650704031189283
341, 0.00645349834424754
342, 0.00542014899353186
343, 0.00626247143372893
344, 0.00642915566762288
345, 0.00648333458229899
346, 0.00649756922697027
347, 0.00637531629763544
348, 0.00592402329978844
349, 0.00512442062608898
350, 0.00628980396625896
351, 0.00669695134274662
352, 0.00729355976606409
353, 0.00624138323057975
354, 0.00695309477547805
355, 0.00798437201107542
356, 0.00764411818236113
357, 0.00886096075798074
358, 0.00980922366891589
359, 0.0102071663364768
360, 0.00725016820554932
361, 0.00783965557015368
362, 0.00782788292105709
363, 0.00484976610944917
364, 0.00820952411741018
365, 0.00757382313410441
366, 0.00775626852797965
367, 0.00752499940184255
368, 0.00765109698598584
369, 0.00788719564055403
370, 0.00830988291030129
371, 0.00750459552121659
372, 0.0075460997565339
373, 0.0075122209576269
374, 0.00803658707688252
375, 0.0075977200952669
376, 0.0076321039814502
377, 0.00818760537852844
378, 0.00837252909938494
379, 0.00835012489308914
380, 0.00625804718583822
381, 0.00634281896054745
382, 0.00657560761707524
383, 0.00661916774697602
384, 0.00651122373528779
385, 0.00643099161485831
386, 0.00663670074815551
387, 0.00657561786162357
388, 0.00662238934698204
389, 0.00649652552480499
390, 0.00620072909320394
391, 0.00621178916965922
392, 0.00650810465837518
393, 0.00831142207607627
394, 0.00698486420636376
395, 0.0073364440883909
396, 0.00635828155403336
397, 0.00777414357289672
398, 0.00871123945606606
399, 0.00470103439874947
400, 0.00635244208388031
401, 0.0085633199972411
402, 0.00869989224399129
403, 0.00835246561716
404, 0.00667381752282381
405, 0.00744402462927004
406, 0.00742136539580921
407, 0.00741859471114973
408, 0.00744301251446207
409, 0.0075007527290533
410, 0.00744674859258036
411, 0.00758961277703444
412, 0.00771985257354875
413, 0.00742966084120174
414, 0.00679023695799212
415, 0.00678618244516353
416, 0.00669582971992592
417, 0.00671186639616887
418, 0.0067432791305085
419, 0.00668998342007399
420, 0.00677241059020162
421, 0.00674893885540466
422, 0.0081139444373548
423, 0.00789578421972692
424, 0.00690842396579683
425, 0.00675523979589343
426, 0.00763836270198226
427, 0.00675378204323351
428, 0.0063897617161274
429, 0.00722580309957266
430, 0.00655607453414372
431, 0.00667823967523873
432, 0.00889733340591192
433, 0.00855988000209133
434, 0.00720579813544949
435, 0.00820477353408933
436, 0.00726095881933967
437, 0.00728866217347483
438, 0.00687958028477927
439, 0.00729729110995928
440, 0.00728859139295916
441, 0.00729066249914467
442, 0.006959551324447
443, 0.00694013487858077
444, 0.00732760581498345
445, 0.0073898210345457
446, 0.00695803218210737
447, 0.00694922318992515
448, 0.00694595191938182
449, 0.00696078656862179
450, 0.00701106828637421
451, 0.00749634120923777
452, 0.00789707068664332
453, 0.00766145647503436
454, 0.00712127323883275
455, 0.00732294501115878
456, 0.00700156803109816
457, 0.00818300219252706
458, 0.00874279020354152
459, 0.00824692969520887
460, 0.00769265772153934
461, 0.00713089023095866
462, 0.00712551114459832
463, 0.0070964297434936
464, 0.00713121060592433
465, 0.00765246579733988
466, 0.00784208866146704
467, 0.00713918342565497
468, 0.00716864845405022
469, 0.00723330575662355
470, 0.00676424922421575
471, 0.00754762308982511
472, 0.00735205148036281
473, 0.0088917880452105
474, 0.00814564526081085
475, 0.00912472202132146
476, 0.00922358706593513
477, 0.00965252704918385
478, 0.00908897599826256
479, 0.00930961742997169
480, 0.00438234840597336
481, 0.00763370356677721
482, 0.0111560761662466
483, 0.00784832091691593
484, 0.00782713068959614
485, 0.00778219266794622
486, 0.00775836097697417
487, 0.00787850500394901
488, 0.00473134336061776
489, 0.00564917099351684
490, 0.00826200377196074
491, 0.00817902417232593
492, 0.00810076668858528
493, 0.00802763815348347
494, 0.00797332655638456
495, 0.00661000066126386
496, 0.00745727145113051
497, 0.00813250282468895
498, 0.00858561539401611
499, 0.00884080367783705
500, 0.00894931315754851
501, 0.00896055499712626
502, 0.0089131494363149
503, 0.00883372391884526
504, 0.00873903728400668
505, 0.00863903372858961
506, 0.00853918973977367
507, 0.00844234243656198
508, 0.00834979070350528
509, 0.0144017262384295
510, 0.00821783967937032
511, 0.00798216400047143
512, 0.00803323384995262
513, 0.00807800811404983
514, 0.00814829332133134
515, 0.00817365183805426
516, 0.00819282388935486
517, 0.00820680257553856
518, 0.0082303915793697
519, 0.00825367247064908
520, 0.00830542327215274
521, 0.00842432677745819
522, 0.00869401063149174
523, 0.0093297252121071
524, 0.0109677488605181
525, 0.00811643137906989
526, 0.00227195079787634
527, 0.00362918004393578
528, 0.00332378250701974
529, 0.00269051381231596
530, 0.00786450303470095
531, 0.00780409504659474
532, 0.007887018378824
533, 0.00788924330845475
534, 0.0041059225720043
535, 0.00520135990033547
536, 0.00805548345670104
537, 0.00813077840333184
538, 0.0082097618530194
539, 0.00797980491604124
540, 0.00719084187100331
541, 0.00892327632755041
542, 0.00893578523149093
543, 0.00850643621136745
544, 0.00829279003664851
545, 0.00876035106678804
546, 0.0062632259602348
547, 0.00847148507212599
548, 0.00856651645153761
549, 0.00838005465144912
550, 0.0086638064434131
551, 0.00885031853492061
552, 0.00798031889523069
553, 0.00896141600484649
554, 0.0088030092107753
555, 0.00792540625358621
556, 0.00833980847770969
557, 0.0085079410734276
558, 0.009149136642615
559, 0.00802110989267627
560, 0.00819564346844951
561, 0.00822654164706667
562, 0.00786167584980528
563, 0.00780357830226421
564, 0.0080727896032234
565, 0.00825333160658677
566, 0.00827794102951884
567, 0.00811898320292433
568, 0.00830436668669184
569, 0.00815992709249258
570, 0.00872171903029084
571, 0.00839893147349358
572, 0.00996577939284699
573, 0.00467124947213701
574, 0.00961867704366644
575, 0.00746784219518304
576, 0.00783662810655577
577, 0.00425100229525318
578, 0.00792845043664177
579, 0.00453548280832668
580, 0.00786985596641898
581, 0.00839744368568063
582, 0.00831330645208558
583, 0.00848481074596445
584, 0.00857521857445439
585, 0.00866770170008143
586, 0.00800673151388764
587, 0.00823258717233936
588, 0.00808047689497471
589, 0.00875988385329644
590, 0.00815510051324964
591, 0.00884703764071067
592, 0.00892026365424196
593, 0.00896323084210356
594, 0.00687161507084966
595, 0.00894588294128577
596, 0.00881714342782895
597, 0.0078918084812661
598, 0.00790371093899012
599, 0.00588842956349254
600, 0.00850332838793596
601, 0.00796444884811839
602, 0.00826296101634701
603, 0.0082190524165829
604, 0.00830462978531917
605, 0.00834554154425859
606, 0.00817191709453861
607, 0.00838904548436403
608, 0.00812128760541479
609, 0.0084407323350509
610, 0.00806654461969932
611, 0.00851122879733642
612, 0.00861823372542858
613, 0.0087930775868396
614, 0.00790544257809719
615, 0.00908635370433331
616, 0.00784884338888029
617, 0.00631121752251472
618, 0.00449470667323718
619, 0.00791194833194216
620, 0.00783612478214006
621, 0.00859681221966942
622, 0.0079156708282729
623, 0.00793490620950858
624, 0.00795735006353685
625, 0.00810032353426019
626, 0.00803177151829004
627, 0.00832120515406132
628, 0.00839898285145561
629, 0.00847917639960845
630, 0.00856214420249065
631, 0.00817179788524906
632, 0.00864790286868811
633, 0.00824550694475571
634, 0.00873589112112919
635, 0.00795222334563732
636, 0.00882428387800852
637, 0.00890859092275302
638, 0.00897719214359919
639, 0.00800606484214465
640, 0.00840699905529618
641, 0.00835040863603354
642, 0.00823780816669265
643, 0.00846646384646495
644, 0.00829444716994961
645, 0.00817973756541809
646, 0.00853245208660761
647, 0.0081197926774621
648, 0.00861139657596747
649, 0.00871298043057323
650, 0.00899928761646152
651, 0.00890742739041646
652, 0.00904479436576366
653, 0.00885229480142395
654, 0.00794291713585456
655, 0.00788820330053568
656, 0.00777430087327957
657, 0.00798419011490686
658, 0.00625831242650747
659, 0.00880538827429215
660, 0.00926312586913506
661, 0.00798956658691168
662, 0.00804445737351974
663, 0.00831480976194143
664, 0.00838309355701009
665, 0.00845296572272976
666, 0.00811252122124036
667, 0.00824730005115271
668, 0.00852564411858718
669, 0.00818002534409364
670, 0.00860279410456618
671, 0.00868685233096282
672, 0.00878093112260103
673, 0.00805670628324151
674, 0.0088883664769431
675, 0.00900690086806814
676, 0.00908771390095353
677, 0.00910545978695154
678, 0.0091239046305418
679, 0.00950285062814752
680, 0.00935710066308578
681, 0.00969063099473715
682, 0.00815749354660511
683, 0.00776544880742828
684, 0.00402578851208091
685, 0.00172616990748793
686, 0.00809675905232628
687, 0.00812359045570095
688, 0.00814351734394828
689, 0.00816716905683279
690, 0.00817553233355284
691, 0.00818795803934336
692, 0.00821403476099173
693, 0.00827189938475688
694, 0.0083962194621563
695, 0.00866102225457629
696, 0.00924348179250956
697, 0.011252726505821
698, 0.0105892938251297
699, 0.0135681385484835
700, 0.00749710112965355
701, 0.00617157147886852
702, 0.00601786165498197
703, 0.00579832688284417
704, 0.00549314559126894
705, 0.0050713918171823
706, 0.00448869060104092
707, 0.00375854674105843
708, 0.00278822441274921
709, 0.00818106338071326
710, 0.00774108812523385
711, 0.00747828868528207
712, 0.00730056750277678
713, 0.00717124420528611
714, 0.00706785917282104
715, 0.0069798071247836
716, 0.00690054412310322
717, 0.00682589962768058
718, 0.00675294548273087
719, 0.00667979218997061
720, 0.00660535382727782
721, 0.00652930365564923
722, 0.00645204858543972
723, 0.00637478024388353
724, 0.0062991576269269
725, 0.00622735459667941
726, 0.00616263241196672
727, 0.00610946025699377
728, 0.00606969363677005
729, 0.00604413985274732
730, 0.00785252444135646
731, 0.00789922002392511
732, 0.00796482595615089
733, 0.00805920735001564
734, 0.00819726008921862
735, 0.0084007844949762
736, 0.0086980244765679
737, 0.00909505955254038
738, 0.00955030415207148
739, 0.00781823578290641
740, 0.00880645650128523
741, 0.00770910959690809
742, 0.00800253233561913
743, 0.00841795916979512
744, 0.00777088974912961
745, 0.00779194749581317
746, 0.00827052521829804
747, 0.00815598030264179
748, 0.00806873260686795
749, 0.00859833632906278
750, 0.00635946852465471
751, 0.00652848595442871
752, 0.00686354360853632
753, 0.00669970099503795
754, 0.00720445866075655
755, 0.00702503874587516
756, 0.00621281067530314
757, 0.00744541998331745
758, 0.00761723495088518
759, 0.00787069695070386
760, 0.00880491696298122
761, 0.00731296061227719
762, 0.00823144692306717
763, 0.0071104607389619
764, 0.00694372644647956
765, 0.0067825741134584
766, 0.00615930580534041
767, 0.00628156315845748
768, 0.00644267397001386
769, 0.00661475684804221
770, 0.00825171079486609
771, 0.00844184728339314
772, 0.00906986851866047
773, 0.00802073115482926
774, 0.0080625304641823
775, 0.00813976923624674
776, 0.007912361373504
777, 0.00815930295114716
778, 0.00817577773705125
779, 0.0081924277668198
780, 0.00811509524161617
781, 0.00821470314015945
782, 0.00866610960414012
783, 0.00831864743183056
784, 0.0062729447769622
785, 0.00572336635862788
786, 0.00611240440048277
787, 0.00635210696297387
788, 0.00633095895561079
789, 0.00623684011710187
790, 0.00594242204291125
791, 0.00545284664258361
792, 0.00515112319650749
793, 0.0053114884399942
794, 0.00634184510757526
795, 0.00630582325781385
796, 0.0062482856058826
797, 0.00617311460276445
798, 0.00610021241009235
799, 0.00781810177224023
800, 0.00984975602477789
801, 0.00612939601497991
802, 0.00882517479892288
803, 0.00784315727651119
804, 0.00779272083725248
805, 0.00977134549369415
806, 0.0079126776351283
807, 0.00775356047476331
808, 0.00771201541647315
809, 0.00771181960590184
810, 0.0077177567097048
811, 0.00773906086881955
812, 0.00788123114034534
813, 0.00772706357141336
814, 0.00837997673079371
815, 0.00856018252670765
816, 0.0084808561950922
817, 0.00828228487322728
818, 0.00819761740664641
819, 0.00812738854438066
820, 0.00795202360798915
821, 0.00756653281860054
822, 0.00713963007243971
823, 0.00772792333737016
824, 0.00743679647954802
825, 0.00722965225577354
826, 0.00705266542111834
827, 0.00793579112117489
828, 0.00732681822652618
829, 0.00696591093825797
830, 0.00827840422945363
831, 0.00687745275596778
832, 0.00678632602406045
833, 0.00669265709196528
834, 0.00659750549433132
835, 0.00650375165666143
836, 0.00633025161611537
837, 0.00641356905301412
838, 0.00625593937002122
839, 0.00632105550418297
840, 0.00808388522515694
841, 0.00797094249476989
842, 0.00814169505611062
843, 0.00816752978911003
844, 0.00819135208924611
845, 0.00821675018717845
846, 0.00824907018492619
847, 0.00837324528644482
848, 0.00829679751768708
849, 0.00849847464511792
850, 0.00804537115618587
851, 0.00870293006300926
852, 0.00621690414845943
853, 0.00637668394483626
854, 0.00638729132091006
855, 0.00634318248679241
856, 0.0062893684177349
857, 0.00636467842074732
858, 0.00641845422796905
859, 0.00630472957467039
860, 0.00636992153401176
861, 0.00902136679117878
862, 0.006275412083293
863, 0.00626076788951953
864, 0.00620498759672046
865, 0.0085970027372241
866, 0.0078795567775766
867, 0.00629239043753062
868, 0.00947993652274211
869, 0.0107795184788605
870, 0.00701076118275523
871, 0.00802403005460898
872, 0.00783466532205542
873, 0.00798580780004462
874, 0.00820935859034459
875, 0.00826408294960856
876, 0.00831953436136246
877, 0.00836041911194722
878, 0.00780311405348281
879, 0.00779244024306536
880, 0.00781723631856342
881, 0.00838187678406636
882, 0.00636866308438281
883, 0.00706016776772837
884, 0.00655798148363829
885, 0.00676327392769357
886, 0.00696470829037329
887, 0.00686567377609511
888, 0.00665909121744335
889, 0.00733674697888394
890, 0.0072440553146104
891, 0.00743448478169739
892, 0.00715276699823638
893, 0.00799483216057221
894, 0.00754151749424636
895, 0.00781105606195827
896, 0.00766500954826673
897, 0.00645987379054228
898, 0.00785572780296206
899, 0.00807042932137847
900, 0.00645678684425851
901, 0.00811148419355353
902, 0.00827762469028433
903, 0.00833106103042761
904, 0.00820651029547056
905, 0.00823849563797315
906, 0.00817654406030973
907, 0.00840955600142479
908, 0.00807510409504175
909, 0.00671234315571686
910, 0.00636168716785808
911, 0.00641612367083629
912, 0.00645549579833945
913, 0.00799917367597421
914, 0.00647585016364853
915, 0.00647615462852021
916, 0.00852819190671047
917, 0.00684275253054996
918, 0.00675916539815565
919, 0.00870477454736829
920, 0.00895699253305793
921, 0.00794348058601221
922, 0.00784583045169711
923, 0.007786971439297
924, 0.00996706526105603
925, 0.00798171277468403
926, 0.00927521008998156
927, 0.00734496900501351
928, 0.0081153327288727
929, 0.00792733253911138
930, 0.00790476224695643
931, 0.00827002866814534
932, 0.00823774204278986
933, 0.00821359189493316
934, 0.00825974609081944
935, 0.00807663720722
936, 0.00788582356957098
937, 0.00786997152802845
938, 0.00671188486739993
939, 0.0064948479245816
940, 0.00660308295240005
941, 0.00714712978030245
942, 0.00704500381834805
943, 0.00724486416826646
944, 0.00693800571995477
945, 0.00682650071879228
946, 0.00802227606376012
947, 0.00787555278899769
948, 0.00733943803546329
949, 0.00743318069726229
950, 0.00817901473492384
951, 0.00752939788314203
952, 0.00763182993978262
953, 0.00774386214713256
954, 0.00815947788457076
955, 0.00795409067844351
956, 0.00668112856025497
957, 0.0081450529396534
958, 0.00834832293912768
959, 0.00803163181990385
960, 0.00829460642610987
961, 0.00825291111444434
962, 0.00842150704314311
963, 0.00821727700531483
964, 0.00810962108274301
965, 0.00645910537180801
966, 0.00652747694402933
967, 0.00657938164658844
968, 0.00661961711011827
969, 0.00665245810523629
970, 0.00852445932105184
971, 0.00708970054984093
972, 0.00747075203495721
973, 0.00724505089844267
974, 0.0086679559511443
975, 0.00885280687361956
976, 0.00791497022977897
977, 0.00785736266213159
978, 0.00951018882915378
979, 0.00797030571848154
980, 0.00957821682095528
981, 0.00654261660141249
982, 0.00783057324588299
983, 0.00801845903818806
984, 0.00801332636425892
985, 0.00817747491722306
986, 0.00819612139215072
987, 0.00798726283634702
988, 0.0082142634006838
989, 0.00796450969452659
990, 0.00814617363115152
991, 0.00663630459457636
992, 0.00674872860933344
993, 0.00794562061006824
994, 0.00722789686794082
995, 0.00733046520811816
996, 0.00688104385820528
997, 0.00711892071800927
998, 0.0080636754365904
999, 0.00700312713161111
1000, 0.00742722473417719
1001, 0.00752097236302992
1002, 0.00761398913649221
1003, 0.00791856786236167
1004, 0.00770964054390788
1005, 0.00781095524628957
1006, 0.0082088482255737
1007, 0.00804294769962629
1008, 0.00907230967034896
1009, 0.00638725636526942
1010, 0.00806823171054324
1011, 0.00818319385871291
1012, 0.00834860264634093
1013, 0.00829927126566569
1014, 0.00841222579280535
1015, 0.00825870859747132
1016, 0.00658904504962265
1017, 0.00667422854652007
1018, 0.00814767849321167
1019, 0.0067451538828512
1020, 0.00681543738270799
1021, 0.00697809287036459
1022, 0.00689116500628491
1023, 0.00849468943973382
1024, 0.00750065338797867
1025, 0.00860189103210966
1026, 0.00774151373965045
1027, 0.00873259936148922
1028, 0.00925983659302195
1029, 0.00800056649105889
1030, 0.00792675542955597
1031, 0.00774003118276596
1032, 0.00840147232104625
1033, 0.00807240853706996
1034, 0.00808811637883385
1035, 0.0082046608440578
1036, 0.00806152013440927
1037, 0.00814259502415856
1038, 0.00692181079648435
1039, 0.0081884479150176
1040, 0.00803679041564465
1041, 0.00801432582860192
1042, 0.00741156151828666
1043, 0.00730376659582059
1044, 0.00706135419507821
1045, 0.00718796183355153
1046, 0.00750952105348309
1047, 0.00760216056369245
1048, 0.00769159655707578
1049, 0.00777937712458273
1050, 0.00796412241955598
1051, 0.00786880551216503
1052, 0.00816762745380402
1053, 0.00821474551533659
1054, 0.00811632008602222
1055, 0.00810789580767353
1056, 0.00822235954304536
1057, 0.00833519206692775
1058, 0.00829329403738181
1059, 0.00685186171904206
1060, 0.0083859134465456
1061, 0.00818673800677061
1062, 0.00694749814768632
1063, 0.00705195086387296
1064, 0.00806217718248566
1065, 0.00844872416928411
1066, 0.00717130474125346
1067, 0.00731536683936914
1068, 0.00886086886748672
1069, 0.00851988031839331
1070, 0.00788810414572557
1071, 0.0085971310424308
1072, 0.00919968790064255
1073, 0.00896046357229352
1074, 0.00737794134765863
1075, 0.00853513540433986
1076, 0.00814739800989628
1077, 0.00819359098871549
1078, 0.0081245011339585
1079, 0.00711007888561913
1080, 0.00676280619310481
1081, 0.00819907678912083
1082, 0.007490478688851
1083, 0.0073754353603969
1084, 0.00725221447646618
1085, 0.00758864753879607
1086, 0.00807630627726515
1087, 0.00810055869321028
1088, 0.0076793588232249
1089, 0.00804430320858955
1090, 0.0077643326173226
1091, 0.00784598492706815
1092, 0.0079238791950047
1093, 0.00799847953021526
1094, 0.00817425921559334
1095, 0.00816894757250945
1096, 0.00815022721265753
1097, 0.00825665037458142
1098, 0.00831205677241087
1099, 0.00704744962664942
1100, 0.00834914933269223
1101, 0.00822223660846551
1102, 0.00717516127042472
1103, 0.00730786193162203
1104, 0.00839132737989227
1105, 0.00810572944049324
1106, 0.00843877531588078
1107, 0.008160382664452
1108, 0.00765639062349995
1109, 0.00867460574954748
1110, 0.00843908761938413
1111, 0.00746443557242552
1112, 0.00848021994655331
1113, 0.00805157572031021
1114, 0.00898854956030846
1115, 0.00870863037804762
1116, 0.00783565345530709
1117, 0.00808787133012499
1118, 0.00817323879649242
1119, 0.00731318453326821
1120, 0.00822069216519594
1121, 0.00693111065775156
1122, 0.00836717228715619
1123, 0.00814900205781063
1124, 0.00813087339823445
1125, 0.00835135423888763
1126, 0.00744266303566595
1127, 0.00818764604628086
1128, 0.00824835725749532
1129, 0.00819655833765864
1130, 0.00741273940851291
1131, 0.00832990339646737
1132, 0.00830590507636468
1133, 0.00790885106349985
1134, 0.00798100357254346
1135, 0.0080425962805748
1136, 0.0081764596203963
1137, 0.00818696074808637
1138, 0.00827922454724709
1139, 0.00775533029809594
1140, 0.00815506015593807
1141, 0.00756952996986608
1142, 0.00766665806683401
1143, 0.00774944418420394
1144, 0.00755617294150094
1145, 0.00846197629081351
1146, 0.00797232380136847
1147, 0.00812615624939402
1148, 0.00750327828739371
1149, 0.00774506308759252
1150, 0.00764840383393069
1151, 0.00820517633110285
1152, 0.00819570493573944
1153, 0.00783114639731745
1154, 0.00820575918381413
1155, 0.00818302336015872
1156, 0.00790880845549206
1157, 0.00797151044631998
1158, 0.00802901154384017
1159, 0.00809762786541666
1160, 0.00819654592002431
1161, 0.0082826999326547
1162, 0.00821827879796425
1163, 0.0082594856309394
1164, 0.00725987010324995
1165, 0.00760814929381013
1166, 0.00826518315201004
1167, 0.00848855869844556
1168, 0.00823242977882425
1169, 0.00826985373472174
1170, 0.00836606323719025
1171, 0.00779067212715745
1172, 0.00826283109684785
1173, 0.0080041258285443
1174, 0.00808783676475286
1175, 0.00781080648303032
1176, 0.00790643886042138
1177, 0.00822272694980105
1178, 0.00821858271956444
1179, 0.00820025211821
1180, 0.00821418836712837
1181, 0.00798557202021281
1182, 0.00803987961262465
1183, 0.00808454863727093
1184, 0.00811602640897036
1185, 0.00816773188610872
1186, 0.00815459713339806
1187, 0.00823639907563726
1188, 0.00826037907972932
1189, 0.00825115293264389
1190, 0.00818439216042558
1191, 0.00820577184536627
1192, 0.00776310531156404
1193, 0.00843258369714022
1194, 0.00816101084152857
1195, 0.00800029576445619
1196, 0.00798776160393442
1197, 0.00823617314121553
1198, 0.00806523378317555
1199, 0.0081667040164272
1200, 0.00820921221747994
1201, 0.00811003924657901
1202, 0.00814307574182749
1203, 0.00817189112837825
1204, 0.00820228426406781
1205, 0.00821523880586028
1206, 0.00813447162508965
1207, 0.00822314955294132
