1, 0.0056740022264421
2, 0.0130186162423342
3, 0.00153918148134835
4, 0.00567897129803896
5, 0.00645966781303287
6, 0.00912834238260984
7, 0.00397415366023779
8, 0.00134095587418415
9, 0.0133815854787827
10, 0.00506283738650382
11, 0.00564595870673656
12, 0.00925375521183014
13, 0.00582919688895345
14, 0.00600863255870839
15, 0.00611773870574931
16, 0.00620504259131849
17, 0.00626791990362108
18, 0.00631081421549122
19, 0.00634037191048265
20, 0.00636297293628256
21, 0.00638667191378772
22, 0.00642335197577874
23, 0.00649321832073232
24, 0.00663626729510725
25, 0.00694047822616994
26, 0.00763029170533021
27, 0.00947265978902578
28, 0.0111848833039403
29, 0.00621010937417547
30, 0.00278649587805072
31, 0.00149499246617779
32, 0.00240227642158667
33, 0.00323673450232794
34, 0.00385350167440871
35, 0.00429401888201634
36, 0.00461378383139769
37, 0.00485137399906913
38, 0.00503199237088362
39, 0.00517234997823834
40, 0.00528333561184506
41, 0.00537235002654294
42, 0.00544431169206897
43, 0.00550269560577969
44, 0.00555009340556959
45, 0.00558834623855849
46, 0.00561869229810933
47, 0.00564234082897504
48, 0.00565976385648052
49, 0.00567184070435663
50, 0.00567879481241107
51, 0.00569151667878032
52, 0.00571697546790044
53, 0.00574931098769108
54, 0.00578675900275509
55, 0.005828648339957
56, 0.00587444457535942
57, 0.00592299674948057
58, 0.00597298440213005
59, 0.00602332409471273
60, 0.00607319672902425
61, 0.00612203342219194
62, 0.00616948399692774
63, 0.00621539556110899
64, 0.00625982771938046
65, 0.00630308625598748
66, 0.00634492561221123
67, 0.00638325434798996
68, 0.0064285930711776
69, 0.00645039013276498
70, 0.00645232448975245
71, 0.00645554981504877
72, 0.00645869659880797
73, 0.00646149351571997
74, 0.00646359411378701
75, 0.00646430999040604
76, 0.00646253333737453
77, 0.00645715308686097
78, 0.00644685514271259
79, 0.006430358470728
80, 0.00640641494343678
81, 0.0063739608352383
82, 0.00633231146881978
83, 0.0062812486042579
84, 0.00622122703740994
85, 0.006153446311752
86, 0.00607987896849712
87, 0.00600335064033667
88, 0.00592771141479413
89, 0.0058579834488531
90, 0.0057972342086335
91, 0.00575196851665775
92, 0.00571035624792178
93, 0.00571001957481106
94, 0.005731918849051
95, 0.00577529023090998
96, 0.00584270479157567
97, 0.00594011756281058
98, 0.00608196652804812
99, 0.00629995452860991
100, 0.00665714358910918
101, 0.0073585946423312
102, 0.00792511890176684
103, 0.00774529312426845
104, 0.00640112099548181
105, 0.0059856145332257
106, 0.00578719563782215
107, 0.00568129292999705
108, 0.00561599076415102
109, 0.00556857325136662
110, 0.00552416282395522
111, 0.00547122489660978
112, 0.00539991942544778
113, 0.00530194972331325
114, 0.00517037774746617
115, 0.00500241139282783
116, 0.00480220311631759
117, 0.00458264149104555
118, 0.00435810241227349
119, 0.00415064006422957
120, 0.00401557562872767
121, 0.00395995395956561
122, 0.00387696238855521
123, 0.00377965644778063
124, 0.00360802122546981
125, 0.00330884762418767
126, 0.00282662198878825
127, 0.0021171149564907
128, 0.00130400859052315
129, 0.00249939043230067
130, 0.00590274281178911
131, 0.0109798554331064
132, 0.00970556369672219
133, 0.00776411895640194
134, 0.00693900347687304
135, 0.00648426497355103
136, 0.00608944954971472
137, 0.00551672644602756
138, 0.0053905532695353
139, 0.00552423934762677
140, 0.00589707571392258
141, 0.00624289037659764
142, 0.00651305944969257
143, 0.00667893296728532
144, 0.00673871502901117
145, 0.00671262061223388
146, 0.00662881166984638
147, 0.0065140831284225
148, 0.00638831655184428
149, 0.0062643118823568
150, 0.00614962804441651
151, 0.00604773918166757
152, 0.00595972733572125
153, 0.00588545606782039
154, 0.00582391722127795
155, 0.00577373833705982
156, 0.00573354881877701
157, 0.00570239638909698
158, 0.00567927941059073
159, 0.00566254726921519
160, 0.00565900362562388
161, 0.00566426105797291
162, 0.00568484778826435
163, 0.00569213352476557
164, 0.00569164690872033
165, 0.00568694264317552
166, 0.00568053312599659
167, 0.00567451740304629
168, 0.00567136518657207
169, 0.00567435193806887
170, 0.0028254616772756
171, 0.00631444389000535
172, 0.0114866125707825
173, 0.0111144346495469
174, 0.00595455151051283
175, 0.00253842289869984
176, 0.00403867134203513
177, 0.0042119969924291
178, 0.00446764938533306
179, 0.00476592592895031
180, 0.00509952350209157
181, 0.00547496151799957
182, 0.00592852585638563
183, 0.0065617854706943
184, 0.00795439522092541
185, 0.00823028839658946
186, 0.00789049236724774
187, 0.00739705019320051
188, 0.00718657098089655
189, 0.0070474644502004
190, 0.00688996786872546
191, 0.00666592192525665
192, 0.00635996678223213
193, 0.00599132757633924
194, 0.00559255387634039
195, 0.00542666122782975
196, 0.00476353901571461
197, 0.00211760406576407
198, 0.00639478513039649
199, 0.00643422276092072
200, 0.00649724892961482
201, 0.00661133555695415
202, 0.0068311581077675
203, 0.00727811215134958
204, 0.0079376813955605
205, 0.00823012956728538
206, 0.0103578753769398
207, 0.00526989026305576
208, 0.00515549645448724
209, 0.00501104583963752
210, 0.00482574244961143
211, 0.00458399369381368
212, 0.00426387010763089
213, 0.00383423555952807
214, 0.00325839850120246
215, 0.00253286571629966
216, 0.0063666719943285
217, 0.00632485925840835
218, 0.00628225179389119
219, 0.00623846364518007
220, 0.00619337723279993
221, 0.00614673038944602
222, 0.00609854864887893
223, 0.00604906810137133
224, 0.00599873593697945
225, 0.00594823334055642
226, 0.00589850273293753
227, 0.00585074940075477
228, 0.0058063727337867
229, 0.00576637390380104
230, 0.00573069299571216
231, 0.00570240182181199
232, 0.00586460810154676
233, 0.00590971616717676
234, 0.00595924002118409
235, 0.00601877047059437
236, 0.006082016043365
237, 0.00614498478050033
238, 0.00620459074464937
239, 0.00625868972080449
240, 0.00630582651744286
241, 0.00634523659634093
242, 0.00637679640203714
243, 0.00640086721008023
244, 0.00641818026391168
245, 0.00642970840757092
246, 0.00643650139681995
247, 0.006439667660743
248, 0.00644018858050307
249, 0.00643895675117771
250, 0.00643676496110857
251, 0.00643399955394367
252, 0.00643035722896457
253, 0.00642846128903329
254, 0.00640568245823185
255, 0.00640094024129212
256, 0.00640625987822811
257, 0.00603096070699394
258, 0.00607162915791074
259, 0.0061181775915126
260, 0.00635293723704914
261, 0.00616623678555091
262, 0.00621294036197166
263, 0.00625618663616478
264, 0.006294428370893
265, 0.00632678042165935
266, 0.00637306575663388
267, 0.00638769310899079
268, 0.00639754580333829
269, 0.00640344441247483
270, 0.00640350277535617
271, 0.00640680175274611
272, 0.00639776481936375
273, 0.0053617493249476
274, 0.00549696579885979
275, 0.00508983603989085
276, 0.00543625093996525
277, 0.00530758181897302
278, 0.0047739224974066
279, 0.00520909810438752
280, 0.00494590611197054
281, 0.00457308767363429
282, 0.00436116417404264
283, 0.00419499100341151
284, 0.00554652628488839
285, 0.00562058420230945
286, 0.00566569940807919
287, 0.00568672986701131
288, 0.00582643365487456
289, 0.00592388243724902
290, 0.00602595624513924
291, 0.00612520767996709
292, 0.00621813652105629
293, 0.00634640268981457
294, 0.00574486811334888
295, 0.00578301640537878
296, 0.00587393684933583
297, 0.00597490998916328
298, 0.00639978246763349
299, 0.00617254517662029
300, 0.00607623943748573
301, 0.00626206273833911
302, 0.00630533314930896
303, 0.0066507572773844
304, 0.00653831559854249
305, 0.00629076027932266
306, 0.00636369323668381
307, 0.00716262861775855
308, 0.00770807289518416
309, 0.00683955266140401
310, 0.00606229404608409
311, 0.00616178630540768
312, 0.00623622559942305
313, 0.0063313030016919
314, 0.00646664753245811
315, 0.00601056564067091
316, 0.00639123409720404
317, 0.00570753775537014
318, 0.00609484352171421
319, 0.00637867076632877
320, 0.00632607106429835
321, 0.00637826913346847
322, 0.00637549037734667
323, 0.00634551413046817
324, 0.00630133676653107
325, 0.00636958493851125
326, 0.00635983794927597
327, 0.00637741208386918
328, 0.00627160894994934
329, 0.00637502890701095
330, 0.00623778246032695
331, 0.00636632887956997
332, 0.00637186109088361
333, 0.00636844624144336
334, 0.0062014755482475
335, 0.00616416855094333
336, 0.00612796059188743
337, 0.00636732364073396
338, 0.00545696603755156
339, 0.00558720715343952
340, 0.00564548039498429
341, 0.00567977890993158
342, 0.00551348055402438
343, 0.00556056682641308
344, 0.00540672374578814
345, 0.00534675363451242
346, 0.00528599523628751
347, 0.0052327299490571
348, 0.00542333660026391
349, 0.0052403734686474
350, 0.00520399034333726
351, 0.00538914565307399
352, 0.00633032194205693
353, 0.00628455829185744
354, 0.00610497361049056
355, 0.00624316899726788
356, 0.00605497602373362
357, 0.00595133945656319
358, 0.00600354815833271
359, 0.00589917801941435
360, 0.00615309077935914
361, 0.00619915942661464
362, 0.00584829218375186
363, 0.00579995576602717
364, 0.00575566307331125
365, 0.00382519715931267
366, 0.00641537643969059
367, 0.0061266275588423
368, 0.00620862399227917
369, 0.00627461401745677
370, 0.0063269161619246
371, 0.00657807934718827
372, 0.0066935911308974
373, 0.0068656326426814
374, 0.00712661390813688
375, 0.00748901915115615
376, 0.00637172046117485
377, 0.00572371296584606
378, 0.00841514649800956
379, 0.0079104789532721
380, 0.00577827203752739
381, 0.00618388423962252
382, 0.00572124615843807
383, 0.00624574969212214
384, 0.0062741000050058
385, 0.0062127411365509
386, 0.00634244821655254
387, 0.00630061398260295
388, 0.00634771150847276
389, 0.00635285209864378
390, 0.00632297690026462
391, 0.00635760161094368
392, 0.0063367437881728
393, 0.00634037641187509
394, 0.00636346459699174
395, 0.00636360266556342
396, 0.00636140590844055
397, 0.00636010624778767
398, 0.00635264992403487
399, 0.0055860491314282
400, 0.00565174439301093
401, 0.00567796515921752
402, 0.00551242070893447
403, 0.00555660529062152
404, 0.00556748841578762
405, 0.00556468420351545
406, 0.00559531920589507
407, 0.00565945217385888
408, 0.00563359384735425
409, 0.00608092538701991
410, 0.00546236708760262
411, 0.00569556459474067
412, 0.00559997969927887
413, 0.00579761698221167
414, 0.00613530329428613
415, 0.00618215130331616
416, 0.00598142443535229
417, 0.00630290014669299
418, 0.00581994854534666
419, 0.00608602950039009
420, 0.00592732204434772
421, 0.00603454187512398
422, 0.00587304495275021
423, 0.00576973163212339
424, 0.0062691206112504
425, 0.00622660651182135
426, 0.00732175136605899
427, 0.00706464936956763
428, 0.00671002734452486
429, 0.00686312785061697
430, 0.00649679863515
431, 0.00626260593223075
432, 0.00632265241195758
433, 0.00637847386921446
434, 0.00643395865336061
435, 0.00595900947228074
436, 0.00573278265073895
437, 0.00594256399199367
438, 0.00629766298724072
439, 0.00631793293481072
440, 0.00631614238955081
441, 0.0063080118658642
442, 0.00633927683035533
443, 0.00632452475838363
444, 0.00633370666764677
445, 0.00636141723953187
446, 0.00636835730013748
447, 0.00635273514005045
448, 0.00635601106720666
449, 0.00636702356860042
450, 0.00637241243384778
451, 0.00634329292612771
452, 0.00637232900286714
453, 0.00611765325690309
454, 0.00583740641983847
455, 0.00633338443003595
456, 0.00725823044776916
457, 0.0057765095649908
458, 0.00560464011505246
459, 0.00565978302620351
460, 0.00565246151139339
461, 0.00562851992435753
462, 0.0056892112562699
463, 0.00569501761347055
464, 0.00558300533642371
465, 0.005629261645178
466, 0.00639522098936141
467, 0.0061671295358489
468, 0.0061192629703631
469, 0.0060145960499843
470, 0.006068260796989
471, 0.00629726657643914
472, 0.00621236325241625
473, 0.00584387383423746
474, 0.00595898802081744
475, 0.00578682233269016
476, 0.00590186022842924
477, 0.00625344660754005
478, 0.00698530107426147
479, 0.00715594684394697
480, 0.00682602302792172
481, 0.00659839157015085
482, 0.00631412762838105
483, 0.0063792287837714
484, 0.00644318767202397
485, 0.00651320892696579
486, 0.00754876636589567
487, 0.00790853573319813
488, 0.00744186707639268
489, 0.00629469201279183
490, 0.00612500286661088
491, 0.00635861754417419
492, 0.00638263812288642
493, 0.00628301524557173
494, 0.00629281718283892
495, 0.00639710940110187
496, 0.00638309811862807
497, 0.00630534184165299
498, 0.00635158728497724
499, 0.00633512848677735
500, 0.00639529596082866
501, 0.00631959014572203
502, 0.00636798973816137
503, 0.00640355555030207
504, 0.00640265922993422
505, 0.00653779157437384
506, 0.00600859282227854
507, 0.00573021623616417
508, 0.0056975456730773
509, 0.00572779580640296
510, 0.00573293205040197
511, 0.0057100816629827
512, 0.00567547775184115
513, 0.00574427059230705
514, 0.00625574002042413
515, 0.00699954231580098
516, 0.00688296960045894
517, 0.00615402411979934
518, 0.00610481660502652
519, 0.00619819248095155
520, 0.00605135643854737
521, 0.0059946389713635
522, 0.00624476552807859
523, 0.00581007450819016
524, 0.00627788975834846
525, 0.00587401119992137
526, 0.0059353755787015
527, 0.0067977726769944
528, 0.0066987534519285
529, 0.00723627681976983
530, 0.00637253141030669
531, 0.00644080953982969
532, 0.00651457882486284
533, 0.00659751698064307
534, 0.0064264262494232
535, 0.00574941723607481
536, 0.00638437775584559
537, 0.00661329467160006
538, 0.00658875897837182
539, 0.00623321013214688
540, 0.00644309190101922
541, 0.00627126040247579
542, 0.00638222826334337
543, 0.00628912790368001
544, 0.00635697017423809
545, 0.00640649045817554
546, 0.00685180677101016
547, 0.00633232194619874
548, 0.00630935475540658
549, 0.00642736062097053
550, 0.00644772786957522
551, 0.0064420384199669
552, 0.00588016530188421
553, 0.00584872423981627
554, 0.00575331078531841
555, 0.00583184774344166
556, 0.00576787342184356
557, 0.00593079843868812
558, 0.00574188136185209
559, 0.00687521416693926
560, 0.00614408690792819
561, 0.00619049672968686
562, 0.00609255426873763
563, 0.00622449517250061
564, 0.00603512690092127
565, 0.00597286488239964
566, 0.00590931290450196
567, 0.00584406584190826
568, 0.00677054290038844
569, 0.00706373918801546
570, 0.00683678320742079
571, 0.00650374389563998
572, 0.00657730433158576
573, 0.00642278014371793
574, 0.00636762962676585
575, 0.00625191450429459
576, 0.00640293932519853
577, 0.00627429348727067
578, 0.00633381213992834
579, 0.00649603425214688
580, 0.00630259079237779
581, 0.00643727881833911
582, 0.0064894564760228
583, 0.00646742697184284
584, 0.00604047952219844
585, 0.0061215462628752
586, 0.00598243817997475
587, 0.00594226325241228
588, 0.0058248620480299
589, 0.00582580695239206
590, 0.00582574168220162
591, 0.00678497304519018
592, 0.00618355247812967
593, 0.00613750742437939
594, 0.00622880166130407
595, 0.00608262962972124
596, 0.00601546419784427
597, 0.00594227582526704
598, 0.00588089432567358
599, 0.00666838061685363
600, 0.00658132702422639
601, 0.00726369032636285
602, 0.00656110770069063
603, 0.00619468574101726
604, 0.00638220560116072
605, 0.00633758500528832
606, 0.0062317568808794
607, 0.00642889303465684
608, 0.00629705182897548
609, 0.00626046536490321
610, 0.0065433697309345
611, 0.00647494654792051
612, 0.00651624247742196
613, 0.00629520781027774
614, 0.00625723747846981
615, 0.00611690509443482
616, 0.00674037989228964
617, 0.00605762229921917
618, 0.00590762798674405
619, 0.00591815115573506
620, 0.00648482106626034
621, 0.00671342307967799
622, 0.00621752822771668
623, 0.00670444585072498
624, 0.00618532137013972
625, 0.00613696547225118
626, 0.00607267503316204
627, 0.0059847450549049
628, 0.00663086189888418
629, 0.00654952141589352
630, 0.00632742613864442
631, 0.00634210036757092
632, 0.00639884686097503
633, 0.00629019900225103
634, 0.00619994489742177
635, 0.00645906586820881
636, 0.00624401114570598
637, 0.00652064584816496
638, 0.00658095628023148
639, 0.00623968460907539
640, 0.00643372590032717
641, 0.00616811122745275
642, 0.00669588218443096
643, 0.00599215528927743
644, 0.00601397408172488
645, 0.00664303591474891
646, 0.00589354825206101
647, 0.00613354177524646
648, 0.0060651257323722
649, 0.00659261289983988
650, 0.00642627982112269
651, 0.00663496367633343
652, 0.00634072705482443
653, 0.00634465382123987
654, 0.00628175307065248
655, 0.00652298657223582
656, 0.00641442330864569
657, 0.00622724943483869
658, 0.00649043793479602
659, 0.00626598849582175
660, 0.00606316337361932
661, 0.00662639217140774
662, 0.00611064877981941
663, 0.0061415270236986
664, 0.00620173259327809
665, 0.0061910318210721
666, 0.00656753064443668
667, 0.0102520859800279
668, 0.00646310097848376
669, 0.00757484457322529
670, 0.00410780685100084
671, 0.00630485910611848
672, 0.0063377784875532
673, 0.0063604130409658
674, 0.00638077291660011
675, 0.00640958764900764
676, 0.00656967718775074
677, 0.00678546167910099
678, 0.00721963727846742
679, 0.00815591169521213
680, 0.00617080453472833
681, 0.00604273402132094
682, 0.00595095536361138
683, 0.00588761564965049
684, 0.00585131719708443
685, 0.00582974342008432
686, 0.0040545961043487
687, 0.00425930600613356
688, 0.00451090536080301
689, 0.00475942972116172
690, 0.00499158344852428
691, 0.00518903501021365
692, 0.00534410371134679
693, 0.00545859926690658
694, 0.00554061370591323
695, 0.0055991862124453
696, 0.00564454573517044
697, 0.00568918511271477
698, 0.00574678593936066
699, 0.00583626066024105
700, 0.00598896814820667
701, 0.00628966853643457
702, 0.00689320468033354
703, 0.00362532186166694
704, 0.00333669556615253
705, 0.00290888862218708
706, 0.00232858783177411
707, 0.00191156557411887
708, 0.00634907504233221
709, 0.00608934524158637
710, 0.00658979189271728
711, 0.00627524894662201
712, 0.00616992932433883
713, 0.00603222528782984
714, 0.00690152395206193
715, 0.0073086304590106
716, 0.0054761574914058
717, 0.00570484537941714
718, 0.00611389172263443
719, 0.00581355400693913
720, 0.00503949650252859
721, 0.00590716892232498
722, 0.00444879398370783
723, 0.00474936406438549
724, 0.00632955079587797
725, 0.00576850461463134
726, 0.0052857871633023
727, 0.00585469782042007
728, 0.00561141952251395
729, 0.00598550898333391
730, 0.00380555738229305
731, 0.00389435580776383
732, 0.00393813363431642
733, 0.00395445510124167
734, 0.00400214708254983
735, 0.00625457335263491
736, 0.00657018514660497
737, 0.00607095697584252
738, 0.00617943168617785
739, 0.0063963703190287
740, 0.00642582836250464
741, 0.00705303600989282
742, 0.00755408545956016
743, 0.00595528595149517
744, 0.00674299771587054
745, 0.00647652987390757
746, 0.00637382074880103
747, 0.00634745531715453
748, 0.00601124976362501
749, 0.00412090834496277
750, 0.00677026103117636
751, 0.00612796563655138
752, 0.00655653645905356
753, 0.00672426726669073
754, 0.0063302378791074
755, 0.00625057270129522
756, 0.00618413253687322
757, 0.00640761355559031
758, 0.00410180787245433
759, 0.00506091498148938
760, 0.00597035527850191
761, 0.00592782651074231
762, 0.00586120171161989
763, 0.00611437337162594
764, 0.0060056884928296
765, 0.00621324552533527
766, 0.00604967229689161
767, 0.00575800992858907
768, 0.00637577831124266
769, 0.00536569712373118
770, 0.0055996875744313
771, 0.00468762723418574
772, 0.0051382613601163
773, 0.00475755000176529
774, 0.00407531442275892
775, 0.00436024749651551
776, 0.00630831733966867
777, 0.00615771704663833
778, 0.00658236762198309
779, 0.00644770419845978
780, 0.00649739460398753
781, 0.00641714323622485
782, 0.0063924357915918
783, 0.00672655086964369
784, 0.00696427258662879
785, 0.00732875250590344
786, 0.00624725261392693
787, 0.00657369522377849
788, 0.00358180250041187
789, 0.0082215565101554
790, 0.00590079609537497
791, 0.00756060355342925
792, 0.00453637799780284
793, 0.00624398827286703
794, 0.00654318516275712
795, 0.00650976163645585
796, 0.00636610567259292
797, 0.006301002499337
798, 0.00641762123753627
799, 0.00591463246382773
800, 0.00602186750620604
801, 0.00621860194951296
802, 0.00608238422622283
803, 0.00611441869599124
804, 0.00629180871571104
805, 0.00617231886523465
806, 0.00613860754917065
807, 0.0063950951055934
808, 0.00573353787573675
809, 0.00544193550013006
810, 0.00505357848790785
811, 0.00562123496395846
812, 0.00686057936400175
813, 0.00669001834467053
814, 0.00709985507031282
815, 0.00636188794548313
816, 0.00459299407278498
817, 0.00650440552271903
818, 0.00657687654408316
819, 0.00646067457273602
820, 0.00643318084379037
821, 0.00631736863094072
822, 0.00393629902973771
823, 0.00646538706496358
824, 0.00638938828238419
825, 0.00642258316899339
826, 0.00620101330180963
827, 0.00672595257249971
828, 0.00609829253517091
829, 0.006244101949657
830, 0.00685097874763111
831, 0.00625029167470833
832, 0.00634649108784894
833, 0.00630357675254345
834, 0.00625184162830313
835, 0.00642290491876858
836, 0.00627366445648174
837, 0.00662062386982143
838, 0.00589338899590075
839, 0.00550891685166529
840, 0.00640854961238801
841, 0.00654216708304981
842, 0.00649053230881691
843, 0.00646043041100105
844, 0.00637614905523757
845, 0.00523826472150783
846, 0.00730943819507957
847, 0.00629974831826985
848, 0.00633553229272366
849, 0.00644818421763678
850, 0.00661388241375486
851, 0.00648943912237883
852, 0.00657218989605705
853, 0.0063971154546986
854, 0.00642290851101279
855, 0.00641250462892155
856, 0.00639814670596804
857, 0.00634253993630409
858, 0.00636891329971453
859, 0.0063918837501357
860, 0.0064183016307652
861, 0.00635637001444896
862, 0.0063221522141248
863, 0.00652217973644535
864, 0.00644027084733049
865, 0.00648422120139003
866, 0.00646132548960547
867, 0.00611846342993279
868, 0.00694991461932659
869, 0.00640146407697882
870, 0.00641949273024996
871, 0.00702458722516894
872, 0.00694889780133963
873, 0.00642090865100424
874, 0.00642366195097566
875, 0.00643551974956478
876, 0.00660062511451542
877, 0.00643112603574991
878, 0.00643942644819617
879, 0.00644735673752924
880, 0.0077123275026679
881, 0.00581088904291391
882, 0.00642506126314402
883, 0.00497313747182488
884, 0.00820810993068985
885, 0.00562568342623611
886, 0.00614942416238288
887, 0.00486955410867397
888, 0.00589978702676793
889, 0.00631835668658217
890, 0.00672211428172886
891, 0.00729773480755587
892, 0.00837543761978547
893, 0.00570165319368243
894, 0.00572605182727178
895, 0.00565947281817595
896, 0.00566776506602764
897, 0.0056457402339826
898, 0.00575771757091085
899, 0.00579751461433868
900, 0.00556632713414729
901, 0.00597558232645194
902, 0.00541020138189197
903, 0.00625120336189866
904, 0.0051194247789681
905, 0.00655743603905042
906, 0.00663576104367773
907, 0.00657855463214219
908, 0.00643880160835882
909, 0.00622616165007154
910, 0.00596519419923425
911, 0.00568336830474436
912, 0.00568979900951187
913, 0.00569332282369335
914, 0.00569113180972636
915, 0.00567980071840187
916, 0.00559949122058849
917, 0.00584643272062143
918, 0.00590550938310723
919, 0.00552475995694598
920, 0.00547334800163905
921, 0.0060570059188952
922, 0.00533270835876465
923, 0.00523741163002948
924, 0.00635837158188224
925, 0.00646420762253304
926, 0.00497156040122112
927, 0.00478333126132687
928, 0.00662170257419348
929, 0.00453933188691735
930, 0.00421762559562922
931, 0.00378985303298881
932, 0.00322518113534898
933, 0.00251717444431658
934, 0.00212535909183013
935, 0.00567647845794757
936, 0.00566965946927667
937, 0.00567099638283253
938, 0.00568638400485118
939, 0.00569356721825898
940, 0.0056964720133692
941, 0.0106548916858931
942, 0.00709254201501608
943, 0.00663895967106024
944, 0.00777674683680137
945, 0.00568455085158348
946, 0.0057202596993496
947, 0.00627048142875234
948, 0.00584597419947386
949, 0.00654438774411877
950, 0.00659849215298891
951, 0.00653851839403311
952, 0.0057423176864783
953, 0.00577004579827189
954, 0.00609540590085089
955, 0.00660025638838609
956, 0.00639038750280937
957, 0.00567240724340081
958, 0.00580435890393953
959, 0.00589542114175856
960, 0.00595322879962623
961, 0.00601983955129981
962, 0.00617940615241726
963, 0.00636617109800379
964, 0.00646081853968402
965, 0.0050090872682631
966, 0.00540299985247354
967, 0.00448738737031817
968, 0.0056640898941883
969, 0.00565363241670032
970, 0.00559069293861588
971, 0.00513469148427248
972, 0.00563823959479729
973, 0.00561730447225273
974, 0.00555713257441918
975, 0.00546457789217432
976, 0.00551547521414856
977, 0.00524029616887371
978, 0.00532890406126777
979, 0.0048602723206083
980, 0.0046858552377671
981, 0.00429226042858015
982, 0.00417450159632911
983, 0.00569168597991977
984, 0.00620972518143909
985, 0.0086757330223918
986, 0.00570223238319159
987, 0.00567009105967979
988, 0.00570016276712219
989, 0.0056913741864264
990, 0.00747997888053457
991, 0.006969905924052
992, 0.00567777881709238
993, 0.00570300539645056
994, 0.00609005933317045
995, 0.00590131237792472
996, 0.00618034158833325
997, 0.00601556221954525
998, 0.00595334793130557
999, 0.00585744196238617
1000, 0.00582035879294078
1001, 0.00578910065814853
1002, 0.0057629489650329
1003, 0.00574189859131972
1004, 0.00628940823177497
1005, 0.00668994019118448
1006, 0.0057248342782259
1007, 0.00656052872849007
1008, 0.00678095252563556
1009, 0.0064184064976871
1010, 0.00679000866200243
1011, 0.00523380205656091
1012, 0.00530389952473342
1013, 0.00542964165409406
1014, 0.00537002404841284
1015, 0.0051648401034375
1016, 0.00559416863446434
1017, 0.00548170933810373
1018, 0.00552624984023472
1019, 0.00556354387663305
1020, 0.00561881445658704
1021, 0.00510780947903792
1022, 0.00563850145166119
1023, 0.00508390281659861
1024, 0.00565409487379449
1025, 0.00536792337273558
1026, 0.00513704253050188
1027, 0.00566127309575677
1028, 0.00385278470348567
1029, 0.00570776341482997
1030, 0.00582966288285596
1031, 0.00571056980905788
1032, 0.00569996455063422
1033, 0.00723659922368824
1034, 0.00567999777073662
1035, 0.00792638265660831
1036, 0.00608110621881982
1037, 0.00621875266854962
1038, 0.00591113038050632
1039, 0.00585988055293759
1040, 0.00582215073518455
1041, 0.00575266196392477
1042, 0.00598172967632612
1043, 0.0057934431048731
1044, 0.00577082011538247
1045, 0.00573755994749566
1046, 0.00640399847179651
1047, 0.00572544181098541
1048, 0.00662795687094331
1049, 0.00571675195048253
1050, 0.00659568291157484
1051, 0.00686213963975509
1052, 0.00549711287021637
1053, 0.00565830408595502
1054, 0.00566853776884576
1055, 0.00543071034674843
1056, 0.00561149519247313
1057, 0.0056307971632729
1058, 0.00543181186852356
1059, 0.00546046524929504
1060, 0.00549430671768884
1061, 0.00558796284409861
1062, 0.00541711846987406
1063, 0.00552841384584705
1064, 0.00556005506465832
1065, 0.00598020308340589
1066, 0.00565544404089451
1067, 0.00564650244389971
1068, 0.00566963703992466
1069, 0.00568554317578673
1070, 0.0057109690271318
1071, 0.00736696757376194
1072, 0.0061189658784618
1073, 0.00594233814626932
1074, 0.00595237943343818
1075, 0.00584548797147969
1076, 0.00578000970805685
1077, 0.00574168966462215
1078, 0.0057200052930663
1079, 0.00570848568653067
1080, 0.00570223790903886
1081, 0.00569896314603587
1082, 0.0056970341441532
1083, 0.00569565074207882
1084, 0.00622045295313001
1085, 0.00636539608240128
1086, 0.00569523219019175
1087, 0.00576721061952412
1088, 0.00566830858588219
1089, 0.00561856905308862
1090, 0.00559929323693116
1091, 0.00560009215647976
1092, 0.00563349590326349
1093, 0.00560786443141599
1094, 0.00562031109196444
1095, 0.00564583825568358
1096, 0.00670304444308082
1097, 0.00565638913152118
1098, 0.00566531345248222
1099, 0.00567326288936394
1100, 0.00652462368210157
1101, 0.0056977776500086
1102, 0.00745082111097872
1103, 0.00712123233824968
1104, 0.00659153927117586
1105, 0.00758115900680423
1106, 0.00700935432687402
1107, 0.0067775563026468
1108, 0.00636627781204879
1109, 0.00410224803878615
1110, 0.00185730049270205
1111, 0.00594085416135689
1112, 0.00734558429879447
1113, 0.00771576067199931
1114, 0.00838880908365051
1115, 0.0104516136149565
1116, 0.00333785634332647
1117, 0.00286890325757364
1118, 0.00224379700375721
1119, 0.00716166850179434
1120, 0.00638219527900219
1121, 0.00582465521680812
1122, 0.00538785771156351
1123, 0.00500204476217429
1124, 0.00465524996009966
1125, 0.00434205393927793
1126, 0.00409894910020133
1127, 0.00606317779359718
1128, 0.0063493272755295
1129, 0.00660770774508516
1130, 0.00680977494145433
1131, 0.00695958524011075
1132, 0.00708720902912319
1133, 0.00722961857294043
1134, 0.00742756761610508
1135, 0.00494532869197428
1136, 0.00582868776594599
1137, 0.00633535184897482
1138, 0.00537119324629505
1139, 0.0045625981874764
1140, 0.0071939918367813
1141, 0.00781596312299371
1142, 0.0067355396070828
1143, 0.00682402852301796
1144, 0.00650675773310165
1145, 0.00700606188426415
1146, 0.0057737872004509
1147, 0.00669529110503693
1148, 0.00695497480531534
1149, 0.00689996026145915
1150, 0.00708677705066899
1151, 0.00364677025936544
1152, 0.00392417974459628
1153, 0.00383385189343244
1154, 0.00396350882947445
1155, 0.00392111557691048
1156, 0.0038627980199332
1157, 0.00418082631326148
1158, 0.00704734193693314
1159, 0.00629444267334683
1160, 0.0077209709212184
1161, 0.00445098429918289
1162, 0.00579184208375712
1163, 0.00629333600712319
1164, 0.00531135367540022
1165, 0.00483157144238551
1166, 0.00670274225994945
1167, 0.00709729681589774
1168, 0.00758002907969058
1169, 0.00694437922599415
1170, 0.00685796126102408
1171, 0.00669743885685291
1172, 0.00691751227714121
1173, 0.00680168299004436
1174, 0.00687268500526746
1175, 0.00412587693426758
1176, 0.00415911641903222
1177, 0.00510597291092078
1178, 0.00404590884378801
1179, 0.0034707514103502
1180, 0.00463340883808477
1181, 0.00585176021559164
1182, 0.00572935755675038
1183, 0.0052155094842116
1184, 0.00621341510365407
1185, 0.00672749476507306
1186, 0.00681930415642758
1187, 0.00653837574645877
1188, 0.0066412469993035
1189, 0.00701352278701961
1190, 0.00714890503635009
1191, 0.00468293911156555
1192, 0.00799508043564856
1193, 0.0048347363093247
1194, 0.0056007185485214
1195, 0.00648125672402481
1196, 0.00678866884360711
1197, 0.00547179180596556
1198, 0.00718770921230316
1199, 0.00575381540693343
1200, 0.00510278437286615
1201, 0.00757443819505473
1202, 0.00621142032157098
1203, 0.00621761102229357
1204, 0.00663977062019209
1205, 0.00615441584959626
1206, 0.00749272657558322
1207, 0.00859883185476065
1208, 0.00603750627487898
1209, 0.00737577453255653
1210, 0.0070579091552645
