1, 0.00661962223239243
2, 0.0146256373263896
3, 0.00175869939266704
4, 0.00656992290169001
5, 0.00741117307916284
6, 0.0108246831223369
7, 0.00499678216874599
8, 0.00150618667248636
9, 0.0148234711959958
10, 0.00629548146389425
11, 0.00720429886132479
12, 0.0109873404726386
13, 0.00677677849307656
14, 0.00695952873987456
15, 0.0070712734789898
16, 0.00716047539996604
17, 0.00722359702922404
18, 0.00726452888920903
19, 0.0072891793679446
20, 0.00730268657207489
21, 0.00731102959252894
22, 0.0073216687887907
23, 0.00734558647188048
24, 0.00740139194143315
25, 0.00752800749614835
26, 0.00781169479402403
27, 0.00850178627297282
28, 0.0104860630817711
29, 0.0127759076034029
30, 0.00740824003393451
31, 0.00341681359956662
32, 0.00202202139189467
33, 0.00325048361749699
34, 0.00424695728967587
35, 0.00494487164542079
36, 0.00542095870090028
37, 0.00575341749936342
38, 0.00598994332055251
39, 0.00616106406475107
40, 0.00628639874048531
41, 0.00637898896820843
42, 0.00644752414276202
43, 0.00649776107942065
44, 0.00653313697936634
45, 0.0065569495006154
46, 0.00657059135846794
47, 0.00658688011268775
48, 0.0066261215445896
49, 0.00668124776954452
50, 0.00674619618803263
51, 0.00681634914750854
52, 0.00688828046744068
53, 0.00695864204317331
54, 0.00702437292784452
55, 0.0070833934781452
56, 0.00713452758888404
57, 0.00717741049205263
58, 0.0072124715273579
59, 0.00724078792457779
60, 0.0072639505378902
61, 0.00728385119388501
62, 0.00730280221129457
63, 0.007323008030653
64, 0.00734532655527194
65, 0.00738054700195789
66, 0.00739983314027389
67, 0.00739510683342814
68, 0.00738561634595195
69, 0.00737139458457629
70, 0.00735182392721375
71, 0.00732648434738318
72, 0.00729484592253963
73, 0.0072564745011429
74, 0.00721118676786621
75, 0.00715915020555258
76, 0.00710101053118706
77, 0.00703792336086432
78, 0.0069715630573531
79, 0.0069042748461167
80, 0.0068390976327161
81, 0.00678014693160852
82, 0.00673001321653525
83, 0.00669295387342572
84, 0.00666102084020774
85, 0.00666535009319584
86, 0.00669184885919094
87, 0.00674149207770824
88, 0.00681912417834004
89, 0.0069334067714711
90, 0.00710056908428669
91, 0.00735737771416704
92, 0.0077830587203304
93, 0.00863767632593711
94, 0.00936616491526365
95, 0.00917826096216838
96, 0.00756195311745008
97, 0.00701883342117071
98, 0.00674424165238937
99, 0.0065912491021057
100, 0.00649525721867879
101, 0.00642689426119129
102, 0.0063706748187542
103, 0.00631638973330458
104, 0.00625560199841857
105, 0.00618106250961622
106, 0.00608681483815114
107, 0.00596879671017329
108, 0.00582669815048575
109, 0.00566318677738309
110, 0.00548413877064983
111, 0.00530361896380782
112, 0.00514151093860467
113, 0.00503340487678846
114, 0.00499378118131842
115, 0.00496137957088649
116, 0.00490988798749944
117, 0.00480276563515266
118, 0.00460319415045281
119, 0.00425921318431695
120, 0.003691811968262
121, 0.00282780224612604
122, 0.00173079986901333
123, 0.00292815365052472
124, 0.00685730095331868
125, 0.0126585206016898
126, 0.0106190396472812
127, 0.00860207652052244
128, 0.00787209641809265
129, 0.00754661012130479
130, 0.0073733717824022
131, 0.0072531319844226
132, 0.00714013221052786
133, 0.00700737722218037
134, 0.0068315255921334
135, 0.00654364337346384
136, 0.00640150749435027
137, 0.00647348817437887
138, 0.00659635476768017
139, 0.006737622898072
140, 0.00688150385394692
141, 0.00701279798522592
142, 0.00712101083869735
143, 0.00720166865115364
144, 0.00725479486087958
145, 0.00728346810986598
146, 0.0072926493982474
147, 0.00728784284243981
148, 0.00727428309619427
149, 0.00725649173061053
150, 0.00723783470069369
151, 0.00722056968758504
152, 0.00720584609856208
153, 0.0071974964812398
154, 0.00717411295045167
155, 0.00712115100274483
156, 0.00706939383720358
157, 0.00700877203295628
158, 0.00694358333324393
159, 0.00687628099694848
160, 0.00680869336550434
161, 0.00674310109267632
162, 0.00668235852693518
163, 0.00663032568991184
164, 0.00659158236036698
165, 0.00657271345456441
166, 0.00339067021074394
167, 0.00748589402064681
168, 0.0130800002564987
169, 0.0126549853011966
170, 0.00712406743938724
171, 0.00313185551203787
172, 0.00503986293915659
173, 0.0051789420346419
174, 0.00534516541908185
175, 0.00554827833548188
176, 0.00576294989635547
177, 0.00597506932293375
178, 0.00618540883685152
179, 0.0064033765035371
180, 0.00664990395307541
181, 0.00696719173962871
182, 0.00744143159439166
183, 0.00904756458476186
184, 0.00975417500982682
185, 0.00883892551064491
186, 0.00813555251806974
187, 0.00771848609050115
188, 0.00743707843745748
189, 0.00721304987867673
190, 0.00701111446445187
191, 0.00682141042004029
192, 0.00664540457849701
193, 0.00648986361920834
194, 0.00645714614074677
195, 0.00913708863247718
196, 0.00266450163326226
197, 0.00727861025370657
198, 0.00730416807346046
199, 0.00732303426290552
200, 0.00734181640048822
201, 0.00736969949988027
202, 0.00742122197213272
203, 0.00752285642859836
204, 0.00772941710116963
205, 0.00816927400107185
206, 0.00916371416921417
207, 0.0115899266675115
208, 0.00574087757351143
209, 0.00570578182426592
210, 0.0053665821130077
211, 0.00489435841639837
212, 0.00423307794456681
213, 0.00331664779999604
214, 0.00733411770003537
215, 0.00731250597164035
216, 0.00729373842477798
217, 0.00727514107711613
218, 0.00725431422082086
219, 0.0072292637390395
220, 0.00719814623395602
221, 0.00715956138446927
222, 0.00711268760884802
223, 0.00705744574467341
224, 0.00699460149432222
225, 0.00692572289456924
226, 0.0068533094599843
227, 0.006780580462267
228, 0.00671139584543804
229, 0.00664915423840284
230, 0.0066015700964878
231, 0.00680375999460618
232, 0.00683882126274208
233, 0.00687852695894738
234, 0.00723504880443215
235, 0.00727116828784347
236, 0.00730151613242924
237, 0.00732628131906192
238, 0.00734579260461032
239, 0.00736044890557726
240, 0.00737011913831035
241, 0.0073769799588869
242, 0.00719316808196406
243, 0.00732006419760485
244, 0.00728210154920816
245, 0.00730317846561472
246, 0.00733305203417937
247, 0.00734224814611177
248, 0.00709418999031186
249, 0.00714591890573502
250, 0.00692873378284276
251, 0.0069586584965388
252, 0.00725665704036752
253, 0.00667427798422674
254, 0.00681828808349868
255, 0.00689440422380964
256, 0.0069673266261816
257, 0.00703454824785392
258, 0.00709423430574437
259, 0.00730330341806014
260, 0.00728649203665555
261, 0.00726857408881187
262, 0.00724737998098135
263, 0.00722082937136292
264, 0.00718720948013167
265, 0.0073555420152843
266, 0.00714520155452192
267, 0.00674256108080347
268, 0.00732097503108283
269, 0.00595270244715114
270, 0.00626788024480144
271, 0.00613390530149142
272, 0.0056651970371604
273, 0.0052039729586492
274, 0.00636737677268684
275, 0.00644136647072931
276, 0.00649628594207267
277, 0.0065369224951913
278, 0.00656286743469536
279, 0.00657614879310131
280, 0.00588136841543019
281, 0.00542873741748432
282, 0.00724106499304374
283, 0.00776476770018538
284, 0.00867634608099858
285, 0.00730765075422823
286, 0.0073402034273992
287, 0.00737266979801158
288, 0.00741379925360282
289, 0.00747646150800089
290, 0.00758179735081891
291, 0.00700857474779089
292, 0.0071106970620652
293, 0.00718677532859147
294, 0.00809526676312089
295, 0.00947895630573233
296, 0.00470998813398182
297, 0.00694763394338744
298, 0.00734567841781037
299, 0.00899535045027733
300, 0.00660885790629046
301, 0.00685354914250118
302, 0.00702856220304966
303, 0.00719233004686733
304, 0.00703936613475283
305, 0.00715411741596957
306, 0.00698341553409894
307, 0.00730479268046717
308, 0.00729195292418202
309, 0.00727598221662144
310, 0.00732204845796029
311, 0.00731479415359596
312, 0.00699061768439909
313, 0.00732816988602281
314, 0.00722670438699424
315, 0.00728193810209632
316, 0.00724419415928423
317, 0.00731112482026219
318, 0.00729577670184274
319, 0.00726543576456606
320, 0.00713462173007429
321, 0.00721645184482137
322, 0.0071803346897165
323, 0.00707902704986433
324, 0.00701401080004871
325, 0.00694125432831546
326, 0.00686214840970933
327, 0.00677929678931832
328, 0.00669738751215239
329, 0.00606007788640757
330, 0.00640359753742814
331, 0.00658863876014948
332, 0.00631609147725006
333, 0.00647062016651034
334, 0.0065216098446399
335, 0.00656105360637109
336, 0.00630493275821209
337, 0.00633829669095576
338, 0.00651918902682761
339, 0.00620340742170811
340, 0.00726878309311966
341, 0.00706767453812063
342, 0.00735326072511574
343, 0.00739885540679097
344, 0.00745274157573779
345, 0.00752628734335303
346, 0.00715210024888317
347, 0.00763604968475799
348, 0.00845782350127896
349, 0.00806622626259923
350, 0.00780744353930155
351, 0.007218700600788
352, 0.00711840211546847
353, 0.00836778497323394
354, 0.00707093866852423
355, 0.0072332473937422
356, 0.0072064680668215
357, 0.00729923175337414
358, 0.00730444715979199
359, 0.00729176122695208
360, 0.00702944529863695
361, 0.00711313386758169
362, 0.00705471673669914
363, 0.00725648971274495
364, 0.00717792954916755
365, 0.0067344163544476
366, 0.00712787049512068
367, 0.00691495587428411
368, 0.00699482858181
369, 0.00706668198108673
370, 0.00682550591106216
371, 0.00726674178925653
372, 0.00728190434165299
373, 0.00729285397877296
374, 0.00730095291510224
375, 0.00721693582211932
376, 0.00724588388887544
377, 0.00663785254582763
378, 0.0089341743538777
379, 0.00633531125883261
380, 0.00649768548707167
381, 0.00660981680266559
382, 0.0065431307690839
383, 0.00657963395739595
384, 0.00664000539109111
385, 0.006444970301042
386, 0.00638822303153574
387, 0.00689597241580486
388, 0.00719653574439387
389, 0.00730801854903499
390, 0.00801585428416729
391, 0.00826892489567399
392, 0.00747482168177764
393, 0.0074126614878575
394, 0.00755285440633694
395, 0.0071994608733803
396, 0.00725779814335207
397, 0.0078074155220141
398, 0.0076590400810043
399, 0.00690337102860212
400, 0.00771520845592022
401, 0.00851041730493307
402, 0.00711371586658061
403, 0.00726850175609191
404, 0.00714532759351035
405, 0.00725200143642724
406, 0.00730192156819006
407, 0.00730274671999117
408, 0.00708325005446871
409, 0.00717676834513744
410, 0.00730833993293345
411, 0.00728178800394138
412, 0.0071802824580421
413, 0.0071248437743634
414, 0.00677533241521035
415, 0.00697593903169036
416, 0.00705678582501908
417, 0.00688729931910833
418, 0.00722274541233977
419, 0.00728664586010079
420, 0.00730009110910552
421, 0.00725343474186957
422, 0.00727387191727757
423, 0.0072943454918762
424, 0.00674408169773718
425, 0.00668043092203637
426, 0.00667184265330434
427, 0.00665943883359432
428, 0.00665096767867605
429, 0.00664990480678777
430, 0.00667508132755756
431, 0.00841788269047226
432, 0.00747905190413197
433, 0.00735732757796844
434, 0.00724253981995086
435, 0.0074782541487366
436, 0.00755499512888491
437, 0.00809000851586461
438, 0.0073024317001303
439, 0.00765039841644466
440, 0.00791989988647401
441, 0.00777290171633164
442, 0.00792740727774799
443, 0.0081966795027256
444, 0.0071635899754862
445, 0.00713867251761258
446, 0.00729749817401171
447, 0.00720987701788545
448, 0.00718603686740001
449, 0.00729052598277728
450, 0.00730596428426604
451, 0.00723235805829366
452, 0.00730140352000793
453, 0.00718758627772331
454, 0.00712510206115742
455, 0.00704824241499106
456, 0.00686029437929392
457, 0.00695203935417036
458, 0.0072343929981192
459, 0.00726695607105891
460, 0.00730082190906008
461, 0.00729846442118287
462, 0.00730031421408057
463, 0.00728788824441532
464, 0.00668326439335942
465, 0.00719476079878708
466, 0.00677986039469639
467, 0.00679562000247339
468, 0.00684733991511166
469, 0.0068150464600573
470, 0.00690841892113288
471, 0.00701597177733978
472, 0.00741252799828847
473, 0.00729018884400527
474, 0.00753808355269333
475, 0.00762036986028155
476, 0.00792083811635772
477, 0.00735076935961843
478, 0.00771605968475342
479, 0.00782497025405367
480, 0.0078968459607235
481, 0.0072666109384348
482, 0.00731845952880879
483, 0.00723194206754367
484, 0.00724856625311077
485, 0.00732164791164299
486, 0.00731404397326211
487, 0.00728035757007698
488, 0.0071995173736165
489, 0.0070378197512279
490, 0.00712666606220106
491, 0.00725225157414873
492, 0.00728731121247013
493, 0.0073074745790412
494, 0.00731646708611931
495, 0.0073167629695187
496, 0.00699378503486514
497, 0.00706448910447458
498, 0.0069404353077213
499, 0.0071762620160977
500, 0.00721943937242031
501, 0.00734302029013634
502, 0.00746659212745726
503, 0.00758955961403747
504, 0.00733352984700884
505, 0.00757787539623678
506, 0.00765209505334496
507, 0.00740133544119696
508, 0.00772249582223594
509, 0.00778042090435823
510, 0.00718568125739694
511, 0.00731587394451102
512, 0.00730317939693729
513, 0.00734190549701452
514, 0.00728923043546577
515, 0.00732073894081016
516, 0.00712278865588208
517, 0.00721507340980073
518, 0.0072763750795275
519, 0.00691345952717321
520, 0.00731529753344754
521, 0.00733492942526937
522, 0.00734058519204458
523, 0.00710546518010753
524, 0.0071680824427555
525, 0.0072687688904504
526, 0.00741233273098866
527, 0.00778816696256399
528, 0.00750946439802647
529, 0.00738227988282839
530, 0.00758462771773338
531, 0.00744507065974176
532, 0.00763335824012756
533, 0.00765879894606769
534, 0.00760543439537287
535, 0.0073381537416329
536, 0.00735798509170612
537, 0.00735905267564314
538, 0.00733103812672198
539, 0.00723111551875869
540, 0.00702424636110663
541, 0.00730759146002432
542, 0.00735322549007833
543, 0.00735317768218617
544, 0.0073712474356095
545, 0.00727280443534255
546, 0.00737347228763004
547, 0.00732191232964396
548, 0.00742160722923775
549, 0.00753036909736693
550, 0.00754777966067195
551, 0.00736438917617003
552, 0.00741848442703485
553, 0.00755049878110488
554, 0.00747373940733572
555, 0.00754726964182087
556, 0.00738819145287077
557, 0.00739340744912624
558, 0.00739807713155945
559, 0.00734490781490292
560, 0.00737430434674025
561, 0.00740118006554743
562, 0.00733546502888203
563, 0.00741922149124245
564, 0.00741354438165824
565, 0.00723362732678652
566, 0.00735129630193114
567, 0.00752146231631438
568, 0.00743198714085988
569, 0.0074662078016748
570, 0.00748199682372312
571, 0.00742932129651308
572, 0.0074076347053051
573, 0.00743465831813713
574, 0.00746394755939643
575, 0.00747842683146397
576, 0.00731633238804837
577, 0.00513718383930003
578, 0.00726157535488407
579, 0.00728990642043451
580, 0.00730386314292749
581, 0.00731011480093002
582, 0.00733248159910242
583, 0.0073741611558944
584, 0.00746883816706638
585, 0.00767435079130034
586, 0.00810586443791787
587, 0.00912055481846134
588, 0.00719097916347285
589, 0.00704022062321504
590, 0.00693260195354621
591, 0.00685847628240784
592, 0.00681419926695526
593, 0.00678486656397581
594, 0.00507493379215399
595, 0.00543319550342858
596, 0.00563520200860997
597, 0.0058229179897656
598, 0.0059869447723031
599, 0.00612384073125819
600, 0.00623240725447734
601, 0.0063167455761383
602, 0.00638323517826696
603, 0.00643977476283908
604, 0.00649513211101294
605, 0.00655960889222721
606, 0.00664653411755959
607, 0.00677830787996451
608, 0.006995455827564
609, 0.00739713370179137
610, 0.00814493753326436
611, 0.00461377296596766
612, 0.00427112417916457
613, 0.00375264320367326
614, 0.00309029912265638
615, 0.00251190639877071
616, 0.00887195882387459
617, 0.0115878473346432
618, 0.00485051788079242
619, 0.00482027799201508
620, 0.00493475228237609
621, 0.00498800585046411
622, 0.00500046787783504
623, 0.00490446893187861
624, 0.00523295789025724
625, 0.00711015122942626
626, 0.00665553558307389
627, 0.00680078302199642
628, 0.00587528253284593
629, 0.00607454349907736
630, 0.00624090976392229
631, 0.00636983592994511
632, 0.00654042038756112
633, 0.00564289217193921
634, 0.00646701299895843
635, 0.00659987749531865
636, 0.00671809213235974
637, 0.00692094536498189
638, 0.00740978944425782
639, 0.00721301782565812
640, 0.00713800561303894
641, 0.00732508449194332
642, 0.00851723334441582
643, 0.00702838731619219
644, 0.00691024046391249
645, 0.00764470702658097
646, 0.00747543456964195
647, 0.00738866549606125
648, 0.00734852300956845
649, 0.00733201834373176
650, 0.00731735078928371
651, 0.0073001393272231
652, 0.00796776008792222
653, 0.00740215058128039
654, 0.00700426163772742
655, 0.00707265905415018
656, 0.00729382022594412
657, 0.00716829571562509
658, 0.00809145889555415
659, 0.00769616453908384
660, 0.00501705764327198
661, 0.00768594916111657
662, 0.00697474926710129
663, 0.00664395225855211
664, 0.00912378036550113
665, 0.00507898046635091
666, 0.00513582350686193
667, 0.00604879972524941
668, 0.00574839417822659
669, 0.00512179002786676
670, 0.00539522113588949
671, 0.0066884170131137
672, 0.00674973917193711
673, 0.00660846964456141
674, 0.00680411482850711
675, 0.00649772072210908
676, 0.00634655992810925
677, 0.00614597268092136
678, 0.00704081092650692
679, 0.00686261539037029
680, 0.00693651296508809
681, 0.00591239954034487
682, 0.00719310257894297
683, 0.00742820673622191
684, 0.00726604570324222
685, 0.00740568301019569
686, 0.00712129776366055
687, 0.00748290641543766
688, 0.00736783840693533
689, 0.0073517522153755
690, 0.00734455216055115
691, 0.00733573944307864
692, 0.00762781787974139
693, 0.00786417334650954
694, 0.00825738767161965
695, 0.0072084068475912
696, 0.00745232566259801
697, 0.00860940776765346
698, 0.00786893535405397
699, 0.00716213012735049
700, 0.00724013724053899
701, 0.00733674938480059
702, 0.00763927695030967
703, 0.00783889163285494
704, 0.00796200288459659
705, 0.00856692530214787
706, 0.00558574792618553
707, 0.00663801569802066
708, 0.00514141603239945
709, 0.00539625544721882
710, 0.0054826339861999
711, 0.00725592005377014
712, 0.00741655503710111
713, 0.00699001085013151
714, 0.0070525164095064
715, 0.0069389376634111
716, 0.00688950818342467
717, 0.00682989934769769
718, 0.0067463757780691
719, 0.00662244150104622
720, 0.00561419734731317
721, 0.00644809946728249
722, 0.007135016998897
723, 0.00620352500118315
724, 0.00769588258117437
725, 0.00731638842262328
726, 0.00736220825153093
727, 0.00737667316570878
728, 0.00740598724223673
729, 0.00746602301175396
730, 0.00736570653195183
731, 0.00721314902018223
732, 0.00727927405387163
733, 0.00774268332558374
734, 0.00757126774018009
735, 0.00796474392215411
736, 0.00744385248981416
737, 0.0070978382602334
738, 0.00727960133614639
739, 0.00735712253178159
740, 0.00762317582432713
741, 0.00756301986984909
742, 0.00810077873757109
743, 0.00624812999740243
744, 0.00722782608742515
745, 0.00742113969421813
746, 0.00531535800546408
747, 0.00576505996286869
748, 0.00597735370198886
749, 0.00729573611170053
750, 0.00714859917449454
751, 0.00710072771956523
752, 0.00721229411040743
753, 0.00594741702079773
754, 0.00706174930868049
755, 0.00702261381472151
756, 0.00697010491664211
757, 0.00688659966302415
758, 0.00654745544306934
759, 0.00674697803333402
760, 0.00735575434130927
761, 0.00737068546004593
762, 0.00738586105095844
763, 0.00737094335878889
764, 0.00742295640520751
765, 0.00730519546195865
766, 0.00733764539472759
767, 0.00742744250843922
768, 0.0074890631561478
769, 0.00758660848562916
770, 0.00768318333263908
771, 0.00752950189635158
772, 0.00736318295821548
773, 0.00748616922646761
774, 0.00500085595995188
775, 0.00623941248548882
776, 0.0077934087254107
777, 0.00738931130617857
778, 0.00691704234729211
779, 0.00744003267027438
780, 0.00651552031437556
781, 0.0072283900808543
782, 0.00733152140552799
783, 0.00727149882974724
784, 0.00719827747282883
785, 0.00717630904788772
786, 0.00715444656088948
787, 0.00711489468812943
788, 0.0068750480034699
789, 0.00703634888244172
790, 0.00737590839465459
791, 0.0073508625694861
792, 0.00734780364048978
793, 0.00736049593736728
794, 0.0073751062930872
795, 0.00740614711927871
796, 0.00739045487716794
797, 0.00743340064461033
798, 0.00744401492799322
799, 0.00739815714769065
800, 0.00739850256858127
801, 0.00729480502195656
802, 0.00731734543417891
803, 0.00735241919755936
804, 0.00702134872387562
805, 0.00728481394859652
806, 0.00728553378333648
807, 0.00728947226889431
808, 0.00726936082355678
809, 0.00719971822885176
810, 0.00665158107876778
811, 0.00736595046085616
812, 0.00744119379669428
813, 0.0073862219384561
814, 0.00739774378016591
815, 0.00858133602887392
816, 0.00738055100664496
817, 0.00773593240107099
818, 0.00602280827505248
819, 0.00725804618559778
820, 0.00732809895028671
821, 0.00748473025547961
822, 0.00821621855720878
823, 0.00927479347834984
824, 0.00717725744470954
825, 0.00718721778442462
826, 0.00720208417624235
827, 0.00721806854320069
828, 0.00723430467769504
829, 0.00724866474047303
830, 0.00642312853597105
831, 0.00725862414886554
832, 0.00724615606789788
833, 0.00611778046004474
834, 0.00709289715935787
835, 0.00699940735163788
836, 0.0068912022591879
837, 0.00677877990528941
838, 0.00667952707347771
839, 0.0065971576453497
840, 0.0065760868601501
841, 0.00660576857626438
842, 0.0067758330454429
843, 0.00684336355576913
844, 0.00691146706230938
845, 0.00697826089647909
846, 0.00704204438564678
847, 0.00710067347002526
848, 0.00651830101075272
849, 0.00647828083795806
850, 0.00634892409046491
851, 0.00625007351239522
852, 0.00721634132787585
853, 0.00716572060870628
854, 0.00593930614801745
855, 0.00569562148302794
856, 0.00535922481988867
857, 0.00489312899298966
858, 0.0042607457920288
859, 0.00348261320808282
860, 0.00288218998078567
861, 0.00942726448799173
862, 0.0118543817661703
863, 0.00697437231428921
864, 0.00711948121897876
865, 0.00722779838057856
866, 0.00719786179251969
867, 0.00718211196362972
868, 0.00715244274275998
869, 0.00722299042778711
870, 0.00717079274666806
871, 0.00721218110993505
872, 0.00722307797210912
873, 0.00689603528007865
874, 0.00716680210704605
875, 0.00705252704210579
876, 0.00720498035661876
877, 0.00720482598990202
878, 0.00870163800815741
879, 0.00772423266122739
880, 0.0070785543260475
881, 0.0069240431766957
882, 0.00675986045971513
883, 0.00749159418046474
884, 0.00808885227888823
885, 0.00654594499307374
886, 0.00603547017090023
887, 0.00652461654196183
888, 0.00648546932886044
889, 0.00643335973533491
890, 0.00628094041409592
891, 0.00636637428154548
892, 0.00617235697185
893, 0.00566934103456636
894, 0.0053322424646467
895, 0.00586635596118867
896, 0.00546837823155026
897, 0.00671123759821057
898, 0.00688140753967067
899, 0.00665309901038806
900, 0.00681150867603719
901, 0.00694984857303401
902, 0.007016537245363
903, 0.00707672365630666
904, 0.00544075256523987
905, 0.00713660089032991
906, 0.00684861452983958
907, 0.00743391644209623
908, 0.00952750723809004
909, 0.00720771891064942
910, 0.00713971761676172
911, 0.00722087485094865
912, 0.0071890854742378
913, 0.00707221000144879
914, 0.00722493285623689
915, 0.00723592292827864
916, 0.00723604524197678
917, 0.00718772690743208
918, 0.00713011785410345
919, 0.00716748104120294
920, 0.00714816680798928
921, 0.00711639163394769
922, 0.00732730111728112
923, 0.00703906306686501
924, 0.00772271274278561
925, 0.00803209313501914
926, 0.00844836654141545
927, 0.00718490957903365
928, 0.00700056664645672
929, 0.00644122421120604
930, 0.00648534103917579
931, 0.00639179325662553
932, 0.00634050252847373
933, 0.00652323585624496
934, 0.00655475181216995
935, 0.00629570366193851
936, 0.00647845701314509
937, 0.0063148889845858
938, 0.00627435262625416
939, 0.00655348769699534
940, 0.00674301913628976
941, 0.00662152050063014
942, 0.00685245799832046
943, 0.00692374166101217
944, 0.00699004111811519
945, 0.00706043007916638
946, 0.00667741141902904
947, 0.00714299576357007
948, 0.00883980134191612
949, 0.00891624794652065
950, 0.00716739866350378
951, 0.00714479115170737
952, 0.00717663485556841
953, 0.00707551270412902
954, 0.00730281284389396
955, 0.00730617709147433
956, 0.00750183275279899
957, 0.00723847808937232
958, 0.0072809859799842
959, 0.00711755446779231
960, 0.00709356344304979
961, 0.00728939667654534
962, 0.00724822701886296
963, 0.00721192934239904
964, 0.00823743656898538
965, 0.00793588991897802
966, 0.0073326063187172
967, 0.00710979048162699
968, 0.0068770912475884
969, 0.00659559108316898
970, 0.00660971311541895
971, 0.00682862374621133
972, 0.00709602663603922
973, 0.00658221317765613
974, 0.00657976682608326
975, 0.00657457346096635
976, 0.00657693607111772
977, 0.00657535477408341
978, 0.00668307719752192
979, 0.00661000741335253
980, 0.00677930354140699
981, 0.006635779847524
982, 0.00689999805763364
983, 0.00702636884525418
984, 0.00697242010695239
985, 0.00670992032003899
986, 0.00830850444201912
987, 0.00851849745959044
988, 0.0071295197121799
989, 0.00740090928350886
990, 0.00709058010640244
991, 0.00742321158759296
992, 0.00717708577091495
993, 0.0070582990689824
994, 0.00735360717711349
995, 0.00702758718814169
996, 0.00741872517392039
997, 0.00768702484977742
998, 0.00723277032375336
999, 0.00729365522662799
1000, 0.00803993052492539
1001, 0.00747940968722105
1002, 0.00756669091060758
1003, 0.00669220780643324
1004, 0.00670501845888793
1005, 0.00672354634540776
1006, 0.00676156727907558
1007, 0.00737396185286343
1008, 0.00662235853572686
1009, 0.00658922214061022
1010, 0.00711423220733802
1011, 0.00682919356040657
1012, 0.00682320911437273
1013, 0.00694078051795562
1014, 0.00667842356488109
1015, 0.00695308538464208
1016, 0.00674318498931825
1017, 0.00656136050820351
1018, 0.00669718347489834
1019, 0.00773200066760182
1020, 0.00813805085739919
1021, 0.00700309155508876
1022, 0.00706503780869146
1023, 0.00711695306623975
1024, 0.00752579141408205
1025, 0.00702520490934451
1026, 0.00744882373449703
1027, 0.00753794480115175
1028, 0.00718346944389244
1029, 0.00735491048544645
1030, 0.00732841901481152
1031, 0.00726378872059286
1032, 0.00782247562892735
1033, 0.00761760453072687
1034, 0.00694433267095259
1035, 0.00778393276656667
1036, 0.00703021658894916
1037, 0.00698260217905045
1038, 0.00756813151141008
1039, 0.00709681500059863
1040, 0.00742418652710815
1041, 0.00718457694165409
1042, 0.00729427362481753
1043, 0.00787368798628449
1044, 0.00681119006393211
1045, 0.00684039240392546
1046, 0.00689298977764944
1047, 0.00687609325783948
1048, 0.0074872721452266
1049, 0.00697404611855745
1050, 0.00725892799285551
1051, 0.00709304151435693
1052, 0.00679321982897818
1053, 0.00815907474607229
1054, 0.00770942121744156
1055, 0.00692442905468245
1056, 0.00697773516488572
1057, 0.00769230523811919
1058, 0.00748626740338902
1059, 0.0070560232270509
1060, 0.00730589552161594
1061, 0.00716368077943722
1062, 0.00690610995516181
1063, 0.00676393499597907
1064, 0.00684392979989449
1065, 0.00793093023821712
1066, 0.00673490071979662
1067, 0.00895377315048661
1068, 0.00236164233259236
1069, 0.0072403644832472
1070, 0.00735967815853655
1071, 0.00750858484146496
1072, 0.00774493099500736
1073, 0.00821392424404621
1074, 0.00924203017105659
1075, 0.0116332181108495
1076, 0.00542028431248452
1077, 0.00502655026502907
1078, 0.00500438176095486
1079, 0.00494641919309894
1080, 0.0048295003362
1081, 0.00462023021342854
1082, 0.00427319264660279
1083, 0.00373022945132107
1084, 0.00292633334174752
1085, 0.00740422199790676
1086, 0.00695780742292603
1087, 0.00666016433387995
1088, 0.00641565909609199
1089, 0.00618840668660899
1090, 0.00596150585139791
1091, 0.00572787884933253
1092, 0.00549133153011401
1093, 0.00526824228775998
1094, 0.00674604228697717
1095, 0.00724556475567321
1096, 0.00744851880396406
1097, 0.00768463709391654
1098, 0.00797615650420388
1099, 0.00833709149931868
1100, 0.00872680249934395
1101, 0.00863682866717378
1102, 0.00775032280944288
1103, 0.00711596687324345
1104, 0.00738880193481843
1105, 0.00753824280885359
1106, 0.00807100906968117
1107, 0.00473590455173204
1108, 0.00509682949632406
1109, 0.00500061137912174
1110, 0.00487047573551536
1111, 0.00514768832363188
1112, 0.00516644446179271
1113, 0.00627986496935288
1114, 0.00601862828868131
1115, 0.00573687899547319
1116, 0.00707760701576869
1117, 0.00678887365696331
1118, 0.00653381063602865
1119, 0.00545164756476879
1120, 0.00744512560777366
1121, 0.00800921125337481
1122, 0.00706239882856607
1123, 0.00661786738783121
1124, 0.00689334895772239
1125, 0.00749003258533776
1126, 0.00766290693233411
1127, 0.00784153211861849
1128, 0.0080369096249342
1129, 0.00431419997476041
1130, 0.00942306981111566
1131, 0.00880829319357872
1132, 0.00691001582890749
1133, 0.00803184828587941
1134, 0.00643931688474757
1135, 0.00695578381419182
1136, 0.0075741910841316
1137, 0.00776399935906132
1138, 0.00837322603911161
1139, 0.00804634609570106
1140, 0.00725672875220577
1141, 0.00544757962537309
1142, 0.00553333472150068
1143, 0.00562179957826932
1144, 0.00575945316813886
1145, 0.00602077863489588
1146, 0.00517611438408494
1147, 0.00748015590943396
1148, 0.00716363242827356
1149, 0.00689555192366242
1150, 0.00663073554945489
1151, 0.0063486797735095
1152, 0.00605370818326871
1153, 0.0056981884076127
1154, 0.00732834613882005
1155, 0.00702771257298688
1156, 0.0077543041136648
1157, 0.00773202379544576
1158, 0.00763057622437676
1159, 0.0071796216070652
1160, 0.00807995814830065
1161, 0.00870798341929913
1162, 0.00821810721286706
1163, 0.00794937539224823
1164, 0.00774993964781364
1165, 0.00711539822320143
1166, 0.00742633128538728
1167, 0.00585834410352011
1168, 0.00607025677648683
1169, 0.00671086406024794
1170, 0.00632360624149442
1171, 0.00511863911524415
1172, 0.00536329904571176
1173, 0.00779825299978256
1174, 0.0074761180828015
1175, 0.00671385484747589
1176, 0.00607511093840003
1177, 0.00723646596694986
1178, 0.00698356213979423
1179, 0.00639067551431557
1180, 0.00752011608953277
1181, 0.00728897457676274
1182, 0.00765387695282698
1183, 0.00764832179993391
1184, 0.00739971028330425
1185, 0.00729274928259353
1186, 0.00713391825556755
1187, 0.00817177390369276
1188, 0.0072788295801729
1189, 0.00793472328223288
1190, 0.00782717663484315
1191, 0.00759440590627491
1192, 0.00639116325016533
1193, 0.00703191772724191
1194, 0.00664935982786119
1195, 0.00751560527299132
1196, 0.00762219897781809
1197, 0.00729708707270523
1198, 0.00707158011694749
1199, 0.00679095896581809
1200, 0.0074657678604126
1201, 0.00755887983056406
1202, 0.0075405469785134
1203, 0.00745533569715917
1204, 0.00809352394814293
1205, 0.00772488792426884
1206, 0.00771277824727197
1207, 0.00716660272640487
1208, 0.00683503448963165
1209, 0.00739477885266145
1210, 0.00719079428485462
1211, 0.0075956577701228
1212, 0.00763428684634467
1213, 0.00758925020428641
1214, 0.00750644681975246
1215, 0.00795686636120081
1216, 0.00771232686626414
1217, 0.00761123117990792
1218, 0.00754920688147346
1219, 0.0074710582382977
1220, 0.00760522943788341
1221, 0.00767250452190638
