1, 0.00568574573844671
2, 0.0185168487951159
3, 0.00158006668789312
4, 0.0043583451770246
5, 0.00916685536503792
6, 0.0091287437826395
7, 0.00533351302146912
8, 0.00173051364254206
9, 0.0181323478464037
10, 0.00677537405863404
11, 0.00873794127255678
12, 0.0107241244986653
13, 0.00649530407307403
14, 0.00742015801370144
15, 0.00806390486347179
16, 0.00886855212350686
17, 0.0103702802831928
18, 0.0134257219421367
19, 0.0165990876654784
20, 0.0110765242328246
21, 0.00613688242932161
22, 0.00305694217483203
23, 0.00186859954070921
24, 0.000993084628134966
25, 0.00159401727917915
26, 0.00233849013845126
27, 0.00297531182877719
28, 0.00347126244256894
29, 0.00384036412773033
30, 0.00410068935404221
31, 0.00427498342469335
32, 0.00437322159996256
33, 0.00443914455051223
34, 0.00468652695417404
35, 0.00508649849022428
36, 0.00557646077747146
37, 0.00611519968758027
38, 0.00667392617712418
39, 0.00723166111856699
40, 0.00776914336408178
41, 0.00825379819919666
42, 0.00880422513000667
43, 0.00906499630461136
44, 0.0091106624652942
45, 0.00918862285713355
46, 0.00925825567295154
47, 0.00929263016829888
48, 0.00925896565119425
49, 0.009120289546748
50, 0.0088404801984628
51, 0.00840474634120862
52, 0.00783333089202642
53, 0.00719082836682598
54, 0.00655070257683595
55, 0.00629464513622224
56, 0.00601507676765323
57, 0.006297015119344
58, 0.0067864703014493
59, 0.00731797485301892
60, 0.00780365833391746
61, 0.00816926794747511
62, 0.00838094453016917
63, 0.00844324690600236
64, 0.00838327625145515
65, 0.00823453379174074
66, 0.00803121117254098
67, 0.00780106460054715
68, 0.00756675144657493
69, 0.00734534254297614
70, 0.00714924357210596
71, 0.00698895457511147
72, 0.00687575060874224
73, 0.00682643443966905
74, 0.006870629110684
75, 0.00706910900771618
76, 0.00754148482034604
77, 0.00820317057271799
78, 0.00767782784532756
79, 0.00649172843744357
80, 0.00617308324823777
81, 0.00595810466135542
82, 0.00579578056931496
83, 0.00566605618223548
84, 0.00555719931920369
85, 0.00546796557803949
86, 0.00540425830210249
87, 0.00536286865826696
88, 0.00536603859758803
89, 0.00542891576575736
90, 0.00548196754728754
91, 0.00552234100177884
92, 0.0055435315395395
93, 0.00554027028071384
94, 0.0055074340198189
95, 0.0054399356401215
96, 0.00533278744357328
97, 0.00518015601361791
98, 0.00497383158653975
99, 0.00470150588080287
100, 0.00434639522184928
101, 0.00388619218332072
102, 0.00329686064894001
103, 0.0025667417794466
104, 0.00174093574363117
105, 0.00110287943001216
106, 0.00212339598995944
107, 0.00347632045547167
108, 0.00677695016687115
109, 0.0115521571909388
110, 0.0169351473450661
111, 0.013364157329003
112, 0.0104454384806255
113, 0.00905658816918731
114, 0.00842611367503802
115, 0.00809360528364778
116, 0.00790171620125572
117, 0.00777898627954225
118, 0.00768856587819755
119, 0.00760779048626622
120, 0.00751772453077137
121, 0.0074014881780992
122, 0.00723533324586848
123, 0.00697617861442268
124, 0.00693933828733861
125, 0.00699396772931019
126, 0.00715962673226992
127, 0.00734895560890436
128, 0.00755615268523494
129, 0.0077679418027401
130, 0.00797234040995439
131, 0.00815974238018195
132, 0.00832348130643368
133, 0.00845946123202642
134, 0.00856573383013407
135, 0.00864523214598497
136, 0.00864987703971565
137, 0.00860101822763681
138, 0.0084197148680687
139, 0.00829538547744354
140, 0.00819875889768203
141, 0.00810909985254208
142, 0.00800978050877651
143, 0.00788418762385845
144, 0.00771725457161665
145, 0.00749614788219333
146, 0.00721198817094167
147, 0.00686239947875341
148, 0.00645469501614571
149, 0.00600766033555071
150, 0.00555057420084874
151, 0.00511064582193891
152, 0.00472593152274688
153, 0.00446168084939321
154, 0.00199309146652619
155, 0.0032735955901444
156, 0.00643402322505911
157, 0.0111555876210332
158, 0.0164227709174156
159, 0.0163269160936276
160, 0.0112806077425679
161, 0.00637298061822851
162, 0.00317890499718487
163, 0.00204620770333956
164, 0.00534680454681317
165, 0.0053787409948806
166, 0.00542988597104947
167, 0.00549947625646989
168, 0.00558440526947379
169, 0.00568240663657586
170, 0.00579092744737864
171, 0.00590789349128803
172, 0.00603191073363026
173, 0.00616250730430086
174, 0.00630080498134096
175, 0.00645070134972533
176, 0.0066205986465017
177, 0.00682353709513942
178, 0.00709268124774098
179, 0.00749981310218573
180, 0.00895800034049898
181, 0.00959958663831154
182, 0.00879601606478294
183, 0.00821754181136688
184, 0.00792607028658191
185, 0.0077937850728631
186, 0.00774388418843349
187, 0.00773706659674644
188, 0.00775077876945337
189, 0.0077708181925118
190, 0.007786950096488
191, 0.00779122797151407
192, 0.00777736911550164
193, 0.0077407822633783
194, 0.00767891947180033
195, 0.00759163188437621
196, 0.00748148327693343
197, 0.00735379010438919
198, 0.00721727994581064
199, 0.00708301970735192
200, 0.00696378403032819
201, 0.00686901217947404
202, 0.00688113167416304
203, 0.00782080801824729
204, 0.00512618528834234
205, 0.00131377734942362
206, 0.00712482072412968
207, 0.00852539095406731
208, 0.00880205192204033
209, 0.00956621533259749
210, 0.0116733176012834
211, 0.0153332632035017
212, 0.00294978694728343
213, 0.0120868882430451
214, 0.00338604848366231
215, 0.00287940512256076
216, 0.00226116440414141
217, 0.00168772230002408
218, 0.00752092222683132
219, 0.00696885663395127
220, 0.00640436580094198
221, 0.00584554711046318
222, 0.00531873914102713
223, 0.00485436346692344
224, 0.00452064125177761
225, 0.00728392220723132
226, 0.00775441116032501
227, 0.00821293688689669
228, 0.00858177632714311
229, 0.00883156278481086
230, 0.00896725400040547
231, 0.00901127808416883
232, 0.00899278046563268
233, 0.00893640487144391
234, 0.0088597455372413
235, 0.00881175401931008
236, 0.00869016100962957
237, 0.00827558167899648
238, 0.00865218229591846
239, 0.0085640805773437
240, 0.00683549530804157
241, 0.00795790025343498
242, 0.00851409820218881
243, 0.00870333984494209
244, 0.00863696029409766
245, 0.00848116834337513
246, 0.00805081830670436
247, 0.00505900227775176
248, 0.00615018513053656
249, 0.00557590066455305
250, 0.00729429248409967
251, 0.006728165394937
252, 0.0084608094766736
253, 0.00377760183376571
254, 0.00435782829299569
255, 0.00406969354177515
256, 0.0037371158056582
257, 0.0034406443980212
258, 0.00316681782715023
259, 0.00425766183373829
260, 0.0102676546999386
261, 0.00836041321357091
262, 0.00912348087877035
263, 0.00457422322194491
264, 0.00836879374193294
265, 0.00765023367213351
266, 0.00862408429384232
267, 0.00867031669865052
268, 0.00869127145657937
269, 0.00813966679076354
270, 0.00850727114205559
271, 0.00824292252461115
272, 0.00852422912915548
273, 0.00837397435680032
274, 0.00426537978152434
275, 0.00650200271047652
276, 0.00706785335205495
277, 0.00588873781574269
278, 0.00527071774316331
279, 0.00444320519454777
280, 0.00459543724233906
281, 0.00781614713681241
282, 0.00402147800195962
283, 0.00890824651079518
284, 0.00796544163798293
285, 0.00779520145927866
286, 0.00868427210176984
287, 0.00889265723526478
288, 0.0081868067694207
289, 0.00843099846194188
290, 0.0089921474767228
291, 0.00472850686249634
292, 0.00810017278417945
293, 0.00488066260835954
294, 0.00692139177893599
295, 0.00766364777726786
296, 0.00561203792070349
297, 0.00628109291816751
298, 0.0048112285323441
299, 0.00825703358277679
300, 0.00462759224077066
301, 0.00959666613489389
302, 0.00539392923625807
303, 0.00772262954463561
304, 0.00740865039240037
305, 0.00803144454645614
306, 0.00882827521612247
307, 0.00529615422710776
308, 0.00839912860343854
309, 0.00920678985615571
310, 0.00676926411688328
311, 0.00602216266893915
312, 0.0073729201219976
313, 0.00550070117848615
314, 0.010051213670522
315, 0.00474429060705006
316, 0.00746657249207298
317, 0.00618418585509062
318, 0.00781186615737776
319, 0.0067727011628449
320, 0.00831507084270318
321, 0.00893805424372355
322, 0.00580929576729735
323, 0.00944204861298203
324, 0.00507306870228301
325, 0.00724133206531405
326, 0.00638536540791392
327, 0.00721836888364383
328, 0.00800312838206689
329, 0.00952498413001498
330, 0.00646700019327303
331, 0.00700178532861173
332, 0.00880244234576821
333, 0.00954516294101874
334, 0.00791570893488824
335, 0.00589052569121122
336, 0.00725397715965907
337, 0.0105705147609115
338, 0.00556963790828983
339, 0.00551363127306104
340, 0.0046108093423148
341, 0.00548090948723257
342, 0.00553467652450005
343, 0.00558105995878577
344, 0.00556369312107563
345, 0.00542697279403607
346, 0.00529997632838786
347, 0.00512739728825788
348, 0.00490130158141255
349, 0.00424168406364818
350, 0.00377560895867646
351, 0.00319233338814229
352, 0.00248515400259445
353, 0.0018506992685919
354, 0.00699189452764889
355, 0.0069599039076517
356, 0.00694312535536786
357, 0.00709214651336273
358, 0.00759138842113316
359, 0.00797778205014765
360, 0.0082828882150352
361, 0.00821456825360656
362, 0.00802779694398244
363, 0.00723203279388448
364, 0.00740176796292265
365, 0.00778875406831503
366, 0.00813914571578304
367, 0.00824942843367656
368, 0.00747662254919608
369, 0.00724604865536094
370, 0.00772890200217565
371, 0.00735775521025062
372, 0.00699372597349187
373, 0.00667574893062313
374, 0.00540948146954179
375, 0.00567467231303453
376, 0.00581058541623255
377, 0.00597699716066321
378, 0.00619305879808962
379, 0.00651709122272829
380, 0.0116095595682661
381, 0.00846314600979288
382, 0.00947040257354577
383, 0.0154091263189912
384, 0.0121716368677361
385, 0.00312446824682411
386, 0.0091611562030656
387, 0.00566389904512713
388, 0.00147435707040131
389, 0.00541131656306485
390, 0.00518038768010835
391, 0.00472526314357917
392, 0.00409839251854767
393, 0.00331935439802085
394, 0.00547374334807197
395, 0.00565213632459442
396, 0.00556895765475929
397, 0.0056542563252151
398, 0.00562226260080934
399, 0.00562693101043503
400, 0.0055670018773526
401, 0.00443220371380448
402, 0.00534587283618748
403, 0.00497433845885098
404, 0.00371662946417928
405, 0.00705727244106432
406, 0.00752527740163108
407, 0.00785291303570072
408, 0.00812391843646765
409, 0.00819724875812729
410, 0.00723559316247702
411, 0.00704580312594771
412, 0.00700023390042285
413, 0.00700233581786354
414, 0.007125436871623
415, 0.00819647839913766
416, 0.0080028430869182
417, 0.00737120894094308
418, 0.00768933903115491
419, 0.00769230575921635
420, 0.00792435137555003
421, 0.00810640025883913
422, 0.00556154704342286
423, 0.00629929755814373
424, 0.00588415749371052
425, 0.0054698302410543
426, 0.00606772660588225
427, 0.006594551106294
428, 0.00776554900221527
429, 0.00719438223168254
430, 0.00902751522759596
431, 0.00751831382513046
432, 0.00703820147152458
433, 0.00549930041389806
434, 0.00576598236026863
435, 0.00576945479648809
436, 0.00522256510642668
437, 0.00573418801650405
438, 0.00559335038997233
439, 0.00536199030466378
440, 0.0056758342931668
441, 0.00548761834700902
442, 0.00574672423924009
443, 0.0050795623101294
444, 0.00568819620336096
445, 0.00495610836272438
446, 0.00487345891694228
447, 0.00481103477068245
448, 0.00805920409038663
449, 0.00710097878860931
450, 0.00716760382056236
451, 0.00700705956357221
452, 0.00707437167875469
453, 0.00728565726118783
454, 0.00742657878436148
455, 0.00828881049528718
456, 0.00838501021886865
457, 0.00838628225028515
458, 0.0069638016478469
459, 0.0075878978241235
460, 0.00813241178790728
461, 0.00826613674871624
462, 0.00694383129787942
463, 0.00795030423129598
464, 0.00776502055426439
465, 0.00703123530062536
466, 0.00572957626233498
467, 0.00611393091579278
468, 0.00634780650337537
469, 0.00663455304068824
470, 0.00560090644285083
471, 0.00823733505482475
472, 0.0101958353382846
473, 0.00694239549338818
474, 0.00872298609465361
475, 0.00689819042703935
476, 0.00564603018574417
477, 0.00566442334093153
478, 0.0057946837041527
479, 0.0060216731702288
480, 0.00590452086180449
481, 0.00584697079223891
482, 0.00573049943583707
483, 0.00584628231202563
484, 0.00592447731954356
485, 0.00591365387663245
486, 0.00588793136800329
487, 0.00579103035852313
488, 0.00567686037781338
489, 0.00730881971927981
490, 0.00749295460991561
491, 0.00686207048905392
492, 0.00684213063990076
493, 0.00872566706190507
494, 0.00881351204589009
495, 0.00851288375755151
496, 0.00696317836021384
497, 0.00690236004690329
498, 0.00704842565270762
499, 0.00716202038650711
500, 0.00771521412146588
501, 0.00824625790119171
502, 0.00796954535568754
503, 0.00561127811670303
504, 0.00694138704178234
505, 0.00690128449350595
506, 0.00592359597794712
507, 0.00474216821603477
508, 0.00660761507848899
509, 0.00635144479262332
510, 0.00575443583407572
511, 0.00961479327330987
512, 0.00679530184715986
513, 0.00642367646408578
514, 0.00620211125351489
515, 0.00693130872345396
516, 0.00606225510793073
517, 0.0060996594838798
518, 0.00609730952419341
519, 0.00609273129763703
520, 0.00608798543301721
521, 0.00607218539031843
522, 0.0060604438961794
523, 0.00605751457624137
524, 0.00609921772653858
525, 0.00669529886605839
526, 0.00717387464828789
527, 0.00670800606409709
528, 0.00740108522586524
529, 0.00700750846105317
530, 0.00922509402568851
531, 0.00688894706157347
532, 0.00674982143876453
533, 0.00680671966013809
534, 0.00880817168702682
535, 0.00769097854693731
536, 0.00803137803450227
537, 0.00681152939796448
538, 0.00840815560271343
539, 0.00926445126533508
540, 0.00625820100928346
541, 0.00610922005337973
542, 0.00658589594864419
543, 0.00628989174341162
544, 0.0104138740959267
545, 0.00832693845344087
546, 0.00975668011233211
547, 0.00712804333306849
548, 0.0067770805520316
549, 0.00656153967914482
550, 0.00624461285769939
551, 0.00643502175807953
552, 0.00632076151669025
553, 0.00647800788283348
554, 0.00625666948035359
555, 0.0070090910885483
556, 0.00681580409097175
557, 0.00633175003652771
558, 0.00631688977591693
559, 0.00630087677078942
560, 0.0063655316674461
561, 0.00652476175067325
562, 0.00668915834588309
563, 0.00729190356408556
564, 0.0066089186972628
565, 0.00667132871846358
566, 0.00593518437817693
567, 0.00655879258799056
568, 0.00899196012566487
569, 0.00766791822388768
570, 0.00803589471615851
571, 0.00848922583584984
572, 0.00733508627551297
573, 0.00630495720542967
574, 0.00644548935815692
575, 0.00653617475181818
576, 0.00785296293906868
577, 0.00838240104106565
578, 0.00758938379585743
579, 0.00898539104188482
580, 0.00783592943723003
581, 0.00959385853881637
582, 0.00947377122938633
583, 0.00563194517356654
584, 0.00880456708061198
585, 0.00717412238009274
586, 0.00801722286269069
587, 0.00827441085129976
588, 0.00873102759942412
589, 0.00960745103657246
590, 0.0116163666049639
591, 0.00832505539680521
592, 0.00819864061971506
593, 0.00804973781729738
594, 0.00788346235640347
595, 0.0077063450589776
596, 0.00752788091388841
597, 0.00735917144144575
598, 0.0072150193930914
599, 0.00455687435654302
600, 0.00489492326353987
601, 0.00532763249551256
602, 0.00578748745222886
603, 0.00625070479388038
604, 0.00668477375681202
605, 0.00706557533703744
606, 0.0073808403685689
607, 0.0076295113346229
608, 0.00781845875705282
609, 0.0079592348386844
610, 0.00806626227373878
611, 0.0081554918239514
612, 0.00824330793693662
613, 0.00834770749012629
614, 0.00848398093755046
615, 0.00383561783625434
616, 0.00346525269560516
617, 0.00298875236573319
618, 0.0024031854312246
619, 0.00184079019042353
620, 0.00141286088619381
621, 0.0119254964270762
622, 0.00319643916736823
623, 0.00786057828615109
624, 0.0101899000416909
625, 0.00736011075787246
626, 0.00823800389965375
627, 0.00767009720827142
628, 0.00775438314303756
629, 0.00758858824459215
630, 0.00749194443536301
631, 0.00859067418302099
632, 0.00919048038000862
633, 0.0151815952733159
634, 0.00556939040931563
635, 0.00652997444073359
636, 0.00756407265240947
637, 0.00827996820832292
638, 0.00510096914755801
639, 0.00694514120308061
640, 0.00729089827897648
641, 0.00792287196964025
642, 0.00777089246548712
643, 0.006061621553575
644, 0.00803407157460848
645, 0.00812014828746518
646, 0.00819752039387822
647, 0.00842751081412037
648, 0.00784298156698545
649, 0.00850345815221469
650, 0.00809871250142654
651, 0.00755980300406615
652, 0.00856423079967499
653, 0.00797739330058297
654, 0.00770086818374693
655, 0.00742823079538842
656, 0.00820277150099476
657, 0.00411676436973115
658, 0.00389675764987866
659, 0.00365064103001108
660, 0.00341733814760422
661, 0.00429578280697266
662, 0.0041346102176855
663, 0.00839984749576875
664, 0.00787545857019722
665, 0.00777106274229785
666, 0.00759533381400009
667, 0.00768354635996123
668, 0.00896433383847276
669, 0.00853519498681029
670, 0.0095356316305697
671, 0.00638655130751431
672, 0.00684989996564885
673, 0.00816277414560318
674, 0.00774954414616028
675, 0.00586486382720371
676, 0.00809925825645526
677, 0.00801970654477676
678, 0.00530974854094287
679, 0.00790807441808283
680, 0.00822762958705425
681, 0.00723077186072866
682, 0.0075281176250428
683, 0.00801935947189728
684, 0.00462700805759856
685, 0.00732685206457973
686, 0.0082860973974069
687, 0.00813359875852863
688, 0.00804997235536575
689, 0.00795044920717677
690, 0.00759824132546782
691, 0.00783857710969945
692, 0.007717440991352
693, 0.00835578888654709
694, 0.00435409819086393
695, 0.00476772830976794
696, 0.00474757545938094
697, 0.00451105204410851
698, 0.00748982008857032
699, 0.00762653776577541
700, 0.00920720320815841
701, 0.00805232347920537
702, 0.0079142931693544
703, 0.00780914917898675
704, 0.00771956378594041
705, 0.0088264102426668
706, 0.00776144412035743
707, 0.00792214903049171
708, 0.00818530051037669
709, 0.0081455873635908
710, 0.00677399073416988
711, 0.0062320987538745
712, 0.00802802465235194
713, 0.00809804055218895
714, 0.00563752449428042
715, 0.00752746119784812
716, 0.00720296745809416
717, 0.00487451301887631
718, 0.00829534716904163
719, 0.00824802865584691
720, 0.00749407941475511
721, 0.00820021734883388
722, 0.00773851410485804
723, 0.00785463761227826
724, 0.00795393856242299
725, 0.00803865663086375
726, 0.0081067169085145
727, 0.00824289955198765
728, 0.00495481391304306
729, 0.00482235189216832
730, 0.00559721793979406
731, 0.00490284959475199
732, 0.00438552722334862
733, 0.00709004774689674
734, 0.0100127108661192
735, 0.00850480461182694
736, 0.0077665981836617
737, 0.00826346827670932
738, 0.00898890725026528
739, 0.00808827423801025
740, 0.00795798220982154
741, 0.00785172528897723
742, 0.00797081210960945
743, 0.00781293671267728
744, 0.00806538869316379
745, 0.00816149331097092
746, 0.00811706793804963
747, 0.00814467032129566
748, 0.00601995224133134
749, 0.00671234051696956
750, 0.00756757271786531
751, 0.00721080290774504
752, 0.00850343269606431
753, 0.0081547509568433
754, 0.00958136127640804
755, 0.00788634696177074
756, 0.00811201008036733
757, 0.00797677412629128
758, 0.00805669060597817
759, 0.00544366977798442
760, 0.00597599614411592
761, 0.00500844339840114
762, 0.0065892421019574
763, 0.00661180886839117
764, 0.00846418350314101
765, 0.00826672154168288
766, 0.00806032804151376
767, 0.00811225300033887
768, 0.00813474226742983
769, 0.00799109957491358
770, 0.0079108274076134
771, 0.00816430586079756
772, 0.00815642289817333
773, 0.00816392665728927
774, 0.00765735112751524
775, 0.00668513340254625
776, 0.00727092350522677
777, 0.0081885302439332
778, 0.00871139345690608
779, 0.0081432368606329
780, 0.00535823302343488
781, 0.00666410356227841
782, 0.00800988283008337
783, 0.00814356344441573
784, 0.00808998212839166
785, 0.00925812947874268
786, 0.00812889006920159
787, 0.00816453580877611
788, 0.00790983896392087
789, 0.00858867571999629
790, 0.00840652237335841
791, 0.00824268519257506
792, 0.00824715134998163
793, 0.00819897962113222
794, 0.00823604548349977
795, 0.00820748088881373
796, 0.00806916854344308
797, 0.00877684991185864
798, 0.00782230504167577
799, 0.00741367585336169
800, 0.00893635768443346
801, 0.00820681040308305
802, 0.00924514407025916
803, 0.00857404309014479
804, 0.00845972743506233
805, 0.00833465283115705
806, 0.00820206496864557
807, 0.00839140235135953
808, 0.00833765246594946
809, 0.00839505499849717
810, 0.00826037007694443
811, 0.00865159016102552
812, 0.00811051965380708
813, 0.00830108796556791
814, 0.00806913276513418
815, 0.00864298331240813
816, 0.0076524403411895
817, 0.00838912278413773
818, 0.00701192263513803
819, 0.00859252611796061
820, 0.00892463761071364
821, 0.00608855141326785
822, 0.0100442641414702
823, 0.00531851216995468
824, 0.00147740442771465
825, 0.00712368621801337
826, 0.00803530899186929
827, 0.00829915640254815
828, 0.0087564083126684
829, 0.00860043133919438
830, 0.0096224636460344
831, 0.0115955262444913
832, 0.0150530660524964
833, 0.00320183638541494
834, 0.0117125259712338
835, 0.0046474018599838
836, 0.0042822373410066
837, 0.0038151954455922
838, 0.00323203291433553
839, 0.00254210061393678
840, 0.00191636631886164
841, 0.00685086543671787
842, 0.00664552844439944
843, 0.00647284765727818
844, 0.00631755567155778
845, 0.00617291312664747
846, 0.00603604836699863
847, 0.00590649495522181
848, 0.00578503753058612
849, 0.00567366128476958
850, 0.00557462320042153
851, 0.00549103715457022
852, 0.00542518612928689
853, 0.0053803533470879
854, 0.00747493483747045
855, 0.00757409833992521
856, 0.00765678247747322
857, 0.00771989300847054
858, 0.00776275720757743
859, 0.0077869543650498
860, 0.0077960529209425
861, 0.00779530848376453
862, 0.00779153880042334
863, 0.00779335658686856
864, 0.00781173817813396
865, 0.00786141205268602
866, 0.00796381329807142
867, 0.0081444854537646
868, 0.00840362145875891
869, 0.00869789936890205
870, 0.00493007393864294
871, 0.00418661775377889
872, 0.00349334751566251
873, 0.00480825027140478
874, 0.00542157919456561
875, 0.00530650614139934
876, 0.00514570670202374
877, 0.00553833530284464
878, 0.00554947671480477
879, 0.00553654662022988
880, 0.00550410229091843
881, 0.00545504790109893
882, 0.00540567524731159
883, 0.00452225864864886
884, 0.00382632009374599
885, 0.00736491040637096
886, 0.00699243117123842
887, 0.00776929159959157
888, 0.00818214348206917
889, 0.00714620893510679
890, 0.00725183791170518
891, 0.00773032087211808
892, 0.00785557087510824
893, 0.00783241144381464
894, 0.00782147926899294
895, 0.00760758412070572
896, 0.00767615747948488
897, 0.00779429993902643
898, 0.00780829942474763
899, 0.00781556971681615
900, 0.00789824314415455
901, 0.00796726144229372
902, 0.00806557775164644
903, 0.0102616427466273
904, 0.00787062880893548
905, 0.00828024294848243
906, 0.00766242217893402
907, 0.00775582630497714
908, 0.0074630018013219
909, 0.0086441325644652
910, 0.00924342668925722
911, 0.007113748928532
912, 0.00550820104156931
913, 0.00569998410840829
914, 0.00595339736901224
915, 0.00640654012871285
916, 0.00624689591738085
917, 0.00676438235677779
918, 0.0075071247604986
919, 0.00803799210116267
920, 0.00697851460427046
921, 0.00582058130142589
922, 0.00609604408964515
923, 0.00657720724120736
924, 0.00559323250005643
925, 0.00544756923669151
926, 0.00723144578348313
927, 0.00812620536557266
928, 0.0052285836233447
929, 0.00549727057417234
930, 0.00547477657285829
931, 0.00555360806174576
932, 0.0055846666606764
933, 0.00559695546204845
934, 0.00550667677695553
935, 0.00537103236032029
936, 0.0050442802409331
937, 0.0051100190418462
938, 0.00522176510033508
939, 0.00743992153244714
940, 0.00706282226989667
941, 0.00735202680031459
942, 0.00783247384242713
943, 0.00795219404002031
944, 0.00791188407068451
945, 0.00783416038999955
946, 0.00787618989124894
947, 0.00782961817458272
948, 0.00785216130316257
949, 0.00783922554304202
950, 0.00797413134326538
951, 0.00782131729647517
952, 0.00777353509329259
953, 0.00772963239190479
954, 0.00780365290120244
955, 0.00504253610658149
956, 0.00752750209843119
957, 0.0078867015739282
958, 0.00757102559631069
959, 0.00731916314301391
960, 0.00776436474795143
961, 0.00861041791116198
962, 0.00804722510899107
963, 0.00725015167457362
964, 0.00685180754711231
965, 0.00706681166775525
966, 0.00665658704626064
967, 0.0063039722541968
968, 0.00647492318724592
969, 0.00614160547653834
970, 0.00598758893708388
971, 0.00584410006801287
972, 0.00571397629876931
973, 0.00560043216682971
974, 0.00759333069436252
975, 0.00545106121959786
976, 0.00554328310924272
977, 0.00559724827430078
978, 0.00564040476456285
979, 0.00567831130077442
980, 0.00561280641704798
981, 0.00558473713075121
982, 0.00598325999453664
983, 0.00586311123333871
984, 0.00554481366028388
985, 0.00760376802645624
986, 0.00786771113052964
987, 0.00786335254088044
988, 0.00752669650440415
989, 0.00779830594547093
990, 0.00784162540609638
991, 0.00785333818445603
992, 0.00783150852657855
993, 0.00782013754360378
994, 0.00782495372307797
995, 0.00782547115037839
996, 0.00782762692930798
997, 0.00808150445421537
998, 0.00786197232082486
999, 0.0072751398353527
1000, 0.00796045418828726
1001, 0.00784223161948224
1002, 0.00791660595374803
1003, 0.00754870404489338
1004, 0.00742193629654745
1005, 0.00765796797350049
1006, 0.00552431447431445
1007, 0.00534110881077747
1008, 0.00767232392293711
1009, 0.00730922748334706
1010, 0.00830125994980335
1011, 0.00652483742063244
1012, 0.00584870507009327
1013, 0.0071241712042441
1014, 0.00634497947370013
1015, 0.00617226461569468
1016, 0.00600526427539686
1017, 0.00671259003380934
1018, 0.0069115898416688
1019, 0.00571198776985208
1020, 0.00766430462577513
1021, 0.00906049925833941
1022, 0.00510285391161839
1023, 0.00970393155391018
1024, 0.00581379568514725
1025, 0.00938150488461057
1026, 0.00568644089313845
1027, 0.00582610218164821
1028, 0.00831631865973274
1029, 0.00584075677519043
1030, 0.00576300662942231
1031, 0.0056972817517817
1032, 0.00569377226444582
1033, 0.00775482164074977
1034, 0.00791116245090961
1035, 0.00565960048697889
1036, 0.00769014027900994
1037, 0.00664153431231777
1038, 0.00788262005274495
1039, 0.00782089734760424
1040, 0.00793250417336822
1041, 0.00785140817364057
1042, 0.0077923364782085
1043, 0.00761319823297007
1044, 0.00770433495442073
1045, 0.00776553782634437
1046, 0.00773813754009704
1047, 0.0081070961120228
1048, 0.00744915202570458
1049, 0.00766547652892768
1050, 0.00794109562411904
1051, 0.00778273997517924
1052, 0.00624218358037372
1053, 0.00735811415749292
1054, 0.00655892328359187
1055, 0.00599857815541327
1056, 0.00780677190050483
1057, 0.00582295896795889
1058, 0.00675155043912431
1059, 0.00715843386327227
1060, 0.00694868434220552
1061, 0.0063706220438083
1062, 0.00618568186958631
1063, 0.00581896553436915
1064, 0.00858837459236383
1065, 0.00894167988250653
1066, 0.00537586964977284
1067, 0.0102235308537881
1068, 0.00753407838887402
1069, 0.00738189620897174
1070, 0.00914205502097805
1071, 0.00629017044169207
1072, 0.00767822908237577
1073, 0.00620378949679434
1074, 0.00584677575776974
1075, 0.00583955366164446
1076, 0.00614772356736163
1077, 0.00792270029584567
1078, 0.00797347289820512
1079, 0.00830754389365514
1080, 0.0078465243956695
1081, 0.00581875878075759
1082, 0.00789903872646391
1083, 0.00786745517204205
1084, 0.0078124663947771
1085, 0.00776009152953823
1086, 0.00854416641717156
1087, 0.00584774347953498
1088, 0.00697709169859688
1089, 0.00770912109874189
1090, 0.00755055379122496
1091, 0.00760065492553016
1092, 0.00765697828804453
1093, 0.00779422457950811
1094, 0.0076088592565308
1095, 0.00801481756692131
1096, 0.00793996561939518
1097, 0.00736839844224354
1098, 0.00756860300898552
1099, 0.00793097106118997
1100, 0.00677612392852704
1101, 0.00595967558079532
1102, 0.00697280094027519
1103, 0.00618001236580312
1104, 0.00657883092450599
1105, 0.00716567536195119
1106, 0.00638068444095552
1107, 0.00883069013555845
1108, 0.00642637667867045
1109, 0.0097394857245187
1110, 0.00673241820186377
1111, 0.00778528914919921
1112, 0.00747568633717795
1113, 0.00893990695476532
1114, 0.00755121993521849
1115, 0.00682828109711409
1116, 0.00664545525796711
1117, 0.00975059174622099
1118, 0.00651045073755085
1119, 0.00797474135955175
1120, 0.00606809401263793
1121, 0.00599951289283733
1122, 0.00603276421315968
1123, 0.00847406405955553
1124, 0.00789181360354026
1125, 0.00794685445725918
1126, 0.00799560826271772
1127, 0.00780813427021106
1128, 0.00772766908630729
1129, 0.00765210778142015
1130, 0.00610649189911783
1131, 0.00757609447464347
1132, 0.00739597475954464
1133, 0.00750245410017669
1134, 0.008051046791176
1135, 0.00940563700472315
1136, 0.00870136171579361
1137, 0.00803279985363285
1138, 0.00811201939359307
1139, 0.00804020448898276
1140, 0.00707993345956008
1141, 0.00698851856092612
1142, 0.0071850271585087
1143, 0.00679143200007578
1144, 0.00637536620100339
1145, 0.006587476702407
1146, 0.00742737064138055
1147, 0.00872861283520857
1148, 0.0078886227371792
1149, 0.00947065216799577
1150, 0.0071030108568569
1151, 0.00735817345169683
1152, 0.00690101739019156
1153, 0.00792415750523408
1154, 0.00809051748365164
1155, 0.00634354376234114
1156, 0.00627146785457929
1157, 0.00780935476844509
1158, 0.00803910428658128
1159, 0.00769680187416573
1160, 0.00855975194523732
1161, 0.00758969426775972
1162, 0.00750203353042404
1163, 0.00641278348242243
1164, 0.00738690095022321
1165, 0.00912604356805483
1166, 0.00813872584452232
1167, 0.00616814948928853
1168, 0.00811783069123824
1169, 0.00827624198670189
1170, 0.00718865147791803
1171, 0.00700107705779374
1172, 0.00657848940630044
1173, 0.00680456659756601
1174, 0.00768337173697849
1175, 0.00815603199104468
1176, 0.00816795338566105
1177, 0.00620853148090343
1178, 0.00793012846261263
1179, 0.00843475976337989
1180, 0.00893656738723318
1181, 0.00644150275426606
1182, 0.00853144625822703
1183, 0.00751470875305434
1184, 0.0090794459517513
1185, 0.00727325181166331
1186, 0.00781366322189569
1187, 0.00663881725631654
1188, 0.00796201623355349
1189, 0.00655098344820241
1190, 0.0078037321412315
1191, 0.00767066857467095
1192, 0.0080903274162362
1193, 0.00752723519690335
1194, 0.00741628813557327
1195, 0.00674043712206185
1196, 0.00886019055421154
1197, 0.00814893872787555
1198, 0.00721573891739051
1199, 0.00837924626345436
1200, 0.00701542276268204
1201, 0.00681448662653565
1202, 0.00827445508912206
1203, 0.00825568913881268
1204, 0.0073365455493331
1205, 0.00735259996727109
1206, 0.00670667039230466
1207, 0.00889248345047236
1208, 0.00857952733834585
1209, 0.00758932204917073
1210, 0.0078398585319519
1211, 0.00689947176724672
1212, 0.00634632529690862
1213, 0.00782335852272809
1214, 0.00764556081655125
1215, 0.00747004097017149
1216, 0.00706778575355808
1217, 0.0081103037421902
1218, 0.00861061131581664
1219, 0.00840538627068911
1220, 0.00815439705426494
1221, 0.00727268454751798
1222, 0.0089567618444562
1223, 0.00698389539805551
1224, 0.0084062695192794
1225, 0.00823499169200659
1226, 0.00784064480103552
1227, 0.00714265640514592
1228, 0.00762440760930379
1229, 0.00742127482468883
1230, 0.00736442922304074
1231, 0.00855233666620084
1232, 0.00836625721837793
1233, 0.00688301871663758
1234, 0.00836089222381512
1235, 0.00801414608334502
1236, 0.00821249093860388
1237, 0.00721368154821297
1238, 0.00812256724263231
1239, 0.0100781405344605
1240, 0.00823701731860638
1241, 0.00623625973239541
1242, 0.00808367707456152
1243, 0.0083988580852747
