1, 0.00618150713853538
2, 0.0176984532736242
3, 0.00159663299564272
4, 0.00504473752031724
5, 0.00880034174770117
6, 0.010770077817142
7, 0.00488915434107184
8, 0.00157282163854688
9, 0.0176366355735809
10, 0.00651459605433047
11, 0.008788769133389
12, 0.011105278506875
13, 0.00665749749168754
14, 0.00714821430544059
15, 0.00742877763696015
16, 0.00768312540215751
17, 0.00795310099298755
18, 0.00832001756255825
19, 0.00894511103009184
20, 0.0102157207826773
21, 0.0129795279353857
22, 0.0163050082822641
23, 0.0111759947612882
24, 0.006352417015781
25, 0.00314352413018545
26, 0.00193445458232115
27, 0.00103539253662651
28, 0.00171268710012858
29, 0.00252208362023036
30, 0.00321448512841016
31, 0.00376246074059357
32, 0.00417983299121261
33, 0.00448884644235174
34, 0.00471243246768912
35, 0.00487222770849864
36, 0.0049889243340918
37, 0.00502821914851666
38, 0.00509200000669807
39, 0.00526900682598352
40, 0.00550290662795305
41, 0.00580656699215372
42, 0.00614504717911283
43, 0.00649164865414302
44, 0.00683206381897132
45, 0.00715697354947527
46, 0.00746310750643412
47, 0.00775094966714581
48, 0.00802250765264034
49, 0.00827295271058877
50, 0.00857986463233829
51, 0.00873155084749063
52, 0.00873613264411688
53, 0.00873691216111183
54, 0.00872170800964038
55, 0.00868252695848544
56, 0.00861084057639042
57, 0.00849618948996067
58, 0.00832993909716606
59, 0.00810804901023706
60, 0.00783369317650795
61, 0.00751886190846562
62, 0.00718633225187659
63, 0.00686904741451144
64, 0.00659322304030259
65, 0.00641281887268027
66, 0.00635860472296675
67, 0.00647703402986129
68, 0.00669193423042695
69, 0.00695218844339252
70, 0.00722737330943346
71, 0.00748568229998151
72, 0.00770228930438558
73, 0.00786666121954719
74, 0.0079783018057545
75, 0.00804477278143167
76, 0.00808045919984579
77, 0.00810568469266097
78, 0.00814792886376381
79, 0.00825081331034501
80, 0.0084911302352945
81, 0.00900361904253562
82, 0.00971268241604169
83, 0.00903609441593289
84, 0.00754498224705458
85, 0.00707758016263445
86, 0.00673148641362786
87, 0.00644272100180387
88, 0.00618311778331796
89, 0.00594048310692112
90, 0.00571205839514732
91, 0.00549920958777269
92, 0.00530442005644242
93, 0.00513506090889374
94, 0.00500052810336153
95, 0.00491703534498811
96, 0.00488819793099537
97, 0.00486723628515999
98, 0.00485158517646293
99, 0.00481887635154029
100, 0.00475284783169627
101, 0.00463792557517688
102, 0.00445624502996604
103, 0.0041859414583693
104, 0.00380077616622051
105, 0.00327065878082067
106, 0.00257584522478282
107, 0.00174766297762593
108, 0.00103532319189981
109, 0.00199059265044828
110, 0.00325691296408574
111, 0.00632454811905821
112, 0.0113066071644425
113, 0.0162533496816953
114, 0.0129724470898509
115, 0.0102442869295677
116, 0.00899726881956061
117, 0.00839656482761105
118, 0.00806670247887572
119, 0.0078615154294918
120, 0.00770788624261816
121, 0.00756274078351756
122, 0.00739879898416499
123, 0.00720049479665856
124, 0.006849009252619
125, 0.00667812706281741
126, 0.00679962849244475
127, 0.00698764544601242
128, 0.00721094183002909
129, 0.00745447988932331
130, 0.0076986247052749
131, 0.00792743777856231
132, 0.00813065407176813
133, 0.00830256411184867
134, 0.00844117999076843
135, 0.00854808899263541
136, 0.00862648990005255
137, 0.00867914594709873
138, 0.00870990380644798
139, 0.00872386340051889
140, 0.00859989738091826
141, 0.00835990440100431
142, 0.00818330049514771
143, 0.00800170687337716
144, 0.00781330885365605
145, 0.00760861067101359
146, 0.00737712268407146
147, 0.00711355063443383
148, 0.00681782808775703
149, 0.00649702921509743
150, 0.00616265274584293
151, 0.0058311674123009
152, 0.00552567218740781
153, 0.00527629799519976
154, 0.00511324964463711
155, 0.00198242398134122
156, 0.00322765934591492
157, 0.00627324373150865
158, 0.0111894461636742
159, 0.0161166048298279
160, 0.0163395240282019
161, 0.0113080712035298
162, 0.00648608182867368
163, 0.00322713532174627
164, 0.0019500411193197
165, 0.00491206503162781
166, 0.00498656059304873
167, 0.00511022672678034
168, 0.0052653633368512
169, 0.00544329220429063
170, 0.00563649802158276
171, 0.00583772640675306
172, 0.00604251244415839
173, 0.00624954669425885
174, 0.00646247047310074
175, 0.00669077923521399
176, 0.00694917421787977
177, 0.00727113305280606
178, 0.00772942835465074
179, 0.00927164359018207
180, 0.00996939651668072
181, 0.00918391191711028
182, 0.00860200139383475
183, 0.00829788018018007
184, 0.00813812979807456
185, 0.00804335965464512
186, 0.00797028994808594
187, 0.00789398731042941
188, 0.00779970021297534
189, 0.00767960337301095
190, 0.0075317551381886
191, 0.00736001677190264
192, 0.00717366797228654
193, 0.00698752515017986
194, 0.00682101848845681
195, 0.00669121524939934
196, 0.00662797487651308
197, 0.00528768496587873
198, 0.00137530856300145
199, 0.00817035386959712
200, 0.00864184166615208
201, 0.00852033651123444
202, 0.00947565181801716
203, 0.0113677987828851
204, 0.0148975498974323
205, 0.00312333271722309
206, 0.0115656548878178
207, 0.00506239322324594
208, 0.00498326464245717
209, 0.00485681664819519
210, 0.00467955972999334
211, 0.00443742711407443
212, 0.00411133584566414
213, 0.00368142027097444
214, 0.00313208325921247
215, 0.00246891639350603
216, 0.00183992458429808
217, 0.00732324350004395
218, 0.00700837722979486
219, 0.00667391197445492
220, 0.00632656288022796
221, 0.00597683247178793
222, 0.0056434099872907
223, 0.00535553181543946
224, 0.0067801127055039
225, 0.00698114605620503
226, 0.00721346889622509
227, 0.00747710070572793
228, 0.00773900382531186
229, 0.00797676326086124
230, 0.00817608631526431
231, 0.00833123875781894
232, 0.00844262493774295
233, 0.00851545933013161
234, 0.0085577347005407
235, 0.00857685599476099
236, 0.0085752778686583
237, 0.00857429159805179
238, 0.00460150861181319
239, 0.00508233904838562
240, 0.00403935640739898
241, 0.00370517664123327
242, 0.00480575611193975
243, 0.00434556409406165
244, 0.00339519370269651
245, 0.00496189117742081
246, 0.00828117908289035
247, 0.00835684454068542
248, 0.00835889934872588
249, 0.00737123525080581
250, 0.00775861359822253
251, 0.00793634898339709
252, 0.00756374855215351
253, 0.00808542113130291
254, 0.00820054470871886
255, 0.00836518267169595
256, 0.00833120864505569
257, 0.00761793468457957
258, 0.00687797491749128
259, 0.00816535266737143
260, 0.00789599392252664
261, 0.00653016039480766
262, 0.00617087888531387
263, 0.00580581432829301
264, 0.00547529043008884
265, 0.00838196724653244
266, 0.00720219678866367
267, 0.00785806635394692
268, 0.00851315911859274
269, 0.0101096951402724
270, 0.00911057957758506
271, 0.00732261796171467
272, 0.00759863806888461
273, 0.00723665852897934
274, 0.00518431893682906
275, 0.00832410223249878
276, 0.00752423834055662
277, 0.00817484818398953
278, 0.00520551941978435
279, 0.00488633336499333
280, 0.00492879771627486
281, 0.00501600738304357
282, 0.00511382954816024
283, 0.00526878493838012
284, 0.00821070186793804
285, 0.00816393923014402
286, 0.00821665053566297
287, 0.0080913482233882
288, 0.00820372750361761
289, 0.00785142509266734
290, 0.00798652414232492
291, 0.0081923456552128
292, 0.00817395141348243
293, 0.00768819847144186
294, 0.00750157384512325
295, 0.00804229204853376
296, 0.00710325944237411
297, 0.00639417278580368
298, 0.00676365646844109
299, 0.00602032143312196
300, 0.00559917225369385
301, 0.00778316209713618
302, 0.00812270926932494
303, 0.00756178765247266
304, 0.00892367772758007
305, 0.00782697407218317
306, 0.00517775323241949
307, 0.00496182008646429
308, 0.00781987580869879
309, 0.00795811408066324
310, 0.00558085219624142
311, 0.00798218161799014
312, 0.00558933375092844
313, 0.00607003372473021
314, 0.0080551264497141
315, 0.00800298883890112
316, 0.00560269450458388
317, 0.00817393402879437
318, 0.00566487681741516
319, 0.00580294243991375
320, 0.00820643967017531
321, 0.00820077660803994
322, 0.00811495135227839
323, 0.00816583229849736
324, 0.00810614150638382
325, 0.00530114648863673
326, 0.00740745904234548
327, 0.00665604214494427
328, 0.00588226020336151
329, 0.00624135043472052
330, 0.00767652674888571
331, 0.00702272557343046
332, 0.009563148021698
333, 0.00845735721910993
334, 0.00811578286811709
335, 0.00704043302685022
336, 0.00525297992862761
337, 0.00679792192143699
338, 0.00603781334523644
339, 0.0060775566380471
340, 0.00829734453665359
341, 0.00783660801659737
342, 0.00623085419647396
343, 0.00831746558348338
344, 0.00795630055169264
345, 0.00832632308204969
346, 0.00826270769660672
347, 0.00646052494024237
348, 0.00817270545909802
349, 0.00806736558054884
350, 0.00734622559199731
351, 0.00654105345408122
352, 0.00694858864881098
353, 0.00762160386269291
354, 0.00655826344154775
355, 0.00878099848826726
356, 0.00838763577242692
357, 0.00923009511704246
358, 0.0100836112784843
359, 0.0078199727460742
360, 0.00726824525433282
361, 0.00728364024932186
362, 0.00738760557336112
363, 0.00641118520870805
364, 0.00661906227469444
365, 0.00849857684224844
366, 0.00778338285163045
367, 0.0084751684529086
368, 0.00837515092765292
369, 0.00692224882853528
370, 0.00789692873756091
371, 0.00822189652050535
372, 0.00805573413769404
373, 0.00811983477324247
374, 0.00897674475397382
375, 0.00730932061560452
376, 0.00683816995782157
377, 0.0095941168256104
378, 0.00862455290431778
379, 0.00613625505939126
380, 0.00828319435407008
381, 0.00756738715184232
382, 0.00771520015162726
383, 0.00960212433710694
384, 0.007240032444575
385, 0.00853296555578709
386, 0.00867750852679213
387, 0.00829837936908007
388, 0.00762314582243562
389, 0.00805145346870025
390, 0.00782616025147339
391, 0.00790682559212049
392, 0.00726298025498788
393, 0.00758794175150494
394, 0.00930823162198067
395, 0.00875588335717718
396, 0.0087103129674991
397, 0.00796775224929055
398, 0.00929895089939237
399, 0.00839123222976923
400, 0.00876424725477894
401, 0.00804177128399412
402, 0.00773712612378101
403, 0.0099575387313962
404, 0.00756467934697866
405, 0.00846934411674738
406, 0.008107596822083
407, 0.00899511063471437
408, 0.00874668460649749
409, 0.00315514582325704
410, 0.00805598062773546
411, 0.00815782664964596
412, 0.00862798963983854
413, 0.00944981273884575
414, 0.0120972958393395
415, 0.00883018566916386
416, 0.0081499262402455
417, 0.00809821796913942
418, 0.00800374848768115
419, 0.00792573811486363
420, 0.00781184295192361
421, 0.0076579861342907
422, 0.00746743660420179
423, 0.00725286966189742
424, 0.0070377045776695
425, 0.00685625228409966
426, 0.00671334463792543
427, 0.00494687010844549
428, 0.00566001166589558
429, 0.00589912982347111
430, 0.00615383149124682
431, 0.0064241619159778
432, 0.0067208754674842
433, 0.00706673855893314
434, 0.00753900595009327
435, 0.00489283306524158
436, 0.00487746337118248
437, 0.00483821177234252
438, 0.00476131184647481
439, 0.00463098403997719
440, 0.00443125353194773
441, 0.00414330388108889
442, 0.00374472917368015
443, 0.00321276051302751
444, 0.002536277519539
445, 0.00187047590346386
446, 0.00138861003797501
447, 0.0141939944587648
448, 0.00555697595700622
449, 0.0110428623544673
450, 0.00823474892725547
451, 0.00725701497867703
452, 0.00757262203842402
453, 0.00798320925484101
454, 0.00806190321842829
455, 0.00802661059424281
456, 0.00783376030934354
457, 0.00792150696118673
458, 0.00771677525093158
459, 0.00837552330146233
460, 0.00859189312905073
461, 0.00810199013600747
462, 0.00741151161491871
463, 0.00477876195994516
464, 0.0049882639820377
465, 0.00498213099005322
466, 0.00495320123930772
467, 0.00488802899296085
468, 0.00461794870595137
469, 0.00439934440267583
470, 0.00412174826487899
471, 0.00379123930664112
472, 0.00543836496459941
473, 0.00619445376408597
474, 0.00523743312805891
475, 0.00591210198278228
476, 0.00717052770778537
477, 0.00506666512228549
478, 0.0064916053476433
479, 0.00681098674734433
480, 0.00759614941974481
481, 0.00784324388951063
482, 0.00729471445083618
483, 0.00757823364498715
484, 0.00849419770141443
485, 0.00907481849814455
486, 0.00700699714943767
487, 0.00716666265257767
488, 0.00993369799107313
489, 0.00822238686184088
490, 0.00802271999418736
491, 0.00800894371544321
492, 0.00801950351645549
493, 0.00802506972104311
494, 0.00784641566375891
495, 0.00798204867169261
496, 0.0079292821077009
497, 0.00773306967069705
498, 0.00759073517595728
499, 0.00815681352590521
500, 0.00517605183025201
501, 0.00517843260119359
502, 0.00515037658624351
503, 0.00515256519429386
504, 0.00493997785573204
505, 0.00498510610001783
506, 0.00504957193819185
507, 0.00510941717463235
508, 0.00499060490567769
509, 0.00342218131603052
510, 0.00821839146582144
511, 0.00539948550673823
512, 0.00685652019456029
513, 0.00652435064936678
514, 0.00721618897902469
515, 0.00620784261263907
516, 0.00762522841493289
517, 0.00564821211931606
518, 0.00810014052937428
519, 0.00751464146499832
520, 0.00890569823483626
521, 0.00779474107548594
522, 0.00831124605610967
523, 0.00517976136567692
524, 0.00798858349610652
525, 0.00804600724950433
526, 0.00802801929724713
527, 0.00791448137412469
528, 0.00808166215817134
529, 0.00809890916571021
530, 0.00795657311876615
531, 0.00799864965180556
532, 0.00804327583561341
533, 0.00808203189323346
534, 0.00551027331190805
535, 0.00539912151483198
536, 0.00555852218531072
537, 0.00803303687522809
538, 0.00546651038651665
539, 0.0056175272911787
540, 0.00570613526118298
541, 0.00533129028709871
542, 0.00585689418949187
543, 0.00744786132127047
544, 0.00510764308273792
545, 0.00800010953098535
546, 0.0059019736169527
547, 0.00495150367108484
548, 0.00653391323673228
549, 0.00686821923591197
550, 0.00722380541265011
551, 0.00758374932532509
552, 0.00562005816027522
553, 0.00843936856836081
554, 0.00776494573801756
555, 0.00808757139990727
556, 0.0095162355961899
557, 0.00489479275420308
558, 0.00811599362641573
559, 0.0101982259324619
560, 0.00850803529222806
561, 0.00784190203994512
562, 0.00558174848556519
563, 0.00786987443765005
564, 0.0082654809313161
565, 0.00819847406819463
566, 0.00828893932824334
567, 0.0082656053515772
568, 0.00789236230775714
569, 0.00810121822481354
570, 0.00799241305018465
571, 0.00594390734719733
572, 0.00607992770771186
573, 0.00583589822053909
574, 0.00576085258009178
575, 0.0062617768223087
576, 0.00791261034707228
577, 0.00652454576144616
578, 0.00495341243222356
579, 0.00610762485302985
580, 0.00619999629755815
581, 0.00686862017028034
582, 0.00719443250757953
583, 0.00757722483415689
584, 0.00585761006611089
585, 0.00877726636826992
586, 0.0080812631174922
587, 0.00837609140823285
588, 0.00923991063609719
589, 0.00651568011380732
590, 0.00646875340801974
591, 0.00770551843258242
592, 0.00849409643560648
593, 0.0084687207515041
594, 0.0081890425644815
595, 0.00835018372163177
596, 0.00783116680880388
597, 0.00800923506418864
598, 0.00643446288692455
599, 0.00625112606212497
600, 0.00608531069010496
601, 0.0066619673743844
602, 0.00695937988348305
603, 0.00780634884722531
604, 0.00690576372047265
605, 0.00652617930124203
606, 0.00720143760554492
607, 0.00745728993788362
608, 0.00968802667089871
609, 0.00898918462917209
610, 0.00821431619780404
611, 0.00874211293246065
612, 0.0082926241060098
613, 0.00668856198899448
614, 0.00803328895320495
615, 0.00853623636066914
616, 0.00777724059298635
617, 0.00693848209145168
618, 0.00648876692035368
619, 0.00723274649741749
620, 0.00773342885077
621, 0.00735121639445424
622, 0.00687150346736113
623, 0.0061651449650526
624, 0.00744432234205306
625, 0.00753045301618321
626, 0.00928869967659315
627, 0.00863687368109822
628, 0.0093506610331436
629, 0.00753281524937068
630, 0.00711451152650019
631, 0.0087324691315492
632, 0.00804284401237965
633, 0.00839559656257431
634, 0.00770883929605285
635, 0.00740813983914753
636, 0.00758673925884068
637, 0.00784921296872199
638, 0.00905560720711946
639, 0.00686890333890915
640, 0.00718615584385892
641, 0.00936435014009476
642, 0.00800260226242244
643, 0.00847541432206829
644, 0.00901698395609856
645, 0.00843647588044405
646, 0.00900197614516531
647, 0.0101535407826304
648, 0.0110953130448858
649, 0.00445198259937267
650, 0.00316699706794073
651, 0.00187774330455189
652, 0.00468987342901528
653, 0.00412880314979702
654, 0.00370462983846664
655, 0.00251221951718132
656, 0.00140890174079686
657, 0.00858619871238867
658, 0.00856500041360656
659, 0.00853545513624946
660, 0.00848186590398351
661, 0.0084050966737171
662, 0.00830288945386807
663, 0.00817340798676014
664, 0.00801694548378388
665, 0.00783672858960927
666, 0.0076393629424274
667, 0.00743585786161323
668, 0.0072416056257983
669, 0.00707663611198465
670, 0.00693728324646751
671, 0.00516485671202342
672, 0.00537679910970231
673, 0.00566931837238371
674, 0.00599843038556476
675, 0.00633922366735836
676, 0.00667171894262234
677, 0.0069827987657239
678, 0.0072624651559939
679, 0.0075076757154117
680, 0.00772232244101663
681, 0.00791484583169222
682, 0.00809672583515445
683, 0.00827975322802862
684, 0.00868289700398842
685, 0.00798716768622398
686, 0.00824787917857369
687, 0.00948050509517392
688, 0.011042028820763
689, 0.00866777969834705
690, 0.00318297759804409
691, 0.00555186264682561
692, 0.0119918948039412
693, 0.004864151434352
694, 0.00463057029992342
695, 0.00377631920855492
696, 0.00409055423612396
697, 0.00498813445058962
698, 0.00346878524093578
699, 0.00482672677996258
700, 0.00438374257646501
701, 0.00826153966287772
702, 0.00836475721249978
703, 0.00807792833074927
704, 0.00750480405986309
705, 0.00765974322954814
706, 0.00795428268611431
707, 0.0073604645828406
708, 0.00781278281162182
709, 0.00818048572788636
710, 0.00832231063395739
711, 0.00838925673936804
712, 0.00505023278916876
713, 0.0074258492483447
714, 0.00519684615678021
715, 0.00653991522267461
716, 0.00764793305036922
717, 0.00784217442075411
718, 0.0080205841610829
719, 0.00550217631583412
720, 0.00687031641912957
721, 0.00583446313006182
722, 0.00619249146742125
723, 0.00716745837902029
724, 0.0081875822506845
725, 0.0141237795663377
726, 0.00780914436715345
727, 0.00855690411602457
728, 0.00766262986386816
729, 0.00751171455097695
730, 0.00732534324439863
731, 0.00712466463446617
732, 0.00992946016291777
733, 0.00821232438708345
734, 0.00910117585832874
735, 0.00726377691275307
736, 0.00838373494999749
737, 0.00746735651046038
738, 0.00509679938356082
739, 0.00514176829407613
740, 0.00506738387048244
741, 0.00497996861425539
742, 0.0049285045824945
743, 0.00817547862728437
744, 0.00812074992184838
745, 0.00804650985325376
746, 0.00795214887087544
747, 0.00821355218067765
748, 0.00784128260177871
749, 0.00823720109959443
750, 0.00825107873727878
751, 0.00771818255695204
752, 0.00758813476810853
753, 0.00497978987793128
754, 0.00506382053717971
755, 0.00677374564111233
756, 0.00759636719400684
757, 0.00778866528222958
758, 0.00736702443100512
759, 0.00563520013487765
760, 0.0064168293805172
761, 0.00605290282207231
762, 0.00795294422035416
763, 0.00709330608757834
764, 0.00812398921698332
765, 0.00532456859946251
766, 0.00798145883406202
767, 0.00748933680976431
768, 0.00765462553439041
769, 0.00950736024727424
770, 0.00893586408346891
771, 0.00851863933106264
772, 0.00780957952762644
773, 0.00843833312392235
774, 0.00500384675494085
775, 0.01013031561992
776, 0.0084742015072455
777, 0.00529971214321752
778, 0.00766404019668698
779, 0.00584828341379762
780, 0.00563685200177133
781, 0.00814984754348795
782, 0.00572967994958162
783, 0.00790648232214153
784, 0.00814021580542127
785, 0.00799577760820588
786, 0.0081458231434226
787, 0.00813717162236571
788, 0.00778860373732944
789, 0.00806657302503785
790, 0.00811448600143194
791, 0.00610175092394153
792, 0.0052358159640183
793, 0.00826773252338171
794, 0.00733272048334281
795, 0.00592542588710785
796, 0.00757125702997049
797, 0.00776439214435716
798, 0.00627954086909692
799, 0.00803476423025131
800, 0.00792123416128258
801, 0.00703833531588316
802, 0.006686479318887
803, 0.00822111017381152
804, 0.00882571842521429
805, 0.00924229652931293
806, 0.00783236650750041
807, 0.00800308693821231
808, 0.0050438629463315
809, 0.00657844628828267
810, 0.00669029807405812
811, 0.00562677796309193
812, 0.00679120429170628
813, 0.006492040042455
814, 0.00800367245184524
815, 0.00812786103536685
816, 0.00809088799481591
817, 0.00632778495284063
818, 0.00815017040198048
819, 0.00807808060199022
820, 0.00815352440501253
821, 0.00803816012505974
822, 0.00812939756239454
823, 0.0056184329247723
824, 0.00757505379927655
825, 0.00608889845066837
826, 0.00776985093640784
827, 0.00732325265804927
828, 0.00791113800369203
829, 0.00659746467135847
830, 0.0070004938946416
831, 0.00848737948884567
832, 0.00965289412332433
833, 0.00801484426483512
834, 0.00901023562376698
835, 0.00822531556089719
836, 0.00820632271158198
837, 0.00786079121753573
838, 0.0079999352650096
839, 0.00728183154327174
840, 0.00807367110004028
841, 0.00814394854630033
842, 0.00817294735461473
843, 0.00690359175205231
844, 0.00819707754999399
845, 0.00822455777476231
846, 0.00822997372597456
847, 0.00801377519965172
848, 0.00603386936709285
849, 0.00779580231755972
850, 0.00760799242804448
851, 0.0079527664264398
852, 0.0064867918069164
853, 0.00870490136245886
854, 0.00927829928696156
855, 0.00734596466645598
856, 0.00930517089242736
857, 0.00697940083531042
858, 0.00843242214371761
859, 0.00751335160540683
860, 0.0080750153089563
861, 0.00834905768611601
862, 0.008193240656207
863, 0.00827164435759187
864, 0.00834363776569565
865, 0.00883156045650442
866, 0.00770266012599071
867, 0.00787527277134359
868, 0.0082064780096213
869, 0.00878508668392897
870, 0.00769729198267062
871, 0.00894484389573336
872, 0.00697306908356647
873, 0.00740550357537965
874, 0.008577151534458
875, 0.00933072213083506
876, 0.00846167079483469
877, 0.00825789198279381
878, 0.00839309287922723
879, 0.0080527317976313
880, 0.00866427257036169
881, 0.00800724195626875
882, 0.00810585144375052
883, 0.00858117438231905
884, 0.0084592318162322
885, 0.00782581341142456
886, 0.00898426833252112
887, 0.00710684275254607
888, 0.00797278061509132
889, 0.00818358858426412
890, 0.00863267264018456
891, 0.00844481121748686
892, 0.00802158005535603
893, 0.00825410506998499
894, 0.00839462333048383
895, 0.0101196689531207
896, 0.011045199042807
897, 0.00538296850087742
898, 0.00138319188263267
899, 0.00781351684903105
900, 0.00799813525130351
901, 0.00826453929767013
902, 0.00870914881428083
903, 0.00861533296604951
904, 0.0095257794794937
905, 0.0114009378788372
906, 0.0149113442748785
907, 0.00319460475293454
908, 0.0116288986755535
909, 0.00414214337555071
910, 0.00374186201952398
911, 0.00320713773059348
912, 0.00254236483791222
913, 0.00189143161211784
914, 0.007278693607077
915, 0.00696164485998452
916, 0.00669997775306304
917, 0.00646600453183055
918, 0.00624308898113668
919, 0.00602328001211087
920, 0.0058047241376092
921, 0.00559045902142922
922, 0.00538661206761996
923, 0.00520324373307327
924, 0.00504734460264444
925, 0.00493706630853315
926, 0.00687568890862167
927, 0.00696062118125459
928, 0.00707564394300183
929, 0.00722175758952896
930, 0.00737760852401455
931, 0.00752907471420864
932, 0.00766646466217935
933, 0.00778501690365374
934, 0.00788502891858419
935, 0.00797174467394749
936, 0.00805548795809348
937, 0.00815241985643903
938, 0.00828619829068581
939, 0.00848346933101614
940, 0.00874470376099149
941, 0.00902767681206266
942, 0.00736110036571821
943, 0.00781760768344005
944, 0.00760348125671347
945, 0.00771692480581502
946, 0.00790551630780101
947, 0.00798424736907085
948, 0.00748177656593422
949, 0.00806017654637496
950, 0.0081419514802595
951, 0.0072551843089362
952, 0.00823783051843444
953, 0.00835059396922588
954, 0.00847042010476192
955, 0.00442950412010153
956, 0.00475549853096406
957, 0.00462702995476623
958, 0.00440005244066318
959, 0.00412302033510059
960, 0.00380368476423124
961, 0.00348726795831074
962, 0.00483331441258391
963, 0.00487462019858261
964, 0.00488597907436391
965, 0.00488819256424904
966, 0.00772794693087538
967, 0.00515002687461674
968, 0.00557718270768722
969, 0.00582090315098564
970, 0.00606862936789791
971, 0.0070862986613065
972, 0.00656166967625419
973, 0.00631547315667073
974, 0.00534697490123411
975, 0.00830498225986958
976, 0.00681425600002209
977, 0.00741103873588145
978, 0.00859435818468531
979, 0.00799745492016276
980, 0.00765858093897502
981, 0.0101570466843744
982, 0.00730141857638955
983, 0.00749769364483654
984, 0.00823720141003529
985, 0.0091717136092484
986, 0.00720093785119908
987, 0.00497752780626927
988, 0.00840068369039467
989, 0.00740064615383744
990, 0.0078018995312353
991, 0.00770697471064826
992, 0.00760255567729473
993, 0.00788240879774094
994, 0.00805422679210703
995, 0.0080044842325151
996, 0.00794882917155822
997, 0.00822149155040582
998, 0.00810322025790811
999, 0.00820092794795831
1000, 0.00815470889210701
1001, 0.00749883086731036
1002, 0.00477401648337642
1003, 0.00497698170753817
1004, 0.00487952299105624
1005, 0.00494362801934282
1006, 0.00498127075843513
1007, 0.00498731473150353
1008, 0.00500317546539009
1009, 0.00461712332131962
1010, 0.00746339722536504
1011, 0.00663248014946779
1012, 0.00717271375469863
1013, 0.00636470240230362
1014, 0.0068989295201997
1015, 0.00609063745165865
1016, 0.00553808927846452
1017, 0.00581242881404857
1018, 0.00527850662668546
1019, 0.00780535124552747
1020, 0.00781122463134428
1021, 0.00745181723808249
1022, 0.00855628913268447
1023, 0.00899255663777391
1024, 0.00825193244963884
1025, 0.00763640808872879
1026, 0.00761925987899303
1027, 0.00772087384636203
1028, 0.00806335996215542
1029, 0.008066452263544
1030, 0.00782300787977874
1031, 0.0080559936662515
1032, 0.00804167566820979
1033, 0.00790896057151258
1034, 0.00801545490200321
1035, 0.00797257106751204
1036, 0.00801703007891774
1037, 0.00805220597734054
1038, 0.00510544585995376
1039, 0.00514315751691659
1040, 0.00517326234174626
1041, 0.00516453315503895
1042, 0.00517070611628393
1043, 0.00588356874262293
1044, 0.00820667389780283
1045, 0.00505437833877901
1046, 0.00509461658075452
1047, 0.00786913046613336
1048, 0.00696288685624798
1049, 0.00577493780292571
1050, 0.00609171413816512
1051, 0.00668385601602495
1052, 0.00639398217511674
1053, 0.00723789834106962
1054, 0.00546934797118108
1055, 0.00751658071142932
1056, 0.00802181552474697
1057, 0.00962204905226827
1058, 0.0088696025001506
1059, 0.00852949498221278
1060, 0.00782658679721256
1061, 0.00709489062428474
1062, 0.00793781092700859
1063, 0.00799641261498133
1064, 0.0080374536725382
1065, 0.00793945393525064
1066, 0.00807609843711058
1067, 0.00803152704611421
1068, 0.00808400241658092
1069, 0.0081006915618976
1070, 0.00810500436152021
1071, 0.00781676412693092
1072, 0.0056119121145457
1073, 0.0054877089181294
1074, 0.00554194503153364
1075, 0.00543753275026878
1076, 0.00537055991590023
1077, 0.00571451871655881
1078, 0.00617298445043464
1079, 0.00775500647723675
1080, 0.00701473699882627
1081, 0.00729405235809584
1082, 0.00568927811192615
1083, 0.00672264645497004
1084, 0.00607194767023126
1085, 0.00640818585331241
1086, 0.00754281436093152
1087, 0.0092897725601991
1088, 0.00826864767198761
1089, 0.00874946794162194
1090, 0.00803926946329219
1091, 0.0101399674701194
1092, 0.00506992490651707
1093, 0.00665506185032427
1094, 0.00815682128692667
1095, 0.00624412034327785
1096, 0.00794481905177236
1097, 0.00803043569127719
1098, 0.00785967521369457
1099, 0.00818324740976095
1100, 0.00821718977143367
1101, 0.00811801974972089
1102, 0.00821832396710912
1103, 0.00605297321453691
1104, 0.00578472126896183
1105, 0.00590567803010345
1106, 0.00650789363620182
1107, 0.00782405426725745
1108, 0.00687598848404984
1109, 0.00733649140844742
1110, 0.00705474452115595
1111, 0.00761552939989737
1112, 0.00675566455659767
1113, 0.00640326226130128
1114, 0.00963632141550382
1115, 0.00904471085717281
1116, 0.00847597590958079
1117, 0.0053409185881416
1118, 0.00776739940047264
1119, 0.00832652779562133
1120, 0.00740296021103859
1121, 0.00962312100455165
1122, 0.0078684541928981
1123, 0.00692658436795076
1124, 0.00838287227920123
1125, 0.00804380684470137
1126, 0.00662762128437559
1127, 0.00818110071122646
1128, 0.0082922182045877
1129, 0.008362192971011
1130, 0.00639368880850573
1131, 0.00737844120400647
1132, 0.00731895010297497
1133, 0.00601068483665586
1134, 0.00738060714987417
1135, 0.0076287507545203
1136, 0.00709025274651746
1137, 0.00927322776988149
1138, 0.0088256848976016
1139, 0.00680475616827607
1140, 0.00862042931839824
1141, 0.00619054771959782
1142, 0.0092737873395284
1143, 0.00786992004141212
1144, 0.00720744525703291
1145, 0.0078780009256055
1146, 0.00807731552049518
1147, 0.00849836952984333
1148, 0.00826626705626647
1149, 0.00781976012513041
1150, 0.00842362533633908
1151, 0.00691345054656267
1152, 0.00757454273601373
1153, 0.00827047191560268
1154, 0.00861022328691823
1155, 0.00765606597997248
1156, 0.0074309998502334
1157, 0.00897025798136989
1158, 0.00713459821417928
1159, 0.00873101937274138
1160, 0.00621343543753028
1161, 0.00845842136602317
1162, 0.00895609566941857
1163, 0.00787381261276702
1164, 0.00773620349355042
1165, 0.00741177618814011
1166, 0.00811532869314154
1167, 0.00837071038161715
1168, 0.00779956644400954
1169, 0.00801742891781032
1170, 0.00663649888398747
1171, 0.00876396466046572
1172, 0.0076814285479486
1173, 0.0100056204944849
1174, 0.00843390822410583
1175, 0.00813920532042781
1176, 0.00756688121085366
1177, 0.00782942671018342
1178, 0.00846862979233265
1179, 0.00860845962805407
1180, 0.00812738668173552
