1, 0.00720204575918615
2, 0.0189870151225477
3, 0.00205022533191368
4, 0.00728319957852364
5, 0.00835677143186331
6, 0.0117090009152889
7, 0.00541815860196948
8, 0.00197328469948843
9, 0.0200056601315737
10, 0.00633799517527223
11, 0.00703918328508735
12, 0.0107748191803694
13, 0.00751420011511073
14, 0.00784932480504115
15, 0.0080435637695094
16, 0.00820672356834014
17, 0.00835142998645703
18, 0.00849725399166346
19, 0.00868328846991062
20, 0.00898014443616072
21, 0.00954444302866856
22, 0.0107431161838273
23, 0.0135900725920995
24, 0.0172291081398726
25, 0.0107972454279661
26, 0.00551035185344517
27, 0.00279203181465467
28, 0.00145163346314803
29, 0.0024388749540473
30, 0.00343337592979272
31, 0.00424997019581497
32, 0.00488516517604391
33, 0.0053724810325851
34, 0.00574921102573474
35, 0.00604579458013177
36, 0.00628392724320292
37, 0.00647787222017844
38, 0.00663743098266423
39, 0.00676965542758505
40, 0.00687964788327614
41, 0.00697106386845311
42, 0.00704687422451874
43, 0.00710922262320916
44, 0.00715988921001554
45, 0.00720053624051313
46, 0.00723254277060429
47, 0.00725645199418068
48, 0.00727287547973295
49, 0.00728535279631615
50, 0.00730718563621243
51, 0.007352105807513
52, 0.0074051134288311
53, 0.00746540911495686
54, 0.0075330271696051
55, 0.00760743813589215
56, 0.0076873895401756
57, 0.00777117256075144
58, 0.00785702156523863
59, 0.00794310836742322
60, 0.00802765724559625
61, 0.00810932709525029
62, 0.00818706893672546
63, 0.00825927251329025
64, 0.00832242829104265
65, 0.00834144535474479
66, 0.00835738920917114
67, 0.00837267562747002
68, 0.0083941196401914
69, 0.00842173087100188
70, 0.00845513648043076
71, 0.00849384224663178
72, 0.00853674237926801
73, 0.00858246566106876
74, 0.00862909977634748
75, 0.00867371230075757
76, 0.00871262699365616
77, 0.00874116520086924
78, 0.00875394356747468
79, 0.00874476848791043
80, 0.00870777200907469
81, 0.00863798521459103
82, 0.00853245239704847
83, 0.00839127662281195
84, 0.00821848586201668
85, 0.00802281281600396
86, 0.00781842352201541
87, 0.00762492216502627
88, 0.00745860006039341
89, 0.0073506161570549
90, 0.00730881125976642
91, 0.00736857485026121
92, 0.00748890731483698
93, 0.00764008471742272
94, 0.00780680015062292
95, 0.00797221281876167
96, 0.00812506179014842
97, 0.00826232445736726
98, 0.00839026706914107
99, 0.00852788643290599
100, 0.00871794143070777
101, 0.00904745267083248
102, 0.00976968804995219
103, 0.0103455032221973
104, 0.0100890177612503
105, 0.00846150300155083
106, 0.00788846177359422
107, 0.00755545993645986
108, 0.0073181432671845
109, 0.00711396895349026
110, 0.00691735682388147
111, 0.00671591268231471
112, 0.00650493102148175
113, 0.00628605345264077
114, 0.00606459332630038
115, 0.00584831647574902
116, 0.00565344700589776
117, 0.00550112687051296
118, 0.00542609859257936
119, 0.00541121718872871
120, 0.00539032424179216
121, 0.00535425132450958
122, 0.00527548960720499
123, 0.00512865845424434
124, 0.00488501127498845
125, 0.00450958971244593
126, 0.00396403181366622
127, 0.00321590923704207
128, 0.00229536513021837
129, 0.00137701638353368
130, 0.00286846421658993
131, 0.00567181579147776
132, 0.0108362256238858
133, 0.0166881183783213
134, 0.0142701263539493
135, 0.0109905775946875
136, 0.00945408766468366
137, 0.00847518475105365
138, 0.00726702157407999
139, 0.0070773862535134
140, 0.00744021761541565
141, 0.00825888244435191
142, 0.00898401656498512
143, 0.00950679027785858
144, 0.00976803402105967
145, 0.00979201123118401
146, 0.00964064678798119
147, 0.00938522660483917
148, 0.00908429455012083
149, 0.00877685348192851
150, 0.00848579841355483
151, 0.00822388877471288
152, 0.00799603884418805
153, 0.00780134353165825
154, 0.00763742144530018
155, 0.00750157345707218
156, 0.00739021397506197
157, 0.00729977743079265
158, 0.00722739519551396
159, 0.00717037093515197
160, 0.00712629330034057
161, 0.00709360387797157
162, 0.00707150995731354
163, 0.00706045981496572
164, 0.00709409988485277
165, 0.00715272609765331
166, 0.00718401015425722
167, 0.00720607830832402
168, 0.00722143861154715
169, 0.00723327463492751
170, 0.00724487953508894
171, 0.00726374099031091
172, 0.00280246293793122
173, 0.00553969697405895
174, 0.010696639927725
175, 0.0174185841654738
176, 0.0174444789687792
177, 0.0106734875589609
178, 0.00528687968229254
179, 0.00256340702374776
180, 0.00550538208335638
181, 0.00572090921923518
182, 0.00597965717315674
183, 0.00631790840998292
184, 0.00671613728627563
185, 0.00717209496845802
186, 0.00771486262480418
187, 0.00918911583721638
188, 0.00986457336694002
189, 0.00934404569367568
190, 0.00903027101109425
191, 0.00899652671068907
192, 0.00911557953804731
193, 0.00930426766475042
194, 0.00949692508826653
195, 0.00962121815731128
196, 0.00958979285011689
197, 0.00934175432970127
198, 0.00884907692670822
199, 0.00815975091730555
200, 0.0073719456170996
201, 0.00704535853583366
202, 0.00421354989521205
203, 0.0018710492644459
204, 0.0066040166032811
205, 0.00844860480477413
206, 0.00862171888972322
207, 0.00886926536137859
208, 0.00928866304457188
209, 0.0100584194685022
210, 0.0122885858373983
211, 0.0119389427293624
212, 0.0159675776958466
213, 0.00846089259721339
214, 0.00710242955634991
215, 0.00703421297172705
216, 0.00695275026373565
217, 0.00685591646470129
218, 0.00674085792464515
219, 0.00644035326937834
220, 0.00624302332289517
221, 0.00600259603622059
222, 0.00570555892772973
223, 0.00533213210292161
224, 0.00485284253954887
225, 0.00423300534021109
226, 0.003514290205203
227, 0.00268877148240184
228, 0.00829207664355636
229, 0.00781370497619112
230, 0.00772827918020387
231, 0.00764578208327293
232, 0.00756794555733601
233, 0.00749639538116753
234, 0.00743219691018264
235, 0.00737489480525255
236, 0.00732791579018037
237, 0.00758799817413092
238, 0.00771253827648858
239, 0.00785417109727859
240, 0.00801604536051551
241, 0.00817917675400774
242, 0.00832935034607848
243, 0.00845658065130313
244, 0.00855569572498401
245, 0.00862503781293829
246, 0.00866590595493714
247, 0.00868170956770579
248, 0.00867699117710193
249, 0.00865682726725936
250, 0.00862595671787858
251, 0.00858847160513202
252, 0.00854788922394315
253, 0.00850693167497714
254, 0.00846766323472063
255, 0.00843143571789066
256, 0.00839931424707174
257, 0.0083722077930967
258, 0.00835047786434492
259, 0.00833405026545127
260, 0.0079002984178563
261, 0.00739726657047868
262, 0.00760251330211759
263, 0.00806964825217923
264, 0.00798609899356961
265, 0.00776946342860659
266, 0.00768411570849518
267, 0.00752633647061884
268, 0.0082259892175595
269, 0.00745738414116204
270, 0.00814996706321836
271, 0.00715881811144451
272, 0.00720480969175696
273, 0.00648943645258745
274, 0.00711279797057311
275, 0.00563031597994268
276, 0.0053300391882658
277, 0.00724229744325082
278, 0.00696365131686131
279, 0.00687016368222733
280, 0.00502274588992198
281, 0.00518851391305881
282, 0.00727206592758497
283, 0.00729224388487637
284, 0.00730140144005418
285, 0.00589246271799008
286, 0.00612141354940832
287, 0.00631927551391224
288, 0.00663567163671056
289, 0.00676159397698939
290, 0.00704393155562381
291, 0.00857560119281212
292, 0.00834913831204176
293, 0.00798228406347334
294, 0.00821851364647349
295, 0.00843119745453199
296, 0.00850779237225652
297, 0.00856081691260139
298, 0.00859100247422854
299, 0.00854819407686591
300, 0.00851539553453525
301, 0.0083240334255
302, 0.00833308153475324
303, 0.00844439196710785
304, 0.00809710659086704
305, 0.00860097274805109
306, 0.00859447537610928
307, 0.00848009266580145
308, 0.00840994405249755
309, 0.00837801474456986
310, 0.00830377157156666
311, 0.00828794731448094
312, 0.00829590080926816
313, 0.00986721149335305
314, 0.00814076963191231
315, 0.00862916031231483
316, 0.00923000493397315
317, 0.00886784742275874
318, 0.00795440065364043
319, 0.00733786462140935
320, 0.00789296693567719
321, 0.00832845401018858
322, 0.00776577666401863
323, 0.0110101935764154
324, 0.00773622871687015
325, 0.00827276347471135
326, 0.00794437993317842
327, 0.00802970537915826
328, 0.00811330849925677
329, 0.00748074644555648
330, 0.00755624892190099
331, 0.00741289874228338
332, 0.00763772358186543
333, 0.00772343040443957
334, 0.00785682893668612
335, 0.00722003999787072
336, 0.00664125452749431
337, 0.00674536211105684
338, 0.0073201060295105
339, 0.00726075835215549
340, 0.00729479679527382
341, 0.00653224027094742
342, 0.00684216556449731
343, 0.00701079059702655
344, 0.00693079829216003
345, 0.00708208039092521
346, 0.00714503919395308
347, 0.00642357603646815
348, 0.00621652828219036
349, 0.006248963996768
350, 0.00632538087666035
351, 0.00717132220355173
352, 0.00736421728506684
353, 0.00812033393109838
354, 0.00851436906183759
355, 0.00848203493903081
356, 0.0085414438508451
357, 0.00841181088859836
358, 0.00844714899236957
359, 0.00855959082643191
360, 0.00856460382541021
361, 0.00855231983587146
362, 0.00831574387848377
363, 0.00837748311460018
364, 0.00834511981035272
365, 0.00851959067707261
366, 0.00828973638514678
367, 0.00846508673081795
368, 0.00826668522010247
369, 0.00823535832266013
370, 0.0082476818934083
371, 0.00830080639570951
372, 0.00839103603114684
373, 0.00820231825734178
374, 0.00844631049161156
375, 0.00888962748770913
376, 0.00921750642980138
377, 0.0097176106646657
378, 0.00825863810522216
379, 0.0106244402006269
380, 0.00819155372058352
381, 0.0112299129366875
382, 0.00969187617301941
383, 0.0105233762878925
384, 0.0091450372710824
385, 0.0103779391696056
386, 0.00735978143555777
387, 0.00832143146544695
388, 0.00816308534038918
389, 0.00790097921465834
390, 0.00798880976314346
391, 0.00767468800768256
392, 0.00758813577704132
393, 0.00687977601774037
394, 0.00689716124907136
395, 0.00743175158277154
396, 0.0075052329339087
397, 0.00807187023262183
398, 0.00781186087988317
399, 0.00724898208864033
400, 0.00729001685976982
401, 0.00709805016716321
402, 0.00732572694929938
403, 0.00693702426118155
404, 0.00689809156271319
405, 0.00704194038795928
406, 0.00698696131197115
407, 0.0071526017660896
408, 0.00720356800593436
409, 0.00697365651528041
410, 0.00715645829526087
411, 0.00720065863182147
412, 0.00823240857571363
413, 0.00839884641269843
414, 0.00854449905455112
415, 0.00858020146066944
416, 0.00859193007151286
417, 0.00817273603752255
418, 0.00824722011263172
419, 0.0085823431921502
420, 0.00855592172592878
421, 0.00851836164171497
422, 0.00847515976056457
423, 0.00834645035987099
424, 0.00843047583475709
425, 0.00838704003642003
426, 0.00827643787488341
427, 0.008309548565497
428, 0.00818319665268064
429, 0.00822208914905787
430, 0.00848698678116004
431, 0.00820112771665057
432, 0.0080731924623251
433, 0.00865114930396279
434, 0.00957201809311906
435, 0.00917899779354533
436, 0.00846626469865441
437, 0.00848988108336926
438, 0.00810880195349455
439, 0.00762507870482902
440, 0.0073330137723436
441, 0.00749695720151067
442, 0.0078565093378226
443, 0.00762287589410941
444, 0.00753670294458667
445, 0.00803698754558961
446, 0.0079468636152645
447, 0.00724329054355621
448, 0.00744389443259154
449, 0.00729254710798462
450, 0.00777932636750241
451, 0.00733201617064575
452, 0.00720187718980014
453, 0.00719188867757718
454, 0.00736334904407461
455, 0.0072250752709806
456, 0.00720213431244095
457, 0.00725545734167099
458, 0.00728916369068126
459, 0.00776505338338514
460, 0.00725003712189694
461, 0.00740996344635884
462, 0.00868194084614515
463, 0.00867283282180627
464, 0.00861572487545865
465, 0.00863914781560501
466, 0.00866232595096032
467, 0.00858653973167141
468, 0.00852311387037238
469, 0.00839370985825857
470, 0.00845706074809035
471, 0.00833598462243875
472, 0.00828530297925075
473, 0.00814886732647816
474, 0.00809410134596484
475, 0.00817515949408213
476, 0.00824205360064904
477, 0.00820567086338997
478, 0.0081139262765646
479, 0.00812721143787106
480, 0.0100300114912291
481, 0.00888478523120284
482, 0.00940796919167042
483, 0.00865313472847144
484, 0.00782779534347355
485, 0.007638119161129
486, 0.00810623456103106
487, 0.007810912715892
488, 0.00756319581220547
489, 0.00748712215572596
490, 0.00790526671335101
491, 0.0079957681397597
492, 0.00751642021350563
493, 0.0074427902388076
494, 0.00738429006499549
495, 0.0073528119828552
496, 0.00741679089454313
497, 0.00740308089492222
498, 0.00738740510617693
499, 0.00738308671861887
500, 0.00738833309151232
501, 0.00739984516985714
502, 0.00771543375837306
503, 0.00732232878605525
504, 0.00878831325098872
505, 0.00873025180771947
506, 0.00881380556772153
507, 0.00864689300457636
508, 0.00878514591604471
509, 0.00855098788936933
510, 0.00845554874589046
511, 0.00836794326702754
512, 0.00829121641193827
513, 0.00822658091783524
514, 0.00817399114991228
515, 0.00807244967048367
516, 0.00809930808221301
517, 0.00813209762175878
518, 0.00804363805800676
519, 0.00829502807131835
520, 0.00804780066634218
521, 0.00803881200651328
522, 0.0097258547320962
523, 0.00909526941056053
524, 0.00625276090577245
525, 0.00864642454932133
526, 0.00803665591714283
527, 0.00829480697090427
528, 0.00784948530296485
529, 0.0077605270780623
530, 0.00786408882898589
531, 0.00771916308440268
532, 0.00763180844175319
533, 0.00743663646280765
534, 0.0074351520743221
535, 0.00757750139261285
536, 0.00754819088615477
537, 0.00766137661412358
538, 0.00753612738723556
539, 0.00741710125779112
540, 0.00885584872836868
541, 0.00893684041996797
542, 0.00873113330453634
543, 0.00859273954605063
544, 0.00897490552493504
545, 0.00846056376273433
546, 0.00850552522266904
547, 0.00834337404618661
548, 0.00824407255277038
549, 0.00816320193310579
550, 0.00810014394422372
551, 0.00805206115668019
552, 0.00801588719089826
553, 0.00798913619170586
554, 0.00796490379919608
555, 0.00793511274137667
556, 0.00922901540373763
557, 0.00884463420758645
558, 0.00945852991814415
559, 0.00993577080468337
560, 0.0102945080026984
561, 0.00975259220493691
562, 0.00839681923389435
563, 0.00817174278199673
564, 0.00800048831539849
565, 0.00770659674890339
566, 0.00748926833538072
567, 0.00780809771580001
568, 0.00787441797244052
569, 0.0077855068569382
570, 0.00754266272165946
571, 0.00772719162826737
572, 0.00754154085492094
573, 0.00760222373840709
574, 0.00769212384087344
575, 0.00796455005183816
576, 0.00753511201279859
577, 0.00901201056937377
578, 0.00883401573325197
579, 0.00862323803206285
580, 0.00863868572438757
581, 0.00908061861991882
582, 0.00906463029483954
583, 0.00846156229575475
584, 0.00831011946623524
585, 0.00818598782643676
586, 0.00808795355260372
587, 0.008014476702859
588, 0.00796126667410135
589, 0.00792272831313312
590, 0.00789641480272015
591, 0.0078788623213768
592, 0.00785598104509215
593, 0.00961693686743577
594, 0.00920377361277739
595, 0.00844818741704027
596, 0.00825860009839137
597, 0.00810916380335887
598, 0.00765395434573293
599, 0.00774234595398108
600, 0.00799493414039413
601, 0.00791183672845364
602, 0.00767292042395898
603, 0.00766509887762368
604, 0.00785490078851581
605, 0.00897570619625705
606, 0.00767289350430171
607, 0.00867769541218877
608, 0.00867968130235871
609, 0.00781692890450358
610, 0.00926817674189806
611, 0.00779255293309689
612, 0.00897528153533737
613, 0.00778033987929424
614, 0.00952516651401917
615, 0.00934559032320976
616, 0.00894566364586353
617, 0.00778962634503841
618, 0.00914667770266533
619, 0.0122344457943525
620, 0.00466135100577958
621, 0.00863211213921507
622, 0.00887361556912462
623, 0.00927543531482418
624, 0.0100466514316698
625, 0.0116637689061463
626, 0.00857491775726279
627, 0.00843404233455658
628, 0.00830062835787733
629, 0.00816382265960177
630, 0.00802045951907833
631, 0.00787499151192605
632, 0.00773831681969265
633, 0.00762908882461488
634, 0.00754503253847361
635, 0.00544341172402104
636, 0.00601394327046971
637, 0.00625573929088811
638, 0.00649566746627291
639, 0.00672740318501989
640, 0.00694668634484212
641, 0.00715619038480024
642, 0.0073660381603986
643, 0.0075966155466934
644, 0.00788566058812042
645, 0.00833733612671494
646, 0.00911921557659904
647, 0.00538030437504252
648, 0.00485987759505709
649, 0.00448765303008258
650, 0.00395660117889444
651, 0.00327673849339286
652, 0.00263040316834425
653, 0.00189120743889362
654, 0.00875380362517067
655, 0.0053448413964361
656, 0.0052611343562603
657, 0.00510828491921226
658, 0.00475485079611341
659, 0.00519168578709165
660, 0.00499138104108473
661, 0.00578203766296307
662, 0.00805230694822967
663, 0.00708528926285605
664, 0.00656281171056132
665, 0.00754584775616725
666, 0.00557944000077744
667, 0.00628437955553333
668, 0.00840940388540427
669, 0.00683312358645101
670, 0.00732022617012262
671, 0.00778020173311234
672, 0.00874521226311723
673, 0.00862699141725898
674, 0.00897098643084367
675, 0.00927122108017405
676, 0.009684525616467
677, 0.00802976118090252
678, 0.00815005010614792
679, 0.00850794573004047
680, 0.00839093001559377
681, 0.00827184412628412
682, 0.007922631688416
683, 0.00846082251518965
684, 0.00815266106898586
685, 0.00831157729650537
686, 0.00976229521135489
687, 0.00888234407951435
688, 0.0092221200466156
689, 0.0107379136607051
690, 0.00795824779197574
691, 0.00775503311306238
692, 0.0148590723983943
693, 0.00902855316443103
694, 0.00786491257271596
695, 0.00538916951045394
696, 0.00549378179545913
697, 0.00543414941057563
698, 0.00547922992457946
699, 0.00602144872148832
700, 0.00590202608145773
701, 0.00549064522298674
702, 0.00533958516704539
703, 0.00691671879030764
704, 0.00793105984727542
705, 0.0076999117154628
706, 0.00720172064999739
707, 0.00660720832335452
708, 0.00746185743870835
709, 0.00817640669022997
710, 0.00847650288293759
711, 0.00878499764949083
712, 0.00599881960079074
713, 0.0046007582374538
714, 0.00806849393993616
715, 0.00875455311809977
716, 0.00903883545349042
717, 0.00848828721791506
718, 0.00857768440619111
719, 0.00839068073158463
720, 0.00865878506253163
721, 0.00828477864464124
722, 0.00817280712847908
723, 0.00888967607170343
724, 0.00864986066396038
725, 0.00829915640254815
726, 0.00811573164537549
727, 0.0102702700532973
728, 0.00966102133194605
729, 0.00922359029452006
730, 0.00846902358656128
731, 0.00572989485226572
732, 0.00829185452312231
733, 0.00877531112304756
734, 0.00594431900286249
735, 0.00581299148810406
736, 0.00577648341034849
737, 0.00571581604890525
738, 0.00687578460201621
739, 0.00850266683846712
740, 0.00827726162970066
741, 0.00584675294036667
742, 0.00698230733784537
743, 0.00783713239555558
744, 0.00806054985150695
745, 0.00758844590745866
746, 0.00730196192550163
747, 0.00629445856126646
748, 0.00851759407669306
749, 0.00859656557440758
750, 0.00627962561945121
751, 0.00873017031699419
752, 0.00840765812123815
753, 0.00879630151515206
754, 0.00865887058898807
755, 0.00870160820583502
756, 0.00891326926648617
757, 0.009989727443705
758, 0.0095511043133835
759, 0.00849026845147212
760, 0.00868033136551579
761, 0.0109790172427893
762, 0.00629247669130564
763, 0.0063737432161967
764, 0.00622104310120146
765, 0.0060715206588308
766, 0.00564597407355905
767, 0.00854989948372046
768, 0.00837184178332488
769, 0.00796888357338806
770, 0.00818435909847418
771, 0.00770800972046951
772, 0.00738722272217274
773, 0.00657800763535003
774, 0.00661863277976712
775, 0.00686851749196649
776, 0.00865893651332174
777, 0.00872068169216315
778, 0.00875923099617163
779, 0.00870762539229223
780, 0.00876802500958244
781, 0.00872812885791063
782, 0.00733604173486431
783, 0.00851092301309109
784, 0.00919510020564
785, 0.00868744930873314
786, 0.00969607026005785
787, 0.00891897904997071
788, 0.0104042597425481
789, 0.00869394466280937
790, 0.00657122522326452
791, 0.00705637247301638
792, 0.00676245653691391
793, 0.00859622393424312
794, 0.00847566081210971
795, 0.00810839794576168
796, 0.00831349675233165
797, 0.007829388215517
798, 0.00701986524897317
799, 0.00743890002680322
800, 0.00883947275578976
801, 0.00887768467267354
802, 0.00885553471744061
803, 0.0079721057942758
804, 0.00874621327966452
805, 0.00778429815545678
806, 0.00939691299572587
807, 0.00994494821255406
808, 0.00912614818662405
809, 0.0100628208102924
810, 0.00837504072114825
811, 0.00733642598303656
812, 0.00701393857598305
813, 0.00777545245364308
814, 0.0086828905290791
815, 0.00858717675631245
816, 0.00845864570389191
817, 0.00826806233574947
818, 0.00742860968845586
819, 0.0090169007224696
820, 0.00870779920369387
821, 0.00897565406436721
822, 0.00879174610599875
823, 0.00877433868923358
824, 0.00828408892266452
825, 0.00888878883173068
826, 0.00943424475068847
827, 0.00948571799589055
828, 0.00984093795220057
829, 0.0111223224084824
830, 0.00924624890709917
831, 0.00795849073412163
832, 0.0087369168177247
833, 0.00865223010381063
834, 0.00841521316518386
835, 0.00885974227761229
836, 0.00889826628069083
837, 0.00874474421143532
838, 0.00955677758902311
839, 0.00924145355820656
840, 0.00919114627564947
841, 0.00899259109670917
842, 0.00909149497747421
843, 0.0089513465229954
844, 0.00846982542425394
845, 0.00895575837542613
846, 0.00888837967067957
847, 0.0120325282216072
848, 0.0081134835879008
849, 0.0090545645604531
850, 0.0101719490873317
851, 0.012315297499299
852, 0.0162676556035876
853, 0.00717025971971452
854, 0.00701006610567371
855, 0.00640824708777169
856, 0.00620236597023904
857, 0.00524856677899758
858, 0.0041330949558566
859, 0.00722891433785359
860, 0.00720362248830497
861, 0.00707511029516657
862, 0.00683441928898295
863, 0.00595077484225233
864, 0.00724675420982142
865, 0.00712790239291887
866, 0.00693071408507725
867, 0.00671819023167094
868, 0.00657789479009807
869, 0.0056394385950019
870, 0.00475429370999336
871, 0.00337049539666623
872, 0.00259635783731937
873, 0.00186813420150429
874, 0.0071420562453568
875, 0.00822363281622529
876, 0.0071020278458794
877, 0.00711828183072309
878, 0.00717694374422232
879, 0.00722246780060232
880, 0.00728067064968248
881, 0.00755115908881028
882, 0.00801585878555973
883, 0.00921663222834468
884, 0.00953136524185538
885, 0.0095008690841496
886, 0.00927715841680765
887, 0.00885741754124562
888, 0.00832926970906556
889, 0.00735353018778066
890, 0.00744262694691618
891, 0.00768184941262007
892, 0.00783593021333218
893, 0.00845734355971217
894, 0.00870946298042933
895, 0.00896927326296767
896, 0.00941921770572662
897, 0.00724843116477132
898, 0.00721458966533343
899, 0.00719700932192306
900, 0.00716988470715781
901, 0.0122260396601632
902, 0.00840197656569736
903, 0.00451916118618101
904, 0.00981891853734851
905, 0.00725813225532572
906, 0.00642272977468868
907, 0.00706121915330489
908, 0.00715311942622066
909, 0.00546360077957312
910, 0.00514208750488857
911, 0.00461279220568637
912, 0.00721031295446058
913, 0.00722820055671036
914, 0.00699837629993757
915, 0.00484015431720763
916, 0.00601509981788695
917, 0.00692142041710516
918, 0.00658209443402787
919, 0.00671639145972828
920, 0.00575881645393868
921, 0.00718548754230142
922, 0.00711219866449634
923, 0.00682846565420429
924, 0.00623532322545846
925, 0.00716790960480769
926, 0.00826878100633621
927, 0.00738040202607711
928, 0.00765321194194257
929, 0.00847103912383318
930, 0.00914367117608587
931, 0.00933907569075624
932, 0.0080830961621056
933, 0.00722465609821181
934, 0.00719194184057415
935, 0.00726623406323294
936, 0.00777650694362819
937, 0.00791858020238578
938, 0.00937584508210421
939, 0.00913191384946307
940, 0.00731779402121902
941, 0.00745613259884218
942, 0.00754678567561011
943, 0.00869122225170334
944, 0.00891988243286808
945, 0.00715580542704889
946, 0.00944267384087046
947, 0.00722693675197661
948, 0.00713735511526465
949, 0.00723768933676183
950, 0.00720852008089423
951, 0.0071892278889815
952, 0.00879568460264376
953, 0.00776785789057612
954, 0.00723863652508174
955, 0.01102181772391
956, 0.00608125895572205
957, 0.00711700498747329
958, 0.00715207929412524
959, 0.00654924567788839
960, 0.00667088067469497
961, 0.00707318261265755
962, 0.00695319931643705
963, 0.00720073212869465
964, 0.00678017254297932
965, 0.00616295115711788
966, 0.00717964915869137
967, 0.0068743450101465
968, 0.00641715161812802
969, 0.00628381975305577
970, 0.00701921060681343
971, 0.00721648281129698
972, 0.00610546961737176
973, 0.00799860502593219
974, 0.00747694540768862
975, 0.00839864059040944
976, 0.00785271512965361
977, 0.0075497644332548
978, 0.00763311663952967
979, 0.00773154362104833
980, 0.00817528180778027
981, 0.00867279370625814
982, 0.00741416060676177
983, 0.00731608279359837
984, 0.00736095981361965
985, 0.00727840109417836
986, 0.00724672696863612
987, 0.00722079661985238
988, 0.00939963090543946
989, 0.00720052816905081
990, 0.00718541573733091
991, 0.00900712780033549
992, 0.0096934181638062
993, 0.00977674825116992
994, 0.00722061392540733
995, 0.00720429389427106
996, 0.00722837704233825
997, 0.00639622130741676
998, 0.0104300579322236
999, 0.00701799344581862
1000, 0.0074515794403851
1001, 0.00721209496259689
1002, 0.00686393453118702
1003, 0.00683059287257493
1004, 0.00676667449685435
1005, 0.00680745400798817
1006, 0.0067651675393184
1007, 0.00692608455816905
1008, 0.00703739048913121
1009, 0.00698567414656281
1010, 0.00708166308080157
1011, 0.00711802657072743
1012, 0.00714748158740501
1013, 0.00717091218878825
1014, 0.0071890945546329
1015, 0.00720254440481464
1016, 0.00722665060311556
1017, 0.00842263285691539
1018, 0.00722835895915826
1019, 0.0072163829047765
1020, 0.00724240276031196
1021, 0.00725859830466409
1022, 0.00732176448218524
1023, 0.00729742048618694
1024, 0.00747411325573921
1025, 0.0078262691386044
1026, 0.00807054961721102
1027, 0.00755195086821914
1028, 0.00766160183896621
1029, 0.00738211791031063
1030, 0.00742077936107914
1031, 0.00734999993195136
1032, 0.0072768908770134
1033, 0.00895102348710809
1034, 0.0101328257781764
1035, 0.00958424378186464
1036, 0.0095770664823552
1037, 0.0072157250251621
1038, 0.00721996670056667
1039, 0.00700556308341523
1040, 0.00802632801545163
1041, 0.00763045561810334
1042, 0.00721657990167538
1043, 0.00721521233208477
1044, 0.00721656181849539
1045, 0.00720758697328468
1046, 0.00721247238107026
1047, 0.00720087710457544
1048, 0.00719196838326752
1049, 0.00716017892894646
1050, 0.00716938016315301
1051, 0.00716398082052668
1052, 0.00725727365352213
1053, 0.0073938553687185
1054, 0.00719078071415424
1055, 0.00718117148304979
1056, 0.00836204384852733
1057, 0.00915693938732147
1058, 0.0097224023193121
1059, 0.00845989659428597
1060, 0.00721617992967367
1061, 0.0105847211865087
1062, 0.0111170832067728
1063, 0.00922876942370619
1064, 0.0110019993036985
1065, 0.00785075349267572
1066, 0.00903792275736729
1067, 0.00806153040113194
1068, 0.00374797994403967
1069, 0.00164624757599086
1070, 0.00447915253850321
1071, 0.00809707484828929
1072, 0.0122173217823729
1073, 0.0101366780387859
1074, 0.0123129117613037
1075, 0.0162857890129089
1076, 0.00549821788445115
1077, 0.00548399790811042
1078, 0.0054340090136975
1079, 0.00533262259947757
1080, 0.00515685377952953
1081, 0.00488159984039764
1082, 0.00392360426485538
1083, 0.00324375702378651
1084, 0.00235860373747225
1085, 0.00710301784177621
1086, 0.00661591642225782
1087, 0.00619948771782219
1088, 0.00585332023911178
1089, 0.00826733070425689
1090, 0.00878519828741749
1091, 0.00917570836221178
1092, 0.00938626937568188
1093, 0.00943196068207423
1094, 0.00935410397748152
1095, 0.00921348063275218
1096, 0.0090668989966313
1097, 0.00895937904715538
1098, 0.00893000435704986
1099, 0.00898596675445636
1100, 0.00908612661684553
1101, 0.00976471323519945
1102, 0.00569456179315845
1103, 0.00556271484432121
1104, 0.00475161530387898
1105, 0.0048126091049718
1106, 0.00541887315921485
1107, 0.00565025707085927
1108, 0.00498482150336107
1109, 0.00522067832450072
1110, 0.00886523009588321
1111, 0.00931181215370695
1112, 0.00875332082311312
1113, 0.00938988306249181
1114, 0.0091092058767875
1115, 0.00900795947139462
1116, 0.00935132972275217
1117, 0.0091568105854094
1118, 0.00868668391679724
1119, 0.00865575314188997
1120, 0.00772486785426736
1121, 0.00769851954343418
1122, 0.00832564029842615
1123, 0.00655016140080988
1124, 0.00710028968751431
1125, 0.00610237731598318
1126, 0.00877099617251328
1127, 0.00571538873815111
1128, 0.00847585206585271
1129, 0.00563200078904629
1130, 0.00957610215991735
1131, 0.00597738979073862
1132, 0.00593622230614225
1133, 0.00600782486920555
1134, 0.00593204183193545
1135, 0.00600973710728188
1136, 0.00603071670047939
1137, 0.0109832899955412
1138, 0.00863406372567018
1139, 0.00880239702140292
1140, 0.00826982711441815
1141, 0.00847190897911787
1142, 0.00968426993737618
1143, 0.00836426749204596
1144, 0.00905622635036707
1145, 0.00940326973795891
1146, 0.00989433471113443
1147, 0.00770578246253232
1148, 0.0082112917676568
1149, 0.00696450712469717
1150, 0.00638544519564935
1151, 0.0064360451263686
1152, 0.0103637487627566
1153, 0.00765859821279134
1154, 0.00666643725708127
1155, 0.00692533259280026
1156, 0.00740656248914699
1157, 0.00649202684871852
1158, 0.00643626127081613
1159, 0.00655087976095577
1160, 0.00595707865431905
1161, 0.00898708247890075
1162, 0.00816995293522874
1163, 0.00843280540513141
1164, 0.00799830420874059
1165, 0.00840047188103199
1166, 0.00786752168399592
1167, 0.00961258308961987
1168, 0.0100525381664435
1169, 0.0067958484403789
1170, 0.00761774050382276
1171, 0.010978634779652
1172, 0.00807254350123306
1173, 0.00728988406869272
1174, 0.00753625645302236
1175, 0.00721987717164059
1176, 0.00705523354311784
1177, 0.00693119790715476
1178, 0.0088242001033255
1179, 0.0105202823877335
1180, 0.00979231204837561
1181, 0.00796943958848715
1182, 0.0108428170904517
1183, 0.0103922289397035
1184, 0.00906752934679389
1185, 0.00689562447369099
1186, 0.0091734832773606
1187, 0.00747055024839938
1188, 0.00763549477172395
1189, 0.00791831826791167
