1, 0.010141521692276
2, 0.0221571787260473
3, 0.00255257572280243
4, 0.00990079529583454
5, 0.011040810495615
6, 0.0171849001199007
7, 0.0075775827281177
8, 0.00216031150193885
9, 0.0221009138040245
10, 0.0098855784162879
11, 0.011107430793345
12, 0.0173373408615589
13, 0.0103623917592423
14, 0.010636828529338
15, 0.0108211000139515
16, 0.0109572384196023
17, 0.0110495892974238
18, 0.0111053089300791
19, 0.0111322814288239
20, 0.0111381981211404
21, 0.011130188126117
22, 0.0111147904147704
23, 0.0110996391934653
24, 0.0110946463731428
25, 0.0111149656586349
26, 0.011188231408596
27, 0.0113726292426387
28, 0.0118021274295946
29, 0.0128653491847217
30, 0.0159139125607908
31, 0.0194411516810457
32, 0.0108069550866882
33, 0.00477393328522642
34, 0.00319926118633399
35, 0.0051039867879202
36, 0.0065812844162186
37, 0.00762306743611892
38, 0.00834862422198057
39, 0.00885442116608222
40, 0.00921113121633728
41, 0.0094648616698881
42, 0.00964566133916378
43, 0.00977148720994592
44, 0.00985471593836943
45, 0.00990121878151383
46, 0.0099409120157361
47, 0.0100432842349013
48, 0.0101930818830927
49, 0.01036654257526
50, 0.0105453977982203
51, 0.0107162206744154
52, 0.0108700428778927
53, 0.0110001449162761
54, 0.0111018562068542
55, 0.0111737993235389
56, 0.0112171458701293
57, 0.0112349813183149
58, 0.0112314717844129
59, 0.0112112900242209
60, 0.0111794052645564
61, 0.0111410118018587
62, 0.0111014312133193
63, 0.011066014568011
64, 0.0110412240028381
65, 0.0110316590871662
66, 0.0110321873798966
67, 0.0110150569429
68, 0.0109829744324088
69, 0.0109391904746493
70, 0.0108837767814596
71, 0.0108181992545724
72, 0.0107440740490953
73, 0.0106632209693392
74, 0.0105785618846615
75, 0.0104935495182872
76, 0.0104123996570706
77, 0.0103377119327585
78, 0.010270241027077
79, 0.0102727867197245
80, 0.0102127411713203
81, 0.0102313347160816
82, 0.0102851471553246
83, 0.0103761178130905
84, 0.0105152322600285
85, 0.010719052515924
86, 0.0110208299010992
87, 0.0114835317557057
88, 0.0122347511351109
89, 0.0135036924233039
90, 0.0151066066076358
91, 0.0139588238671422
92, 0.0114208124577999
93, 0.0107486598814527
94, 0.010361546340088
95, 0.0101280519738793
96, 0.00997892332573732
97, 0.00987821072340012
98, 0.00980380022277435
99, 0.00974094495177269
100, 0.00967761439581712
101, 0.00960288134713968
102, 0.00950599337617556
103, 0.00937620798746745
104, 0.00920381055523952
105, 0.00898356145868699
106, 0.00871942689021428
107, 0.00842840597033501
108, 0.00812870729714632
109, 0.0078462411959966
110, 0.0076488823009034
111, 0.00755908258724958
112, 0.00744548548633854
113, 0.00729937222786248
114, 0.00703333566586177
115, 0.00655965794188281
116, 0.00576112070120871
117, 0.00448934896849096
118, 0.0027403983209903
119, 0.00464337140632172
120, 0.0107999644242227
121, 0.01917181070894
122, 0.0157785480841994
123, 0.0129094435833395
124, 0.0118737695738673
125, 0.0114408008133372
126, 0.0112482498710354
127, 0.0111560517301162
128, 0.0111008269401888
129, 0.0110486558017631
130, 0.0109782793248693
131, 0.0108741049965223
132, 0.0107194169734915
133, 0.0104884862278899
134, 0.0101434267126024
135, 0.0100411467719823
136, 0.0100369478265444
137, 0.0101442616432905
138, 0.0102678621187806
139, 0.0104011492803693
140, 0.0105362143367529
141, 0.0106630055233836
142, 0.0107756527140737
143, 0.0108706671744585
144, 0.0109470440074801
145, 0.0110053454215328
146, 0.0110472589731216
147, 0.0110766462360819
148, 0.0110811090562493
149, 0.0110686104744673
150, 0.0110202031210065
151, 0.0109907705336809
152, 0.0109666862214605
153, 0.0109383724629879
154, 0.0108983321115375
155, 0.0108400586371621
156, 0.0107594318687916
157, 0.0106552196666598
158, 0.0105296478917201
159, 0.0103891889254252
160, 0.0102445834005872
161, 0.0101089958722393
162, 0.0100018282731374
163, 0.00992018403485417
164, 0.00537293357774615
165, 0.011632874297599
166, 0.0196460479249557
167, 0.0189447440207005
168, 0.0104767964221537
169, 0.00445731310173869
170, 0.00764307503898938
171, 0.00783644880478581
172, 0.00812333387633165
173, 0.00843508510539929
174, 0.00874284096062183
175, 0.00902943033725023
176, 0.00928256381303072
177, 0.00950134173035622
178, 0.00969599994520346
179, 0.00988607387989759
180, 0.0101003162562847
181, 0.0103785032406449
182, 0.0107970268776019
183, 0.0114993254343669
184, 0.0140871200710535
185, 0.0152632243310412
186, 0.0136999466146032
187, 0.0124643581608931
188, 0.0117001757025719
189, 0.0112042808905244
190, 0.0108507027228673
191, 0.0105800746629635
192, 0.0103659530480703
193, 0.0101957985510429
194, 0.0100601815308134
195, 0.0100559503771365
196, 0.010502634725223
197, 0.0111129563301802
198, 0.0111501575447619
199, 0.0109844443698724
200, 0.0110635237457852
201, 0.0111395282049974
202, 0.0111498367041349
203, 0.0111477312942346
204, 0.0111515042372048
205, 0.0111742409256597
206, 0.0112375269333522
207, 0.0113812750205398
208, 0.011688525788486
209, 0.0139002382444839
210, 0.0123504910928508
211, 0.0139361416610579
212, 0.0177293075248599
213, 0.00841959139021734
214, 0.0091508108501633
215, 0.00877383258193731
216, 0.00825120353450378
217, 0.00754382375938197
218, 0.00661356979981065
219, 0.00545176805462688
220, 0.0110485504070918
221, 0.0110812381220361
222, 0.0111203519627452
223, 0.0111609644566973
224, 0.0111976396292448
225, 0.011225219660749
226, 0.0112386619051298
227, 0.0112331475441655
228, 0.0112041222552458
229, 0.0111477095633745
230, 0.0110614225268364
231, 0.0109450613769392
232, 0.0108012493389348
233, 0.0106362166504065
234, 0.0104566778366764
235, 0.0102740153670311
236, 0.0101041894716521
237, 0.00997565655658642
238, 0.0104311484222611
239, 0.0107505382038653
240, 0.0108156772330403
241, 0.0108745954930782
242, 0.0109260388029118
243, 0.0109693069631855
244, 0.0110011814783017
245, 0.0110227398884793
246, 0.00434586217549319
247, 0.0111855729483068
248, 0.0108688251736263
249, 0.0110875965716938
250, 0.011749892650793
251, 0.011134960843871
252, 0.0111656289858123
253, 0.0112240614059071
254, 0.0112636230575542
255, 0.0114834837925931
256, 0.0122400911835333
257, 0.0130833787843585
258, 0.011017216835171
259, 0.0112021214639147
260, 0.0113396750142177
261, 0.00942347276334961
262, 0.00975951241950194
263, 0.00962007216488322
264, 0.00872444780543447
265, 0.00930954748764634
266, 0.00903632584959269
267, 0.00844019666935007
268, 0.00831415713764727
269, 0.00990393087267876
270, 0.0112491231411695
271, 0.0101707212937375
272, 0.0105573232285678
273, 0.0110274349960188
274, 0.0111402242134015
275, 0.0112175045845409
276, 0.0112414212586979
277, 0.0111279791841904
278, 0.0108955573911468
279, 0.0110316066071391
280, 0.0111821341949205
281, 0.0112357223406434
282, 0.01119661781316
283, 0.0107359391016265
284, 0.0103614558465779
285, 0.0110969138331711
286, 0.0110587736902138
287, 0.0106813275876145
288, 0.0109379651645819
289, 0.0108487258354823
290, 0.0110043399035931
291, 0.0103778280317783
292, 0.0104831019416451
293, 0.0106111204562088
294, 0.0105440216138959
295, 0.0108957941023012
296, 0.0109748661828538
297, 0.014260526591291
298, 0.0124567572825721
299, 0.00998700157340084
300, 0.0105967636087111
301, 0.0110259046778083
302, 0.0134019314621886
303, 0.00849918268310527
304, 0.0111728801081578
305, 0.0112122902646661
306, 0.0113453197603424
307, 0.0112886121496558
308, 0.0112480814568698
309, 0.0107084511158367
310, 0.0114348518351714
311, 0.011580692914625
312, 0.0111229633912444
313, 0.0110570541583002
314, 0.0118203242309391
315, 0.0127833203102152
316, 0.012202154379338
317, 0.0109186166276534
318, 0.00969640041391055
319, 0.00985474853465954
320, 0.00982274891187747
321, 0.00971995759755373
322, 0.00967773143202066
323, 0.0101616981749733
324, 0.00976536019394795
325, 0.00952721371625861
326, 0.0112650054506958
327, 0.0110671077854931
328, 0.0112060064760347
329, 0.0112618217244744
330, 0.0112404616860052
331, 0.0112449199271699
332, 0.0111145578945676
333, 0.0111625542243322
334, 0.0111966972860197
335, 0.0111159893373648
336, 0.0109998560510576
337, 0.0108501139717797
338, 0.0106708228898545
339, 0.0104766581207514
340, 0.0102375124448112
341, 0.010798060024778
342, 0.0106156297648946
343, 0.0106964777223766
344, 0.0109362884735068
345, 0.0109696737490594
346, 0.01102750881442
347, 0.0109995302433769
348, 0.0107462184193234
349, 0.0106550115160644
350, 0.0126644596457481
351, 0.0110499338867764
352, 0.0124833821319044
353, 0.0111697379810115
354, 0.0111037981696427
355, 0.0114014878248175
356, 0.0113331419415772
357, 0.0112778836240371
358, 0.0112258256413043
359, 0.0116340170303981
360, 0.0114960305703183
361, 0.0107900276780128
362, 0.012125165356944
363, 0.0109688380422691
364, 0.0118356471260389
365, 0.0110068296392759
366, 0.00989406028141578
367, 0.00997420043374101
368, 0.00980425610517462
369, 0.010531140336146
370, 0.0103115922150513
371, 0.00991457716251413
372, 0.0100576028227806
373, 0.0112680837822457
374, 0.0112880861076216
375, 0.0112881157547235
376, 0.0112626811799904
377, 0.0112332891051968
378, 0.0111887707995872
379, 0.0111364472347001
380, 0.0110830185003579
381, 0.0112060280516744
382, 0.010977524643143
383, 0.0111125133310755
384, 0.0104004502296448
385, 0.010596027597785
386, 0.0108066437145074
387, 0.0110344966873527
388, 0.0108995287058254
389, 0.0107813296573503
390, 0.0110472748056054
391, 0.0110356248915195
392, 0.0110154527549942
393, 0.0108238742686808
394, 0.0107917697168887
395, 0.0108613758347929
396, 0.0128209884278476
397, 0.0107320027425885
398, 0.0118671566514032
399, 0.0108526616046826
400, 0.0109214906891187
401, 0.0111572130893668
402, 0.011225588619709
403, 0.0113548810283343
404, 0.0112897166982293
405, 0.0114288924572368
406, 0.0115209229600926
407, 0.0116414640409251
408, 0.0118024555655817
409, 0.0122214111809929
410, 0.0110217460120718
411, 0.0102107039031883
412, 0.0102148035851618
413, 0.010224764700979
414, 0.0100307022221386
415, 0.012000918854028
416, 0.0113199672972163
417, 0.0109439492225647
418, 0.0111649789226552
419, 0.0110981361940503
420, 0.0112653565593064
421, 0.0112180428889891
422, 0.0113201163088282
423, 0.0113214512045185
424, 0.0113013756151001
425, 0.0112907642809053
426, 0.0112260761670768
427, 0.0111181892765065
428, 0.0109584326855838
429, 0.0104902969407184
430, 0.0107619722063343
431, 0.0109892287291586
432, 0.0109324234848221
433, 0.011085396942993
434, 0.0109033579938114
435, 0.0109612878101567
436, 0.0123462326203783
437, 0.0118030434474349
438, 0.0112137511993448
439, 0.0112857697531581
440, 0.0113567446048061
441, 0.0114323298136393
442, 0.0115177729167044
443, 0.011618716797481
444, 0.0117384741703669
445, 0.0110821202397346
446, 0.0105925009896358
447, 0.0105198317517837
448, 0.010701408299307
449, 0.0102183174652358
450, 0.0118777031699816
451, 0.0119459758113538
452, 0.0120018431916833
453, 0.0115109112424155
454, 0.0111912010858456
455, 0.011251216288656
456, 0.0113018403450648
457, 0.0113627410804232
458, 0.0113406007488569
459, 0.0113622499629855
460, 0.0113304727710783
461, 0.0112586336520811
462, 0.011134813229243
463, 0.0109342246626814
464, 0.0107176497578621
465, 0.0110712026556333
466, 0.0108751786872745
467, 0.0110294808012744
468, 0.0110040139406919
469, 0.0110502174745003
470, 0.0111382672563195
471, 0.0109820781009538
472, 0.0111489137634635
473, 0.0112700384731094
474, 0.0113440790834526
475, 0.011418411663423
476, 0.0114961749253174
477, 0.0115790949203074
478, 0.0116668906994164
479, 0.011135690069447
480, 0.0110636793076992
481, 0.0111698342176775
482, 0.0109232347458601
483, 0.0117493375825385
484, 0.0118120975481967
485, 0.0112254954874516
486, 0.0112873112472395
487, 0.0113424803130329
488, 0.0113845995316903
489, 0.0114114011327426
490, 0.0114145393793782
491, 0.0113834468647838
492, 0.0113074871090551
493, 0.0111636612564325
494, 0.0108863240373986
495, 0.0111033083604915
496, 0.0111148908423881
497, 0.0111301362824937
498, 0.0118025608360767
499, 0.0115506502666644
500, 0.0113240511467059
501, 0.0113936701479057
502, 0.0114638327310483
503, 0.0115321500537296
504, 0.0115955835208297
505, 0.011194239060084
506, 0.0116466445227464
507, 0.0112364815015878
508, 0.0112547199907047
509, 0.0113273809353511
510, 0.0116642645249764
511, 0.0113836989427606
512, 0.0114323842960099
513, 0.0114667684150239
514, 0.0114781886028747
515, 0.0114531901975473
516, 0.0113744642585516
517, 0.0111870467662811
518, 0.0111897338181734
519, 0.0113614800696572
520, 0.0112440367894513
521, 0.011168004013598
522, 0.0113038742914796
523, 0.0114969175308943
524, 0.0114254693811138
525, 0.0115479707407455
526, 0.0114825577475131
527, 0.0115551436319947
528, 0.0115286892590423
529, 0.0110912537202239
530, 0.00849822642547744
531, 0.0111095726800462
532, 0.0111400506769617
533, 0.0111452025982241
534, 0.0111337706136207
535, 0.0111131506661574
536, 0.0110772486465673
537, 0.011084282460312
538, 0.0111339031718671
539, 0.0112669294079145
540, 0.0115703414194286
541, 0.0122440598594646
542, 0.0137971141375601
543, 0.0133612339074413
544, 0.0126430247910321
545, 0.0120003977790475
546, 0.0114947812010845
547, 0.0111296679824591
548, 0.0108679130983849
549, 0.0106806103140116
550, 0.0105488115611176
551, 0.0104659885788957
552, 0.010405246168375
553, 0.00771465501748025
554, 0.00799684707696239
555, 0.00833477716272076
556, 0.0086649744771421
557, 0.00897174033646782
558, 0.00923057505860925
559, 0.00943322774643699
560, 0.00958401244133711
561, 0.00969401281327009
562, 0.00977561855688691
563, 0.00984130287542939
564, 0.00990287850921353
565, 0.00997257869069775
566, 0.0100645817195376
567, 0.0101975520762304
568, 0.0104052828003963
569, 0.0107448416141172
570, 0.0113550758299728
571, 0.00706486923930546
572, 0.00659606248761217
573, 0.00586319070619841
574, 0.00481859350111336
575, 0.00389561326786255
576, 0.0137280078294377
577, 0.017508706698815
578, 0.0115224335653087
579, 0.011048650679489
580, 0.0121838765529295
581, 0.011836681359758
582, 0.0107642319053411
583, 0.010884927585721
584, 0.0112589473525683
585, 0.0110449851490557
586, 0.0109373343487581
587, 0.0111286249011755
588, 0.0105897732079029
589, 0.0115043190307915
590, 0.0112605684747299
591, 0.011096166446805
592, 0.0110897584818304
593, 0.0111516102527579
594, 0.0111645956834157
595, 0.0111593107382456
596, 0.0119779002852738
597, 0.0128484123076002
598, 0.0107722429869076
599, 0.0111427195370197
600, 0.0111048109829426
601, 0.00904058540860812
602, 0.0101276660958926
603, 0.00825503934174776
604, 0.00936265227695306
605, 0.00960951438173652
606, 0.00978731643408537
607, 0.00991218506048123
608, 0.0100671042067309
609, 0.0101949946644406
610, 0.0102833018948634
611, 0.0105997806725403
612, 0.0109132879103223
613, 0.0104106008075178
614, 0.00865585155164202
615, 0.0100001789008578
616, 0.0113969977634648
617, 0.00734764337539673
618, 0.00748684583231807
619, 0.0076109724274526
620, 0.00749537721276283
621, 0.00744995622274776
622, 0.00757887897392114
623, 0.0122460241296462
624, 0.0107038377651146
625, 0.0104769919067621
626, 0.0139956719552477
627, 0.0111401228544613
628, 0.0110090772310893
629, 0.0113002518191934
630, 0.0114808160190781
631, 0.0116671022648613
632, 0.0118155878347655
633, 0.0109000885859132
634, 0.0111114955507219
635, 0.0112592790586253
636, 0.0111549350743492
637, 0.0109248884643118
638, 0.0111061311326921
639, 0.0111491826052467
640, 0.0111229262935619
641, 0.0111755837375919
642, 0.0111911726805071
643, 0.011460513031731
644, 0.0118084948820372
645, 0.0123546451019744
646, 0.0110507635399699
647, 0.011125234576563
648, 0.0102116117874781
649, 0.0102787837386131
650, 0.0101179503835738
651, 0.0103364895718793
652, 0.0103997296343247
653, 0.00997793379550179
654, 0.0104809446881215
655, 0.00977175403386354
656, 0.00947188197945555
657, 0.00907234661281109
658, 0.0105956060190996
659, 0.0107630556449294
660, 0.0110058346763253
661, 0.0114489450518574
662, 0.00857434157902996
663, 0.00780942510547383
664, 0.00772820079388718
665, 0.00908410463792582
666, 0.00864705520992478
667, 0.0122620735317469
668, 0.00777726837744315
669, 0.0110706616459148
670, 0.0127302563438813
671, 0.0129729805824657
672, 0.0111749831897517
673, 0.011292917188257
674, 0.0114101969326536
675, 0.0115044726990163
676, 0.0115654729306698
677, 0.0118955014273524
678, 0.0111578055657446
679, 0.0111347693018615
680, 0.0111419271367292
681, 0.0112235543007652
682, 0.0111115615194043
683, 0.0111098922789097
684, 0.0111663521577915
685, 0.0112015721388161
686, 0.0111883715726435
687, 0.0116129781429966
688, 0.011373127810657
689, 0.011920220994701
690, 0.00977921167698999
691, 0.00906771297256152
692, 0.00957669333244363
693, 0.00994285910079877
694, 0.0101698784468075
695, 0.0103196717488269
696, 0.0104129104875028
697, 0.0104744106841584
698, 0.010525024185578
699, 0.0105800577439368
700, 0.0106527993145088
701, 0.0113141182810068
702, 0.0110923144966364
703, 0.00813542362302542
704, 0.0108893499709666
705, 0.0107522768278917
706, 0.00843906472437084
707, 0.00993888483693202
708, 0.00754886623471975
709, 0.00836774627012866
710, 0.0119286493087808
711, 0.0121644694978992
712, 0.0112719411651293
713, 0.0113377934321761
714, 0.0106073709515234
715, 0.0096903954233442
716, 0.0101451695275803
717, 0.0109456512810928
718, 0.00896365772932768
719, 0.0111968180164695
720, 0.0113503600337676
721, 0.0107331870434185
722, 0.0106911024389168
723, 0.0106542098025481
724, 0.0107918644013504
725, 0.0112221234788497
726, 0.0112394441717437
727, 0.0105261248536408
728, 0.0103792953304946
729, 0.0115439907337228
730, 0.0113886400746802
731, 0.0112505066208541
732, 0.0111526084753374
733, 0.0111011982274552
734, 0.0110867217493554
735, 0.0111006948476036
736, 0.011135617736727
737, 0.0111755658872426
738, 0.0113962045870721
739, 0.0111354575492442
740, 0.0108794334034125
741, 0.0109940889912347
742, 0.00935528784369429
743, 0.0115938537443678
744, 0.0110735459519284
745, 0.0112883991872271
746, 0.0113082203703622
747, 0.0110440999269485
748, 0.0110736245599886
749, 0.0110393807602425
750, 0.0110615827143192
751, 0.0111289384464423
752, 0.0111121186055243
753, 0.0112266136954228
754, 0.0108484102413058
755, 0.0111879782440762
756, 0.0112527580931783
757, 0.0104869438024859
758, 0.010622217785567
759, 0.0107458097239335
760, 0.0108586703427136
761, 0.0108338921951751
762, 0.0108183283979694
763, 0.0109003018587828
764, 0.0107979294843972
765, 0.0109657313053807
766, 0.0111895749966304
767, 0.0110696535557508
768, 0.0112981596961617
769, 0.0112225185148418
770, 0.0102537299195925
771, 0.0112614860758185
772, 0.0111795339733362
773, 0.0109191477298737
774, 0.0109937111847103
775, 0.0109889179778596
776, 0.010969413133959
777, 0.0109560508280993
778, 0.0109592241545518
779, 0.0109829258484145
780, 0.011030454809467
781, 0.0111088797760506
782, 0.00906516185828618
783, 0.0142008682180728
784, 0.0117096171403925
785, 0.0103394803591073
786, 0.010590448975563
787, 0.0107767665758729
788, 0.0109089221805334
789, 0.0138890763434271
790, 0.0110048198451598
791, 0.0111491663071016
792, 0.0113991874580582
793, 0.0123732183128595
794, 0.0176409054547548
795, 0.00437461738086616
796, 0.00877410623555382
797, 0.00826533216362198
798, 0.00756525985586147
799, 0.00661217925759653
800, 0.00538580457214266
801, 0.0101728049727778
802, 0.0103185765134792
803, 0.0104656800006827
804, 0.0106015169682602
805, 0.010717503571262
806, 0.0108096906915307
807, 0.0108778594682614
808, 0.0109249011923869
809, 0.0109564637144407
810, 0.0109798490690688
811, 0.0110033391974866
812, 0.0110358392509321
813, 0.0108417437101404
814, 0.0107574102779229
815, 0.0109661763223509
816, 0.010911363021781
817, 0.0106601874964933
818, 0.0105542653861145
819, 0.0145432487130165
820, 0.00818375536861519
821, 0.0110790805580715
822, 0.0112413678628703
823, 0.0122409254933397
824, 0.0117372434275846
825, 0.0108497918893894
826, 0.0106962580854694
827, 0.0109728050107757
828, 0.0131993186660111
829, 0.00940817470351855
830, 0.00914174551144242
831, 0.00872996433948477
832, 0.00842956577738126
833, 0.00820991924653451
834, 0.00903360359370708
835, 0.0100402678363025
836, 0.00995650645345449
837, 0.010990447519968
838, 0.010919825018694
839, 0.0108665721490979
840, 0.010788515675813
841, 0.0102456542663276
842, 0.0104045264112453
843, 0.0105541949160397
844, 0.0106839823226134
845, 0.0109742186032236
846, 0.0109533870903154
847, 0.0110071340265373
848, 0.0108543345704675
849, 0.0107202508176366
850, 0.0103458602291842
851, 0.0104472051995496
852, 0.0109472344629467
853, 0.0110348109155893
854, 0.0102594962033133
855, 0.0109061665522556
856, 0.0107917104226847
857, 0.0110550699755549
858, 0.0104644274605172
859, 0.0110137145966291
860, 0.0109720680862665
861, 0.0134927680982011
862, 0.0114574700904389
863, 0.0106409806758165
864, 0.0110752104471127
865, 0.0109410208339492
866, 0.0107917610245446
867, 0.0121928768542906
868, 0.0128264121400813
869, 0.0111727174371481
870, 0.011288672996064
871, 0.00950214608261983
872, 0.0098397481876115
873, 0.00974593451246619
874, 0.0096037316446503
875, 0.00989780342206359
876, 0.00999245094135404
877, 0.00969965181623896
878, 0.00964600142712394
879, 0.00929413766910633
880, 0.0100958718297382
881, 0.0105085517279804
882, 0.0103362278702358
883, 0.0106572721463939
884, 0.0109785045497119
885, 0.0109859279667338
886, 0.0109612856370707
887, 0.0107771063533922
888, 0.0109263546764851
889, 0.0108665996231139
890, 0.00995183456689119
891, 0.010993012227118
892, 0.010977813663582
893, 0.0106446853217979
894, 0.0105038659336666
895, 0.0109605006873608
896, 0.0109361240950723
897, 0.0108599338370065
898, 0.010902660433203
899, 0.0109999676545461
900, 0.0105742334077756
901, 0.0109864766044276
902, 0.010722608571606
903, 0.0128924272954464
904, 0.0105191123050948
905, 0.0117817629749576
906, 0.0111912519981464
907, 0.0109038902446628
908, 0.0124927360254029
909, 0.0115132442054649
910, 0.0113303501469394
911, 0.0110686336023112
912, 0.0104873504800101
913, 0.00979537221913536
914, 0.0109252945209543
915, 0.0097665973007679
916, 0.00968994464104374
917, 0.00966710705930988
918, 0.010150633752346
919, 0.0106347498173515
920, 0.0107744662091136
921, 0.0108798877336085
922, 0.0109935132786632
923, 0.0104562016204
924, 0.0109963985159993
925, 0.0109833129681647
926, 0.0109466544042031
927, 0.0100107049569488
928, 0.010976862317572
929, 0.010809205006808
930, 0.0109764328226447
931, 0.0109930041556557
932, 0.0110006170968215
933, 0.0107561711532374
934, 0.0101810058578849
935, 0.0128305099594096
936, 0.0125412315440675
937, 0.0109929395839572
938, 0.0120885100526114
939, 0.0111885153067609
940, 0.0113387301874657
941, 0.0115219832708438
942, 0.0117640367576054
943, 0.0117617407813668
944, 0.0110480684476594
945, 0.00993075889224807
946, 0.0098866862244904
947, 0.0112723860268792
948, 0.0102759118502339
949, 0.00985145724068085
950, 0.0101723138553401
951, 0.0102488384582102
952, 0.010906886930267
953, 0.0106125151117643
954, 0.0107782299940785
955, 0.0109841148369014
956, 0.011016333608755
957, 0.0110284700058401
958, 0.0110194347798824
959, 0.010949994592617
960, 0.0109985976790388
961, 0.0100116475618311
962, 0.0110712863194446
963, 0.0110630459773044
964, 0.01090887390698
965, 0.0123405652120709
966, 0.0111678925653299
967, 0.0113146925965945
968, 0.0114837690877418
969, 0.0116878508900603
970, 0.0119266634186109
971, 0.011746459826827
972, 0.010139069519937
973, 0.0110105309369309
974, 0.0109089543111622
975, 0.0101456334814429
976, 0.0106427047091226
977, 0.0121906193283697
978, 0.0103701975728784
979, 0.0109480431613823
980, 0.0110391462221742
981, 0.0107798584116002
982, 0.0110764234947662
983, 0.0108583506196737
984, 0.0110558941960335
985, 0.0110759340847532
986, 0.011071163850526
987, 0.0110396672971547
988, 0.0111418065304557
989, 0.0110499525132279
990, 0.0111055323587997
991, 0.01190599160535
992, 0.0112636986499031
993, 0.0111394191160798
994, 0.0114172344716887
995, 0.0115818013437092
996, 0.0117638176307082
997, 0.0119327736708025
998, 0.0114582818932831
999, 0.0104216538990537
1000, 0.0105110748360554
1001, 0.0105911634862423
1002, 0.011132322650935
1003, 0.0111152202201386
1004, 0.0110026076436043
1005, 0.0111509274380902
1006, 0.0111462835532924
1007, 0.0111714876256883
1008, 0.0111893041591559
1009, 0.0101305209100246
1010, 0.0111765202134848
1011, 0.011469796144714
1012, 0.0113397097835938
1013, 0.0115962815470994
1014, 0.0108366588130593
1015, 0.0107600511983037
1016, 0.0112390704452991
1017, 0.0112253135070205
1018, 0.0112417094143374
1019, 0.0112367461745938
1020, 0.0117061024842163
1021, 0.0114938897701601
1022, 0.011733190715313
1023, 0.0113584903467979
1024, 0.0114723851105997
1025, 0.0110526182688773
1026, 0.0112635795027018
1027, 0.0114781742915511
1028, 0.0113535902152459
1029, 0.0113086393103004
1030, 0.0103896958753467
1031, 0.0111661435415347
1032, 0.0112373370987674
1033, 0.0108589983234803
1034, 0.0109830230164031
1035, 0.0110642166497807
1036, 0.0111183002591133
1037, 0.0113797434605658
1038, 0.0116869144452115
1039, 0.0132365685754589
1040, 0.0123548259337743
1041, 0.0138254151679575
1042, 0.0173840834759176
1043, 0.00759579571119199
1044, 0.00705416252215703
1045, 0.00657939988498886
1046, 0.00583752112773557
1047, 0.00476052763406187
1048, 0.0107971454660098
1049, 0.0104242572560906
1050, 0.0101657769021889
1051, 0.00995987715820471
1052, 0.00976527575403452
1053, 0.00955376805116733
1054, 0.00930700389047464
1055, 0.00901701503122846
1056, 0.0086884661577642
1057, 0.00834070766965548
1058, 0.0079902495102336
1059, 0.00770482801211377
1060, 0.0109546234210332
1061, 0.0112650127460559
1062, 0.0116659005482992
1063, 0.0121925375424325
1064, 0.0128280425754686
1065, 0.0135089770580331
1066, 0.00369557460847621
1067, 0.0107099041342735
1068, 0.0103637681653102
1069, 0.010515459968398
1070, 0.010233454965055
1071, 0.0113589403529962
1072, 0.0116540146991611
1073, 0.01198794785887
1074, 0.0123326225827138
1075, 0.011005109641701
1076, 0.0106667319002251
1077, 0.0112227768016358
1078, 0.0121297440491617
1079, 0.0111702471040189
1080, 0.0112917517932753
1081, 0.0114173418842256
1082, 0.0116625614464283
1083, 0.0111057780062159
1084, 0.0129588764781753
1085, 0.0114294091860453
1086, 0.00945023990546664
1087, 0.00998437327022354
1088, 0.00868581266452869
1089, 0.010643118682007
1090, 0.0109877344220877
1091, 0.0103999415102104
1092, 0.0123607516288757
1093, 0.0101928501389921
1094, 0.0097436069821318
1095, 0.00826076526815693
1096, 0.00909622479230165
1097, 0.00733939426330229
1098, 0.00747724327569207
1099, 0.00760701415129006
1100, 0.00747932524730762
1101, 0.00753960553556681
1102, 0.00742225379993518
1103, 0.0140945931586126
1104, 0.00745761099581917
1105, 0.0123610579009567
1106, 0.0130849085748196
1107, 0.0105966306956751
1108, 0.00779973981635911
1109, 0.0109075408739348
1110, 0.0107236091668407
1111, 0.0119493420546254
1112, 0.0118001978844404
1113, 0.0115970781383415
1114, 0.0111092322816451
1115, 0.0108538591302931
1116, 0.0113538783043623
1117, 0.0112887173891068
1118, 0.011232597908626
1119, 0.0111582308697204
1120, 0.0114607044185201
1121, 0.011655679748704
1122, 0.0124960811808705
1123, 0.0119882101813952
1124, 0.0114839541104933
1125, 0.0104044640126328
1126, 0.0106063534816106
1127, 0.0108263251992563
1128, 0.0101845407237609
1129, 0.0110976973858972
1130, 0.00913742479557792
1131, 0.00991401247059306
1132, 0.00956827045107881
1133, 0.00860403245314956
1134, 0.00772545300424099
1135, 0.00917253006870548
1136, 0.00869603532676896
1137, 0.00776958760494987
1138, 0.0116024054586887
1139, 0.0100215401810904
1140, 0.0113456435501575
1141, 0.0113960158390303
1142, 0.0100875433223943
1143, 0.011473494892319
1144, 0.0112941772677004
1145, 0.0115575511008501
1146, 0.0105991217618187
1147, 0.009676160911719
1148, 0.013093589960287
1149, 0.00999554254425069
1150, 0.0111589686324199
1151, 0.0120110040530562
1152, 0.00813833400607109
1153, 0.0111970220071574
1154, 0.0108692895621061
1155, 0.01163365598768
1156, 0.0113900081875424
1157, 0.0110316784121096
1158, 0.0109767555259168
1159, 0.0110503234235304
1160, 0.0120729052772125
1161, 0.0107868663035333
1162, 0.0112021343472103
1163, 0.0118130183157822
1164, 0.0116951803987225
1165, 0.00913213891908526
1166, 0.0103790264887114
1167, 0.00847275097233554
1168, 0.00838975249124425
1169, 0.0120720385263364
1170, 0.0113908291483919
1171, 0.0114822933184249
1172, 0.0110470527516944
1173, 0.0114518916234374
1174, 0.0114143150858581
1175, 0.011213365321358
1176, 0.0113941980525851
1177, 0.0115264314226806
1178, 0.0115199349820614
1179, 0.0116969117273887
1180, 0.0116077122899393
1181, 0.0114321550354362
1182, 0.0105940029025078
1183, 0.0102931067037086
1184, 0.0107938501362999
1185, 0.0109493830241263
1186, 0.0111050403987368
1187, 0.00976818573794195
1188, 0.0112672249476115
1189, 0.00941816981260975
1190, 0.0114639416957895
1191, 0.011250502243638
1192, 0.0113631462944405
1193, 0.0114102219231427
1194, 0.0114234760403633
1195, 0.0114197130315006
1196, 0.0115279005840421
1197, 0.01168582510824
1198, 0.0114435530267656
1199, 0.0114037501625717
1200, 0.010930922627449
1201, 0.0110021980168919
1202, 0.0109105303085276
1203, 0.0111062043967346
1204, 0.0105079926550388
1205, 0.00901815015822649
1206, 0.0112066953442991
1207, 0.0113439591867583
1208, 0.0103113615574936
1209, 0.0111585163644382
1210, 0.012260846948872
1211, 0.0114603408922752
1212, 0.0114434549584985
1213, 0.0112548699602485
1214, 0.0114388363435864
1215, 0.011358717828989
1216, 0.011271936353296
1217, 0.0113116783710817
