1, 0.00767575413919985
2, 0.0249977367930114
3, 0.00213308935053647
4, 0.00588376400992274
5, 0.0123752504587173
6, 0.0123237995430827
7, 0.00720024015754461
8, 0.00233619252685457
9, 0.0244786604307592
10, 0.00914675183594227
11, 0.0117962164804339
12, 0.0144775630906224
13, 0.0087686574219593
14, 0.0100172096863389
15, 0.0108862677589059
16, 0.011972541299959
17, 0.0139998733066022
18, 0.018124717908601
19, 0.022408760463198
20, 0.0149533025299509
21, 0.00828478842352827
22, 0.00412687046142916
23, 0.00252260849811137
24, 0.00134066377844041
25, 0.00215192259444545
26, 0.00315696051499496
27, 0.00401666962231199
28, 0.00468620277630786
29, 0.00518448992321889
30, 0.00553592868770162
31, 0.00577122555114329
32, 0.00590384722454473
33, 0.005992843148609
34, 0.00632680921504895
35, 0.00686677048603694
36, 0.00752821921681364
37, 0.00825551679978768
38, 0.00900979712605476
39, 0.00976273883134127
40, 0.0104883396998048
41, 0.0111426236107945
42, 0.0118857000488788
43, 0.0122377409910162
44, 0.0122993898888429
45, 0.0124046361694733
46, 0.0124986407657464
47, 0.0125450463965535
48, 0.0124995994071166
49, 0.0123123871162534
50, 0.0119346439217528
51, 0.0113464035093784
52, 0.0105749933669964
53, 0.00970761508991321
54, 0.00884344552954038
55, 0.008497767848894
56, 0.00812035100534558
57, 0.00850096748520931
58, 0.00916173153867324
59, 0.00987926249702772
60, 0.0105349350099762
61, 0.0110285077244043
62, 0.0113142707074682
63, 0.0113983790700634
64, 0.0113174185777704
65, 0.0111166164278984
66, 0.0108421311403314
67, 0.0105314332370957
68, 0.010215110766391
69, 0.00991620930532614
70, 0.0096514755859971
71, 0.00943508526931206
72, 0.00928225989143054
73, 0.00921568336586157
74, 0.00927534606307745
75, 0.00954329408705235
76, 0.0101810013875365
77, 0.0110742763305704
78, 0.0103650637902319
79, 0.00876383017748594
80, 0.00833365942041079
81, 0.00804343850662311
82, 0.00782430078834295
83, 0.00764917318398754
84, 0.00750221653530995
85, 0.00738175089160601
86, 0.00729574620102843
87, 0.00723987026140094
88, 0.0072441496886313
89, 0.00732903384293119
90, 0.00740065363546212
91, 0.00745515765932699
92, 0.00748376462919017
93, 0.00747936218976974
94, 0.00743503340830406
95, 0.00734391071212788
96, 0.00719926063902676
97, 0.0069932082357506
98, 0.00671467037561039
99, 0.00634703071167072
100, 0.00586763156267504
101, 0.00524635768185059
102, 0.00445076023849348
103, 0.00346510023033867
104, 0.00235026240504036
105, 0.0014888866765735
106, 0.00286658352706581
107, 0.00469303092298408
108, 0.00914887944236398
109, 0.0155954072251916
110, 0.0228624412169059
111, 0.018041606216381
112, 0.0141013368653754
113, 0.0122263898762564
114, 0.0113752495187024
115, 0.0109263630583882
116, 0.0106673128902912
117, 0.010501627655079
118, 0.0103795602917671
119, 0.010270513749371
120, 0.0101489244649808
121, 0.00999200545872251
122, 0.00976769672706723
123, 0.00941783795133233
124, 0.00936810323037207
125, 0.00944185288002094
126, 0.00966549292206764
127, 0.00992108695209026
128, 0.0102008028576771
129, 0.0104867179567615
130, 0.010762655797104
131, 0.011015648022294
132, 0.0112366958831747
133, 0.0114202685654163
134, 0.011563736324509
135, 0.0116710591440399
136, 0.0116773298941553
137, 0.011611370369792
138, 0.0113666110361616
139, 0.0111987662191192
140, 0.0110683205227057
141, 0.0109472805634141
142, 0.0108131999149919
143, 0.0106436495358745
144, 0.0104182899619142
145, 0.0101197961096962
146, 0.00973618061592182
147, 0.00926423569520315
148, 0.00871383522947629
149, 0.00811033866678675
150, 0.0074932724237442
151, 0.00689936941489577
152, 0.00638000542918841
153, 0.00602326712881525
154, 0.00269067256400983
155, 0.00441935254881779
156, 0.00868592861418923
157, 0.0150600379953782
158, 0.0221707324186961
159, 0.0220413282513618
160, 0.015228814445436
161, 0.00860352053617438
162, 0.00429152029876908
163, 0.00276237935759127
164, 0.00721818363914887
165, 0.00726129751031597
166, 0.00733034343769153
167, 0.00742429029196501
168, 0.00753894448280334
169, 0.0076712464603285
170, 0.00781774955491225
171, 0.00797565343479315
172, 0.00814307667315006
173, 0.00831938193490108
174, 0.00850608355055253
175, 0.00870844380309184
176, 0.00893780495971441
177, 0.00921177181104819
178, 0.00957511644810438
179, 0.0101247439160943
180, 0.0120932962745428
181, 0.0129594371343652
182, 0.0118746173878511
183, 0.0110936779528856
184, 0.0107001916815837
185, 0.0105216062317292
186, 0.010454239944617
187, 0.0104450359940529
188, 0.0104635475824277
189, 0.0104906006405751
190, 0.0105123789981008
191, 0.0105181541293859
192, 0.0104994447901845
193, 0.0104500524078806
194, 0.0103665379186471
195, 0.010248699846367
196, 0.0100999989857276
197, 0.00992761335025231
198, 0.00974332448095083
199, 0.00956207327544689
200, 0.00940110503385464
201, 0.00927316304296255
202, 0.00928952475078404
203, 0.0105580870682995
204, 0.00692034768871963
205, 0.00177359881345183
206, 0.00961850443854928
207, 0.0115092738221089
208, 0.0118827658173229
209, 0.0129143861122429
210, 0.0157589729254444
211, 0.0206998977810144
212, 0.00398221096838824
213, 0.0163172935800893
214, 0.00457116394924621
215, 0.00388719560578465
216, 0.00305257089591275
217, 0.0022784242949759
218, 0.0101532413003345
219, 0.00940795304874579
220, 0.00864589090148608
221, 0.00789148562277357
222, 0.00718029534133772
223, 0.00655338843353093
224, 0.00610286362158755
225, 0.00983329179386298
226, 0.0104684514614443
227, 0.0110874605985979
228, 0.0115853937653204
229, 0.0119226056461533
230, 0.0121057890355587
231, 0.0121652213856578
232, 0.0121402493678033
233, 0.012064142152667
234, 0.0119606520359715
235, 0.0118958639601866
236, 0.0117317135445774
237, 0.0111720310524106
238, 0.0116804420637588
239, 0.0115615047203998
240, 0.00922791548073292
241, 0.010743161663413
242, 0.0114940282267829
243, 0.0117495047549407
244, 0.0116598922759295
245, 0.0114495730958879
246, 0.0108686008801063
247, 0.00682965076218049
248, 0.00830274711673458
249, 0.00752746337093413
250, 0.00984729127958417
251, 0.0090830201903979
252, 0.0114220889285207
253, 0.00509976075651745
254, 0.00588306626304984
255, 0.00549408444203436
256, 0.00504510461663206
257, 0.00464486835213999
258, 0.00427520255713413
259, 0.00574784151588877
260, 0.0138613288956029
261, 0.0112865540819863
262, 0.0123166949488223
263, 0.00617519919095295
264, 0.0112978673673102
265, 0.010327812018139
266, 0.0116425096057355
267, 0.0117049232746164
268, 0.0117332120425999
269, 0.0109885463801523
270, 0.0114848120138049
271, 0.0111279413104057
272, 0.011507705009232
273, 0.0113048614002764
274, 0.00575826060958207
275, 0.00877770051981012
276, 0.00954159845908483
277, 0.00794979340086381
278, 0.00711546659780045
279, 0.00599832483567297
280, 0.00620383808078865
281, 0.0105517948977649
282, 0.00542899345358213
283, 0.012026128492185
284, 0.010753342260917
285, 0.0105235180817544
286, 0.0117237629989783
287, 0.0120050829524795
288, 0.0110521853591005
289, 0.0113818439034124
290, 0.0121393948793411
291, 0.00638348205635945
292, 0.0109352292492986
293, 0.00658889207988977
294, 0.00934387572730581
295, 0.0103459207873259
296, 0.00757624860852957
297, 0.00847947256018718
298, 0.00649515623226762
299, 0.0111469915136695
300, 0.00624724733643234
301, 0.0129554945975542
302, 0.00728180197378
303, 0.0104255462065339
304, 0.0100016744275178
305, 0.0108424463930229
306, 0.0119181671179831
307, 0.00714980568736792
308, 0.0113388194392125
309, 0.0124291620838145
310, 0.00913850342233976
311, 0.00812991688560162
312, 0.00995343867689371
313, 0.00742594393280645
314, 0.0135691336666544
315, 0.00640479017359515
316, 0.0100798695348203
317, 0.00834864812592665
318, 0.0105460155755281
319, 0.00914314358184735
320, 0.0112253416640063
321, 0.012066368944943
322, 0.00784254656173289
323, 0.0127467612425486
324, 0.00684864035186668
325, 0.00977579466998577
326, 0.00862024035304785
327, 0.00974479450711182
328, 0.0108042193266253
329, 0.0128587242215872
330, 0.00873044715262949
331, 0.00945240709309777
332, 0.0118832931232949
333, 0.0128859655621151
334, 0.010686203216513
335, 0.00795220686122775
336, 0.00979286548681557
337, 0.0142701899632812
338, 0.00751900859177113
339, 0.00744339978943268
340, 0.00622459027605752
341, 0.00739922506424288
342, 0.0074718107158939
343, 0.00753442826680839
344, 0.00751098315231502
345, 0.00732641100573043
346, 0.00715496577322483
347, 0.00692198402248323
348, 0.00661675484540562
349, 0.00572627146417896
350, 0.00509707032081981
351, 0.00430964857029418
352, 0.00335495670636495
353, 0.00249844304441164
354, 0.00943905425568422
355, 0.00939586696525415
356, 0.00937321595847607
357, 0.0095743943626682
358, 0.0102483706238369
359, 0.0107700020695726
360, 0.0111818951554596
361, 0.0110896631764869
362, 0.0108375221801301
363, 0.00976324096942941
364, 0.00999238326524695
365, 0.0105148142514129
366, 0.0109878427659472
367, 0.0111367244583865
368, 0.0100934370420873
369, 0.00978216265017788
370, 0.0104340141018232
371, 0.00993296612674991
372, 0.00944152691711982
373, 0.00901225799073776
374, 0.00730279749259353
375, 0.00766080485967298
376, 0.0078442875140657
377, 0.00806894324099024
378, 0.00836062664166093
379, 0.00879807009672125
380, 0.0156728996274372
381, 0.0114252432249486
382, 0.0127850390660266
383, 0.0208023130893707
384, 0.0164317042965974
385, 0.00421803050267044
386, 0.0123675565368363
387, 0.00764626078307629
388, 0.00199038130231202
389, 0.00730527479511996
390, 0.00699352100491524
391, 0.00637910282239318
392, 0.00553282800440987
393, 0.00448112682594607
394, 0.00738955118382971
395, 0.00763038142273823
396, 0.00751809023010234
397, 0.00763324329939981
398, 0.00759005181801816
399, 0.00759635423310101
400, 0.00751545008582373
401, 0.00598347280174494
402, 0.00721692581040164
403, 0.00671535458726188
404, 0.00501744806145628
405, 0.00952731445431709
406, 0.0101591208949685
407, 0.0106014288030565
408, 0.0109672859931986
409, 0.0110662820128103
410, 0.00976804721479615
411, 0.00951183090607325
412, 0.00945031254862746
413, 0.00945315013329188
414, 0.00961933610960841
415, 0.0110652417254945
416, 0.0108038343799611
417, 0.00995112862437963
418, 0.0103806041491528
419, 0.010384609301885
420, 0.0106978706705074
421, 0.0109436366086205
422, 0.00750808588539561
423, 0.00850404861072699
424, 0.007943609651799
425, 0.00738426817891498
426, 0.00819142783681552
427, 0.00890264101326466
428, 0.0104834871987502
429, 0.00971241239458323
430, 0.0121871413042148
431, 0.0101497201249003
432, 0.00950156857392618
433, 0.00742405287123152
434, 0.00778407339627544
435, 0.00778876144128541
436, 0.00705046035970251
437, 0.00774115129994849
438, 0.0075510204769671
439, 0.00723868437732259
440, 0.00766237375016014
441, 0.0074082820986708
442, 0.00775807498333355
443, 0.00685740665843089
444, 0.00767906219698489
445, 0.00669074392256637
446, 0.00657916728717585
447, 0.00649489485658705
448, 0.010879921913147
449, 0.009586318085591
450, 0.00967626196021835
451, 0.0094595270541807
452, 0.00955039821565151
453, 0.00983563391491771
454, 0.0100258779712021
455, 0.0111898902493219
456, 0.0113197597675025
457, 0.0113214772815506
458, 0.00940112893780073
459, 0.0102436584420502
460, 0.0109787519710759
461, 0.0111592809359233
462, 0.00937416885669033
463, 0.0107329070257644
464, 0.0104827739608785
465, 0.00949216447770596
466, 0.00773492525331676
467, 0.00825380363191167
468, 0.00856953564410408
469, 0.00895664359753331
470, 0.00756122102029622
471, 0.0111203983736535
472, 0.0137643730267882
473, 0.00937223061919212
474, 0.0117760272696614
475, 0.00931255399648632
476, 0.0076221382090201
477, 0.00764696889867385
478, 0.00782282029589017
479, 0.00812925623419384
480, 0.0079711004315565
481, 0.00789340787256757
482, 0.00773617144053181
483, 0.00789247849024832
484, 0.00799804165338477
485, 0.00798342990068098
486, 0.00794870460716387
487, 0.00781788839958608
488, 0.00766375870443881
489, 0.00986690322558085
490, 0.0101154850174983
491, 0.00926379191999634
492, 0.00923687312752008
493, 0.0117796465444068
494, 0.011898237435768
495, 0.0114923889438311
496, 0.00940028764307499
497, 0.0093181828657786
498, 0.00951537117362022
499, 0.0096687243009607
500, 0.0104155354201794
501, 0.011132444255054
502, 0.010758882543693
503, 0.00757522284984589
504, 0.00937086933602889
505, 0.00931673068553209
506, 0.00799685188879569
507, 0.00640192478895187
508, 0.00892027715841929
509, 0.00857444728414218
510, 0.00776848582816975
511, 0.0129799662778775
512, 0.00917365420609713
513, 0.00867196017255386
514, 0.0083728473012646
515, 0.00935726360018764
516, 0.00818404142877885
517, 0.0082345373618106
518, 0.00823136496668061
519, 0.00822518408919374
520, 0.00821877736598253
521, 0.00819744744027654
522, 0.00818159633005659
523, 0.00817764185679456
524, 0.00823394084970156
525, 0.0090386502755185
526, 0.00968472737198075
527, 0.00905580508212248
528, 0.00999146156633894
529, 0.00946013334517678
530, 0.0124538728435125
531, 0.00930007531618079
532, 0.00911225580299894
533, 0.00918906833976507
534, 0.0118910277572771
535, 0.0103828174372514
536, 0.0108423565203945
537, 0.00919556136553486
538, 0.0113510059503218
539, 0.0125070050358772
540, 0.00844856856080393
541, 0.00824744394049048
542, 0.00889095624110528
543, 0.00849135072591404
544, 0.0140587251322965
545, 0.0112413627405961
546, 0.0131715134096642
547, 0.00962285526717702
548, 0.00914905561755101
549, 0.00885807552064458
550, 0.00843022465705872
551, 0.0086872762379547
552, 0.00853302516043186
553, 0.00874530776802983
554, 0.0084465004503727
555, 0.00946226979916294
556, 0.00920133230586847
557, 0.0085478595768412
558, 0.00852779811248183
559, 0.00850618056332072
560, 0.00859346489111582
561, 0.0088084254724284
562, 0.00903036057328185
563, 0.00984406641994913
564, 0.00892203735808531
565, 0.00900629054134091
566, 0.00801249630749226
567, 0.00885436699415247
568, 0.0121391420252621
569, 0.0103516862727702
570, 0.0108484543549518
571, 0.0114604510987798
572, 0.00990236333260934
573, 0.00851168918112914
574, 0.00870140781626105
575, 0.00882383305579424
576, 0.010601496634384
577, 0.0113162373503049
578, 0.0102456647902727
579, 0.0121302733508249
580, 0.0105785008830329
581, 0.0129517043630282
582, 0.0127895867452025
583, 0.0076031235124295
584, 0.0118861616744349
585, 0.00968506187200546
586, 0.0108232470229268
587, 0.0111704505980015
588, 0.011786883076032
589, 0.0129700542117159
590, 0.0156820899186035
591, 0.0112388210060696
592, 0.0110681609561046
593, 0.0108671424289544
594, 0.0106426705606282
595, 0.0104035621819397
596, 0.0101626358615855
597, 0.00993487828721603
598, 0.00974027269209425
599, 0.00615177831302087
600, 0.00660814414732158
601, 0.00719230125347773
602, 0.00781310512684286
603, 0.00843844842165709
604, 0.00902444108699759
605, 0.00953852323194345
606, 0.00996413097406427
607, 0.0102998365958532
608, 0.010554915604492
609, 0.0107449633069336
610, 0.0108894499329229
611, 0.0110099099886914
612, 0.0111284616092841
613, 0.0112694012932479
614, 0.011453370253245
615, 0.00517808234629532
616, 0.00467808963730931
617, 0.00403481426959236
618, 0.00324429920874536
619, 0.00248506589559838
620, 0.00190736157819629
621, 0.0160994147881866
622, 0.00431519138510339
623, 0.010611776728183
624, 0.0137563605925867
625, 0.00993614612768094
626, 0.0111213012908896
627, 0.0103546275446812
628, 0.0104684134324392
629, 0.010244590540727
630, 0.0101141212508082
631, 0.0115974059638878
632, 0.0124071445316076
633, 0.0204951465129852
634, 0.00751867424696684
635, 0.00881546223536134
636, 0.0102114944408337
637, 0.0111779531774422
638, 0.00688630590836207
639, 0.00937593728303909
640, 0.00984270917251706
641, 0.0106958732940257
642, 0.0104907010681927
643, 0.00818318609769146
644, 0.0108459925589462
645, 0.0109621961601079
646, 0.0110666486434639
647, 0.0113771357573569
648, 0.0105880211728315
649, 0.011479664593935
650, 0.0109332582602898
651, 0.0102057306406399
652, 0.0115617075935006
653, 0.0107694771140814
654, 0.0103961682567994
655, 0.0100281081783275
656, 0.0110737377156814
657, 0.00555762997828424
658, 0.00526062104230126
659, 0.00492836375876019
660, 0.00461340497713536
661, 0.0057993046939373
662, 0.00558172189630568
663, 0.0113397903208222
664, 0.0106318650456766
665, 0.0104909306392074
666, 0.0102536970128616
667, 0.0103727836782734
668, 0.0121018465918799
669, 0.0115225091576576
670, 0.0128730987198651
671, 0.00862184120342135
672, 0.00924736183757583
673, 0.0110197411850095
674, 0.0104618809806804
675, 0.00791756343096495
676, 0.0109339946260055
677, 0.0108266000946363
678, 0.00716815795749426
679, 0.010675896735241
680, 0.0111072960620125
681, 0.00976153866698345
682, 0.0101629553052286
683, 0.0108261313289404
684, 0.00624645867251924
685, 0.00989124671156917
686, 0.0111862276680768
687, 0.0109803543115656
688, 0.0108674589234094
689, 0.0107331027587255
690, 0.0102576222270727
691, 0.0105820751438538
692, 0.0104185415742298
693, 0.0112803111163278
694, 0.00587803040010234
695, 0.00643643115957578
696, 0.00640922466603418
697, 0.00608991800496976
698, 0.0101112533981601
699, 0.0102958224181618
700, 0.0124297202564776
701, 0.0108706328707437
702, 0.0106842919873695
703, 0.0105423474063476
704, 0.0104214074090123
705, 0.0119156494426231
706, 0.0104779459846516
707, 0.0106948972679675
708, 0.0110501518162588
709, 0.0109965389904877
710, 0.00914488422373931
711, 0.00841333018615842
712, 0.0108378295165797
713, 0.0109323508416613
714, 0.00761065531211595
715, 0.0101620691517989
716, 0.00972400279715657
717, 0.00658059017732739
718, 0.0111987145617604
719, 0.0111348348048826
720, 0.0101170036941767
721, 0.0110702896490693
722, 0.0104469903744757
723, 0.0106037567990522
724, 0.0107378133883079
725, 0.0108521829048793
726, 0.0109440642409027
727, 0.0111279105767608
728, 0.00668899641771402
729, 0.00651017281537255
730, 0.00755624170415103
731, 0.00661884465565284
732, 0.00592045970261097
733, 0.00957156084477901
734, 0.0135171550459095
735, 0.0114814822251598
736, 0.0104849038645625
737, 0.0111556785802046
738, 0.0121350204572082
739, 0.0109191668840746
740, 0.010743272335579
741, 0.0105998252208034
742, 0.01076059245194
743, 0.0105474609881639
744, 0.0108882708785435
745, 0.0110180121181267
746, 0.0109580379600326
747, 0.0109953011075656
748, 0.00812693246241127
749, 0.00906165642663836
750, 0.010216219505916
751, 0.0097345804485182
752, 0.0114796301349998
753, 0.0110089100586871
754, 0.0129348332993686
755, 0.0106465646198818
756, 0.010951209658136
757, 0.0107686414072911
758, 0.0108765284530818
759, 0.00734895165078342
760, 0.00806759196954469
761, 0.00676139621064067
762, 0.0088954734771202
763, 0.00892593871269907
764, 0.0114266439341009
765, 0.0111600703870257
766, 0.0108814390065769
767, 0.010951538104564
768, 0.010981897978733
769, 0.010787980320553
770, 0.010679613177975
771, 0.0110218091867864
772, 0.011011166870594
773, 0.0110212971145908
774, 0.0103374201183518
775, 0.00902492692694068
776, 0.00981574334825079
777, 0.0110545121133327
778, 0.0117603768594563
779, 0.0109933662849168
780, 0.00723361214622855
781, 0.00899653682219131
782, 0.0108133379369974
783, 0.0109938068004946
784, 0.0109214723731081
785, 0.0124984704889357
786, 0.0109739975693325
787, 0.0110221195167729
788, 0.010678278747946
789, 0.0115947080776095
790, 0.0113488011993468
791, 0.0111276207802196
792, 0.011133650628229
793, 0.01106861870115
794, 0.0111186572661002
795, 0.011080095389237
796, 0.0108933734397093
797, 0.0118487430736423
798, 0.0105601080382864
799, 0.0100084589794278
800, 0.0120640786675115
801, 0.0110791902989149
802, 0.0124809400045446
803, 0.0115749537944794
804, 0.0114206277454893
805, 0.0112517772552868
806, 0.0110727841034532
807, 0.0113283890920381
808, 0.0112558264906208
809, 0.0113333202898502
810, 0.0111514955448608
811, 0.0116796424612403
812, 0.0109491976909339
813, 0.0112064648419619
814, 0.0108933253213763
815, 0.011668023498108
816, 0.0103307908090452
817, 0.0113253115365903
818, 0.00946609228849411
819, 0.0115999062545598
820, 0.0120482564282914
821, 0.008219541516155
822, 0.0135597519110888
823, 0.00717998913023621
824, 0.00199449528008699
825, 0.00961697318901618
826, 0.0108476630412042
827, 0.0112038572939734
828, 0.0118211475200951
829, 0.011610577814281
830, 0.0129903214983642
831, 0.0156539546636244
832, 0.0203216318041086
833, 0.00432247770368122
834, 0.0158119043335319
835, 0.00627399041938285
836, 0.00578101840801537
837, 0.0051505120160679
838, 0.00436324288602918
839, 0.00343183462973684
840, 0.00258709360302115
841, 0.00924866506829858
842, 0.00897146031881372
843, 0.00873834127560258
844, 0.0085286971492072
845, 0.00833342969417572
846, 0.00814866228029132
847, 0.00797376548871398
848, 0.00780979792277018
849, 0.00765944016166031
850, 0.00752573856152594
851, 0.00741289750051995
852, 0.00732399841460089
853, 0.00726347439922392
854, 0.0100911585614085
855, 0.0102250291965902
856, 0.0103366528637707
857, 0.0104218519603213
858, 0.0104797187571724
859, 0.0105123847412566
860, 0.0105246677994728
861, 0.0105236627471944
862, 0.0105185735349854
863, 0.0105210274147491
864, 0.0105458428151906
865, 0.0106129026971757
866, 0.0107511443396409
867, 0.0109950518235564
868, 0.0113448849879205
869, 0.0117421600346764
870, 0.00665559751602511
871, 0.00565193213211993
872, 0.00471601755513499
873, 0.00649113565062483
874, 0.00731912922735016
875, 0.00716378066378335
876, 0.00694670163405438
877, 0.00747674998516838
878, 0.00749179068952799
879, 0.0074743350657324
880, 0.00743053558592995
881, 0.00736431226444741
882, 0.00729765919968486
883, 0.00610504710736374
884, 0.00516553029107551
885, 0.0099426256492734
886, 0.00943977888673544
887, 0.0104885402445992
888, 0.0110458900841574
889, 0.00964737854277094
890, 0.00978997784356276
891, 0.0104359295219183
892, 0.0106050168784956
893, 0.0105737514483432
894, 0.0105589932451646
895, 0.0102702351287007
896, 0.0103628090582788
897, 0.0105223014640311
898, 0.0105412006378174
899, 0.0105510155359904
900, 0.0106626246124506
901, 0.0107557992450893
902, 0.0108885262161493
903, 0.0138532125080625
904, 0.0106253451667726
905, 0.0111783241542677
906, 0.0103442664258182
907, 0.0104703617592653
908, 0.0100750490091741
909, 0.0116695750815173
910, 0.0124786216765642
911, 0.00960355764254928
912, 0.00743606857334574
913, 0.00769497578342756
914, 0.00803708362703522
915, 0.00864882627502084
916, 0.00843330627928177
917, 0.00913191291814049
918, 0.0101346148488422
919, 0.0108512857928872
920, 0.00942099140956998
921, 0.00785778206773102
922, 0.0082296566106379
923, 0.00887922678763668
924, 0.00755086106558641
925, 0.00735421591837491
926, 0.00976244852479015
927, 0.0109703735049282
928, 0.0070585854506741
929, 0.00742131262086332
930, 0.00739094560655455
931, 0.00749736830281715
932, 0.00753929714361827
933, 0.00755588718069096
934, 0.0074340112041682
935, 0.00725089106708765
936, 0.00680977587277691
937, 0.00689852330833673
938, 0.00704938033595681
939, 0.0100438906811178
940, 0.00953480678920945
941, 0.00992523273453116
942, 0.0105738358882566
943, 0.0107354582287371
944, 0.0106810398089389
945, 0.0105761126615107
946, 0.0106328530237079
947, 0.0105699808336794
948, 0.0106004144375523
949, 0.010582950587074
950, 0.010765073976169
951, 0.0105587748500208
952, 0.0104942686545352
953, 0.0104350003724297
954, 0.0105349278698365
955, 0.00680742141169806
956, 0.0101621244102716
957, 0.0106470432753364
958, 0.0102208810858428
959, 0.00988086685538292
960, 0.0104818887387713
961, 0.0116240602607528
962, 0.0108637500864764
963, 0.00978770122552911
964, 0.00924993678927422
965, 0.00954019216199716
966, 0.00898638941968481
967, 0.00851035940771302
968, 0.00874114331478874
969, 0.00829116441309452
970, 0.0080832423021396
971, 0.00788953232889374
972, 0.00771386517832677
973, 0.00756058065841595
974, 0.0102509926073253
975, 0.00735893015128871
976, 0.00748342958589395
977, 0.00755628251603672
978, 0.0076145437390854
979, 0.00766571735342344
980, 0.00757728594665726
981, 0.00753939244896173
982, 0.00807739817537367
983, 0.00791519748357435
984, 0.00748549564741552
985, 0.0102650835178792
986, 0.0106214061379433
987, 0.010615521731476
988, 0.0101610367807249
989, 0.0105277094990015
990, 0.010586190658311
991, 0.0106020024977624
992, 0.0105725326575339
993, 0.0105571816675365
994, 0.010563684006532
995, 0.0105643823432426
996, 0.0105672928815087
997, 0.0109100268843273
998, 0.0106136587758859
999, 0.00982143543660641
1000, 0.0107466096058488
1001, 0.0105870088251928
1002, 0.0106874140910804
1003, 0.0101907472126186
1004, 0.0100196106359363
1005, 0.0103382533416152
1006, 0.00745782181620598
1007, 0.00721049432953199
1008, 0.0103576340091725
1009, 0.00986745348200202
1010, 0.0112066970517238
1011, 0.00880852745225032
1012, 0.00789574913990994
1013, 0.00961762775356571
1014, 0.00856571939463417
1015, 0.00833255440617601
1016, 0.00810710402826468
1017, 0.00906199341018995
1018, 0.00933064303050439
1019, 0.00771118079622587
1020, 0.010346807539463
1021, 0.0122316695439319
1022, 0.00688885043685635
1023, 0.0131003027781844
1024, 0.00784862134605646
1025, 0.0126650268211961
1026, 0.00767669252430399
1027, 0.00786523513185481
1028, 0.0112270259608825
1029, 0.00788501890686651
1030, 0.00778005613634984
1031, 0.00769132766872644
1032, 0.00768658984452486
1033, 0.0104690057535966
1034, 0.010680065335085
1035, 0.0076404579449445
1036, 0.0103816857251028
1037, 0.00896606842676798
1038, 0.0106415331053237
1039, 0.0105582079850137
1040, 0.0107088765750329
1041, 0.0105993974333008
1042, 0.0105196506095429
1043, 0.0102778138326747
1044, 0.0104008484631777
1045, 0.0104834724528094
1046, 0.0104464820275704
1047, 0.0109445756922166
1048, 0.0100563519323866
1049, 0.0103483898565173
1050, 0.0107204752663771
1051, 0.0105066954468687
1052, 0.00842694488043586
1053, 0.00993345056970914
1054, 0.00885454347978036
1055, 0.00809807780509194
1056, 0.0105391385344168
1057, 0.00786099187098444
1058, 0.00911459000781178
1059, 0.0096638825101157
1060, 0.00938072055578232
1061, 0.00860033680995305
1062, 0.00835066754370928
1063, 0.00785560075504084
1064, 0.0115943018657466
1065, 0.0120712635107338
1066, 0.00725742157859107
1067, 0.0138017614372075
1068, 0.0101710023092372
1069, 0.00996555648744106
1070, 0.0123417698778212
1071, 0.00849172721306483
1072, 0.0103656057268381
1073, 0.00837511289864779
1074, 0.00789314461871982
1075, 0.00788339468029638
1076, 0.00829942400256793
1077, 0.0106956418603659
1078, 0.0107641845631103
1079, 0.0112151801586151
1080, 0.0105928041351338
1081, 0.0078553215910991
1082, 0.0106636984273791
1083, 0.0106210609277089
1084, 0.0105468259813885
1085, 0.0104761199715237
1086, 0.0115346206972996
1087, 0.0078944507210205
1088, 0.00941907055675983
1089, 0.0104073099792004
1090, 0.0101932439953089
1091, 0.0102608806143204
1092, 0.0103369172041615
1093, 0.0105221997946501
1094, 0.0102719565232595
1095, 0.0108199999667704
1096, 0.0107189499152203
1097, 0.00994733457143108
1098, 0.0102176103740931
1099, 0.0107068071762721
1100, 0.00914776402836045
1101, 0.0080455592168229
1102, 0.00941327804078658
1103, 0.00834301393479109
1104, 0.00888141834487518
1105, 0.00967365844796101
1106, 0.00861392077058554
1107, 0.0119214276783168
1108, 0.00867560567955176
1109, 0.0131483009705941
1110, 0.00908876156123976
1111, 0.0105101366394332
1112, 0.0100921730821331
1113, 0.0120688704773784
1114, 0.0101941432803869
1115, 0.00921817636117339
1116, 0.00897136144340038
1117, 0.0131632938670615
1118, 0.00878910534083843
1119, 0.0107658969548841
1120, 0.00819192392130693
1121, 0.00809933943673968
1122, 0.00814422887439529
1123, 0.0114399824912349
1124, 0.0106539446860552
1125, 0.0107282496367892
1126, 0.0107940672896802
1127, 0.0105409775860608
1128, 0.0104323496731619
1129, 0.0103303419115643
1130, 0.00824376102536917
1131, 0.0102277239784598
1132, 0.00998456230653184
1133, 0.0101283094845712
1134, 0.0108689094583193
1135, 0.0126976054161787
1136, 0.011746834187458
1137, 0.0108442758210003
1138, 0.0109512222309907
1139, 0.0108542726375163
1140, 0.00955790700390935
1141, 0.00943449667344491
1142, 0.00969978359838327
1143, 0.00916842976585031
1144, 0.00860674136007825
1145, 0.00889309030026197
1146, 0.0100269469742974
1147, 0.0117836236022413
1148, 0.0106496370087067
1149, 0.0127853762047986
1150, 0.00958906145145496
1151, 0.00993353066345056
1152, 0.00931637020160755
1153, 0.010697608658423
1154, 0.0109221945915903
1155, 0.00856378100191553
1156, 0.00846647859240572
1157, 0.0105426252509157
1158, 0.0108527868675689
1159, 0.0103906788863242
1160, 0.0115556612921258
1161, 0.0102460837612549
1162, 0.0101277416882416
1163, 0.00865725458910068
1164, 0.00997231288680009
1165, 0.0123201546569665
1166, 0.0109872760561605
1167, 0.00832699875657757
1168, 0.0109590681580206
1169, 0.0111729226385554
1170, 0.00970467614630858
1171, 0.00945145078003407
1172, 0.00888095769499029
1173, 0.00918616183723013
1174, 0.0103725478984416
1175, 0.0110106393694878
1176, 0.0110267330892384
1177, 0.0083815143443644
1178, 0.0107056695967913
1179, 0.0113869213188688
1180, 0.0120643617895742
1181, 0.00869602554788192
1182, 0.011517448661228
1183, 0.0101448534987867
1184, 0.0122572478971311
1185, 0.00981888656194011
1186, 0.0105484418260554
1187, 0.008962400102367
1188, 0.0107487180891136
1189, 0.00884382473304868
1190, 0.0105350346614917
1191, 0.0103553988349934
1192, 0.0109219381896158
1193, 0.0101617638332148
1194, 0.010011985587577
1195, 0.00909958686679602
1196, 0.0119612532046934
1197, 0.0110010635107756
1198, 0.00974124437198043
1199, 0.0113119787226121
1200, 0.00947081747775277
1201, 0.00919955391436815
1202, 0.0111705105130871
1203, 0.0111451764990176
1204, 0.00990433301776648
1205, 0.00992600657045841
1206, 0.00905400204161803
1207, 0.0120048485696316
1208, 0.0115823574985067
1209, 0.0102455811575055
1210, 0.0105838052307566
1211, 0.00931428372859955
1212, 0.00856753587722778
1213, 0.0105615303230782
1214, 0.0103215035051107
1215, 0.0100845516038438
1216, 0.00954150749991337
1217, 0.0109489061869681
1218, 0.0116243211862942
1219, 0.0113472673775894
1220, 0.0110084321349859
1221, 0.00981812059347119
1222, 0.0120916243642569
1223, 0.00942825541521112
1224, 0.011348460180064
1225, 0.011117234826088
1226, 0.0105848667832712
1227, 0.00964258285239339
1228, 0.0102929466714462
1229, 0.0100187176528076
1230, 0.00994197574133674
1231, 0.0115456501288073
1232, 0.0112944432933416
1233, 0.00929207208433322
1234, 0.011287200730294
1235, 0.0108190936346849
1236, 0.0110868589642147
1237, 0.00973846670240164
1238, 0.0109654619979362
1239, 0.0136054845526814
1240, 0.0111199695616961
1241, 0.0084189479239285
1242, 0.0109129602399965
1243, 0.0113384542986751
