1, 0.00634221453219652
2, 0.0162440338172019
3, 0.00158075720537454
4, 0.00606758566573262
5, 0.00765563175082207
6, 0.00999155826866627
7, 0.00536515237763524
8, 0.00156766394502483
9, 0.0157626883592457
10, 0.00643143663182855
11, 0.0076917321421206
12, 0.0100864563137293
13, 0.00656542244056861
14, 0.00685172093411287
15, 0.00703484859938423
16, 0.00717309350147843
17, 0.00730101290779809
18, 0.0074507399306943
19, 0.00767674584252139
20, 0.00809589331038296
21, 0.00905299714456002
22, 0.0114931204977135
23, 0.0144565940524141
24, 0.00925079345082243
25, 0.00461267175463339
26, 0.00236890057567507
27, 0.00157934817252681
28, 0.00270883362585058
29, 0.00368737305204074
30, 0.00440629292279482
31, 0.00491200558220347
32, 0.00527083920314908
33, 0.0055265777433912
34, 0.00571023176113764
35, 0.00584251456893981
36, 0.00593756667027871
37, 0.00600312960644563
38, 0.00604646598609785
39, 0.0060707867378369
40, 0.00608912653600176
41, 0.00615022797137499
42, 0.0062463553622365
43, 0.00636418629437685
44, 0.00649662269279361
45, 0.0066383679707845
46, 0.00678362961237629
47, 0.00692769822975
48, 0.00706735408554475
49, 0.00720121075088779
50, 0.0073302381982406
51, 0.00745671071733038
52, 0.00758131500333548
53, 0.0076189087703824
54, 0.00764421016598741
55, 0.00765726839502652
56, 0.00767414054522912
57, 0.00768785504624248
58, 0.00769092297802369
59, 0.0076769123164316
60, 0.0076385117135942
61, 0.00756876434509953
62, 0.00746334483847022
63, 0.00732209223012129
64, 0.00715124265601238
65, 0.00696228677406907
66, 0.00676757842302322
67, 0.00658397578323881
68, 0.00652041845023632
69, 0.00647533277515322
70, 0.00648737776403626
71, 0.00661935626218716
72, 0.0067657974238197
73, 0.00691086131458481
74, 0.00703762052580714
75, 0.0071348372536401
76, 0.00719907460734248
77, 0.00723333594699701
78, 0.00724598703285058
79, 0.0072495414254566
80, 0.0072608928506573
81, 0.007303805090487
82, 0.00741690319652359
83, 0.00767233067502578
84, 0.00828697749723991
85, 0.00880623003467917
86, 0.0086010149680078
87, 0.00720349512994289
88, 0.00670515621701876
89, 0.00641518644988537
90, 0.00621336046606302
91, 0.00605048332363367
92, 0.00590967216218511
93, 0.00578471350794037
94, 0.00567339081317186
95, 0.00557471470286449
96, 0.00549130172779163
97, 0.00543019222095609
98, 0.00539190042763948
99, 0.00539785646833479
100, 0.00546791319114466
101, 0.0055316649377346
102, 0.00558086546758811
103, 0.00561084023987253
104, 0.00561355620933076
105, 0.00557866630454858
106, 0.00549470485808949
107, 0.00534671156977614
108, 0.00511386237728099
109, 0.00476614766133328
110, 0.00426387476424376
111, 0.0035543298193564
112, 0.00260316394269466
113, 0.00152552413055673
114, 0.00241202399289856
115, 0.0048234712642928
116, 0.00940679991617799
117, 0.0148902740329504
118, 0.0113110697517792
119, 0.00901797786355019
120, 0.00812285238256057
121, 0.00771091567973296
122, 0.00749096018262208
123, 0.0073532258781294
124, 0.00724699045531452
125, 0.00714488381830355
126, 0.00702637565943102
127, 0.00686644731710355
128, 0.00662101292982697
129, 0.00658354454208165
130, 0.006635006206731
131, 0.00678513028348486
132, 0.00694752220685283
133, 0.00711312719310323
134, 0.00726766341055433
135, 0.00740104075521231
136, 0.00750751172502836
137, 0.00758569904913505
138, 0.00763771108662089
139, 0.00766747274125616
140, 0.00768073555082083
141, 0.00768288488810261
142, 0.00768015300855041
143, 0.00767666815469662
144, 0.00765547691844404
145, 0.0076208667208751
146, 0.00750518636777997
147, 0.00739079605167111
148, 0.00727575675894817
149, 0.00715741468593478
150, 0.00703377602621913
151, 0.00690347452958425
152, 0.00676739867776632
153, 0.00662816781550646
154, 0.00649050297215581
155, 0.00636092930411299
156, 0.00624471064656973
157, 0.00614975858479738
158, 0.00608923053368926
159, 0.00236707549386968
160, 0.00454995144779484
161, 0.00917818335195382
162, 0.0144298458471894
163, 0.0145651493221521
164, 0.00930947298184037
165, 0.00460811075754464
166, 0.00234568227703373
167, 0.00538870668970048
168, 0.00542248257746299
169, 0.00547870822871725
170, 0.00555590136597554
171, 0.0056471509548525
172, 0.00574920543779929
173, 0.00586145961036285
174, 0.00598442414775491
175, 0.00612033903598785
176, 0.00627705936009685
177, 0.00647298184533914
178, 0.00675861801331242
179, 0.00725482280055682
180, 0.00867464377855261
181, 0.00888272072188556
182, 0.00834428301701943
183, 0.00770661855737368
184, 0.0074363062158227
185, 0.00731003439674775
186, 0.00725179119035602
187, 0.00722370700289806
188, 0.00720362784340978
189, 0.00717706869666775
190, 0.00713406937817733
191, 0.00706855952739716
192, 0.00698017561808228
193, 0.00687378132715821
194, 0.00675822623694936
195, 0.00664253734673063
196, 0.00654013237605492
197, 0.00653902860358357
198, 0.00386436624518995
199, 0.00169429399538785
200, 0.00521752812589208
201, 0.00677735265344381
202, 0.00760310174276431
203, 0.00791632422866921
204, 0.00851334833229581
205, 0.0105451137448351
206, 0.00981290172785521
207, 0.012681740646561
208, 0.00708180964769175
209, 0.00567794172093272
210, 0.00548391874569158
211, 0.00484777816260854
212, 0.00433516094926745
213, 0.00366272614337504
214, 0.00271520804380998
215, 0.00751673686318099
216, 0.007396587713932
217, 0.00726926505255202
218, 0.00713872707759341
219, 0.00700185618673762
220, 0.00685961552274724
221, 0.00671391491778195
222, 0.0065686881231765
223, 0.0064291007972012
224, 0.00630146102048457
225, 0.00619028795820971
226, 0.00610978839298089
227, 0.00749008536028365
228, 0.00755824645360311
229, 0.007599231088534
230, 0.0076180420195063
231, 0.00762053811922669
232, 0.00761193044794102
233, 0.00759688920030991
234, 0.00758453171389798
235, 0.00636162833931545
236, 0.0065019567652295
237, 0.00694254219221572
238, 0.00708193611353636
239, 0.00679740325237314
240, 0.0066491150452445
241, 0.00623777159489691
242, 0.00733776289659242
243, 0.007214652451997
244, 0.00741079798899591
245, 0.00726748358768721
246, 0.00789769963982205
247, 0.00713557594766219
248, 0.00833902135491371
249, 0.00739241507835686
250, 0.00752061069943011
251, 0.00750291417352855
252, 0.00749692654547592
253, 0.00753419318546851
254, 0.00748857979973157
255, 0.00712422762687008
256, 0.00726788793690503
257, 0.00752417851860325
258, 0.00753153526845078
259, 0.0058198490490516
260, 0.00592300326873859
261, 0.00542541034519672
262, 0.00519720775385698
263, 0.00509426190650889
264, 0.00576268578879535
265, 0.00599762083341678
266, 0.0049568578057612
267, 0.00604524090886116
268, 0.00606989348307252
269, 0.00561327665733794
270, 0.00920052671184142
271, 0.00732601347512433
272, 0.00612218804391367
273, 0.00747407041490078
274, 0.00698180077597499
275, 0.00905328228448828
276, 0.00617511747404933
277, 0.00674027522715429
278, 0.0068899344963332
279, 0.00703258944364886
280, 0.00716747910094758
281, 0.00658635507958631
282, 0.00729524033764998
283, 0.00643270912890633
284, 0.00628388882614672
285, 0.00761901106064518
286, 0.00727196464625498
287, 0.00826592681308587
288, 0.00742615976681312
289, 0.00744790025055408
290, 0.00697008729912341
291, 0.00668452326208353
292, 0.00681983780426284
293, 0.00728320291576286
294, 0.00748600461520255
295, 0.00744437465133766
296, 0.00741820720334848
297, 0.00746757288773855
298, 0.00738295041290777
299, 0.00749567259723942
300, 0.00737557855124275
301, 0.00588031850444774
302, 0.00603895424865186
303, 0.00608719691323737
304, 0.0059855196159333
305, 0.00593631520556907
306, 0.00595141466086109
307, 0.00590988582310577
308, 0.00597325502894819
309, 0.00758521361276507
310, 0.00712756331389149
311, 0.00694271270185709
312, 0.00618474684389574
313, 0.0100389945631226
314, 0.0072792189506193
315, 0.00876542568827669
316, 0.00651967129670084
317, 0.00668641560090085
318, 0.00725206228283544
319, 0.00712981750257313
320, 0.00635701860301197
321, 0.00684414594434202
322, 0.00699195979783932
323, 0.00790326964731018
324, 0.00739602921530604
325, 0.00744761813742419
326, 0.00764259905554354
327, 0.00717809159929554
328, 0.00749060635765394
329, 0.00738736148923635
330, 0.00732747539877892
331, 0.00734938719930748
332, 0.00705357811724146
333, 0.0074653976286451
334, 0.00742944896531602
335, 0.00741765935284396
336, 0.00747306481935084
337, 0.00603998025568823
338, 0.00658238089332978
339, 0.00614032925417026
340, 0.0060959622108688
341, 0.00632950143578152
342, 0.00641338534963628
343, 0.007138292491436
344, 0.00744997818643848
345, 0.00852931725482146
346, 0.00643440638668835
347, 0.00662903542009493
348, 0.00723456338580166
349, 0.00709693692624569
350, 0.00680562349346777
351, 0.00696191587485373
352, 0.00817391866197189
353, 0.00763729773461819
354, 0.00734808117461701
355, 0.00690758399044474
356, 0.00753032540281614
357, 0.00787224162680407
358, 0.00728655055475732
359, 0.00753076397813857
360, 0.00750939307423929
361, 0.00734175120790799
362, 0.00727012001776269
363, 0.00627745473757386
364, 0.00741544730650882
365, 0.00629398894185821
366, 0.00631498678454331
367, 0.00628979162623485
368, 0.00696463906206191
369, 0.00674559307905535
370, 0.00742947328835726
371, 0.00759836585660066
372, 0.00831032544374466
373, 0.00886848398173849
374, 0.00656101239534716
375, 0.00676706549711525
376, 0.0070919597055763
377, 0.00695170997641981
378, 0.00730148865841329
379, 0.00623724570808311
380, 0.00780765510474642
381, 0.00749720035431286
382, 0.00761248652512829
383, 0.00756009466325243
384, 0.00718848742544651
385, 0.00749210741681357
386, 0.00722400246498485
387, 0.00730989888931314
388, 0.00660965715845426
389, 0.00804079261918863
390, 0.00652960990555584
391, 0.00716665138800939
392, 0.00927047152072191
393, 0.00773958917707205
394, 0.00670897035992571
395, 0.00693529145792127
396, 0.00713210233620235
397, 0.00852945198615392
398, 0.00745133077725768
399, 0.00763210918133457
400, 0.00764763681218028
401, 0.00806508135671417
402, 0.00776698836125433
403, 0.00742338264050583
404, 0.00747321220114827
405, 0.00753918515207867
406, 0.00694892384732763
407, 0.0078861138317734
408, 0.00647260183468461
409, 0.00679865541557471
410, 0.00774350848847202
411, 0.00884975461910168
412, 0.00838055195552962
413, 0.00821367589135965
414, 0.00785689863065878
415, 0.00760195000718037
416, 0.0075159624684602
417, 0.00786931137554348
418, 0.00744349897528688
419, 0.00725552470733722
420, 0.00710349576547742
421, 0.00706024110938112
422, 0.00691970679908991
423, 0.00703003220260143
424, 0.00789691358804703
425, 0.0078609974921814
426, 0.00773629527539015
427, 0.00821081511676311
428, 0.00728799767481784
429, 0.00747657062796255
430, 0.00727819177942971
431, 0.00770302054782708
432, 0.00422274532805507
433, 0.00735692431529363
434, 0.0106243479863874
435, 0.00548837411527832
436, 0.00532456937556465
437, 0.00471809281346699
438, 0.00356384781965365
439, 0.0028150494908914
440, 0.00563574178765217
441, 0.00564419912795226
442, 0.00558726668047408
443, 0.00507616453493635
444, 0.00422163032150517
445, 0.00228014866782663
446, 0.00591984965528051
447, 0.00606587482616305
448, 0.00623198777126769
449, 0.00643005990423262
450, 0.00668661218757431
451, 0.00708524114452302
452, 0.00776163962048789
453, 0.00549174860740701
454, 0.00674206926487386
455, 0.00695703395952781
456, 0.00760967750102282
457, 0.00860072672367096
458, 0.00712304670984546
459, 0.00726376613602042
460, 0.00793972363074621
461, 0.0102339065633714
462, 0.0136278809979558
463, 0.00729506905190647
464, 0.00736917384589712
465, 0.00732037564739585
466, 0.0072497520595789
467, 0.00720623841819664
468, 0.00713972056594988
469, 0.00704864358219008
470, 0.00693779749174913
471, 0.00681865665440758
472, 0.00671060631672541
473, 0.00727604112277428
474, 0.00507881492376328
475, 0.00544089598891636
476, 0.00557647156529129
477, 0.00562147803915044
478, 0.00530527221659819
479, 0.00560638036889334
480, 0.00568483769893646
481, 0.00572409961993496
482, 0.00572973450956245
483, 0.00482377503067255
484, 0.00548172105724613
485, 0.00579049640024702
486, 0.00543591640889645
487, 0.0067947949282825
488, 0.00615186267532408
489, 0.00567568458306293
490, 0.00557560954863826
491, 0.00712252540203432
492, 0.00654169040111204
493, 0.0063331990968436
494, 0.00741154537536204
495, 0.00935305042990616
496, 0.00709633878432214
497, 0.00792068514662484
498, 0.00842265986527006
499, 0.00725978589616716
500, 0.00746329167547325
501, 0.00740341880979637
502, 0.00736349006183445
503, 0.00729571181970338
504, 0.00720567791722715
505, 0.00704276422038674
506, 0.00762387543606261
507, 0.00787122695085903
508, 0.00725941375518839
509, 0.00713218461411695
510, 0.00733924688150485
511, 0.00731977525477608
512, 0.00822987779974937
513, 0.00694896653294563
514, 0.00914474091093455
515, 0.00703980633988976
516, 0.00766969392342227
517, 0.00688016793823668
518, 0.00552288715594581
519, 0.00460500041178117
520, 0.00565928275076052
521, 0.00551498797722161
522, 0.00587039448631306
523, 0.00588837917894125
524, 0.00584460973429183
525, 0.00589114443088571
526, 0.00587526538098852
527, 0.00583009708983203
528, 0.00586806012627979
529, 0.00570646805378298
530, 0.00744276382029057
531, 0.00561218087871869
532, 0.00661791992994646
533, 0.00640520352559785
534, 0.00686002778820693
535, 0.00715388986282051
536, 0.00584957927154998
537, 0.00599098578095436
538, 0.00572284404188395
539, 0.007627851019303
540, 0.0072591548253383
541, 0.00831602979451418
542, 0.00742663629353046
543, 0.00746813866620262
544, 0.00767181666257481
545, 0.00737469395001729
546, 0.0073076532377551
547, 0.00737829250283539
548, 0.00724425492808223
549, 0.00738997966982424
550, 0.0073470597465833
551, 0.00736667991926273
552, 0.00715648809758325
553, 0.00737313235489031
554, 0.00755437416955829
555, 0.00661304090172052
556, 0.00742243090644479
557, 0.00449855563541253
558, 0.00604299106635153
559, 0.00578598321105043
560, 0.00608203917120894
561, 0.00613657431676984
562, 0.00619262216302256
563, 0.00626482822311421
564, 0.00559591144944231
565, 0.00584008389463027
566, 0.0063780031632632
567, 0.00656698714010417
568, 0.00792546601345142
569, 0.00575639014797551
570, 0.00689544870207707
571, 0.00604409507165353
572, 0.0071405591443181
573, 0.00666301262875398
574, 0.00589529347295562
575, 0.00621574209071696
576, 0.0074494657261918
577, 0.00706496266648173
578, 0.00765337042200069
579, 0.0074126982750992
580, 0.00746272589700917
581, 0.00744240342949827
582, 0.00735979247838259
583, 0.00738743296824396
584, 0.00736598918835322
585, 0.00743451450640957
586, 0.00746253489827116
587, 0.0074146706610918
588, 0.00744619740483661
589, 0.0056275837123394
590, 0.00570912263356149
591, 0.00644629821181297
592, 0.00595373458539446
593, 0.00689073520091673
594, 0.00634055576908092
595, 0.00656458782032132
596, 0.00644248568763336
597, 0.00602135085500777
598, 0.00673532191043099
599, 0.00698395678773522
600, 0.00625881327626606
601, 0.00714870854946119
602, 0.00607306448121866
603, 0.00689901830628514
604, 0.0059266128577292
605, 0.00821367014820377
606, 0.006453527448078
607, 0.00746165476739407
608, 0.0076432100807627
609, 0.00789832277223468
610, 0.00734963128343225
611, 0.00753151361520092
612, 0.00758381273287038
613, 0.00760453543625772
614, 0.0074647538519154
615, 0.00758674567831414
616, 0.00733793697630366
617, 0.00739711173810065
618, 0.00733459632222851
619, 0.00586251580777268
620, 0.00732418913394213
621, 0.00828762678429484
622, 0.0074425854254514
623, 0.00615775523086389
624, 0.00663243350572884
625, 0.0067750575641791
626, 0.00624303876732786
627, 0.0069519334162275
628, 0.00732543311702708
629, 0.00857640213022629
630, 0.00648143251116077
631, 0.00627865875139832
632, 0.00607140295739685
633, 0.00707504954189062
634, 0.0072028796809415
635, 0.0066915862262249
636, 0.00782714233112832
637, 0.00808085563282172
638, 0.00728244016257425
639, 0.00763946934603155
640, 0.00772474108574291
641, 0.00753178532856206
642, 0.00774038163945079
643, 0.00740900666763385
644, 0.00730706596126159
645, 0.00723411693858604
646, 0.00711610740316766
647, 0.00637621354932586
648, 0.00692956754937768
649, 0.00782016051622728
650, 0.00709101495643457
651, 0.00648554204963148
652, 0.00887544235835473
653, 0.00835425003121297
654, 0.00753573762873809
655, 0.00671143317595124
656, 0.00649023288860917
657, 0.00729317342241605
658, 0.00691620780465504
659, 0.00722354386622707
660, 0.00775811301233868
661, 0.00790213979780674
662, 0.00761956108423571
663, 0.00742342489372407
664, 0.00726905309905608
665, 0.00626873299479485
666, 0.00846822134086064
667, 0.00889596451694767
668, 0.00719572518331309
669, 0.00677521899342537
670, 0.00790407950989902
671, 0.00692348360704879
672, 0.00673733286870023
673, 0.00855558194840948
674, 0.00761207499142204
675, 0.00811815106620391
676, 0.007315877918154
677, 0.00715635631543895
678, 0.00786822925632199
679, 0.00770225003361702
680, 0.00828187447041273
681, 0.00793261484553417
682, 0.00924128703773022
683, 0.00705415375220279
684, 0.00751529905634622
685, 0.00826399711271127
686, 0.00708545884117484
687, 0.00696664288019141
688, 0.00901521425694227
689, 0.00657678060233593
690, 0.0104718282042692
691, 0.0040545334146979
692, 0.00756536889821291
693, 0.0068014757707715
694, 0.0076360950867335
695, 0.00794714565078417
696, 0.00853027170524001
697, 0.00978213750446836
698, 0.00761447528687616
699, 0.00759783006894092
700, 0.00751331828845044
701, 0.0074388866002361
702, 0.00734151620417833
703, 0.00722379439199964
704, 0.00709197383063535
705, 0.0069564888253808
706, 0.00683310100187858
707, 0.00610965932719409
708, 0.00656120432540774
709, 0.00670146499760449
710, 0.00684006791561842
711, 0.00697351076329748
712, 0.00710027137150367
713, 0.00722056278027594
714, 0.00733610219322145
715, 0.0074500209496667
716, 0.00755940385473271
717, 0.00604551968475183
718, 0.00521790833833317
719, 0.0048491849253575
720, 0.00433738025215765
721, 0.00364490051288158
722, 0.00283386763961365
723, 0.00224207349432011
724, 0.00702832293851922
725, 0.0126361929190656
726, 0.00439989524117361
727, 0.0064248008808742
728, 0.00739704305306077
729, 0.00728789848896364
730, 0.00629933434538543
731, 0.00664082728326321
732, 0.00692004570737481
733, 0.0061894793373843
734, 0.00678300376360615
735, 0.00704969108725588
736, 0.00717188790440559
737, 0.00745254281597833
738, 0.00834866721803943
739, 0.00697822806735833
740, 0.00722015610275169
741, 0.00732568511739373
742, 0.00791857996955514
743, 0.00711181884010633
744, 0.00902881488824884
745, 0.00761994339215259
746, 0.00723582824381689
747, 0.00746057935369511
748, 0.00749954651109874
749, 0.0074035480308036
750, 0.00713210987548033
751, 0.00702587639292081
752, 0.00753350742161274
753, 0.00761692210411032
754, 0.00762238511815667
755, 0.00732802351315816
756, 0.0076189663571616
757, 0.00752287544310093
758, 0.00599860384439429
759, 0.00592381623573601
760, 0.00548480660654604
761, 0.00541187038955589
762, 0.00516509497538209
763, 0.00459200939318786
764, 0.00582062693623205
765, 0.00567907420918345
766, 0.00487389415502548
767, 0.0090634886042348
768, 0.00686673214659095
769, 0.0075188516639173
770, 0.00999419841294487
771, 0.00649752002209425
772, 0.00635607012857993
773, 0.00764990885121127
774, 0.00713116481589774
775, 0.00700732398157318
776, 0.00724719736414651
777, 0.00687357992865145
778, 0.00735815366109212
779, 0.00673142564482987
780, 0.00635917422672113
781, 0.00733813503757119
782, 0.0072225210412095
783, 0.00876050132016341
784, 0.00827421356613437
785, 0.00747073899644117
786, 0.00693961858217205
787, 0.00753414304926991
788, 0.00752681905093292
789, 0.00748165285525223
790, 0.00741532972703377
791, 0.00735780674343308
792, 0.00718732799092929
793, 0.00745360987881819
794, 0.00727994204498827
795, 0.00747817832355698
796, 0.00747474958188832
797, 0.00752975000068545
798, 0.00560888516095777
799, 0.00608876758875946
800, 0.0059720603749156
801, 0.00588182429783046
802, 0.00601144150520364
803, 0.00588608083004753
804, 0.00588227552361786
805, 0.00604145298711956
806, 0.00576323938245575
807, 0.00623693658659856
808, 0.00710266642272472
809, 0.00612235235582505
810, 0.00817060672367612
811, 0.00929215519378583
812, 0.00628338001358012
813, 0.00792488967999816
814, 0.00723891552271588
815, 0.00731958534258107
816, 0.00721580263537665
817, 0.00658292369917035
818, 0.00710079811202983
819, 0.00697369726064305
820, 0.00643150927498937
821, 0.00683387904427946
822, 0.00744683239609003
823, 0.00852870770419637
824, 0.00736525701358914
825, 0.00750068357835213
826, 0.00767852668650448
827, 0.00746616534888744
828, 0.00709677506238222
829, 0.00744993076659739
830, 0.00747327537586292
831, 0.00733419220584134
832, 0.00741611273648838
833, 0.00748676403115193
834, 0.00748525094240904
835, 0.00746533585091432
836, 0.00743053427764348
837, 0.00592446397058666
838, 0.00745136438248058
839, 0.00618547453944172
840, 0.00656060230297347
841, 0.00685576900529365
842, 0.00609184413527449
843, 0.00613754871301353
844, 0.00604051491245627
845, 0.00606974018737674
846, 0.00598216406069696
847, 0.00737901334650815
848, 0.00672133918851614
849, 0.00840921194425651
850, 0.00635805128452678
851, 0.00739116352051497
852, 0.00818925769999623
853, 0.00652204942889512
854, 0.0073003153471897
855, 0.00719866792981823
856, 0.00708243732030193
857, 0.00695041310973465
858, 0.00668430017928282
859, 0.00617564162239432
860, 0.00751428818330169
861, 0.00768609484657645
862, 0.0088814760868748
863, 0.00742003872680167
864, 0.00640337448567152
865, 0.00790277899553378
866, 0.00744742007615666
867, 0.00749531822899977
868, 0.0075321545979629
869, 0.00737733636051416
870, 0.00750127913696425
871, 0.00755383710687359
872, 0.0075451738666743
873, 0.00738099989082132
874, 0.00726754187295834
875, 0.00627174032852054
876, 0.00628106001143654
877, 0.00629088957794011
878, 0.00627725454978645
879, 0.00632461269075672
880, 0.00775654637254775
881, 0.00822199638932943
882, 0.00851571932435036
883, 0.00897350329905748
884, 0.00644305774143764
885, 0.00664137831578652
886, 0.00831069766233365
887, 0.00728947552852333
888, 0.00719744758680463
889, 0.00707846530713141
890, 0.00680134701542556
891, 0.00766601025437315
892, 0.00739834271371365
893, 0.00695837250289818
894, 0.00784667495948573
895, 0.0074662792806824
896, 0.00754292976732055
897, 0.00761107277746002
898, 0.00766204317499484
899, 0.00762969423085451
900, 0.00806390478586157
901, 0.00652878552985688
902, 0.00647048853958646
903, 0.00661012250930071
904, 0.00674679991789162
905, 0.00780500836359958
906, 0.00808756006881595
907, 0.00660557979717851
908, 0.00731093888836248
909, 0.0067189099001033
910, 0.00721001725954314
911, 0.0074938991262267
912, 0.00760686358747383
913, 0.00676777594101926
914, 0.00769294444471598
915, 0.00735930101945996
916, 0.00693737203255296
917, 0.00738832447677851
918, 0.00746746943332255
919, 0.00776244870697459
920, 0.00792795691328744
921, 0.00680191714006166
922, 0.00718423483582834
923, 0.00695812120102346
924, 0.00817154813557863
925, 0.00791198085062206
926, 0.00779676771101852
927, 0.00693106985030075
928, 0.00708933997278412
929, 0.00740004827578862
930, 0.00752512668259442
931, 0.00771778722160629
932, 0.00789668092814585
933, 0.00706783457038303
934, 0.00729317481939991
935, 0.00731539763510227
936, 0.00759881056313004
937, 0.00726748138133969
938, 0.00741014806553721
939, 0.00782754635438323
940, 0.00692058000713587
941, 0.00754825926075379
942, 0.00709699311604102
943, 0.0073252920327442
944, 0.00776927527040243
945, 0.00676996633410454
946, 0.00379742322755711
947, 0.00164179551647976
948, 0.00745697024588784
949, 0.00764231779612601
950, 0.00795166442791621
951, 0.00853660811359684
952, 0.010604917537421
953, 0.00979492316643397
954, 0.0127081340178847
955, 0.00708550847290705
956, 0.00543703131067256
957, 0.00507359975017607
958, 0.0047108024203529
959, 0.0041959093650803
960, 0.003526669422475
961, 0.00261937105096877
962, 0.00782101857475936
963, 0.0071419399852554
964, 0.00674539532822867
965, 0.00649358852145572
966, 0.00630226808910569
967, 0.00614297358940045
968, 0.00600183002340297
969, 0.00587331883919736
970, 0.00575614736105005
971, 0.00565034803003073
972, 0.00555805047042668
973, 0.00548084553641578
974, 0.00727346733522912
975, 0.00731355293343465
976, 0.00737614262228211
977, 0.00748275406658649
978, 0.00765688414685428
979, 0.00791942079861959
980, 0.00532208041598399
981, 0.00551055744290352
982, 0.00548584518643717
983, 0.00530402874574065
984, 0.00507886762109896
985, 0.00498531808677529
986, 0.00557171708593766
987, 0.00563186407089233
988, 0.00563925202004611
989, 0.00558448039616148
990, 0.00482815418702861
991, 0.00594283423076073
992, 0.00608594506047666
993, 0.00624139971720676
994, 0.00641395236986379
995, 0.00581389130093157
996, 0.00685908707479636
997, 0.0066127657579879
998, 0.0056976112537086
999, 0.00559597027798494
1000, 0.00718361441977322
1001, 0.00836809429650505
1002, 0.00721401891981562
1003, 0.00732605097194513
1004, 0.00793409557081759
1005, 0.00709902037245532
1006, 0.0076619148409615
1007, 0.00724047422409058
1008, 0.00736654503270984
1009, 0.0069144576943169
1010, 0.00715286323490242
1011, 0.00720294518396258
1012, 0.00741909040759007
1013, 0.00749532327366372
1014, 0.007594555693989
1015, 0.00772643648087978
1016, 0.00729825740147914
1017, 0.00923578736061851
1018, 0.0077285057465945
1019, 0.00695745282185574
1020, 0.00547718660285075
1021, 0.00561640737578273
1022, 0.00571717500376205
1023, 0.00567891153817375
1024, 0.00572043106270333
1025, 0.00585918338038027
1026, 0.00581895397044718
1027, 0.00560047500766814
1028, 0.009075994292895
1029, 0.00551394160304751
1030, 0.00631819075594346
1031, 0.00649742867487172
1032, 0.0072168701638778
1033, 0.00669730959149698
1034, 0.00615223768788079
1035, 0.0069283947814256
1036, 0.00599727717538675
1037, 0.00573399503316198
1038, 0.00586127388911943
1039, 0.00747612421400845
1040, 0.00720346882008016
1041, 0.00794691413951417
1042, 0.00733278241629402
1043, 0.00830549017215768
1044, 0.00732865293199817
1045, 0.00708653940819204
1046, 0.00682040389316777
1047, 0.00665339808911085
1048, 0.00673209068675836
1049, 0.00700524915009737
1050, 0.00726018729619682
1051, 0.00741600090016921
1052, 0.00744990880290667
1053, 0.00748086168563792
1054, 0.00749467266723514
1055, 0.00729588279500604
1056, 0.00558637975094219
1057, 0.00828977841883898
1058, 0.00707060587592423
1059, 0.00688766076096467
1060, 0.00583388578767578
1061, 0.00653125982110699
1062, 0.00564898643642664
1063, 0.00586283517380555
1064, 0.00588007713668048
1065, 0.00587736465968192
1066, 0.0056958575733006
1067, 0.00585942257506152
1068, 0.0100767076946795
1069, 0.00719056301750243
1070, 0.00880435016006231
1071, 0.00561352223157883
1072, 0.00697009273183842
1073, 0.00589791676029563
1074, 0.0067524139303714
1075, 0.00655933942956229
1076, 0.00637495742800335
1077, 0.00720532145351171
1078, 0.00603344904569288
1079, 0.00620168067204456
1080, 0.00750546390190721
1081, 0.00769044326928755
1082, 0.00734234872894983
1083, 0.00749966610843937
1084, 0.00822626100853086
1085, 0.00739154343803724
1086, 0.00721605269548794
1087, 0.00702729836727182
1088, 0.00709607219323516
1089, 0.00738406954333186
1090, 0.00739736125494043
1091, 0.00738962693139911
1092, 0.00694840859311322
1093, 0.00735561347876986
1094, 0.00716088844152788
1095, 0.00737309153191745
1096, 0.00705469660460949
1097, 0.00542938057333231
1098, 0.0057689945679158
1099, 0.0073369382104526
1100, 0.00686058728024364
1101, 0.00635273281174401
1102, 0.00569281626182298
1103, 0.00606556097045541
1104, 0.00612010488597055
1105, 0.00582535999516646
1106, 0.00617719713288049
1107, 0.00624771400665243
1108, 0.00858075249319275
1109, 0.00698287854902446
1110, 0.00679253406512241
1111, 0.00721731934962528
1112, 0.00660400053796669
1113, 0.00604515323149306
1114, 0.00623380346223712
1115, 0.00641363409037391
1116, 0.00792629908149441
1117, 0.00750351417809725
1118, 0.00769337352054815
1119, 0.00715581966297967
1120, 0.00740322346488635
1121, 0.00733384559862316
1122, 0.00720583794948955
1123, 0.00726043968461454
1124, 0.0073002945476522
1125, 0.00741969002410769
1126, 0.00730326678603888
1127, 0.00741075429444512
1128, 0.00614848375941316
1129, 0.00729592059118052
1130, 0.00694952152358989
1131, 0.00747672814343657
1132, 0.00593408305818836
1133, 0.00631255097687244
1134, 0.00600999143595497
1135, 0.00642115909916659
1136, 0.00654872576706111
1137, 0.00892197371770938
1138, 0.00837336294353008
1139, 0.00671422892871002
1140, 0.00700841510357956
1141, 0.00682493120742341
1142, 0.00663795632620652
1143, 0.00624816734343767
1144, 0.00643010623753071
1145, 0.00810703029856086
1146, 0.00715416334569454
1147, 0.00766796758398414
1148, 0.00734341555895905
1149, 0.0074256188236177
1150, 0.0078674847415338
1151, 0.00740888505242765
1152, 0.00736910997269054
1153, 0.00743352474334339
1154, 0.00742363479609291
1155, 0.00738847969720761
1156, 0.00730601418763399
1157, 0.00719911445464407
1158, 0.00931559953217705
1159, 0.00750120558465521
1160, 0.00742942762250702
1161, 0.00777846753286819
1162, 0.00614673279536267
1163, 0.00858776162688931
1164, 0.00583895187204083
1165, 0.00623393811595937
1166, 0.00658782672447463
1167, 0.00675117146844665
1168, 0.00762918079271913
1169, 0.0071830660259972
1170, 0.00694201583974063
1171, 0.00702341506257653
1172, 0.00814165019740661
1173, 0.00685571079763273
1174, 0.00666289916262031
1175, 0.00641434260510973
1176, 0.00777929291749994
1177, 0.00747566181235015
1178, 0.00796417891979218
1179, 0.00753251672722399
1180, 0.00738109136000276
1181, 0.00751033021758
1182, 0.00730105256661773
1183, 0.00888929686819514
1184, 0.00698335105553269
1185, 0.00841819594747254
1186, 0.00789533904753625
1187, 0.00758545147255063
1188, 0.00827930588275194
1189, 0.00644373809918761
1190, 0.0068701656224827
1191, 0.00707676727324724
1192, 0.00706036668270826
1193, 0.00689082771229247
1194, 0.00730428681708872
1195, 0.0076694511808455
1196, 0.00668545626103878
1197, 0.00717975636944175
1198, 0.00794269905115167
1199, 0.00746524085601171
1200, 0.00752362702041864
1201, 0.00782881234772503
1202, 0.0076168542727828
1203, 0.00725227454677224
1204, 0.00754616525955498
1205, 0.00789286373183131
1206, 0.00826060511171818
1207, 0.00792702207607882
1208, 0.00715246896392533
1209, 0.00757308932952583
1210, 0.00709282754299541
1211, 0.00694257207214832
1212, 0.00735466997139156
1213, 0.00738048763014376
1214, 0.00775296134608133
1215, 0.00762868719175458
1216, 0.00750430758732061
1217, 0.00771662779152393
1218, 0.00779445832595229
1219, 0.00737940698551635
1220, 0.0075515133018295
1221, 0.0072651444002986
