1, 0.00623008050024509
2, 0.0154260508716106
3, 0.0013794727565255
4, 0.0046057035215199
5, 0.00801183842122555
6, 0.010360729880631
7, 0.00524434726685286
8, 0.00139744585612789
9, 0.015036063734442
10, 0.00680565717630088
11, 0.00715959956869483
12, 0.0110154515132308
13, 0.00648906061957989
14, 0.00678537134081125
15, 0.00694733276031911
16, 0.0070746976416558
17, 0.00720551749691367
18, 0.00739391831060251
19, 0.00775226484984159
20, 0.00861020479351282
21, 0.0108776278793812
22, 0.0137519013757507
23, 0.00888877532755335
24, 0.00449419301003218
25, 0.00221175560727715
26, 0.00145562179386616
27, 0.00254615388500194
28, 0.003437610110268
29, 0.00404264234627287
30, 0.00441439690378805
31, 0.00461893511237577
32, 0.00473451412593325
33, 0.00508765891815225
34, 0.00558837689459324
35, 0.00610109341020385
36, 0.00655914625773827
37, 0.00692999471599857
38, 0.00719985412433743
39, 0.00737898051738739
40, 0.0074944404574732
41, 0.0075794147948424
42, 0.0076669283832113
43, 0.00783394498284906
44, 0.00793171037609378
45, 0.00786217271039883
46, 0.00773091753944755
47, 0.00754957661653558
48, 0.00732538569718599
49, 0.00707283600543936
50, 0.00681507804741462
51, 0.00656902433062593
52, 0.00645683519542217
53, 0.00630124860132734
54, 0.00634380880122383
55, 0.00645100045949221
56, 0.00658648911242684
57, 0.00672933909421166
58, 0.00686019255469243
59, 0.00696583309521278
60, 0.00704250313962499
61, 0.00709425782163938
62, 0.00713006391500433
63, 0.00716321325550477
64, 0.00721178390085697
65, 0.00730192024881641
66, 0.00747422687709332
67, 0.00780422690634926
68, 0.00842437303314606
69, 0.00923647296925386
70, 0.00856163178104907
71, 0.00707775944223007
72, 0.00664004155745109
73, 0.00634037361790736
74, 0.00611308279136817
75, 0.00592740500966708
76, 0.0057688703139623
77, 0.005630263282607
78, 0.00550855804855625
79, 0.00540604845931133
80, 0.00532974877084295
81, 0.0052745973225683
82, 0.00526615917416556
83, 0.00530821139303346
84, 0.00534421120149394
85, 0.00536744087003171
86, 0.00536903987328211
87, 0.00533915854369601
88, 0.00526588689535856
89, 0.00513426726683974
90, 0.00492337765172124
91, 0.00460323846588532
92, 0.00413385972691079
93, 0.00346330223449816
94, 0.00254579179454595
95, 0.00144823462081452
96, 0.00228029202359418
97, 0.00471186428330839
98, 0.0090620721069475
99, 0.0141783555348714
100, 0.0108656069884698
101, 0.00872215287139018
102, 0.00790842964003483
103, 0.00756107185346385
104, 0.00740480112532775
105, 0.00733561270559828
106, 0.00730639339114229
107, 0.00729521744263669
108, 0.00729074181678395
109, 0.00728661776520312
110, 0.00727896741591394
111, 0.00726527604274452
112, 0.00724392749058704
113, 0.0072137468184034
114, 0.00717376622681816
115, 0.00712312028432886
116, 0.00705978802094857
117, 0.0069800039442877
118, 0.00687724561430514
119, 0.00687280134297907
120, 0.00689473003149033
121, 0.00694186706095934
122, 0.00698831460128228
123, 0.00703377136960626
124, 0.0070766097245117
125, 0.00711287402858337
126, 0.00714102573692799
127, 0.00715874100569636
128, 0.00716930317382018
129, 0.00719859730452299
130, 0.00724530608082811
131, 0.00730231078341603
132, 0.00736620261644324
133, 0.00743513274937868
134, 0.00750761634359757
135, 0.00758150996019443
136, 0.00765407100940744
137, 0.00772146244222919
138, 0.00777807272970676
139, 0.00781560642644763
140, 0.00782210379838943
141, 0.00778131900976102
142, 0.0076732054973642
143, 0.0074768983758986
144, 0.00717586015040676
145, 0.00676537988086541
146, 0.00626643095165491
147, 0.00571443559601903
148, 0.00517582505320509
149, 0.0047730046013991
150, 0.00215941205775986
151, 0.00429235918757816
152, 0.00876776020353039
153, 0.0137943762044112
154, 0.0138860375930866
155, 0.00892598135396838
156, 0.00442798823739092
157, 0.00218158675124869
158, 0.00525537133216858
159, 0.00528779393061996
160, 0.00534197672580679
161, 0.00541169305021564
162, 0.00549224360535542
163, 0.00557971093803644
164, 0.0056691545372208
165, 0.00575708489244183
166, 0.00584133792047699
167, 0.00592065881937742
168, 0.00599473807960749
169, 0.00606426456943154
170, 0.00613077466065685
171, 0.00619672859708468
172, 0.00626575263837973
173, 0.00634303921833634
174, 0.00643618637695909
175, 0.00655814213678241
176, 0.00673002873857816
177, 0.00699480017647147
178, 0.00743089849129319
179, 0.00902255089022219
180, 0.00972529935340087
181, 0.0087387403473258
182, 0.00798393149549762
183, 0.0075548275684317
184, 0.00730195672561725
185, 0.00714280425260464
186, 0.00703724582369129
187, 0.00696374056860805
188, 0.00690983872239788
189, 0.00686909987901648
190, 0.00683779455721378
191, 0.00681407703086734
192, 0.00679834792390466
193, 0.00679012558733424
194, 0.00678763895606001
195, 0.00679043726995587
196, 0.00682374881580472
197, 0.0069134954828769
198, 0.00671852993158003
199, 0.0100392412083844
200, 0.00355949083210102
201, 0.00150601499481127
202, 0.00705431502622863
203, 0.00718012071835498
204, 0.00733923974136512
205, 0.00760271291558941
206, 0.0081265806996574
207, 0.00931271212175488
208, 0.0120352599769831
209, 0.00689400197006762
210, 0.00401113496627659
211, 0.00342621825014551
212, 0.00246647652238607
213, 0.00761958654038608
214, 0.00754162413068116
215, 0.00745287855776648
216, 0.00731798533039788
217, 0.00710324430838227
218, 0.00678637010666231
219, 0.00636479623305301
220, 0.00586617357718448
221, 0.00532288965769112
222, 0.00485387149577339
223, 0.0072336548473686
224, 0.00742458598688245
225, 0.0075891336115698
226, 0.00771081866696477
227, 0.00779471748198072
228, 0.0095399486211439
229, 0.00728882344750067
230, 0.00563423126004636
231, 0.00667780870571733
232, 0.00757374668804308
233, 0.00751710566692054
234, 0.0074344533495605
235, 0.00704375724308193
236, 0.0077046568505466
237, 0.00618933071382344
238, 0.00702784955501556
239, 0.00736615853384137
240, 0.00682724888126055
241, 0.00664997827261686
242, 0.00749008962884545
243, 0.00758798606693745
244, 0.00862639133508007
245, 0.00720717144819597
246, 0.00736591041398545
247, 0.00759446698551377
248, 0.00798003988650938
249, 0.00707252059752742
250, 0.00438520614989102
251, 0.00457512428984046
252, 0.00468148504539082
253, 0.00466227740980685
254, 0.00895337093000611
255, 0.00624960046261549
256, 0.00495547728080835
257, 0.00764451894376959
258, 0.00690752846587982
259, 0.00885890253509084
260, 0.00752122312163313
261, 0.00754954914251963
262, 0.00702845344009499
263, 0.00745439669117332
264, 0.00730627829519411
265, 0.00659848299498359
266, 0.00599079524787764
267, 0.00722437421791255
268, 0.00753482923443828
269, 0.00747059611603618
270, 0.00705791055224836
271, 0.00740309649457534
272, 0.00724043759206931
273, 0.00760866414445142
274, 0.00835941064481934
275, 0.0079086278565228
276, 0.00479998804318408
277, 0.00864124298095703
278, 0.00705200821782152
279, 0.00737705190355579
280, 0.0065248707930247
281, 0.00755524286068976
282, 0.00756479791986446
283, 0.00752465908105175
284, 0.0075755862519145
285, 0.00568574480712414
286, 0.00737629124584297
287, 0.0075320715084672
288, 0.00726620327415211
289, 0.00711143165826797
290, 0.00812452395136158
291, 0.00742237386293709
292, 0.00783229409717023
293, 0.00760059081949294
294, 0.00540099628269672
295, 0.00786654364007215
296, 0.00846399599686265
297, 0.00750503914120297
298, 0.00709022084871928
299, 0.00758927461824247
300, 0.00764354007939498
301, 0.00764693211143215
302, 0.00750146604453524
303, 0.0074238303117454
304, 0.00793240498751402
305, 0.00756775527926428
306, 0.00774679084618886
307, 0.00797492844451751
308, 0.00682946698119243
309, 0.00769176062506934
310, 0.00783187337219715
311, 0.00808332503462831
312, 0.00776548435290654
313, 0.00767292287200689
314, 0.0059247692891707
315, 0.00710750425544878
316, 0.00648009330034256
317, 0.00708911890008797
318, 0.00409429215748484
319, 0.0101171602228922
320, 0.00650923194674154
321, 0.00829010262774924
322, 0.00796656147576869
323, 0.00767996565749248
324, 0.00746950670145452
325, 0.00733496171111862
326, 0.00725155494486292
327, 0.00719703881380459
328, 0.00715400868405898
329, 0.00710907252505422
330, 0.00705215521156788
331, 0.00697693461552262
332, 0.00688217114657164
333, 0.00217161006488216
334, 0.00536420421364407
335, 0.00490052819562455
336, 0.00456500627721349
337, 0.0054110597508649
338, 0.00540544729058941
339, 0.00535441632382572
340, 0.00539118618083497
341, 0.00527669528188805
342, 0.00512882710124056
343, 0.00409732320501159
344, 0.0034750453584517
345, 0.00274638554158931
346, 0.00532136661931872
347, 0.00592149739774565
348, 0.00610903014118473
349, 0.0063348653105398
350, 0.00662570462251703
351, 0.00705331292313834
352, 0.0129068743437529
353, 0.00686692167073488
354, 0.0073379734531045
355, 0.00762079586274922
356, 0.00820844597183168
357, 0.0097040810311834
358, 0.00711010730204483
359, 0.00719188425379495
360, 0.00677344986858467
361, 0.00666365283541381
362, 0.00727614395630856
363, 0.00769002401890854
364, 0.00743199364903073
365, 0.00755128148011863
366, 0.00734121197213729
367, 0.00705373209590713
368, 0.00722933591653903
369, 0.00715468746299545
370, 0.00530653485717873
371, 0.00512258987873793
372, 0.00550788268446922
373, 0.0055057379261901
374, 0.00544153192701439
375, 0.00547259634671112
376, 0.00490704062394798
377, 0.00548373457665245
378, 0.00528783242528637
379, 0.00540247155974309
380, 0.00466453124924252
381, 0.00575929585223397
382, 0.00641581827464203
383, 0.00708943830492596
384, 0.00561702290239433
385, 0.00549303848917286
386, 0.0053892827903231
387, 0.00618048027778665
388, 0.00671436210783819
389, 0.00716620691431065
390, 0.00760793895460665
391, 0.00669863233342767
392, 0.00702455104328692
393, 0.00805384906319281
394, 0.00890076759138278
395, 0.00870630617386528
396, 0.00674388123055299
397, 0.00765940533684833
398, 0.00657335001354416
399, 0.00678171849410449
400, 0.00539206400779741
401, 0.00445625911621998
402, 0.00690213264897466
403, 0.00726957277705272
404, 0.00730272297126551
405, 0.00722214168248077
406, 0.00740094863188763
407, 0.00734835032684108
408, 0.00744037850139042
409, 0.00724927033297718
410, 0.00723614303084711
411, 0.00720055463413398
412, 0.00698329609197875
413, 0.00566145381890237
414, 0.00567891487541298
415, 0.00567946916756531
416, 0.00556728538746635
417, 0.00562811371249457
418, 0.00566295123038193
419, 0.00563436762119333
420, 0.00564201719438036
421, 0.00561513433543344
422, 0.00597658101469278
423, 0.00564290195082625
424, 0.00646376400254667
425, 0.00673275425409277
426, 0.00711899749668581
427, 0.00580069220935305
428, 0.00550594824987153
429, 0.00735106994397938
430, 0.00699504542474945
431, 0.00795755116268992
432, 0.00716431392356753
433, 0.00761030735448003
434, 0.00682343558097879
435, 0.00703586218878627
436, 0.0043522296861435
437, 0.00580009049735963
438, 0.00729439446392159
439, 0.00731229976130029
440, 0.0071135547477752
441, 0.00724553052956859
442, 0.00724685393894712
443, 0.00723131870230039
444, 0.00724145257845521
445, 0.00727164318474631
446, 0.00725318840704858
447, 0.00716687676807245
448, 0.00592772553985318
449, 0.00587676465511322
450, 0.00630012798743943
451, 0.00597771699540317
452, 0.0074497758410871
453, 0.0058223408802102
454, 0.00574298901483417
455, 0.00603826957133909
456, 0.00613383064046502
457, 0.00549815716221929
458, 0.00760834276055296
459, 0.00622441673961778
460, 0.00698676146566868
461, 0.00675153522752225
462, 0.00582665779317419
463, 0.00564981178779687
464, 0.00601107355517646
465, 0.00715651569355811
466, 0.00736837950535119
467, 0.00695259235799313
468, 0.00659208022989333
469, 0.00736876662510137
470, 0.00730241641091804
471, 0.00730972418872019
472, 0.00714281698067983
473, 0.00710618154456218
474, 0.00701232154720596
475, 0.00718477601185441
476, 0.00723833769249419
477, 0.00731928530149162
478, 0.00614575257835289
479, 0.00606273867500325
480, 0.00623514332498113
481, 0.005986425959106
482, 0.00634105480276048
483, 0.00670291281615694
484, 0.00648721780938407
485, 0.00648718234151602
486, 0.00786236122560998
487, 0.00601780290404956
488, 0.00624760224794348
489, 0.00736822737380862
490, 0.00757200953861078
491, 0.00725002338488897
492, 0.0070972794201225
493, 0.00733223860152066
494, 0.00746982032433152
495, 0.007016516989097
496, 0.0069732079282403
497, 0.00703912135213614
498, 0.00721893335382144
499, 0.00742699407661955
500, 0.00712032212565343
501, 0.00633672159165144
502, 0.00644934045461317
503, 0.00621290793642402
504, 0.00657440760793785
505, 0.00583735480904579
506, 0.00818798396115502
507, 0.00693107862025499
508, 0.00673353322781622
509, 0.00694606375570099
510, 0.00625003253420194
511, 0.00649810667770604
512, 0.00749134465253779
513, 0.00775073057351013
514, 0.00617206771858037
515, 0.00755943645102282
516, 0.00746230936298768
517, 0.00717476794185738
518, 0.00745079534438749
519, 0.00681205675937235
520, 0.00691367010585964
521, 0.00703200022689998
522, 0.00723078451119363
523, 0.00663589918985963
524, 0.00649919021608574
525, 0.00799465008700887
526, 0.00846096718062957
527, 0.00675982089402775
528, 0.00673939512732128
529, 0.00675630103796721
530, 0.00690831042205294
531, 0.00709389592520893
532, 0.00763378703656296
533, 0.00766899278387427
534, 0.0078852151054889
535, 0.00805917102843523
536, 0.00752594531513751
537, 0.00734260127258797
538, 0.00757584154295425
539, 0.00847057082379858
540, 0.00732734566554427
541, 0.00816719466820359
542, 0.00762701792908566
543, 0.00790574727579951
544, 0.00791416006783644
545, 0.00779974934024115
546, 0.00879480615258217
547, 0.00857151355594397
548, 0.00733351156425973
549, 0.00390671645679201
550, 0.0100549742734681
551, 0.00695594260469079
552, 0.0070352287342151
553, 0.00710228186411162
554, 0.00715707110551496
555, 0.00720255162256459
556, 0.0072389948181808
557, 0.0072671736124903
558, 0.00728786635833482
559, 0.00730226336357494
560, 0.00731228129006922
561, 0.00732098186078171
562, 0.00735876204756399
563, 0.00741272349841893
564, 0.00752713950350881
565, 0.00776862578156094
566, 0.00827927018205325
567, 0.00943181834494074
568, 0.00707956512148182
569, 0.00704194814898074
570, 0.00700311828404665
571, 0.00696507918958863
572, 0.00492267543449998
573, 0.0054251414258033
574, 0.00600589772996803
575, 0.00654668632584314
576, 0.00701019121333957
577, 0.00736301438882947
578, 0.00760379387065768
579, 0.0077467376831919
580, 0.00781277365361651
581, 0.00782361129919688
582, 0.00779742429343363
583, 0.00774789151425163
584, 0.00768463833567997
585, 0.00761416119833787
586, 0.00754084546739856
587, 0.00746775829854111
588, 0.00739714798207084
589, 0.00733063214768966
590, 0.00726993692417939
591, 0.00721701933071017
592, 0.0071781223329405
593, 0.00444627762772143
594, 0.00406560418196023
595, 0.00344788407286008
596, 0.00269775467071061
597, 0.00211983394304601
598, 0.0067475278240939
599, 0.0121150814617674
600, 0.00424243948267152
601, 0.00776487844996154
602, 0.00723496234665314
603, 0.00633966472620765
604, 0.00755525714096924
605, 0.00772382272407413
606, 0.00780617849280437
607, 0.00780906869719426
608, 0.00770546852921446
609, 0.00763770767177145
610, 0.00756610689374308
611, 0.00749373754176001
612, 0.00742285054487487
613, 0.00727658718824387
614, 0.00735483054692547
615, 0.0057426830753684
616, 0.0068719961370031
617, 0.00782777625136077
618, 0.00729096688640614
619, 0.00736455518441896
620, 0.00812698388472199
621, 0.0077743805013597
622, 0.00747723908474048
623, 0.00741981412284076
624, 0.00732603265593449
625, 0.00727295697045823
626, 0.00708612279656033
627, 0.00719426983656983
628, 0.0071434888523072
629, 0.00723713496699929
630, 0.00874055984119574
631, 0.00758193898946047
632, 0.0073866150341928
633, 0.00734590444092949
634, 0.00730226988283296
635, 0.00711390577877561
636, 0.0071056659022967
637, 0.00704062691268822
638, 0.00714032530474166
639, 0.00707462018666168
640, 0.0071560719050467
641, 0.00462827626615763
642, 0.00486190252316495
643, 0.0046555205869178
644, 0.00436968884120385
645, 0.00878910223642985
646, 0.00686058441975287
647, 0.00718132918700576
648, 0.00963076188539465
649, 0.00503457636971559
650, 0.00771671844025453
651, 0.00765142713983854
652, 0.00777403172105551
653, 0.00758226293449601
654, 0.00781695273083945
655, 0.00751186852964262
656, 0.00783538570006688
657, 0.00744208181276917
658, 0.00781344606851538
659, 0.00772688142023981
660, 0.00610156077891588
661, 0.00754158555840452
662, 0.00737423356622458
663, 0.00722661086668571
664, 0.00730888180745145
665, 0.00724710803478956
666, 0.00675997409659127
667, 0.00765476391340296
668, 0.00755325549592574
669, 0.00748931461324294
670, 0.00741212884895504
671, 0.00744578979598979
672, 0.00738197596122821
673, 0.00735117813261847
674, 0.00731742257873217
675, 0.0072793032353123
676, 0.00723589537665248
677, 0.00718693202361465
678, 0.0071308130864054
679, 0.00782045458133022
680, 0.00848853727802634
681, 0.00808601314201951
682, 0.00701215490698814
683, 0.00713544331180553
684, 0.00713992731956144
685, 0.00711736176162958
686, 0.00716058979742229
687, 0.00607158049630622
688, 0.00575113094722231
689, 0.0057411600303437
690, 0.00745121408253908
691, 0.00890410024051865
692, 0.00547628086060286
693, 0.00666685883576671
694, 0.00738768931478262
695, 0.00726232049055398
696, 0.00732307710374395
697, 0.00745393809241553
698, 0.00752109584088127
699, 0.00758843263611197
700, 0.0076548788541307
701, 0.00771871046163142
702, 0.00777706247754395
703, 0.00782490257794658
704, 0.00785305017294983
705, 0.00784465507604182
706, 0.00776912434957922
707, 0.00757506202595929
708, 0.00722140873161455
709, 0.00723233725875616
710, 0.00829580736656984
711, 0.00728331389836967
712, 0.00717908524287244
713, 0.00732965200829009
714, 0.00737272016704082
715, 0.0074137927343448
716, 0.00745468066694836
717, 0.00755024251217643
718, 0.00761747709475458
719, 0.00749844025510053
720, 0.00771174820450445
721, 0.0069264785386622
722, 0.00720218336209655
723, 0.00804463975752393
724, 0.00784857446948687
725, 0.00707857552915812
726, 0.0071688718162477
727, 0.00717286793515086
728, 0.00719763158953616
729, 0.00663567800074816
730, 0.00692101855141421
731, 0.00799553575260299
732, 0.00842997781001031
733, 0.00727334688417614
734, 0.00733182579278946
735, 0.00739492918364704
736, 0.00726896097573141
737, 0.00745758383224408
738, 0.00752056987645725
739, 0.00758390128612518
740, 0.00764758287308117
741, 0.00771147905228039
742, 0.00777480774559081
743, 0.00783498988797267
744, 0.00788502705593904
745, 0.00728261082743605
746, 0.0072237989710023
747, 0.00766713878450294
748, 0.00790769040274123
749, 0.0078635747389247
750, 0.00733654891761641
751, 0.0073877932348599
752, 0.00743772415444255
753, 0.00748768270326157
754, 0.00753960137565931
755, 0.00766377849504352
756, 0.00759669199275474
757, 0.00774708475607137
758, 0.00852981985857089
759, 0.00785385475804408
760, 0.00813853259508809
761, 0.00798835465684533
762, 0.00721032159136874
763, 0.00823810075720151
764, 0.00739331291988492
765, 0.00733712307798366
766, 0.00727692937167982
767, 0.00739520175072054
768, 0.00745235647385319
769, 0.00750962342135608
770, 0.00756790217322608
771, 0.00762867469651004
772, 0.00769395350168149
773, 0.00776601660375794
774, 0.00784620270133018
775, 0.0078138861960421
776, 0.00793158154313763
777, 0.00802159565500915
778, 0.00800624412174026
779, 0.00722022280097008
780, 0.0072807342124482
781, 0.00692241421590249
782, 0.00363943483846794
783, 0.00152114252559841
784, 0.00722940731793642
785, 0.00725429776745538
786, 0.00727080033781628
787, 0.00728663103654981
788, 0.00729219856051107
789, 0.00730311498045921
790, 0.00732868420891464
791, 0.00738546322099864
792, 0.00750477169640362
793, 0.00775134307332337
794, 0.00826742437978586
795, 0.0101375694697102
796, 0.00942669063806534
797, 0.0121463622587423
798, 0.00679597541845093
799, 0.00510389730334282
800, 0.00487990894665321
801, 0.0045475122363617
802, 0.00406566743428508
803, 0.00343279594865938
804, 0.0025343185213084
805, 0.00739785120822489
806, 0.00699447692992787
807, 0.00675569397086899
808, 0.0065956908899049
809, 0.00648097787052393
810, 0.00639034699027737
811, 0.00631326599977911
812, 0.00624271179549396
813, 0.0061737063806504
814, 0.0061029059967647
815, 0.00602796316767732
816, 0.00594744427750508
817, 0.0058608683757484
818, 0.00576902600005269
819, 0.00567360920831561
820, 0.00557742415306469
821, 0.00548503967002034
822, 0.00540258603480955
823, 0.00533278604658941
824, 0.0052827875285099
825, 0.00704446334081392
826, 0.00712015068468948
827, 0.00722260827509065
828, 0.00736501246380309
829, 0.00756684488927325
830, 0.00785411700295905
831, 0.00823148324464758
832, 0.00866076070815325
833, 0.00698730155515174
834, 0.00721931993030012
835, 0.00757670270589491
836, 0.00690981931984425
837, 0.00694341212511063
838, 0.0074298723290364
839, 0.00731233010689418
840, 0.00775451787437002
841, 0.00795550970360637
842, 0.00685243140906096
843, 0.00541552334713439
844, 0.00560897875887652
845, 0.00571862127011021
846, 0.00582795722099642
847, 0.00661225896328688
848, 0.00628678787810107
849, 0.00612401450052857
850, 0.00603244213076929
851, 0.00643799034878612
852, 0.00593330718887349
853, 0.00550498658170303
854, 0.0079738617874682
855, 0.00688038789667189
856, 0.00710801749179761
857, 0.00743607540304462
858, 0.00672801102822026
859, 0.00651894905604422
860, 0.00636220606975257
861, 0.00620827171951532
862, 0.00524831027723849
863, 0.00509268790483475
864, 0.00533309043385088
865, 0.00537322694435716
866, 0.00538138245853285
867, 0.00524458529738088
868, 0.0048903696394215
869, 0.00466355436947197
870, 0.00481308827043644
871, 0.00536564729797343
872, 0.00533070974051952
873, 0.00529361255466938
874, 0.00728678819723427
875, 0.00809970001379649
876, 0.00773508124984801
877, 0.00725077604874969
878, 0.00730864121578634
879, 0.00735707891484102
880, 0.00741748426419993
881, 0.00714851776137948
882, 0.0071945625046889
883, 0.00708998941505949
884, 0.00753043335862458
885, 0.00727214252886673
886, 0.0072976389589409
887, 0.00732554534139733
888, 0.00698986649513245
889, 0.00881340936757624
890, 0.00798137572460941
891, 0.00534182447674019
892, 0.00701439147815108
893, 0.00695866233270083
894, 0.00872536205376188
895, 0.00708876092297335
896, 0.0068854953472813
897, 0.00686219016400476
898, 0.00704351540965339
899, 0.00685840379446745
900, 0.00687043624930084
901, 0.00744180916808546
902, 0.00754112804618974
903, 0.00772460224106908
904, 0.00735339685343206
905, 0.00764336165351172
906, 0.00714627218743165
907, 0.006552761575828
908, 0.00630542263388634
909, 0.0069810280110687
910, 0.00716537268211444
911, 0.00683989717314641
912, 0.00647275452502072
913, 0.00747308028595788
914, 0.00672895011181633
915, 0.00663628638722003
916, 0.00639154203236103
917, 0.00621166150085628
918, 0.00610861073558529
919, 0.0059962955613931
920, 0.00587720920642217
921, 0.00562991760671139
922, 0.00575347058475018
923, 0.00551052779580156
924, 0.00534947387253245
925, 0.00544215893993775
926, 0.00544489237169425
927, 0.00538949482142925
928, 0.00542697923568388
929, 0.00557721251000961
930, 0.00563004799187183
931, 0.00557794119231403
932, 0.00541315142375727
933, 0.00722045187527935
934, 0.00776568436995149
935, 0.0073922094112883
936, 0.00712521863169968
937, 0.00727822026237845
938, 0.00733136665076017
939, 0.00731449450055758
940, 0.00735453749075532
941, 0.00729823593671123
942, 0.00745663000270724
943, 0.00756664597429335
944, 0.00774913001805544
945, 0.00717920553870499
946, 0.00803439505398273
947, 0.00542287584394217
948, 0.0070580947988977
949, 0.00549723274473633
950, 0.00963703853388627
951, 0.00709901400841773
952, 0.00845473306253552
953, 0.00721567853664358
954, 0.0069851465523243
955, 0.00716400480208298
956, 0.00748782830002407
957, 0.00742830103263259
958, 0.00753256577687959
959, 0.00697113752054671
960, 0.00700916210189462
961, 0.00727815848464767
962, 0.00563558842986822
963, 0.00605111196637154
964, 0.00617754195506374
965, 0.0059182425805678
966, 0.00639547143752376
967, 0.00629242183640599
968, 0.00657442134494583
969, 0.00674050441011786
970, 0.00648852197142939
971, 0.00665682530961931
972, 0.00683090323582292
973, 0.00738069647923112
974, 0.00693350207681457
975, 0.00721788429655135
976, 0.00705704822515448
977, 0.00577713525854051
978, 0.006248861628895
979, 0.00558795935163895
980, 0.00553517408358554
981, 0.00556719970578949
982, 0.00558770874825617
983, 0.00559393269941211
984, 0.00725099677219987
985, 0.00748095250067612
986, 0.00733113187986116
987, 0.00737868621945381
988, 0.00735201112305125
989, 0.00741838004129628
990, 0.00731059342312316
991, 0.00716495389739672
992, 0.0072140796110034
993, 0.00606483787608643
994, 0.00757988084418078
995, 0.00773346742304663
996, 0.00795784507257243
997, 0.00714968563988805
998, 0.00731287368883689
999, 0.0070902929486086
1000, 0.00745380933706959
1001, 0.00706768594682217
1002, 0.00743517489172518
1003, 0.00726317785059412
1004, 0.00657414435409009
1005, 0.00695941410958767
1006, 0.00755927835901578
1007, 0.0071221887289236
1008, 0.00736808776855469
1009, 0.00578071030655077
1010, 0.0059496332736065
1011, 0.00609778690462311
1012, 0.00624064868316054
1013, 0.00740767130628228
1014, 0.00724256248213351
1015, 0.0064802432898432
1016, 0.00636806610661248
1017, 0.00657956930808723
1018, 0.0067518778766195
1019, 0.00666888655784229
1020, 0.0068333197850734
1021, 0.00691859237849712
1022, 0.00701409415341914
1023, 0.00712114184473952
1024, 0.00823797037204107
1025, 0.00594965492685636
1026, 0.00568306578012804
1027, 0.00580796622671187
1028, 0.00574977075060209
1029, 0.00728558896419903
1030, 0.00748504954390228
1031, 0.00739318947307765
1032, 0.00743020915736755
1033, 0.00736678577959538
1034, 0.00734441292782625
1035, 0.00720777626459797
1036, 0.00587030639871955
1037, 0.00725249107927084
1038, 0.00756676238961518
1039, 0.00662604408959548
1040, 0.00768440690202018
1041, 0.0078455094092836
1042, 0.00703055718913674
1043, 0.00719900030110564
1044, 0.00851501772801081
1045, 0.00706150535760181
1046, 0.00718349528809388
1047, 0.00737209113625189
1048, 0.00738544474976758
1049, 0.0069661398883909
1050, 0.00591503929657241
1051, 0.00733346724882722
1052, 0.00715335365384817
1053, 0.00740837988754113
1054, 0.0072199252123634
1055, 0.0059708533808589
1056, 0.00736740529537201
1057, 0.00644005408200125
1058, 0.0061281140272816
1059, 0.00629850003557901
1060, 0.00656190856049458
1061, 0.00675866496749222
1062, 0.00666691393901904
1063, 0.00684055414361258
1064, 0.00691784933830301
1065, 0.00699565303511918
1066, 0.0072790589183569
1067, 0.00708012244043251
1068, 0.00717835857843359
1069, 0.00561575209721923
1070, 0.00638879781278471
1071, 0.00598446722142398
1072, 0.00587899253393213
1073, 0.0060883245896548
1074, 0.00803983708222707
1075, 0.00732127398562928
1076, 0.00747090989413361
1077, 0.00742775504477322
1078, 0.00739770902631183
1079, 0.00737480578633646
1080, 0.00725461519323289
1081, 0.00729238777421415
1082, 0.00753194900850455
1083, 0.00621802701304356
1084, 0.00761520684075852
1085, 0.00771427061408758
1086, 0.00889667014901837
1087, 0.00725986361503601
1088, 0.00819932436570525
1089, 0.00711653536806504
1090, 0.00726364459842443
1091, 0.00739342401114603
1092, 0.00737136726578077
1093, 0.00722862461892267
1094, 0.00739654844316343
1095, 0.00729458484177788
1096, 0.00712656686082482
1097, 0.00742723831596474
1098, 0.00651074177585542
1099, 0.00664407177828252
1100, 0.00634563768592974
1101, 0.00675337909099956
1102, 0.00692565568412344
1103, 0.00684665841981769
1104, 0.00699687950933973
1105, 0.00706556369550526
1106, 0.00713696338546773
1107, 0.00721615933192273
1108, 0.00731745176017284
1109, 0.00714990069779257
1110, 0.00625004766819378
1111, 0.00735306918310622
1112, 0.00744285193892817
1113, 0.00741447283265491
1114, 0.00739404854054252
1115, 0.00729763267251352
1116, 0.00781998876482248
1117, 0.00733013350206117
1118, 0.00640370704544087
1119, 0.00683504133485258
1120, 0.00748341755631069
1121, 0.00753398860494296
1122, 0.00758953423549732
1123, 0.00659417694744964
1124, 0.00847228127531707
1125, 0.00670446204021573
1126, 0.00802461417125804
1127, 0.00731444656848907
1128, 0.00737936290291448
1129, 0.00753067938300471
1130, 0.00790774915367365
1131, 0.00672710710205138
1132, 0.0065803459313299
1133, 0.00734506314620376
1134, 0.00613147745441113
1135, 0.00684030602375666
1136, 0.00700907502323389
1137, 0.0069351689890027
1138, 0.00707219121977687
1139, 0.00713010830804706
1140, 0.00718790440199276
1141, 0.00725012412294745
1142, 0.00722782717396816
1143, 0.00737693797176083
1144, 0.00740700649718444
1145, 0.00652229452195267
1146, 0.00739391869865358
1147, 0.00733672687783837
1148, 0.00735941925086081
1149, 0.00742674075687925
1150, 0.00763411664714416
1151, 0.00745458365418017
1152, 0.00671868041778604
1153, 0.00748084206134081
1154, 0.00694722806413968
1155, 0.00731692602857947
1156, 0.00754577806219459
1157, 0.00729902294863548
1158, 0.0073461617742266
1159, 0.00737304566428065
1160, 0.00681695062667131
1161, 0.00692993216216564
1162, 0.00736828482088943
1163, 0.00757117456357394
1164, 0.00702617441614469
1165, 0.00709182132656376
1166, 0.00714499177411199
1167, 0.0071909047352771
1168, 0.00723401705423991
1169, 0.00727934382545451
1170, 0.00738454897267123
1171, 0.00736713401662807
1172, 0.00736853363923728
1173, 0.00737508852034807
1174, 0.00736045921221376
1175, 0.00745016735579286
1176, 0.00737198690573374
1177, 0.00732741473863522
1178, 0.00737739043931166
1179, 0.00722714179816345
1180, 0.0070023467609038
1181, 0.00787450838834047
1182, 0.00733853278992077
1183, 0.00737214297987521
1184, 0.00703091274148652
1185, 0.00712170591577888
1186, 0.00736562641603606
1187, 0.00717686954885721
1188, 0.0072175357490778
1189, 0.00725005807665487
1190, 0.00730683817528188
1191, 0.00727885286323726
1192, 0.00745042096823454
1193, 0.00635844292119145
1194, 0.00736826572877665
1195, 0.00736974032285313
1196, 0.00736803384497762
1197, 0.00678012799471617
1198, 0.00723489777495464
1199, 0.00723890090982119
1200, 0.00736761939090987
1201, 0.0072687454521656
1202, 0.00729311839677393
1203, 0.00730952729160587
1204, 0.00732395937666297
1205, 0.00733793115553757
1206, 0.00734899332746863
1207, 0.00736094731837511
