1, 0.0109209422953427
2, 0.0280149467289448
3, 0.00236716470681131
4, 0.00662308434645335
5, 0.0162615031003952
6, 0.0172508992254734
7, 0.00981947407126427
8, 0.00272240524645895
9, 0.0281249163672328
10, 0.01254239724949
11, 0.0128796147182584
12, 0.0197866875678301
13, 0.0118950359756127
14, 0.012803719068567
15, 0.0133504290133715
16, 0.0141080147586763
17, 0.0157249059217672
18, 0.0198263302445412
19, 0.0245029088109732
20, 0.0152335663636525
21, 0.00730756499494116
22, 0.00360123463906348
23, 0.00224400206934661
24, 0.00384268583729863
25, 0.00516414851881564
26, 0.0060494327917695
27, 0.00641910620033741
28, 0.00692576949950308
29, 0.00819892762228847
30, 0.00955564311395089
31, 0.0110112844655911
32, 0.0122874643032749
33, 0.0132964551448822
34, 0.0140604643772046
35, 0.0146754371623198
36, 0.0155096391681582
37, 0.0159588813160857
38, 0.0157652854298552
39, 0.0153645568837722
40, 0.0147648506487409
41, 0.0139919224505623
42, 0.0131163916861018
43, 0.0122391696398457
44, 0.011568925033013
45, 0.0112269098560015
46, 0.0115009772901734
47, 0.0120144483322899
48, 0.0125562734901905
49, 0.0130156166851521
50, 0.0133058084174991
51, 0.0134091408302387
52, 0.0133517111341159
53, 0.0131802950054407
54, 0.0129450801759958
55, 0.0126884886994958
56, 0.0124447159469128
57, 0.0122402686004837
58, 0.0120972162112594
59, 0.0120398827518026
60, 0.0121018762389819
61, 0.0123431729152799
62, 0.012882126805683
63, 0.0139377924303214
64, 0.0153460465371609
65, 0.0142698234412819
66, 0.0118668731302023
67, 0.0112087888022264
68, 0.0107860226805011
69, 0.0104881931717197
70, 0.010265649917225
71, 0.0100951725617051
72, 0.00997427819917599
73, 0.00989381247200072
74, 0.00989819091877767
75, 0.0100613509615262
76, 0.0101957097649574
77, 0.0103054414503276
78, 0.0103809029484789
79, 0.0104121578236421
80, 0.0103903614605467
81, 0.0103074889630079
82, 0.0101535747138162
83, 0.00991487394397457
84, 0.00957051990553737
85, 0.00908785716940959
86, 0.00841665019591649
87, 0.00748482951894403
88, 0.00620352515640358
89, 0.0045331014941136
90, 0.00264036783482879
91, 0.00446739606559277
92, 0.00900513213127851
93, 0.0168143277987838
94, 0.0260436994334062
95, 0.0202014821891983
96, 0.0160593041218817
97, 0.0144556464316944
98, 0.0138226980343461
99, 0.0135566415265203
100, 0.0134467957541347
101, 0.0134039310117563
102, 0.0133882860342662
103, 0.0133799815860887
104, 0.0133692417293787
105, 0.0133508578874171
106, 0.0133222787020107
107, 0.0132822659797966
108, 0.0132303764112294
109, 0.013166673326244
110, 0.013091342523694
111, 0.0130040431395173
112, 0.0129039421056708
113, 0.0127914566546679
114, 0.0126526784151793
115, 0.0126069647570451
116, 0.0126444958150387
117, 0.0126873853926857
118, 0.0127318445593119
119, 0.0127745972325404
120, 0.0128115499392152
121, 0.0128409697984656
122, 0.0128606790676713
123, 0.0129078384488821
124, 0.0129789446946234
125, 0.0130953329304854
126, 0.0132016971086462
127, 0.0133239747956395
128, 0.0134565883005659
129, 0.0135975228622556
130, 0.0137467067688704
131, 0.0139036672189832
132, 0.0140668833628297
133, 0.0142328140015403
134, 0.0143943773582578
135, 0.0145384427160025
136, 0.0146422746280829
137, 0.0146690594653289
138, 0.0145638318111499
139, 0.0142533831919233
140, 0.0136554998656114
141, 0.0127136974285046
142, 0.0114608279739817
143, 0.00997707371910413
144, 0.00844914962848028
145, 0.00726194664215048
146, 0.00390407272304098
147, 0.00808568236728509
148, 0.0158941814055045
149, 0.0254441170642773
150, 0.0251264553517103
151, 0.0160283433894316
152, 0.00790909072384238
153, 0.00403031520545483
154, 0.00983007655789455
155, 0.00985553643355767
156, 0.00990272002915541
157, 0.00997427323212226
158, 0.0100647297998269
159, 0.0101696814720829
160, 0.0102831482266386
161, 0.0104010033731659
162, 0.0105203483253717
163, 0.0106390190000335
164, 0.0107556904355685
165, 0.0108701356997093
166, 0.0109832026064396
167, 0.011096923922499
168, 0.0112146589284142
169, 0.0113413287326694
170, 0.0114845347901185
171, 0.0116567829002937
172, 0.0118799010912577
173, 0.0121898210297028
174, 0.0126620478307207
175, 0.0134342943007747
176, 0.0162586758378893
177, 0.0175005414833625
178, 0.0157598704099655
179, 0.0144425199056665
180, 0.0137080211813251
181, 0.0132891271884243
182, 0.0130377383902669
183, 0.0128823788836598
184, 0.0127835056434075
185, 0.0127186188474298
186, 0.0126737117146452
187, 0.0126408397530516
188, 0.0126148530592521
189, 0.0125928480798999
190, 0.0125735544910034
191, 0.0125566472609838
192, 0.0125427559639017
193, 0.0125331596160928
194, 0.0125302287439505
195, 0.0125347965707382
196, 0.0125756138004363
197, 0.0132353929802775
198, 0.0127161270007491
199, 0.0177718989240627
200, 0.00598859051907701
201, 0.00241470038890839
202, 0.0138559519934158
203, 0.0148540384446581
204, 0.017010385170579
205, 0.0217592266077797
206, 0.0115582044236362
207, 0.00669569234984616
208, 0.00614191258015732
209, 0.00528738927096128
210, 0.00390738248825073
211, 0.0144160094981392
212, 0.0137650437342624
213, 0.0129193438527485
214, 0.0117758638225496
215, 0.0103756110183895
216, 0.00881440999607245
217, 0.0143316732719541
218, 0.0148380566388369
219, 0.0151809010033806
220, 0.0154012553393841
221, 0.013705777314802
222, 0.0144900145630042
223, 0.0146866409728924
224, 0.0123670993683239
225, 0.0130345914512873
226, 0.0075606224903216
227, 0.00804058362596801
228, 0.0126808419202765
229, 0.0141942462263008
230, 0.0149271588772535
231, 0.0136023002366225
232, 0.0113703256162504
233, 0.00982533410812418
234, 0.0132646527407425
235, 0.0138624065245191
236, 0.0145858883236845
237, 0.0155008697571854
238, 0.0119347946186151
239, 0.0147343754236187
240, 0.00787938752078584
241, 0.0137209156528115
242, 0.0144618809223175
243, 0.0144788733062645
244, 0.0141609680528442
245, 0.0157252356099586
246, 0.0109795465444525
247, 0.0141912818487201
248, 0.0125743802636862
249, 0.0135696168678502
250, 0.0138963991776109
251, 0.0144805076665112
252, 0.00762591920793057
253, 0.0172645791123311
254, 0.00928767966106534
255, 0.0144466299874087
256, 0.0152355994408329
257, 0.0137854853334526
258, 0.0126175091912349
259, 0.0142165660858154
260, 0.0142476611460249
261, 0.0159138309148451
262, 0.0103693161425846
263, 0.0149114895612001
264, 0.0142287003497283
265, 0.0146217549751912
266, 0.0146252020883063
267, 0.0148159780850013
268, 0.0125786635714273
269, 0.0151823951552312
270, 0.0144561749572555
271, 0.0111885580699891
272, 0.00749456669048717
273, 0.0134664416047079
274, 0.0186199668262686
275, 0.0125534113806983
276, 0.0131457314516107
277, 0.0122652589343488
278, 0.0123839898345371
279, 0.0127535291636984
280, 0.0129606500267982
281, 0.0132730547338724
282, 0.0137895348792275
283, 0.0132304965518415
284, 0.012752788917472
285, 0.0124291496661802
286, 0.0122617753222585
287, 0.0122169284150004
288, 0.0133032213586072
289, 0.0132039752788842
290, 0.0129647152498364
291, 0.0126158363806705
292, 0.0122533061852058
293, 0.0119448387995362
294, 0.00986000445360939
295, 0.00828958403629561
296, 0.0103302878948549
297, 0.0104313458626469
298, 0.0104933427646756
299, 0.010133084996293
300, 0.0101923146285117
301, 0.0104883376819392
302, 0.0104400793400904
303, 0.0103224484870831
304, 0.00948404738058647
305, 0.00897567238037785
306, 0.00737405754625797
307, 0.00619255262427032
308, 0.00487285724375397
309, 0.00397342445406442
310, 0.0105112721212208
311, 0.0108046067568163
312, 0.0112123317085207
313, 0.011850534627835
314, 0.0101188725481431
315, 0.0100000664591789
316, 0.0137519023070733
317, 0.0149021092802286
318, 0.0176531006582081
319, 0.0235643722116947
320, 0.0132209261258443
321, 0.012572142140319
322, 0.0123532723324994
323, 0.0129185564195116
324, 0.0133440193409721
325, 0.0126297366805375
326, 0.012352937211593
327, 0.0128495069220662
328, 0.0124570834450424
329, 0.013253568050762
330, 0.0123205138370395
331, 0.0127361471143862
332, 0.0131001258268952
333, 0.0124406814575195
334, 0.0133385950078567
335, 0.013010020678242
336, 0.0100178737193346
337, 0.0100031395753225
338, 0.00931410677731037
339, 0.0103869320203861
340, 0.0106479457269112
341, 0.0105603304691613
342, 0.00886938573482136
343, 0.0102477396527926
344, 0.0105204973369837
345, 0.0106091541238129
346, 0.0106324472775062
347, 0.0104323959288498
348, 0.00969391223043203
349, 0.00838546377296249
350, 0.0102924659537772
351, 0.0109587106853724
352, 0.0119349847858151
353, 0.0102132311356919
354, 0.0113778570666909
355, 0.0130654113988082
356, 0.0125086292624474
357, 0.0144998375326395
358, 0.0160515494644642
359, 0.0167027316987515
360, 0.0118639799766243
361, 0.0128286012581417
362, 0.0128093364515475
363, 0.00793602666817605
364, 0.013433844409883
365, 0.0123935999969641
366, 0.012692148797214
367, 0.0123137061794599
368, 0.0125200489225487
369, 0.0129063945884506
370, 0.0135980683068434
371, 0.0122803176442782
372, 0.012348234343032
373, 0.0122927959697942
374, 0.0131508548123141
375, 0.0124327042140067
376, 0.0124889691360295
377, 0.0133979766008755
378, 0.0137005806900561
379, 0.0136639191769063
380, 0.0102404998615384
381, 0.0103792180307209
382, 0.0107601471245289
383, 0.0108314276052018
384, 0.0106547914134959
385, 0.0105235014731685
386, 0.0108601183940967
387, 0.0107601638883352
388, 0.0108366995118558
389, 0.0106307392319043
390, 0.0101467058993876
391, 0.0101648042909801
392, 0.0106496873001258
393, 0.0136005872239669
394, 0.0114298436480264
395, 0.0120051594983254
396, 0.0104045208233098
397, 0.012721399217844
398, 0.0142548375629953
399, 0.00769264588598162
400, 0.0103949651432534
401, 0.0140127859388789
402, 0.0142362692082922
403, 0.0136677493962149
404, 0.0109208550614615
405, 0.012181201018393
406, 0.0121441221175094
407, 0.0121395884392162
408, 0.0121795451268554
409, 0.0122740296646953
410, 0.012185658638676
411, 0.0124194378343721
412, 0.012632558743159
413, 0.0121576967649162
414, 0.0111113609746099
415, 0.0111047260773679
416, 0.0109568753590186
417, 0.010983117390424
418, 0.0110345203429461
419, 0.0109473083478709
420, 0.0110821902441482
421, 0.0110437817250689
422, 0.013277439866215
423, 0.0129204485565424
424, 0.0113047587995728
425, 0.011054092242072
426, 0.0124992107972503
427, 0.0110517072801789
428, 0.0104560339823365
429, 0.0118241095915437
430, 0.0107281838676759
431, 0.0109280913602561
432, 0.0145593566509585
433, 0.0140071568700174
434, 0.0117913740687072
435, 0.0134260705672204
436, 0.0118816373869777
437, 0.0119269702893992
438, 0.0112575598371526
439, 0.0119410903813938
440, 0.0119268544949591
441, 0.0119302437330286
442, 0.0113884226108591
443, 0.0113566499203444
444, 0.0119906965022286
445, 0.0120925038742522
446, 0.0113859364452461
447, 0.0113715214344362
448, 0.0113661685027182
449, 0.0113904434256256
450, 0.0114727229811251
451, 0.012266810828199
452, 0.0129225538112223
453, 0.0125370010112723
454, 0.0116530597830812
455, 0.0119830699016651
456, 0.0114571772781866
457, 0.0133904444053769
458, 0.0143064662503699
459, 0.0134950537855426
460, 0.012588057667017
461, 0.0116687964958449
462, 0.0116599947214127
463, 0.0116124066213767
464, 0.0116693211408953
465, 0.0125222892190019
466, 0.0128325829282403
467, 0.0116823674179614
468, 0.0117305830741922
469, 0.0118363865961631
470, 0.0110688351094723
471, 0.0123507271831234
472, 0.0120306989798943
473, 0.0145502826198936
474, 0.0133293145336211
475, 0.0149314495113989
476, 0.0150932295247912
477, 0.0157951354714377
478, 0.0148729556240141
479, 0.0152340075001121
480, 0.00717115689379473
481, 0.0124915870061765
482, 0.0182555023846882
483, 0.0128427807552119
484, 0.012808105442673
485, 0.0127345705404878
486, 0.01269557295988
487, 0.0128921734479566
488, 0.00774224281000594
489, 0.00924415125822028
490, 0.0135197204848131
491, 0.0133839348951975
492, 0.0132558761785428
493, 0.0131362106961509
494, 0.0130473369732499
495, 0.0108164269477129
496, 0.0122028778617581
497, 0.0133078081222872
498, 0.0140492695694168
499, 0.0144668528810143
500, 0.0146444149625798
501, 0.014662810601294
502, 0.0145852374844253
503, 0.0144552672281861
504, 0.0143003249540925
505, 0.0141366817988455
506, 0.0139733000348012
507, 0.0138148218393326
508, 0.0136633726457755
509, 0.023566596955061
510, 0.0134474515604476
511, 0.0130617981776595
512, 0.0131453674597045
513, 0.0132186349170903
514, 0.0133336476671199
515, 0.0133751438309749
516, 0.0134065166736643
517, 0.013429390732199
518, 0.013467991258949
519, 0.0135060873193045
520, 0.01359077092881
521, 0.0137853412888944
522, 0.0142266446103652
523, 0.0152669111266732
524, 0.0179473285873731
525, 0.0132815099010865
526, 0.00371775904204696
527, 0.00593869239091873
528, 0.00543894812775155
529, 0.00440268420303861
530, 0.0128692608947555
531, 0.0127704112480084
532, 0.0129061040158073
533, 0.0129097448661923
534, 0.00671882112510502
535, 0.00851136508087317
536, 0.0131817756531139
537, 0.013304986525327
538, 0.0134342332991461
539, 0.0130579375794956
540, 0.0117668996875485
541, 0.0146018089726567
542, 0.0146222780458629
543, 0.0139197028862933
544, 0.01357009789596
545, 0.0143352022084097
546, 0.0102489741208653
547, 0.0138625102117658
548, 0.0140180167121192
549, 0.0137128958789011
550, 0.0141772194765508
551, 0.0144824224213759
552, 0.0130587786746522
553, 0.0146642192266881
554, 0.0144050070084631
555, 0.0129689211025834
556, 0.0136470380239189
557, 0.0139221653031806
558, 0.014971400766323
559, 0.0131255282709996
560, 0.013411130135258
561, 0.0134616913273931
562, 0.0128646345498661
563, 0.012769565358758
564, 0.0132100953099628
565, 0.0135055296123028
566, 0.0135457996899883
567, 0.0132856854858498
568, 0.0135890420836707
569, 0.013352684987088
570, 0.0142719855842491
571, 0.0137437848995129
572, 0.0163077328886305
573, 0.00764390666569982
574, 0.0157397440634668
575, 0.012220175803772
576, 0.012823647154229
577, 0.00695622557153304
578, 0.0129739030574759
579, 0.00742174172773957
580, 0.0128780201387902
581, 0.0137413507327437
582, 0.0136036709882319
583, 0.0138843154224257
584, 0.0140322566342851
585, 0.0141835936034719
586, 0.0131019996479154
587, 0.0134715836805602
588, 0.0132226742183169
589, 0.0143344377477964
590, 0.013344786905994
591, 0.0144770538123945
592, 0.014596879016608
593, 0.0146671890591582
594, 0.0112445258225004
595, 0.014638802036643
596, 0.0144281359389424
597, 0.0129139428026974
598, 0.0129334197069208
599, 0.0096356675028801
600, 0.0139146177098155
601, 0.0130328095207612
602, 0.0135212866589427
603, 0.0134494358984133
604, 0.0135894728203615
605, 0.0136564193914334
606, 0.0133723051597675
607, 0.0137276084472736
608, 0.0132894564109544
609, 0.013812187127769
610, 0.013199876062572
611, 0.0139275453984737
612, 0.0141026453735928
613, 0.0143887551190952
614, 0.012936253255854
615, 0.0148686642448107
616, 0.0128436361749967
617, 0.0103275062782424
618, 0.00735501677263528
619, 0.0129468990489841
620, 0.0128228235989809
621, 0.0140675919440885
622, 0.0129529906747242
623, 0.0129844661181172
624, 0.0130211930455906
625, 0.0132551511439184
626, 0.0131429741159081
627, 0.0136165961933633
628, 0.0137438690289855
629, 0.0138750956393778
630, 0.0140108618264397
631, 0.0133721097372472
632, 0.014151195064187
633, 0.0134927251686653
634, 0.0142951767581205
635, 0.0130128040909767
636, 0.0144398206224044
637, 0.0145777782114844
638, 0.0146900351780156
639, 0.0131009086035192
640, 0.0137569865522285
641, 0.0136643839068711
642, 0.0134801276338597
643, 0.0138542933079104
644, 0.0135728099072973
645, 0.0133851026184857
646, 0.0139622745725016
647, 0.0132870098265509
648, 0.0140914570850631
649, 0.0142576862126589
650, 0.0147261920695504
651, 0.014575874277701
652, 0.0148006578286489
653, 0.0144856569046775
654, 0.0129975754146775
655, 0.0129080433398485
656, 0.0127216566664477
657, 0.0130651131538408
658, 0.0102409337647259
659, 0.0144089000920455
660, 0.0151579299320777
661, 0.013073910959065
662, 0.013163732830435
663, 0.0136061307663719
664, 0.0137178686757882
665, 0.0138322054408491
666, 0.0132751110941172
667, 0.0134956597660979
668, 0.0139511342470845
669, 0.0133855730916063
670, 0.0140773804547886
671, 0.0142149312111239
672, 0.0143688792983691
673, 0.0131837764444451
674, 0.0145446831981341
675, 0.0147386500611901
676, 0.0148708902609845
677, 0.0148999292093019
678, 0.0149301116665204
679, 0.0155502092093229
680, 0.0153117077425122
681, 0.0158574877306819
682, 0.013348702651759
683, 0.0127071710303426
684, 0.0065876919377063
685, 0.0028246579458937
686, 0.013249318425854
687, 0.0132932245420913
688, 0.0133258323185146
689, 0.0133645357564092
690, 0.0133782210759819
691, 0.0133985535552104
692, 0.0134412250481546
693, 0.0135359133904179
694, 0.0137393471474449
695, 0.0141726631360749
696, 0.0151257845573127
697, 0.0184136587195098
698, 0.0173280352416138
699, 0.0222025367741783
700, 0.0122680542990565
701, 0.0100989933125675
702, 0.00984746667866906
703, 0.00948822591453791
704, 0.00898883553842703
705, 0.00829868911144634
706, 0.00734517257660627
707, 0.00615038466639817
708, 0.0045625752924631
709, 0.0133872719792028
710, 0.0126673084062835
711, 0.0122372700522343
712, 0.0119464518502355
713, 0.011734830836455
714, 0.011565654228131
715, 0.0114215683812896
716, 0.0112918643280864
717, 0.011169718268017
718, 0.0110503379255533
719, 0.0109306319306294
720, 0.010808823009332
721, 0.0106843765825033
722, 0.0105579585457842
723, 0.0104315186229845
724, 0.0103077720850706
725, 0.0101902754977345
726, 0.0100843656497697
727, 0.00999735606213411
728, 0.00993228269120057
729, 0.00989046739414334
730, 0.0128496591933072
731, 0.0129260709509254
732, 0.0130334265219669
733, 0.0131878696071605
734, 0.0134137755570312
735, 0.0137468171305954
736, 0.0142332130732636
737, 0.0148829102205733
738, 0.0156278605572879
739, 0.012793550423036
740, 0.014410648184518
741, 0.0126149790361524
742, 0.013095128039519
743, 0.0137749214967092
744, 0.0127160744741559
745, 0.0127505330989758
746, 0.0135336644016206
747, 0.0133462262650331
748, 0.0132034566874305
749, 0.0140700858707229
750, 0.0104064629413188
751, 0.0106830385824045
752, 0.0112313178057472
753, 0.0109632102151712
754, 0.011789181890587
755, 0.0114955843115846
756, 0.010166476170222
757, 0.012183484621346
758, 0.0124646378681064
759, 0.0128793964783351
760, 0.01440812908113
761, 0.0119667317097386
762, 0.0134697183966637
763, 0.0116353662063678
764, 0.011362526876231
765, 0.0110988214922448
766, 0.0100789220693211
767, 0.0102789807133377
768, 0.0105426182659964
769, 0.0108242098552485
770, 0.0135028772056103
771, 0.0138140112782518
772, 0.0148416886416574
773, 0.0131249086310466
774, 0.0131933075996737
775, 0.0133196987832586
776, 0.0129475748787324
777, 0.0133516631710033
778, 0.0133786224760115
779, 0.0134058683179319
780, 0.0132793228452404
781, 0.0134423190417389
782, 0.014180988073349
783, 0.0136124105192721
784, 0.0102648778508107
785, 0.00936556265999874
786, 0.010002173949033
787, 0.0103944167494774
788, 0.0103598106652498
789, 0.0102057970749835
790, 0.00972401956096292
791, 0.00892289161371688
792, 0.00842915948790809
793, 0.00869157664211733
794, 0.0103776245377958
795, 0.0103186791141828
796, 0.0102245262823999
797, 0.0101015185937285
798, 0.00998222324997187
799, 0.0127933314070106
800, 0.0161178753090401
801, 0.010029978251883
802, 0.0144412782309311
803, 0.0128343311759333
804, 0.012751798145473
805, 0.0159895663770537
806, 0.0129480926940838
807, 0.0126877172539632
808, 0.0126197342760861
809, 0.0126194137459
810, 0.012629129147778
811, 0.0126639908800522
812, 0.0128966341726482
813, 0.0126443582897385
814, 0.0137127682877084
815, 0.0140076523336271
816, 0.0138778444379568
817, 0.0135529076990982
818, 0.0134143604276081
819, 0.013299439723293
820, 0.0130124770415326
821, 0.0123816706861059
822, 0.0116830981957416
823, 0.0126457653629283
824, 0.0121693735321363
825, 0.0118304084365567
826, 0.0115407914854586
827, 0.0129859146351616
828, 0.0119894078622262
829, 0.011398828898867
830, 0.0135465578309127
831, 0.0112540782429278
832, 0.0111049610810975
833, 0.0109516838565469
834, 0.0107959803814689
835, 0.0106425640794138
836, 0.0103586533417304
837, 0.010494991671294
838, 0.0102370505531629
839, 0.0103436050315698
840, 0.0132282519092162
841, 0.0130434357561171
842, 0.0133228502236307
843, 0.0133651255940398
844, 0.0134041076526046
845, 0.0134456683881581
846, 0.0134985564897458
847, 0.0137017530699571
848, 0.0135766562695305
849, 0.0139066747700175
850, 0.0131652283792694
851, 0.0142412402977546
852, 0.0101731745526195
853, 0.0104346338969966
854, 0.0104519915767014
855, 0.0103798129906257
856, 0.0102917530263464
857, 0.0104149885786076
858, 0.0105029855233928
859, 0.0103168898882965
860, 0.0104235680773854
861, 0.01476232179751
862, 0.0102689152893921
863, 0.0102449522043268
864, 0.0101536745205522
865, 0.0140679035335779
866, 0.0128938942216337
867, 0.0102966982605202
868, 0.0155127126102646
869, 0.0176393138244748
870, 0.0114722206878165
871, 0.0131303067319095
872, 0.0128204352222383
873, 0.0130677608152231
874, 0.0134335737675428
875, 0.0135231227613986
876, 0.0136138619855046
877, 0.0136807646291951
878, 0.0127688053374489
879, 0.0127513393138846
880, 0.0127919148653746
881, 0.0137158773529033
882, 0.0104215086127321
883, 0.0115530683348576
884, 0.0107313042196135
885, 0.011067239412417
886, 0.0113968608590464
887, 0.011234803746144
888, 0.0108967575555046
889, 0.0120056550949812
890, 0.0118539769512912
891, 0.0121655908102791
892, 0.0117045952938497
893, 0.0130825280211866
894, 0.0123407361097634
895, 0.0127818016335368
896, 0.0125428151028852
897, 0.010570763455083
898, 0.0128549008319775
899, 0.0132062329600255
900, 0.0105657121166587
901, 0.0132734140691658
902, 0.0135452820298572
903, 0.0136327239063879
904, 0.0134289124980569
905, 0.0134812520506481
906, 0.0133798761914174
907, 0.0137611709845563
908, 0.0132138829988738
909, 0.0109838976835211
910, 0.0104100935471555
911, 0.0104991720678906
912, 0.0105635995666186
913, 0.0130896323050062
914, 0.0105969067662954
915, 0.0105974051790933
916, 0.0139553036230306
917, 0.0111972961264352
918, 0.0110605163499713
919, 0.0142442587142189
920, 0.01465698160852
921, 0.0129984977344672
922, 0.0128387050703168
923, 0.0127423900800447
924, 0.0163098367241522
925, 0.0130610597940783
926, 0.0151777039282024
927, 0.0120191092913349
928, 0.0132797118276358
929, 0.0129720730086168
930, 0.0129351397044957
931, 0.013532852443556
932, 0.0134800194452206
933, 0.0134405006787607
934, 0.01351602608338
935, 0.0132163915162285
936, 0.0129041490145028
937, 0.0128782093524933
938, 0.0109831476584077
939, 0.01062799418079
940, 0.0108051070322593
941, 0.0116953706989686
942, 0.0115282546418409
943, 0.0118553005158901
944, 0.0113531656873723
945, 0.0111707020550966
946, 0.0131274367061754
947, 0.0128873423673213
948, 0.0120100586985548
949, 0.0121634566845993
950, 0.0133839195594192
951, 0.0123209037507574
952, 0.0124885208594302
953, 0.0126718472068508
954, 0.0133519500183562
955, 0.0130158594499032
956, 0.0109328186760346
957, 0.0133283450268209
958, 0.0136609704544147
959, 0.0131427457866569
960, 0.0135730700567365
961, 0.0135048413649201
962, 0.0137807268959781
963, 0.0134465304824213
964, 0.0132703653847178
965, 0.0105695061696072
966, 0.0106813875027001
967, 0.0107663228797416
968, 0.0108321631948153
969, 0.0108859033013384
970, 0.013949195543925
971, 0.0116013949736953
972, 0.0122249371682604
973, 0.011855606144915
974, 0.0141840094390015
975, 0.0144864947845538
976, 0.0129518441057631
977, 0.0128575765217344
978, 0.0155622167512774
979, 0.0130423936992884
980, 0.0156735355655352
981, 0.010706161459287
982, 0.0128137391681472
983, 0.0131211904808879
984, 0.0131127916586896
985, 0.0133813998351494
986, 0.0134119124462207
987, 0.0130701417413851
988, 0.0134415992846092
989, 0.0130329091722767
990, 0.0133301792666316
991, 0.0108594702556729
992, 0.0110434379118184
993, 0.0130019998177886
994, 0.0118275357720753
995, 0.0119953756220639
996, 0.011259955043594
997, 0.0116492098507782
998, 0.0131951813985194
999, 0.0114597285476824
1000, 0.012153710393856
1001, 0.0123071164513628
1002, 0.0124593268459042
1003, 0.0129577309514085
1004, 0.0126158481774231
1005, 0.0127816366342207
1006, 0.013432738215973
1007, 0.0131612629629672
1008, 0.0148456832394004
1009, 0.0104519343003631
1010, 0.0132026371235649
1011, 0.0133907577643792
1012, 0.0136614283546805
1013, 0.0135807037974397
1014, 0.0137655398187538
1015, 0.0135143279718856
1016, 0.010782135805736
1017, 0.0109215277868013
1018, 0.0133326415282985
1019, 0.0110375882747273
1020, 0.0111525982307891
1021, 0.0114187630824745
1022, 0.011276516597718
1023, 0.0139004808540146
1024, 0.0122738673041264
1025, 0.0140759027563035
1026, 0.0126680044146876
1027, 0.0142897899883489
1028, 0.0151525468875964
1029, 0.0130919115617871
1030, 0.0129711294236283
1031, 0.0126655785366893
1032, 0.0137479430330651
1033, 0.0132094717894991
1034, 0.0132351761373381
1035, 0.0134258856996894
1036, 0.013191654967765
1037, 0.0133243231102824
1038, 0.0113266647482912
1039, 0.0133993555791676
1040, 0.0131511872944733
1041, 0.0131144269059102
1042, 0.0121280797757208
1043, 0.0119516869696478
1044, 0.0115550098319848
1045, 0.0117621870401005
1046, 0.0122883780859411
1047, 0.0124399707031747
1048, 0.0125863212160766
1049, 0.0127299632877111
1050, 0.0130322755624851
1051, 0.0128763016934196
1052, 0.0133652858436108
1053, 0.0134423879596094
1054, 0.0132813279827436
1055, 0.0132675420803328
1056, 0.0134548475034535
1057, 0.0136394837560753
1058, 0.0135709227373203
1059, 0.0112122019442419
1060, 0.013722483223925
1061, 0.013396557730933
1062, 0.0113686990613739
1063, 0.011539622520407
1064, 0.0131927297140161
1065, 0.0138252647593617
1066, 0.0117349300223092
1067, 0.0119706691863636
1068, 0.0144996871240437
1069, 0.0139417027433713
1070, 0.0129078812897205
1071, 0.0140681133295099
1072, 0.0150541213030616
1073, 0.0146626606583595
1074, 0.0120730645954609
1075, 0.0139666654701744
1076, 0.01333218269671
1077, 0.0134077711651723
1078, 0.0132947148134311
1079, 0.0116347415106637
1080, 0.011066473887435
1081, 0.0134167484939098
1082, 0.0122572177400192
1083, 0.0120689637648563
1084, 0.0118673283917209
1085, 0.012417858466506
1086, 0.0132158499521514
1087, 0.0132555360905826
1088, 0.0125662960732977
1089, 0.0131634810939431
1090, 0.0127053445515533
1091, 0.0128389582969248
1092, 0.0129664223641157
1093, 0.0130884962466856
1094, 0.0133761373969416
1095, 0.0133674456737936
1096, 0.0133368123012284
1097, 0.0135109601542354
1098, 0.0136016256486376
1099, 0.0115322566901644
1100, 0.013662322734793
1101, 0.0134546466482182
1102, 0.0117412405088544
1103, 0.0119583883012334
1104, 0.0137313418090343
1105, 0.0132639973557421
1106, 0.0138089847750962
1107, 0.0133534303555886
1108, 0.0125287113090356
1109, 0.0141948910119633
1110, 0.0138094952950875
1111, 0.0122146013503273
1112, 0.013876803064098
1113, 0.0131753817200661
1114, 0.0147086201235652
1115, 0.0142505679590007
1116, 0.0128220523086687
1117, 0.0132347748481802
1118, 0.0133744680012266
1119, 0.0119670983403921
1120, 0.0134521191939712
1121, 0.0113418826833367
1122, 0.0136918150819838
1123, 0.0133348073189457
1124, 0.0133051422114174
1125, 0.0136659306784471
1126, 0.0121789732947946
1127, 0.0133980435008804
1128, 0.0134973898530006
1129, 0.0134126275467376
1130, 0.0121300066821277
1131, 0.0136308289753894
1132, 0.0135915589829286
1133, 0.012941830791533
1134, 0.0130598993661503
1135, 0.0131606875608365
1136, 0.0133797383556763
1137, 0.0133969218780597
1138, 0.0135479002880553
1139, 0.0126906135119498
1140, 0.0133447207820912
1141, 0.0123865750307838
1142, 0.0125455125235021
1143, 0.0126809816186627
1144, 0.0123647175108393
1145, 0.0138469498072352
1146, 0.0130456956103444
1147, 0.0132974230994781
1148, 0.0122781623420971
1149, 0.0126738122974833
1150, 0.0125156419041256
1151, 0.0134267293227216
1152, 0.0134112304076552
1153, 0.0128146770099799
1154, 0.0134276834626993
1155, 0.0133904786780477
1156, 0.0129417610975603
1157, 0.0130443650608261
1158, 0.0131384584431847
1159, 0.0132507402449846
1160, 0.0134126072128614
1161, 0.0135535874093572
1162, 0.0134481699205935
1163, 0.0135156001585225
1164, 0.0118798559221129
1165, 0.0124497702345252
1166, 0.0135249226974944
1167, 0.0138904484920204
1168, 0.0134713263250887
1169, 0.013532565596203
1170, 0.0136900003999472
1171, 0.0127484461603065
1172, 0.0135210740069548
1173, 0.0130977357427279
1174, 0.0132347179576755
1175, 0.0127813931554556
1176, 0.0129378835360209
1177, 0.0134554488273958
1178, 0.0134486675572892
1179, 0.0134186718302468
1180, 0.013441476225853
1181, 0.0130673749372363
1182, 0.0131562423581878
1183, 0.0132293378313382
1184, 0.0132808471098542
1185, 0.013365456679215
1186, 0.0133439630270004
1187, 0.0134778213687241
1188, 0.013517061714083
1189, 0.0135019645094872
1190, 0.01339271866406
1191, 0.0134277037744011
1192, 0.0127033365092107
1193, 0.0137988526374102
1194, 0.0133544580700497
1195, 0.0130914685626825
1196, 0.0130709577351809
1197, 0.0134774519662772
1198, 0.0131977310714622
1199, 0.0133637747106453
1200, 0.0134333337967594
1201, 0.0132710494411488
1202, 0.0133251096121967
1203, 0.0133722625406725
1204, 0.0134219966518382
1205, 0.0134431951058408
1206, 0.0133110301569104
1207, 0.0134561402723193
