1, 0.00861608702689409
2, 0.0212268674125274
3, 0.00216830242425203
4, 0.00557970581576228
5, 0.0103528248146176
6, 0.0155482366681099
7, 0.00412767380475998
8, 0.00149050983600318
9, 0.0214472909768422
10, 0.00829903036355972
11, 0.0105311824008822
12, 0.0157328397035599
13, 0.00890569377224892
14, 0.00922814104706049
15, 0.00941169261932373
16, 0.00954868147770564
17, 0.00963855612402161
18, 0.00969196592147152
19, 0.00972385316466292
20, 0.00974916697790225
21, 0.00978756897772352
22, 0.00986823051547011
23, 0.010038735345006
24, 0.0103873896102111
25, 0.0110947365562121
26, 0.0125999331163863
27, 0.0165665800062319
28, 0.018334231339395
29, 0.0153568287690481
30, 0.0100327515974641
31, 0.0055364517805477
32, 0.00289854143435756
33, 0.00165342891705222
34, 0.00149567334059005
35, 0.0018897228098164
36, 0.00288979798400154
37, 0.00371352043778946
38, 0.00437389205520352
39, 0.00487180465521912
40, 0.00522133413081368
41, 0.00545430198932687
42, 0.00558758393162861
43, 0.00568085381140312
44, 0.00595851180454095
45, 0.00638287700712681
46, 0.00688511785119772
47, 0.00741745019331574
48, 0.00794374197721481
49, 0.00843397403756777
50, 0.0088645356396834
51, 0.00922209365914265
52, 0.00950339591751496
53, 0.00971268117427826
54, 0.00985885752985875
55, 0.00995343302687009
56, 0.0100090509901444
57, 0.0100385102753838
58, 0.0100538566087683
59, 0.0100678432111939
60, 0.0100928337002794
61, 0.0101377802590529
62, 0.0102421389892697
63, 0.0103054459517201
64, 0.010269098294278
65, 0.0102006305630008
66, 0.0101072397083044
67, 0.00999002965788046
68, 0.00985190831124783
69, 0.00969713677962621
70, 0.00953114715715249
71, 0.00936066980163256
72, 0.0091934148222208
73, 0.00903838531424602
74, 0.00890515403201183
75, 0.00879990961402655
76, 0.00873670602838198
77, 0.00871516081194083
78, 0.00875655375421047
79, 0.00884575148423513
80, 0.00897427710394065
81, 0.00914292534192403
82, 0.00935225343952576
83, 0.00961039556811253
84, 0.00994045473635197
85, 0.0103951975082358
86, 0.011087743875881
87, 0.0123852469647924
88, 0.013401786563918
89, 0.0130702362706264
90, 0.0106299261872967
91, 0.00978972669690847
92, 0.00935370133568843
93, 0.0090983072295785
94, 0.00892520633836587
95, 0.00878950487822294
96, 0.00866390547404687
97, 0.00852825213223696
98, 0.00836457995076974
99, 0.00815617727736632
100, 0.00788807139421503
101, 0.00754895325129231
102, 0.00713400527214011
103, 0.00664811115711927
104, 0.00610835539797942
105, 0.00554909681280454
106, 0.00500814244151115
107, 0.00452736609925826
108, 0.00422016065567732
109, 0.00397764254012145
110, 0.00357698160223663
111, 0.00319735046165685
112, 0.00270770008986195
113, 0.00208866118919104
114, 0.00132091240569328
115, 0.000970352014216284
116, 0.00113943500036839
117, 0.00231021945364773
118, 0.00478097167797387
119, 0.00899304449558258
120, 0.0144633154074351
121, 0.0193762555718422
122, 0.0168259482209881
123, 0.0128149359176556
124, 0.0112404385581613
125, 0.0104719904872278
126, 0.0100888873760899
127, 0.00988181121647358
128, 0.00975730751330654
129, 0.0096640184832116
130, 0.00956869746247927
131, 0.00944622574994961
132, 0.00927457011615237
133, 0.00903257199873527
134, 0.00863549326147352
135, 0.00843263976275921
136, 0.0085065100962917
137, 0.0086507818972071
138, 0.00883741490542889
139, 0.00905376517524322
140, 0.00928409739087025
141, 0.00951403348396222
142, 0.00973222559938828
143, 0.00992983176062504
144, 0.01010070523868
145, 0.0102413448815544
146, 0.0103490439554056
147, 0.0104243764653802
148, 0.0104632924000422
149, 0.0103593794628978
150, 0.0101748531063398
151, 0.0100674110775193
152, 0.00997241089741389
153, 0.0098776180918018
154, 0.00976507955541213
155, 0.0096159145856897
156, 0.00941422830025355
157, 0.00914674873153369
158, 0.00880597283442815
159, 0.00839189315835635
160, 0.00791421827549736
161, 0.00739540470143159
162, 0.00686976639553905
163, 0.00637215888127685
164, 0.00594858809684714
165, 0.00567513673255841
166, 0.00163710175547749
167, 0.0027769620064646
168, 0.00534999696537852
169, 0.00984440154085557
170, 0.0153138171881437
171, 0.0198321196561058
172, 0.0181554942391813
173, 0.0145236058160663
174, 0.00898643722757697
175, 0.00454019817213217
176, 0.00220312620513141
177, 0.0010962017258862
178, 0.00420496814573805
179, 0.00450113570938508
180, 0.00498792187621196
181, 0.00554737371082107
182, 0.00612813699990511
183, 0.00668644905090332
184, 0.00718905714650949
185, 0.00762151647359133
186, 0.00798163097351789
187, 0.00827882687250773
188, 0.00853159371763468
189, 0.00876482482999563
190, 0.00901067474236091
191, 0.00931046375383933
192, 0.00973641934494177
193, 0.0104160364717245
194, 0.0127907961141318
195, 0.0138760088011622
196, 0.0124787104626497
197, 0.011352552101016
198, 0.0106459502130747
199, 0.0101591879501939
200, 0.00978021634121736
201, 0.00945785486449798
202, 0.00917372076461712
203, 0.0089241499081254
204, 0.00870868160078923
205, 0.00852949637919664
206, 0.00850996095687151
207, 0.0117840611242822
208, 0.00522451388782689
209, 0.00273024488706142
210, 0.00958341639488935
211, 0.00965541461482644
212, 0.00970225688070059
213, 0.00973706025009354
214, 0.00977623059103886
215, 0.00984288689990838
216, 0.00997332483530045
217, 0.0102289038089414
218, 0.0107265755844613
219, 0.0117420167662203
220, 0.0139103145338595
221, 0.00808989838697016
222, 0.0144980656914413
223, 0.0043022398216029
224, 0.00364041118882596
225, 0.00295250822923013
226, 0.00175874538642044
227, 0.0100744759353499
228, 0.0100585118246575
229, 0.0100473805020253
230, 0.0100284207922717
231, 0.00998990672330062
232, 0.00991924790044626
233, 0.00980355869978666
234, 0.00963038175056378
235, 0.00938892566288511
236, 0.00907173814872901
237, 0.00867711395646135
238, 0.00821215488637487
239, 0.00769507970350484
240, 0.00715208596860369
241, 0.00661929425162574
242, 0.00613320766327282
243, 0.00577071417743961
244, 0.00894457955534259
245, 0.00901458226144314
246, 0.00964363493646185
247, 0.00978058918068806
248, 0.00990588668112954
249, 0.0100150279079874
250, 0.0101051656529307
251, 0.0101721907655398
252, 0.010219875878344
253, 0.00950058192635576
254, 0.00910479963446657
255, 0.00922312634065747
256, 0.00935798433298866
257, 0.00974747942139705
258, 0.00985047065963348
259, 0.00994260826458534
260, 0.0100208312893907
261, 0.0100827688972155
262, 0.0101085285035272
263, 0.0100571323807041
264, 0.00976093082378308
265, 0.0100424884197613
266, 0.00997676467522979
267, 0.00850952323526144
268, 0.00929389738788207
269, 0.00745050725527108
270, 0.00633470714092255
271, 0.0101600930094719
272, 0.00687327538616955
273, 0.00956440872202317
274, 0.0100509046266476
275, 0.0100219428228835
276, 0.00989416753873229
277, 0.0089424488445123
278, 0.00800523914707204
279, 0.00947190976391236
280, 0.00963178447758158
281, 0.00974731054157019
282, 0.00986472377553582
283, 0.0101768981354932
284, 0.0105290319770575
285, 0.0111655114839474
286, 0.00969688454642892
287, 0.00979705884431799
288, 0.00997757803027829
289, 0.00930881422633926
290, 0.00480976467952132
291, 0.00543796581526597
292, 0.00518913318713506
293, 0.00465166529950996
294, 0.00419308835019668
295, 0.0055731656961143
296, 0.00921004797731127
297, 0.0101197494992188
298, 0.00480915722437203
299, 0.010440132021904
300, 0.0125609006732702
301, 0.00874683788667122
302, 0.00581056378515703
303, 0.00932092638686299
304, 0.0095259800242881
305, 0.0094181327149272
306, 0.0100292512215674
307, 0.00997653758774201
308, 0.00990931146467725
309, 0.00983319633329908
310, 0.00924292051543792
311, 0.00963762433578571
312, 0.0100675852969289
313, 0.00997522954518596
314, 0.0100237258399526
315, 0.0100435468678673
316, 0.0100464383140206
317, 0.00988446486492952
318, 0.0100435305697223
319, 0.00922332859287659
320, 0.00973771062369148
321, 0.00952125946059823
322, 0.00883589405566454
323, 0.00779804300206403
324, 0.00835733255371451
325, 0.00718266835125784
326, 0.00653620879165828
327, 0.0100731997129818
328, 0.0123566146939993
329, 0.00508057978004217
330, 0.00953925835589568
331, 0.00990675576031208
332, 0.009831043270727
333, 0.00976691798617443
334, 0.00969955356170734
335, 0.0100155502247314
336, 0.0108811131988962
337, 0.0104563118269046
338, 0.0101855828737219
339, 0.0094108694853882
340, 0.00562909975027045
341, 0.00544109661132097
342, 0.00539519412753483
343, 0.00340881734155118
344, 0.0100414288629379
345, 0.00556051338623677
346, 0.00941629878555735
347, 0.00966068326185147
348, 0.00948930345475674
349, 0.00957293544585506
350, 0.00990533906345566
351, 0.00996015872806311
352, 0.0100057775465151
353, 0.00974901641408602
354, 0.00935694966465235
355, 0.00756349631895622
356, 0.00918055232614279
357, 0.00687203587343295
358, 0.00875062417859832
359, 0.00950642737249533
360, 0.0100380461663008
361, 0.0100536337122321
362, 0.0100495909961561
363, 0.0100347508365909
364, 0.00998990998292963
365, 0.00974009372293949
366, 0.00989567146946987
367, 0.00820934648315112
368, 0.00604634648188949
369, 0.0114860120229423
370, 0.00568235626754661
371, 0.00962024477000038
372, 0.0107450480572879
373, 0.010430705267936
374, 0.00994856795296073
375, 0.00986404142652949
376, 0.00978606085603436
377, 0.0102099642778436
378, 0.010057285738488
379, 0.00950424027230058
380, 0.00608723125021372
381, 0.00588448788039386
382, 0.0091289110481739
383, 0.0100237019360065
384, 0.00955971671889226
385, 0.00977373278389374
386, 0.00963100527102748
387, 0.00970133968318502
388, 0.00996592951317628
389, 0.0100040143089635
390, 0.00916722851494948
391, 0.00984317312637965
392, 0.00952446771164735
393, 0.0072326606605202
394, 0.00867679746200641
395, 0.00977395459388693
396, 0.00803738071893652
397, 0.0100759095512331
398, 0.0100674691299597
399, 0.0100611352051298
400, 0.0100362268276513
401, 0.0100246574729681
402, 0.00993327905113498
403, 0.0111403535120189
404, 0.00660242916395267
405, 0.00970204190040628
406, 0.0106401653029025
407, 0.00997882941737771
408, 0.00988736469298601
409, 0.0104044728601972
410, 0.0100858295336366
411, 0.0102233317059775
412, 0.00652796421200037
413, 0.00671673313315426
414, 0.00987249736984571
415, 0.00981303211301565
416, 0.00975107044602434
417, 0.00957950965190927
418, 0.00918314590429266
419, 0.00984527605275313
420, 0.00781137278924386
421, 0.00859800586476922
422, 0.00992160647486647
423, 0.0100026150854925
424, 0.0101095062370102
425, 0.0100827390948931
426, 0.0100376452984554
427, 0.0101128341630101
428, 0.0100834630429745
429, 0.0115309393343826
430, 0.00654410471075347
431, 0.0109245548956096
432, 0.0097985042569538
433, 0.0105386042656998
434, 0.00999629916623235
435, 0.0100961374118924
436, 0.0103650322804848
437, 0.0102181383408606
438, 0.0096960820789848
439, 0.0100070498883724
440, 0.0096198046579957
441, 0.00998415875559052
442, 0.00995232785741488
443, 0.00991599354892969
444, 0.00985833226392666
445, 0.00967220216989517
446, 0.00995964494844278
447, 0.00921963915849725
448, 0.00845785319272961
449, 0.0101067065261304
450, 0.0100583468253414
451, 0.0101116679919263
452, 0.0101675540208817
453, 0.0101506115558247
454, 0.010174754075706
455, 0.00775102029244105
456, 0.0111863422207534
457, 0.0107265283974508
458, 0.00990030169487
459, 0.0104383411817253
460, 0.00745761394500732
461, 0.0100892802389959
462, 0.0103138632451495
463, 0.0101966431053976
464, 0.0100120694509574
465, 0.0101182819344103
466, 0.00996390574922164
467, 0.00978688973312577
468, 0.0102462912909687
469, 0.0093039995059371
470, 0.0102757151859502
471, 0.0100856088101864
472, 0.0102518761220078
473, 0.0101351224196454
474, 0.0102006417388717
475, 0.00830221455544233
476, 0.0111833489499986
477, 0.0108927660621703
478, 0.0105552989989519
479, 0.010341465473175
480, 0.0102569372393191
481, 0.010167562092344
482, 0.0103058819659054
483, 0.010417715801547
484, 0.0100708305835724
485, 0.0099182819415416
486, 0.0104060632487138
487, 0.0115677702373692
488, 0.00891114538535476
489, 0.00737172607332468
490, 0.0108839582341413
491, 0.0106210461817682
492, 0.010004629381001
493, 0.00979764070361853
494, 0.0105700544081628
495, 0.0104516035256286
496, 0.00905919613848839
497, 0.0120627159252763
498, 0.010384033806622
499, 0.0105234441968302
500, 0.00963845616206527
501, 0.00686650793068111
502, 0.00508760288357735
503, 0.0100099420174956
504, 0.00416003433056176
505, 0.0146151542042693
506, 0.00731645784496019
507, 0.00232768887265896
508, 0.0110288706741163
509, 0.00427476902647565
510, 0.0100015931141873
511, 0.00970480327184002
512, 0.00946620153263211
513, 0.00927440309897065
514, 0.00912473661204179
515, 0.00902057501176993
516, 0.00894284388050437
517, 0.00972427210460106
518, 0.010348664286236
519, 0.0115043949335814
520, 0.00423410445606957
521, 0.00468408285329739
522, 0.00526449154131114
523, 0.00587344806020459
524, 0.00647718707720439
525, 0.00702964064354698
526, 0.00750536456083258
527, 0.00789473671466112
528, 0.00820065926139553
529, 0.00843469053506851
530, 0.00861332037796577
531, 0.00875504702950517
532, 0.00887915786976616
533, 0.00900635759656628
534, 0.00916061550378799
535, 0.00938022695481777
536, 0.00996647604430715
537, 0.00970793872450789
538, 0.0097465628447632
539, 0.00977051863446832
540, 0.00979712481300036
541, 0.00985043775290251
542, 0.0102042670672139
543, 0.0115686228188376
544, 0.0106739195374151
545, 0.00321199783744911
546, 0.00271720912617942
547, 0.00211809994652867
548, 0.00131931088981219
549, 0.0167749069320659
550, 0.0103790264887114
551, 0.0114802024327219
552, 0.0122617455199361
553, 0.00946872836599747
554, 0.0096356924623251
555, 0.00984071412434181
556, 0.0100856403199335
557, 0.00933859605963031
558, 0.0108631799618403
559, 0.0103218692044417
560, 0.00923444408302506
561, 0.00865599497531851
562, 0.00562200361552338
563, 0.00700026184010009
564, 0.00956531163925926
565, 0.00899584591388702
566, 0.008033803353707
567, 0.00839092178891102
568, 0.00757072113143901
569, 0.00633978898016115
570, 0.00492644046122829
571, 0.00911657217269143
572, 0.00937388216455778
573, 0.0098601725573341
574, 0.00884994740287463
575, 0.00964002233619491
576, 0.0101477794038753
577, 0.00952670490369201
578, 0.00982234828794996
579, 0.00988928476969401
580, 0.00979257188737392
581, 0.00984769562880198
582, 0.0110321698399882
583, 0.00934944519152244
584, 0.00915006436407566
585, 0.00997560704126954
586, 0.0104667067838212
587, 0.00315704652374344
588, 0.00329497495355705
589, 0.00356911006383598
590, 0.00368668069131672
591, 0.00479317483647416
592, 0.0123512012263139
593, 0.00980417776320662
594, 0.00718730540635685
595, 0.0041907963875149
596, 0.00927070342004299
597, 0.0111969596307193
598, 0.00456999512389302
599, 0.00948317851871252
600, 0.0106862856385609
601, 0.0110503554654618
602, 0.0101037509739399
603, 0.00991552649065852
604, 0.00974646474545201
605, 0.00960351371516784
606, 0.0103718031508227
607, 0.00921856705099344
608, 0.00759362320726116
609, 0.00906713741521041
610, 0.00885509156311552
611, 0.00972418285285433
612, 0.0099558662623167
613, 0.00956421407560507
614, 0.0103204534389079
615, 0.00692331348545849
616, 0.00933625036850572
617, 0.00944407951707641
618, 0.00813910636740426
619, 0.0085543068125844
620, 0.00615244871005416
621, 0.00527934667964776
622, 0.00502417711541057
623, 0.0119360230552653
624, 0.00974275777116418
625, 0.00951283533746997
626, 0.0101517148626347
627, 0.0100208921357989
628, 0.00995221392561992
629, 0.00991606867561738
630, 0.00988885372256239
631, 0.0103825599265595
632, 0.0107529509502153
633, 0.00965484837070107
634, 0.00393922118625293
635, 0.00454641812636207
636, 0.00381980058737099
637, 0.00476610307980861
638, 0.00967955549380609
639, 0.0105134394640724
640, 0.00995710957795382
641, 0.0106187498729144
642, 0.00980784744024277
643, 0.0101008950732648
644, 0.00592622285087903
645, 0.00682980776764452
646, 0.00823483802378178
647, 0.00760400217647354
648, 0.00972755315403144
649, 0.010744827054441
650, 0.00870859172816078
651, 0.0100292790060242
652, 0.00985009906192621
653, 0.0102746908863386
654, 0.0094231553375721
655, 0.00927013748635848
656, 0.00962837149078647
657, 0.00953401128451029
658, 0.00904329121112823
659, 0.0103038529244562
660, 0.00689415746767606
661, 0.0113347377628088
662, 0.00985113671049476
663, 0.00422279294580221
664, 0.0100685434105496
665, 0.0101663914198677
666, 0.01001570528994
667, 0.0099856328840057
668, 0.00978945661336184
669, 0.0105879715022941
670, 0.0103326065776249
671, 0.00580767063157899
672, 0.00570749654434621
673, 0.0103594733712574
674, 0.00674603134393692
675, 0.00997425176735435
676, 0.0104450646787882
677, 0.0100826929944257
678, 0.007628225410978
679, 0.00835169494772951
680, 0.00887779239565134
681, 0.0100701257276038
682, 0.0102603814697691
683, 0.00995140646894773
684, 0.00986145374675592
685, 0.00961489214872321
686, 0.00971178679416577
687, 0.00978722097352147
688, 0.00923795082295934
689, 0.00946932518854737
690, 0.0102436783102651
691, 0.0109336068853736
692, 0.00995775405317545
693, 0.0101668747762839
694, 0.01010090780134
695, 0.0100666120027502
696, 0.00991292390972376
697, 0.0102779525332153
698, 0.00870124977082014
699, 0.0104425090054671
700, 0.00669133113697171
701, 0.00984894223511219
702, 0.0102680165631076
703, 0.00849317464356621
704, 0.0100707069039345
705, 0.00907934984813134
706, 0.0101064001210034
707, 0.00945597731818756
708, 0.0100255364862581
709, 0.00996887606258194
710, 0.00987168432523807
711, 0.00992146258552869
712, 0.00979976278419296
713, 0.00967660670479139
714, 0.0101853997136156
715, 0.011366304276245
716, 0.0106528252363205
717, 0.0100462775056561
718, 0.0101474047017594
719, 0.0101130236871541
720, 0.0102102256690462
721, 0.0100219949769477
722, 0.0103011083168288
723, 0.0101030170917511
724, 0.00749987487991651
725, 0.00930753132949273
726, 0.00970713949451844
727, 0.00762952941780289
728, 0.0101204952225089
729, 0.0100783831439912
730, 0.0100497164142629
731, 0.00990312763800224
732, 0.0100335048822065
733, 0.00998692990591129
734, 0.0100188010061781
735, 0.0101505634374917
736, 0.0108419662962357
737, 0.0101011831623813
738, 0.0104045586970945
739, 0.010181614729975
740, 0.0101607367396355
741, 0.0101857009964685
742, 0.0100037755134205
743, 0.00862244485567013
744, 0.0101612086097399
745, 0.0101934133097529
746, 0.0107824959171315
747, 0.010466744347165
748, 0.0101502608507872
749, 0.0101252254098654
750, 0.0103658805601299
751, 0.00869138546598454
752, 0.00955201219767332
753, 0.00977185911809405
754, 0.010105423318843
755, 0.0111454697325826
756, 0.0101084411144257
757, 0.010128844063729
758, 0.0119871145114303
759, 0.0132777560502291
760, 0.0131937990275522
761, 0.0103339526491861
762, 0.0102827791124582
763, 0.0102101438678801
764, 0.01010646764189
765, 0.00997594060997168
766, 0.00982118025422096
767, 0.00964661284039418
768, 0.00945885215575496
769, 0.00926650719096263
770, 0.00908099549512068
771, 0.00891509527961413
772, 0.00878824961061279
773, 0.00869437648604313
774, 0.0149587063739697
775, 0.00489013774010042
776, 0.00802151137031615
777, 0.0117129535813417
778, 0.00288907267774145
779, 0.009976408444345
780, 0.00970035744830966
781, 0.00981191747511427
782, 0.0102564773211877
783, 0.0107752688539525
784, 0.0118892278211812
785, 0.00576220305326084
786, 0.00612380518577993
787, 0.00660767833081384
788, 0.0071349018253386
789, 0.00767216148475806
790, 0.00817918047929803
791, 0.00862843434636792
792, 0.00900556830068429
793, 0.00930672216539582
794, 0.00953642340997855
795, 0.0097058922983706
796, 0.00983092297489444
797, 0.00992864867051443
798, 0.0100181614980102
799, 0.0101191330080231
800, 0.00478971283882856
801, 0.00427004066295922
802, 0.00360068574082106
803, 0.00283081107772887
804, 0.00184241100214422
805, 0.00908487476408482
806, 0.00933233850325147
807, 0.00975953896219532
808, 0.00988314067944884
809, 0.00919656486560901
810, 0.00947757981096705
811, 0.00962243756900231
812, 0.00998939961815874
813, 0.0100753521546721
814, 0.0101391514763236
815, 0.0169916513065497
816, 0.0096031470845143
817, 0.0105641155193249
818, 0.00949502720807989
819, 0.00979750650003552
820, 0.00994735661273201
821, 0.00935184086362521
822, 0.00915091453740994
823, 0.00892743915319443
824, 0.010176633639882
825, 0.0112682164957126
826, 0.00966276197383801
827, 0.00798467438047131
828, 0.00922173075377941
829, 0.00979593877370159
830, 0.00989452501138051
831, 0.00997556451087197
832, 0.00632858548002938
833, 0.00686295889317989
834, 0.00743625848554075
835, 0.00847372552379966
836, 0.00888814466694991
837, 0.00947649885589878
838, 0.0100548368257781
839, 0.00517955515533686
840, 0.00543404758597414
841, 0.00503947942828139
842, 0.00463524542283267
843, 0.00415856759840002
844, 0.00390524014697543
845, 0.0101692237492119
846, 0.00805769395083189
847, 0.0125616050014893
848, 0.00564670780052741
849, 0.0105548520971622
850, 0.00903416597949607
851, 0.0129062384366989
852, 0.00964408786967397
853, 0.0095305941067636
854, 0.00941547487551967
855, 0.00975145197783907
856, 0.00931007663408915
857, 0.00984717548514406
858, 0.0099286533271273
859, 0.0100442143157125
860, 0.00999528262764215
861, 0.00922335535287857
862, 0.00968159160887202
863, 0.00944370465974013
864, 0.00928215961903334
865, 0.010962293172876
866, 0.0104705581131081
867, 0.00995797586316864
868, 0.0101622836664319
869, 0.00957118812948465
870, 0.00879595847800374
871, 0.00833710438261429
872, 0.0077920527352641
873, 0.00916458154097199
874, 0.00717643834650517
875, 0.00978115371738871
876, 0.00964334001764655
877, 0.00944327423349023
878, 0.00987468535701434
879, 0.00994227780029178
880, 0.0100071238619941
881, 0.0065286160291483
882, 0.00580557688538517
883, 0.00537678296677768
884, 0.00546524262366195
885, 0.00564396909127633
886, 0.00562475357825557
887, 0.0102247554808855
888, 0.00941268248217446
889, 0.0137142691761255
890, 0.00991282565519214
891, 0.0099562273050348
892, 0.00985470553860068
893, 0.00978114595636725
894, 0.00969444929311673
895, 0.00949978114416202
896, 0.00960159084449212
897, 0.00998681286970774
898, 0.00980895959461729
899, 0.0117369025635223
900, 0.010163698811084
901, 0.0104207449282209
902, 0.0107796072649459
903, 0.00956386234611273
904, 0.00968387676402926
905, 0.0100816167891026
906, 0.00626560114324093
907, 0.00687021901831031
908, 0.00758018235986431
909, 0.00821386370807886
910, 0.00604003416374326
911, 0.00965372178082665
912, 0.00979255015651385
913, 0.00872776688386997
914, 0.00987924449145794
915, 0.00996387414634228
916, 0.00944217403108875
917, 0.00913946485767762
918, 0.00993099374075731
919, 0.00583927799016237
920, 0.00660099593612055
921, 0.00607073919049331
922, 0.00556971728801727
923, 0.00957418605685234
924, 0.0099333287216723
925, 0.00995299499481916
926, 0.00989532827710112
927, 0.00983700978880127
928, 0.00976347581793865
929, 0.00968814747674125
930, 0.00995766251747097
931, 0.00997387695436676
932, 0.0103678422359129
933, 0.00969127224137386
934, 0.010642531948785
935, 0.0112591354797284
936, 0.00982548048098882
937, 0.00783304225963851
938, 0.00728274056954043
939, 0.00809591442036132
940, 0.00867809417347113
941, 0.00673794719789709
942, 0.00983517058193684
943, 0.00991059684505065
944, 0.00914903761198123
945, 0.00969786973049243
946, 0.00994256014625231
947, 0.0094799625997742
948, 0.00653970179458459
949, 0.00648407777771354
950, 0.00998113164678216
951, 0.00997986877337098
952, 0.00995885503167907
953, 0.00990890866766373
954, 0.00983321741223335
955, 0.00996393244713545
956, 0.00997722692166766
957, 0.0105171063914895
958, 0.0109659767088791
959, 0.0101501108147204
960, 0.00769571773707867
961, 0.00778066964509587
962, 0.00800726674497127
963, 0.00862173487742742
964, 0.00919136187682549
965, 0.00996549660339952
966, 0.00990767187128464
967, 0.00998197336282049
968, 0.00956078448022405
969, 0.00978615523005525
970, 0.00969809417923292
971, 0.0100253541022539
972, 0.0100496855253975
973, 0.0100430490759512
974, 0.00998593840215887
975, 0.0101164359599352
976, 0.00983784083897869
977, 0.011271535884589
978, 0.0107335769571364
979, 0.0102851215217795
980, 0.00896608744127055
981, 0.00746318760017554
982, 0.0051812260877341
983, 0.0085093589898731
984, 0.00924911939849456
985, 0.00967749503130714
986, 0.0100515147981544
987, 0.0100311158845822
988, 0.00992232856030265
989, 0.0101320681472619
990, 0.010149707707266
991, 0.0104029295966029
992, 0.0117106769854824
993, 0.0109081217087805
994, 0.0105265621095896
995, 0.00932091940194368
996, 0.00982762050504486
997, 0.0100925527513027
998, 0.0101999404973217
999, 0.0101926612357299
1000, 0.0101778716115015
1001, 0.010107923032982
1002, 0.0100374806672335
1003, 0.0102624577869262
1004, 0.0109528216222922
1005, 0.0113476288194458
1006, 0.0106228856990735
1007, 0.010349247759829
1008, 0.00871198233217001
1009, 0.00937480727831523
1010, 0.010022748572131
1011, 0.0103179262951016
1012, 0.0103810580136875
1013, 0.00831199305442472
1014, 0.0101972343400121
1015, 0.0105907674878836
1016, 0.0107112003490329
1017, 0.0116689305752516
1018, 0.00889391095067064
1019, 0.0110768442197392
1020, 0.00414410167528937
1021, 0.0021637489941592
1022, 0.00956526522835096
1023, 0.00967341987416148
1024, 0.00976511696353555
1025, 0.0098707793901364
1026, 0.0100325020030141
1027, 0.0103188017383218
1028, 0.010854705547293
1029, 0.011888962239027
1030, 0.0140612814575434
1031, 0.00725837987071524
1032, 0.0141070550307631
1033, 0.00265531750240674
1034, 0.00219259326279696
1035, 0.00124732929786357
1036, 0.0103411859211822
1037, 0.00972228869795799
1038, 0.0093424771912396
1039, 0.00906526405985157
1040, 0.00882940118511518
1041, 0.0085915446591874
1042, 0.00831997611870368
1043, 0.00798927503637969
1044, 0.00758070033043623
1045, 0.00708717262993256
1046, 0.00651522058372696
1047, 0.00588632739769916
1048, 0.00524945479507248
1049, 0.00465024503258367
1050, 0.00420333809840182
1051, 0.0088723039564987
1052, 0.00981905668353041
1053, 0.0101585299707949
1054, 0.0105630399969717
1055, 0.011062767667075
1056, 0.0116520601635178
1057, 0.0122784396323065
1058, 0.0106397232351204
1059, 0.00941834008942048
1060, 0.00971111670757333
1061, 0.00981168014307817
1062, 0.00991153639430801
1063, 0.0100457733497024
1064, 0.0102623072452843
1065, 0.011281348609676
1066, 0.00952525281657775
1067, 0.00871762968599796
1068, 0.0105030521129568
1069, 0.0092713514653345
1070, 0.0101960509394606
1071, 0.00905211021502813
1072, 0.0108312692803641
1073, 0.0111635589661698
1074, 0.00488493327672283
1075, 0.00852161940808097
1076, 0.00989168199400107
1077, 0.00954782435049613
1078, 0.0092947157099843
1079, 0.00906528749813636
1080, 0.008819078716139
1081, 0.0070695000855873
1082, 0.0112162247300148
1083, 0.00814332207664847
1084, 0.00766145996749401
1085, 0.00637920713052154
1086, 0.00562012894079089
1087, 0.0103770166945954
1088, 0.00317140816090008
1089, 0.00302758878096938
1090, 0.00353342989304413
1091, 0.00379463792778552
1092, 0.0100970689340362
1093, 0.00445558468345553
1094, 0.011863866155701
1095, 0.00720467132383159
1096, 0.0112068900572402
1097, 0.00920205408086379
1098, 0.00912026023226125
1099, 0.0041329204437456
1100, 0.0100937757330636
1101, 0.00987622840330005
1102, 0.00997643902276953
1103, 0.0102625975074867
1104, 0.0109658969255785
1105, 0.0105284048865239
1106, 0.00958100038891037
1107, 0.0124121294356883
1108, 0.00966934626922011
1109, 0.00926135635624329
1110, 0.010785384879758
1111, 0.0106320752141376
1112, 0.0104221496731043
1113, 0.00945905953024825
1114, 0.0108605541288853
1115, 0.00991695172463854
1116, 0.0104239842455302
1117, 0.00972141185775399
1118, 0.00949847387770812
1119, 0.00998725369572639
1120, 0.00826562296909591
1121, 0.00869733126213153
1122, 0.00927848632757862
1123, 0.00902360475932558
1124, 0.00617658843596776
1125, 0.00769942998886108
1126, 0.00699571380391717
1127, 0.0052440067132314
1128, 0.00355270396297177
1129, 0.00275639883087327
1130, 0.0094055326965948
1131, 0.00385279871989042
1132, 0.00473089333224509
1133, 0.00960267536963026
1134, 0.010749778089424
1135, 0.0100456449824075
1136, 0.0101487535672883
1137, 0.0104714971967041
1138, 0.0102811112689475
1139, 0.0099785168034335
1140, 0.00976277220373352
1141, 0.00977372036625942
1142, 0.00961629460964884
1143, 0.0104645281098783
1144, 0.0115991062484682
1145, 0.0101980431936681
1146, 0.00837676894540588
1147, 0.00591967596362035
1148, 0.00771501148119569
1149, 0.00921327046429118
1150, 0.00886194764946898
1151, 0.00986525571594636
1152, 0.0100785559043288
1153, 0.0102948756888509
1154, 0.00947213064258297
1155, 0.00967692583799362
1156, 0.00688646826893091
1157, 0.00449672415852547
1158, 0.00432258877637131
1159, 0.00467171905828374
1160, 0.00941740218549967
1161, 0.00981759248922268
1162, 0.0101866737628976
1163, 0.0101947869795064
1164, 0.0105989322376748
1165, 0.0102940018599232
1166, 0.0104225398972631
1167, 0.0100171988209089
1168, 0.00994416900599996
1169, 0.0111550223082304
1170, 0.0103446142747998
1171, 0.0105360366093616
1172, 0.00849814557780822
1173, 0.00772312345604102
1174, 0.00903303874656558
1175, 0.00676721334457397
1176, 0.00940177775919437
1177, 0.00965672079473734
1178, 0.00983982610826691
1179, 0.00998992038269838
1180, 0.0103326692645039
1181, 0.0101390342848996
1182, 0.0100191203611238
1183, 0.0113597314804792
1184, 0.0102883934353789
1185, 0.0101704842721423
1186, 0.0102956603902082
1187, 0.0104611944407225
1188, 0.0103679878326754
1189, 0.00985164251178503
1190, 0.0101076901579897
1191, 0.0108128003776073
1192, 0.00922505604103208
1193, 0.00864162265012662
1194, 0.007690972648561
1195, 0.00960461174448331
1196, 0.00567088113166392
1197, 0.00984686395774285
1198, 0.00999769320090612
1199, 0.0101047110122939
1200, 0.0102022606879473
1201, 0.010289753228426
1202, 0.0103654502891004
1203, 0.00588429517423113
1204, 0.0102631400028865
1205, 0.0109683985688857
1206, 0.0103333339405557
1207, 0.0103104997736712
1208, 0.0102295965577165
1209, 0.0105660028445224
1210, 0.00944764725863934
1211, 0.00879812007769942
1212, 0.00983365920061866
1213, 0.0100586886207263
1214, 0.0101636820472777
1215, 0.0102158014973005
1216, 0.0102561431316038
1217, 0.0101708121597767
1218, 0.0112496824935079
1219, 0.0102285688210811
1220, 0.0105933613764743
1221, 0.0103497002273798
1222, 0.0102936181550225
1223, 0.00968994324405988
1224, 0.0100908187838892
1225, 0.0102998710104397
1226, 0.00754517350079758
1227, 0.0103032334397237
1228, 0.00913504660129547
1229, 0.00920476152428559
1230, 0.0100004011765122
1231, 0.00765329801167051
1232, 0.010302084342887
1233, 0.00654050447046757
1234, 0.00611231038346887
1235, 0.00668071815744042
1236, 0.00333032622002065
