1, 0.00665097171440721
2, 0.015805504983291
3, 0.00151200513937511
4, 0.00630702683702111
5, 0.00775462668389082
6, 0.0110833374783397
7, 0.00503148278221488
8, 0.00138135527959093
9, 0.0158985513262451
10, 0.00639933557249606
11, 0.00767192663624883
12, 0.0110498713329434
13, 0.00680388347245753
14, 0.00701040301161508
15, 0.00715317980696758
16, 0.00725553301163018
17, 0.00733207399025559
18, 0.00739132643987735
19, 0.00744082266464829
20, 0.00749040581285954
21, 0.00755454304938515
22, 0.00765793467871845
23, 0.00785093754529953
24, 0.00824338135619958
25, 0.00912601454183459
26, 0.0114071539913615
27, 0.0145649077991645
28, 0.0093280142173171
29, 0.0046458449990799
30, 0.00231962976977229
31, 0.00154036774377649
32, 0.00269639360097547
33, 0.00368424605888625
34, 0.00442823022603989
35, 0.00496906825962166
36, 0.00535918244471153
37, 0.00564146290222804
38, 0.00584809280311068
39, 0.00600010668858886
40, 0.00611117039807141
41, 0.00619197194464505
42, 0.00624899954224626
43, 0.00628753712711235
44, 0.00630922667915002
45, 0.0063295418707033
46, 0.00638787122443318
47, 0.00647512621556719
48, 0.00657919530446331
49, 0.0066931969486177
50, 0.00681215928246578
51, 0.00692964003731807
52, 0.00704034169514974
53, 0.00714103691279888
54, 0.00723041485374172
55, 0.00730871936927239
56, 0.00737745392446717
57, 0.00743924733251333
58, 0.00749762651200096
59, 0.0075567215681076
60, 0.00762211360658209
61, 0.00770081610729297
62, 0.007723139366135
63, 0.00772930759315689
64, 0.00771411368623376
65, 0.00769320254524549
66, 0.00766337321450313
67, 0.00762213409567873
68, 0.00756803900003433
69, 0.00749989754209916
70, 0.00741748232394457
71, 0.00732192148764928
72, 0.00721602172901233
73, 0.00710433395579457
74, 0.00699286457772056
75, 0.0068876512038211
76, 0.00679298645506303
77, 0.00676762277726084
78, 0.00672978814691305
79, 0.00671035641183456
80, 0.00676641597722967
81, 0.00683815792823831
82, 0.00692558552448948
83, 0.00702870326737563
84, 0.00714687972019116
85, 0.00728654845928152
86, 0.00746471791838606
87, 0.00771980670591195
88, 0.00813262723386288
89, 0.00895569877078136
90, 0.00964045478031039
91, 0.00942319165915251
92, 0.00776126359899839
93, 0.00719909323379397
94, 0.00689924648031592
95, 0.00671165871123473
96, 0.00657125205422441
97, 0.00645095730821292
98, 0.00633495269964139
99, 0.00621349007512132
100, 0.00608027183140318
101, 0.00593280652537942
102, 0.00577268563210964
103, 0.00560509522135059
104, 0.00543927416826288
105, 0.00528359242404501
106, 0.00514976400882006
107, 0.00506216598053773
108, 0.00503732485231012
109, 0.00501977714399497
110, 0.00499305012635887
111, 0.00492454312431316
112, 0.00478134009366234
113, 0.00453186694843074
114, 0.00412548915483057
115, 0.00348995168072482
116, 0.00257077696733177
117, 0.00144543987698853
118, 0.00220045307651162
119, 0.00447802385315299
120, 0.00920826150104403
121, 0.0145002168913682
122, 0.0114870116425057
123, 0.00916832623382409
124, 0.00825612402210633
125, 0.00783729328153034
126, 0.0076139725279063
127, 0.00747192076717814
128, 0.007357616443187
129, 0.00724210489230851
130, 0.00710348358067373
131, 0.00691223074682057
132, 0.0066212743986398
133, 0.00656235730275512
134, 0.00660588731989264
135, 0.00676303232709567
136, 0.00693392101675272
137, 0.00710523252685865
138, 0.00726391809682051
139, 0.00739929685369134
140, 0.00750584915901224
141, 0.00758252308393518
142, 0.00763205454374353
143, 0.00765916937962174
144, 0.00766959072401126
145, 0.0076687370116512
146, 0.0076634231954813
147, 0.00765873864293098
148, 0.00764041545335203
149, 0.00761084568997224
150, 0.00751077073315779
151, 0.00741280491153399
152, 0.00731492384026448
153, 0.00721372710540891
154, 0.00710718923558791
155, 0.00699508190155029
156, 0.00687865493819118
157, 0.00676072901114821
158, 0.00664511214320858
159, 0.00653646777694424
160, 0.00644062164550026
161, 0.00636498055731257
162, 0.0063204956240952
163, 0.00234905494532237
164, 0.00464493207012614
165, 0.00929689298694332
166, 0.0145643840854367
167, 0.0145614504193266
168, 0.00918980796510975
169, 0.00449609321852525
170, 0.00218260036005328
171, 0.00506521280234059
172, 0.00515653581048052
173, 0.00529372366145253
174, 0.00545499986037612
175, 0.00563127159451445
176, 0.00581586780026555
177, 0.00600227015092969
178, 0.0061888691658775
179, 0.00637918151915073
180, 0.00658568507060409
181, 0.00683592678979039
182, 0.00719269070153435
183, 0.00779920040319363
184, 0.00943444482982159
185, 0.00966199138201773
186, 0.00902948652704557
187, 0.00826326571404934
188, 0.00789268004397551
189, 0.00765786009530226
190, 0.00747898422802488
191, 0.00731783624117573
192, 0.00715808958436052
193, 0.00699545179183284
194, 0.00683355145156384
195, 0.00668120011687279
196, 0.00654949542755882
197, 0.00653758877888322
198, 0.00694391938547293
199, 0.00379988837188908
200, 0.00162348037119955
201, 0.00736696575768292
202, 0.0074248182742546
203, 0.0074801097313563
204, 0.00754485721699893
205, 0.00763780274428427
206, 0.00779320229776204
207, 0.00807977110768358
208, 0.00864396492640177
209, 0.0105923116983225
210, 0.00988144458582004
211, 0.0127470718386273
212, 0.00706559283814083
213, 0.00530057485836248
214, 0.00490033634317418
215, 0.004348305791306
216, 0.0036397964383165
217, 0.00266810151515529
218, 0.00765431602485478
219, 0.00752700531544785
220, 0.00746998547886809
221, 0.00741131495063504
222, 0.00734727953871091
223, 0.00727471988648176
224, 0.00719145460364719
225, 0.00709653249941766
226, 0.00699033487277726
227, 0.00687496891866128
228, 0.00675461394712329
229, 0.00663551944307983
230, 0.00652447614508371
231, 0.00642490643076599
232, 0.00635017198510468
233, 0.0069409169567128
234, 0.00751930886569123
235, 0.00757092928203444
236, 0.00761134355949859
237, 0.00764134487447639
238, 0.00766272842884064
239, 0.00767779086406032
240, 0.00559389575694998
241, 0.00631235903128982
242, 0.00524018479821583
243, 0.00597447987335424
244, 0.00581147537256281
245, 0.00550326930048565
246, 0.00494611150740335
247, 0.00496335261102234
248, 0.00609713994587461
249, 0.00618155261812111
250, 0.00629050509693722
251, 0.00758760174115499
252, 0.0064678310106198
253, 0.00669874895053605
254, 0.00682412918346624
255, 0.00694565451703966
256, 0.00705813174135983
257, 0.00724684555704395
258, 0.00750088567535083
259, 0.00738837422492603
260, 0.00732277838202814
261, 0.00715880786689619
262, 0.00657712000732621
263, 0.00744656884732346
264, 0.00729809088322024
265, 0.00806296911711494
266, 0.00721117675614854
267, 0.00847033783793449
268, 0.00749188351134459
269, 0.00756813438298802
270, 0.00766893484008809
271, 0.00781958852894604
272, 0.00742467228944103
273, 0.00745584287991126
274, 0.00761457020416856
275, 0.00686803497374058
276, 0.00702116910057763
277, 0.00711137064111729
278, 0.00720438035205007
279, 0.00729592943874498
280, 0.00738084735348821
281, 0.00752742844633758
282, 0.00756013455490271
283, 0.00758464052341878
284, 0.00760113548797866
285, 0.00707007781602442
286, 0.00912167384688343
287, 0.00636254357440131
288, 0.0070954787855347
289, 0.00704364671504923
290, 0.0091284077304105
291, 0.00572007265873253
292, 0.00624745703923206
293, 0.00622571414957444
294, 0.00614671967923641
295, 0.00603519310243428
296, 0.00596315724154313
297, 0.00597119346881906
298, 0.00589565474850436
299, 0.00737245000588397
300, 0.00742948226009806
301, 0.00748047814704478
302, 0.00702529579090575
303, 0.00690446506875257
304, 0.00730554852634668
305, 0.00713285454548895
306, 0.00663892979112764
307, 0.00677374238148332
308, 0.00722622545436025
309, 0.00650741214243074
310, 0.00755450711585581
311, 0.00727562614095708
312, 0.00759528453151385
313, 0.00750761882712444
314, 0.00770594971254468
315, 0.00785792021391292
316, 0.00807956730326017
317, 0.00840702342490355
318, 0.00735538057051599
319, 0.00641055861487985
320, 0.00762149465403387
321, 0.00748567671204607
322, 0.00709671170140306
323, 0.00723620100567738
324, 0.00730717671103776
325, 0.00737445902389785
326, 0.00754748618540664
327, 0.00753193868634601
328, 0.00755720220816632
329, 0.0075580162395324
330, 0.00716750944654147
331, 0.00743452754492561
332, 0.00718021020293236
333, 0.00641407312027046
334, 0.00603708880953491
335, 0.00725779100321233
336, 0.0100750552179913
337, 0.0066847027434657
338, 0.00634455953591636
339, 0.0062701137115558
340, 0.0061959574619929
341, 0.00887254718691111
342, 0.00633035460487008
343, 0.00628021382726729
344, 0.00611699721775949
345, 0.00721346113520364
346, 0.00711336079984903
347, 0.00746781774796546
348, 0.00742045526082317
349, 0.00671792208837966
350, 0.00699672685004771
351, 0.00686355858730773
352, 0.00656762431996564
353, 0.00729683988417188
354, 0.00736471366447707
355, 0.00753022241406143
356, 0.00761145089442531
357, 0.00734969996847212
358, 0.00742958284293612
359, 0.00772512362649043
360, 0.00806811110426982
361, 0.00787249929271638
362, 0.00833285072197517
363, 0.00757408943027258
364, 0.00750950747169554
365, 0.00723861031500357
366, 0.00752891957138975
367, 0.0073406834465762
368, 0.00739391388682028
369, 0.00752913090400398
370, 0.00753066781908274
371, 0.00728412073416014
372, 0.00744053744710982
373, 0.0074791645941635
374, 0.00716687897220254
375, 0.00769287049770355
376, 0.0064718386468788
377, 0.00652873399667442
378, 0.00705232092046312
379, 0.00645229825749993
380, 0.00645812173994879
381, 0.00634210435673594
382, 0.00645069296782215
383, 0.00865928983936707
384, 0.00646670496401687
385, 0.00746184936724603
386, 0.00720885621073345
387, 0.00709964660927653
388, 0.00742053046512107
389, 0.00697095754245917
390, 0.00664910604245961
391, 0.00681875335673491
392, 0.0072977178885291
393, 0.00736736925318837
394, 0.00750944693572819
395, 0.00743221902909378
396, 0.00772185460664332
397, 0.00751853920519352
398, 0.00802340420583884
399, 0.00785571088393529
400, 0.00822272260362903
401, 0.00752460320169727
402, 0.00743144634179771
403, 0.00751353815818826
404, 0.00733357733115554
405, 0.00750113764245595
406, 0.00746760152590771
407, 0.00738488199810187
408, 0.00749486048395435
409, 0.00751373241655529
410, 0.00656205625273287
411, 0.00744715426117182
412, 0.0059611571021378
413, 0.00710647801558177
414, 0.00899098130563895
415, 0.00667979435196945
416, 0.00671473075635731
417, 0.00678165047429502
418, 0.0074701140789936
419, 0.00721251188466946
420, 0.00709134247153997
421, 0.00743428850546479
422, 0.00845305435359478
423, 0.00730973559742173
424, 0.00694529378476242
425, 0.00676258901755015
426, 0.00752207652355234
427, 0.00738183385692537
428, 0.00690310968396564
429, 0.00761359883472323
430, 0.00781550607644022
431, 0.00734452344477177
432, 0.00795212807133794
433, 0.00810735781366626
434, 0.00752645467097561
435, 0.00751160100723306
436, 0.00749146463349462
437, 0.00752895007220407
438, 0.00747684909341236
439, 0.00742953902642642
440, 0.0075369831174612
441, 0.00753592334998151
442, 0.00708048945913712
443, 0.00750980047242982
444, 0.00937516413008173
445, 0.00762891101961335
446, 0.00801695697009563
447, 0.0086491994249324
448, 0.00692084749850134
449, 0.006999026130264
450, 0.00749024515971541
451, 0.00722402846440673
452, 0.0073339722584933
453, 0.00708467916895946
454, 0.00759973508926729
455, 0.00691380553568403
456, 0.00745981621245543
457, 0.00734221337673565
458, 0.00741000194102526
459, 0.00713744821647803
460, 0.00825877627357841
461, 0.00770120749560495
462, 0.00786626843425135
463, 0.00797701037178437
464, 0.0083685265854001
465, 0.00758023839443922
466, 0.00757692785312732
467, 0.00757215537929109
468, 0.00756370547848443
469, 0.00753834618565937
470, 0.00752159394323826
471, 0.00752760963514447
472, 0.00904083754867315
473, 0.0079127037897706
474, 0.00800037213290731
475, 0.00856267434677907
476, 0.00832946904535804
477, 0.00770796261106928
478, 0.00714417585792641
479, 0.0073721754985551
480, 0.00723701236503465
481, 0.00752401522671183
482, 0.00745363199772934
483, 0.00726318227437635
484, 0.00750255157860617
485, 0.00808730426554879
486, 0.00746363261714578
487, 0.00776265134724478
488, 0.00785271318939825
489, 0.00762983473638694
490, 0.00763297909870744
491, 0.00760380636590223
492, 0.0075665659803365
493, 0.00838391371071339
494, 0.00800491062303384
495, 0.00743234716355801
496, 0.00751919850396613
497, 0.00757581492265065
498, 0.00756365743776162
499, 0.00771519619350632
500, 0.00766758969984949
501, 0.00751520141160914
502, 0.0078881195347224
503, 0.00778393641424676
504, 0.00766104560655852
505, 0.00769665983638593
506, 0.00795097167914112
507, 0.00760681151101987
508, 0.00764554164682825
509, 0.00771017037332058
510, 0.00775018497370183
511, 0.00774562816756467
512, 0.00815231315791607
513, 0.00771170053631067
514, 0.00765031795682652
515, 0.00761201065033674
516, 0.00732524879276752
517, 0.0070593005977571
518, 0.0105536569220324
519, 0.00763198166775207
520, 0.00403752319592362
521, 0.00692853944686552
522, 0.00709673017263412
523, 0.00722194230183959
524, 0.0073127627838403
525, 0.00738198364463945
526, 0.00743682845495641
527, 0.00748698141736289
528, 0.00754547646890084
529, 0.0077813311945647
530, 0.00806367599094907
531, 0.00862931041046977
532, 0.00987173585842053
533, 0.00735686517631014
534, 0.00722173089161515
535, 0.00710798078216612
536, 0.00701271176027755
537, 0.00693470456947883
538, 0.00687379793574413
539, 0.00509916463245948
540, 0.00557132942291598
541, 0.00575542713825901
542, 0.00593356291453044
543, 0.00609845349875589
544, 0.0062464305665344
545, 0.00637869443744421
546, 0.00650100495355825
547, 0.00662297996071478
548, 0.00675837237698336
549, 0.00693028521103164
550, 0.00717814864280323
551, 0.00760591860550145
552, 0.00838644321387013
553, 0.00504586263559759
554, 0.00451580970548093
555, 0.00409468775615096
556, 0.00347697703788678
557, 0.00272022562179094
558, 0.00213891449190366
559, 0.00705834881712993
560, 0.0127250907632212
561, 0.00436040010148038
562, 0.00539280287921429
563, 0.00730232351149122
564, 0.00651501879716913
565, 0.00522703017729024
566, 0.00599561360043784
567, 0.00578560928503672
568, 0.00677817803807557
569, 0.00619086351556083
570, 0.00636406630898515
571, 0.0066496462871631
572, 0.006915113190189
573, 0.00707974929052095
574, 0.0076265821699053
575, 0.0071945550541083
576, 0.00738591964667042
577, 0.00802878585333625
578, 0.00751034038451811
579, 0.00757416640408337
580, 0.00842621084302664
581, 0.00910055528705319
582, 0.0076612236443907
583, 0.00779843827088674
584, 0.00745203889285525
585, 0.00730153343950709
586, 0.00752309205320974
587, 0.00802827114239335
588, 0.00773947748045127
589, 0.00745224067941308
590, 0.00733303658974667
591, 0.00723130364591877
592, 0.00714932708069682
593, 0.00707523850724101
594, 0.00840458584328493
595, 0.00502064653361837
596, 0.00487354847912987
597, 0.00493889519323905
598, 0.00478192853430907
599, 0.00466699661531796
600, 0.00444610288832337
601, 0.0071259425021708
602, 0.00917353046437105
603, 0.0100721409544349
604, 0.00556838015715281
605, 0.00678481378902992
606, 0.00663793599233031
607, 0.00646698536972205
608, 0.00691847937802474
609, 0.00705231369162599
610, 0.00626626408969363
611, 0.00720449599126975
612, 0.00603846243272225
613, 0.00765563291497529
614, 0.00739361656208833
615, 0.00761107207896809
616, 0.00769994951163729
617, 0.00754101752924422
618, 0.00739438730912904
619, 0.00729029229842126
620, 0.00747323012910783
621, 0.00782953342422843
622, 0.00878356676548719
623, 0.00833491204927365
624, 0.00802947611858447
625, 0.00702954675736172
626, 0.00625219653981427
627, 0.00759170530363917
628, 0.00889139417558909
629, 0.00815622881054878
630, 0.00794174677381913
631, 0.00751273186566929
632, 0.00741500438501437
633, 0.00732738136624296
634, 0.00726797158962914
635, 0.00775663453775148
636, 0.0050293339882046
637, 0.00517388813508054
638, 0.00582569185644388
639, 0.0056364763683329
640, 0.00517180034269889
641, 0.0051319725656261
642, 0.00536363571882248
643, 0.00516234797292522
644, 0.00821758673659393
645, 0.00770437028259039
646, 0.00925430515781045
647, 0.00553111196495593
648, 0.00579373654909432
649, 0.0074632439451913
650, 0.00704522446418802
651, 0.00730438460595906
652, 0.00717237428762019
653, 0.00765031840031346
654, 0.00690919657548269
655, 0.00675168773159385
656, 0.00655997288413346
657, 0.00632832020831605
658, 0.00794422067701817
659, 0.00764077637965481
660, 0.00756831808636586
661, 0.00823778674627344
662, 0.00853079355632265
663, 0.00772526200550298
664, 0.00740244907016555
665, 0.00749289756640792
666, 0.00682005481794476
667, 0.0078397294661651
668, 0.00800446902091304
669, 0.00717880865558982
670, 0.00761801780511936
671, 0.00555264429810147
672, 0.00788701039605907
673, 0.0073977280408144
674, 0.00755553102741639
675, 0.00747557892464101
676, 0.00784342254822453
677, 0.00772833459389706
678, 0.00504663353785872
679, 0.00543803056435926
680, 0.00660220882855356
681, 0.00547364742184679
682, 0.00551965654206773
683, 0.00875222636386752
684, 0.00577419142549237
685, 0.00766544243586915
686, 0.00728016098340352
687, 0.00750957142251233
688, 0.0073913522840788
689, 0.00605985576597353
690, 0.00716296397149563
691, 0.00702827555748324
692, 0.0068624298243473
693, 0.0066472173978885
694, 0.00531985461711884
695, 0.00710227099868159
696, 0.00765922005909185
697, 0.00773333734832704
698, 0.0075906392497321
699, 0.00751236753006067
700, 0.00830665975809097
701, 0.00881243093560139
702, 0.00782424723729491
703, 0.00811216095462441
704, 0.00794879688570897
705, 0.00626802149539192
706, 0.00763433674971263
707, 0.00775600519652168
708, 0.00778886256739497
709, 0.00758577782350282
710, 0.00770460387381415
711, 0.00572301931679249
712, 0.00593880637149726
713, 0.006055317275847
714, 0.00823579908215574
715, 0.0084642154785494
716, 0.00603891164064407
717, 0.00814020897572239
718, 0.0075465376333644
719, 0.00763518726453185
720, 0.00747099216096103
721, 0.00738116555536787
722, 0.00756002954828242
723, 0.00637773959897459
724, 0.00727719161659479
725, 0.00714773444148401
726, 0.00697736853423218
727, 0.00772727816365659
728, 0.00766792288050056
729, 0.00779238188018401
730, 0.00702220799090962
731, 0.00807799817994237
732, 0.00797592367356022
733, 0.00787295633926988
734, 0.00761457420885563
735, 0.0076482743024826
736, 0.00768644246272743
737, 0.00665091397240758
738, 0.00767002061807683
739, 0.00788281632897755
740, 0.00640901767959197
741, 0.00754669588059187
742, 0.00766417676849025
743, 0.00760565418750048
744, 0.00747899757698178
745, 0.00673696297841767
746, 0.0072710815196236
747, 0.00771330987724165
748, 0.0073937273118645
749, 0.00775261735543609
750, 0.00779611469867329
751, 0.0078826112827907
752, 0.00770618914005657
753, 0.00783971014122168
754, 0.00768673450996478
755, 0.00767107959836721
756, 0.00636928174644709
757, 0.00720895027431349
758, 0.0080792024731636
759, 0.00767511762678623
760, 0.00766032082693917
761, 0.00769082729571632
762, 0.00683691525565726
763, 0.00766632612794638
764, 0.00757651263847947
765, 0.00771455253873553
766, 0.00711051638548573
767, 0.00769806327298284
768, 0.00759555166587234
769, 0.00732195757639905
770, 0.00743306668785711
771, 0.00771858524531126
772, 0.00760611165314913
773, 0.00748810162767768
774, 0.00775227909907699
775, 0.0105801380705088
776, 0.00681941575991611
777, 0.00702908728271723
778, 0.00718697432118158
779, 0.00731344365825256
780, 0.00743243540637195
781, 0.00756752382343014
782, 0.00775692247164746
783, 0.0080719740750889
784, 0.00866320775821805
785, 0.0099303040963908
786, 0.00759773352183402
787, 0.00756816853148242
788, 0.00751880626194179
789, 0.00744635402224958
790, 0.00734950493400296
791, 0.00723096293707689
792, 0.00709750906874736
793, 0.00695805181749165
794, 0.0068285344944646
795, 0.00633365063307186
796, 0.00682205924143394
797, 0.00694037446131309
798, 0.00705507785702745
799, 0.00716427915419141
800, 0.0072676840548714
801, 0.00736602442339063
802, 0.00746334018185735
803, 0.00755736751792332
804, 0.00627987917202214
805, 0.00623632276741167
806, 0.00617265235632658
807, 0.00608378276228905
808, 0.00596350175328553
809, 0.00580157386139035
810, 0.00558379719344278
811, 0.00528928474523127
812, 0.0048892719981571
813, 0.004356163709114
814, 0.00366936884044359
815, 0.00416413116424034
816, 0.00288088782690465
817, 0.0022662880558831
818, 0.0071516780105109
819, 0.0127838136007388
820, 0.00670389031680922
821, 0.00741676862041156
822, 0.00732399787132939
823, 0.00722515761541824
824, 0.00648463556232552
825, 0.0065898106743892
826, 0.00689023508069416
827, 0.00639509487276276
828, 0.00700831172677378
829, 0.00712013935359816
830, 0.00803582618633906
831, 0.00757441933577259
832, 0.00846136128529906
833, 0.00913283585881194
834, 0.00729496000955502
835, 0.00715580070391297
836, 0.00776102665501336
837, 0.00742891190263132
838, 0.00521636428311467
839, 0.00548122311010957
840, 0.00630509861124059
841, 0.00626097844603161
842, 0.0062000557469825
843, 0.00611823168583214
844, 0.00601191547078391
845, 0.0058752055435131
846, 0.00570076525521775
847, 0.00492523843422532
848, 0.00761150972296794
849, 0.00761063513346016
850, 0.00751522757733862
851, 0.00742723218475779
852, 0.00726411631330848
853, 0.0070541244931519
854, 0.00760676067632933
855, 0.00761088822036982
856, 0.00753470968144635
857, 0.00735424699572225
858, 0.00748049397952855
859, 0.00716476794332266
860, 0.00761421335240205
861, 0.00697276112623513
862, 0.00914003034787519
863, 0.00752146641856858
864, 0.0069670321286789
865, 0.00745911598205566
866, 0.00466902049568792
867, 0.00664934461625914
868, 0.00653325913784405
869, 0.00708262296393514
870, 0.00696678125920395
871, 0.00718940716857712
872, 0.00738309797209998
873, 0.00728847831487656
874, 0.010090285136054
875, 0.00676882414457699
876, 0.00743355951271951
877, 0.00728283550900718
878, 0.00758995084712903
879, 0.00885162347306808
880, 0.00838862530266245
881, 0.00803046658014258
882, 0.00777788708607356
883, 0.00633903898830925
884, 0.00628208376777669
885, 0.00632784158612291
886, 0.00635857880115509
887, 0.00622692548980315
888, 0.00609172880649567
889, 0.00616293035758038
890, 0.00602042279206216
891, 0.00596615082273881
892, 0.0059628375650694
893, 0.00754205176296334
894, 0.00753377191722393
895, 0.00752893711129824
896, 0.00750559607210259
897, 0.00749038020148873
898, 0.00745842978358269
899, 0.00740548254301151
900, 0.00750469835475087
901, 0.00733340477260451
902, 0.00726273509540728
903, 0.00754011150759955
904, 0.0064299541991204
905, 0.00671370271593332
906, 0.00744609607915793
907, 0.00935250505184134
908, 0.00646419736689755
909, 0.00451912571831296
910, 0.00608350328790645
911, 0.00726068842535218
912, 0.0067177201466014
913, 0.00716230397423108
914, 0.00659681592757503
915, 0.00735001848079264
916, 0.00705226029579838
917, 0.00829467875882983
918, 0.00743079589058955
919, 0.00800118688493967
920, 0.0086742319787542
921, 0.00684379499095182
922, 0.00637306282296777
923, 0.00641202375603219
924, 0.00759138585999608
925, 0.00642167877716323
926, 0.00777520953367154
927, 0.00644982613933583
928, 0.0064385337755084
929, 0.00641372551520665
930, 0.00665953638963401
931, 0.00650874812466403
932, 0.00643832026980817
933, 0.00714797116816044
934, 0.00749774261688193
935, 0.00753168032194177
936, 0.00748268468305469
937, 0.00753992182823519
938, 0.00752766965888441
939, 0.00741213317960501
940, 0.0075095232265691
941, 0.00746679531099896
942, 0.00748302065767348
943, 0.00630306676030159
944, 0.00654762415215373
945, 0.00642828899435699
946, 0.00680054297360281
947, 0.00733415603948136
948, 0.00724538376865288
949, 0.00666220998391509
950, 0.00714560846487681
951, 0.00901956688612699
952, 0.0069317266655465
953, 0.00844044098630548
954, 0.00817408335084716
955, 0.00757081853225827
956, 0.0065870830633988
957, 0.00794117214779059
958, 0.00658886640199593
959, 0.00661172337519626
960, 0.0066579202345262
961, 0.00775091086203853
962, 0.00693050484793882
963, 0.00673563010059297
964, 0.00686387019231915
965, 0.00707181915640831
966, 0.00747961240510146
967, 0.00759140526254972
968, 0.00740763624863965
969, 0.00762414466589689
970, 0.00762008122789363
971, 0.00754262196520964
972, 0.00744640563304226
973, 0.00740133477374911
974, 0.00898763149355849
975, 0.00868676735886506
976, 0.00815062186059852
977, 0.00771378390491009
978, 0.00740310526452959
979, 0.00690107901270191
980, 0.00675898821403583
981, 0.00724281851823131
982, 0.0067603811621666
983, 0.00802771343539158
984, 0.00820446837072571
985, 0.00683053039635221
986, 0.00785360500837366
987, 0.00693349827391406
988, 0.00738417807345589
989, 0.0070320734133323
990, 0.00708182024148603
991, 0.00729332786674301
992, 0.00748625871104499
993, 0.00768300394217173
994, 0.00774491225768413
995, 0.00760132439124088
996, 0.00739145521074533
997, 0.00743025502500435
998, 0.00833936935911576
999, 0.00702660158276558
1000, 0.00780264264903963
1001, 0.00694685173220932
1002, 0.00788809848017991
1003, 0.00799511388565103
1004, 0.00705746778597434
1005, 0.00714221340604126
1006, 0.00732570514082909
1007, 0.00758742851515611
1008, 0.00720313610509038
1009, 0.0083278170786798
1010, 0.00687220240277903
1011, 0.00739677979921301
1012, 0.00751190399751067
1013, 0.00777300223708153
1014, 0.00767757464200258
1015, 0.00733939219000084
1016, 0.00742460282829901
1017, 0.00670615248382092
1018, 0.00795772826919953
1019, 0.0083115141838789
1020, 0.00798371314470257
1021, 0.0071685974087034
1022, 0.00713354706143339
1023, 0.00765640482616921
1024, 0.00726638928366204
1025, 0.00742978509515524
1026, 0.00755139960286518
1027, 0.00779997903321471
1028, 0.00732334710968037
1029, 0.00743018354599675
1030, 0.00724246669560671
1031, 0.00702607054263353
1032, 0.00729845270204047
1033, 0.00762965553440154
1034, 0.00759961044726272
1035, 0.00743624102324247
1036, 0.00784303899854422
1037, 0.00681127856175105
1038, 0.00370420932969345
1039, 0.00151600459357724
1040, 0.00733059629177054
1041, 0.00744937476702034
1042, 0.00758132307479779
1043, 0.00776528846472502
1044, 0.00807364673043291
1045, 0.00866203693052133
1046, 0.0105686011568954
1047, 0.00993077084422112
1048, 0.0128173216556509
1049, 0.00697774416767061
1050, 0.00452075417463978
1051, 0.00409307497708748
1052, 0.0034905206800128
1053, 0.00257282265617202
1054, 0.00843019046199819
1055, 0.00714872078970075
1056, 0.00684016516121725
1057, 0.00660118026038011
1058, 0.00639257246317963
1059, 0.00619282751965026
1060, 0.00599302219537397
1061, 0.00579184844779472
1062, 0.00559354526922107
1063, 0.00540763644191126
1064, 0.00523774434501926
1065, 0.00510592161056896
1066, 0.0067884735763073
1067, 0.00750474693874518
1068, 0.00767573597840965
1069, 0.00787993908549348
1070, 0.00814148411154747
1071, 0.00848911438758175
1072, 0.00762756091232101
1073, 0.00559038878418505
1074, 0.00605034704009692
1075, 0.0064995982684195
1076, 0.0072539869385461
1077, 0.00696427204335729
1078, 0.00672291762505968
1079, 0.00581907651697596
1080, 0.00627794264194866
1081, 0.0053812920426329
1082, 0.0072013830455641
1083, 0.00804157167052229
1084, 0.00846214173361659
1085, 0.00760379945859313
1086, 0.00778078039487203
1087, 0.00746370720056196
1088, 0.0073483952631553
1089, 0.00668167630210519
1090, 0.00691129903619488
1091, 0.00705127565500637
1092, 0.00719757044377426
1093, 0.00802109654371937
1094, 0.00770198359775047
1095, 0.0078555034318318
1096, 0.0082159034597377
1097, 0.00479162484407425
1098, 0.00490728307825824
1099, 0.00503169551181297
1100, 0.00495033214489619
1101, 0.00505497694636385
1102, 0.00505227399989963
1103, 0.00473287841305137
1104, 0.0049116721908961
1105, 0.00915903132408857
1106, 0.00716726548437561
1107, 0.00517552379252655
1108, 0.00703553669154644
1109, 0.00696713078234877
1110, 0.00534167867153883
1111, 0.00915111942837636
1112, 0.00706282490864396
1113, 0.00732557692875465
1114, 0.00634514276559154
1115, 0.0068228462866197
1116, 0.00658857465411226
1117, 0.0060881688259542
1118, 0.00555541063658893
1119, 0.0058253591414541
1120, 0.00763406472591062
1121, 0.00763733987696469
1122, 0.00781152839772403
1123, 0.00804501678794622
1124, 0.00837398351480564
1125, 0.00732908972228567
1126, 0.00826661634658064
1127, 0.00756220201340814
1128, 0.00705885607749224
1129, 0.00505600015943249
1130, 0.00730241687657932
1131, 0.00780325825326145
1132, 0.00789600471034646
1133, 0.00791607424616814
1134, 0.00718271033838391
1135, 0.00743016367778182
1136, 0.00718064893347522
1137, 0.0051923895565172
1138, 0.00519330310635269
1139, 0.00569428340531886
1140, 0.0051550748758018
1141, 0.00546384150428431
1142, 0.00733033862585823
1143, 0.0101228778560956
1144, 0.00883597523594896
1145, 0.00610339765747388
1146, 0.00639716458196441
1147, 0.00714134324031572
1148, 0.00690915831364691
1149, 0.00738162182581921
1150, 0.00580419731947283
1151, 0.00666474698421856
1152, 0.0078249464277178
1153, 0.00764632760547101
1154, 0.00748763450731834
1155, 0.00802463494862119
1156, 0.00827950642754634
1157, 0.00559049774892628
1158, 0.0079718304798007
1159, 0.00771038311844071
1160, 0.00731602963060141
1161, 0.00779227943470081
1162, 0.0078031518496573
1163, 0.00740621595953902
1164, 0.00751223950646818
1165, 0.00761389328787724
1166, 0.00550027890130877
1167, 0.00717795835807919
1168, 0.00554978063640495
1169, 0.00895177349448204
1170, 0.0092970539505283
1171, 0.00607399463964005
1172, 0.00721434876322746
1173, 0.00643369757259885
1174, 0.0085838814266026
1175, 0.00698908907361329
1176, 0.00741870313261946
1177, 0.00673193663048248
1178, 0.00762778303275506
1179, 0.00765865187471112
1180, 0.00797853711992502
1181, 0.00816405549024542
1182, 0.0077708411651353
1183, 0.00631272373721004
1184, 0.0074965313076973
1185, 0.00764652933659298
1186, 0.00767126609571278
1187, 0.00759271346032619
1188, 0.00772967694016794
1189, 0.00596785784832069
1190, 0.00608685472980142
1191, 0.00750273054776092
1192, 0.00876355341946085
1193, 0.00886067096143961
1194, 0.00644856536140045
1195, 0.00748006875316302
1196, 0.00729501557846864
1197, 0.00679846317507327
1198, 0.00707413108708958
1199, 0.00836472461620967
1200, 0.00781728862784803
1201, 0.00575156426057219
1202, 0.00804327862958113
1203, 0.00669432532352706
1204, 0.00772960771185656
1205, 0.00766222032585314
1206, 0.00773450514922539
1207, 0.00776555800500015
1208, 0.00775760427738229
1209, 0.00639961492270231
1210, 0.00668529716009895
1211, 0.00687273990895067
1212, 0.00754815828986466
1213, 0.00717684160917997
1214, 0.00738889413575331
1215, 0.00851865097259482
1216, 0.00760799013078213
1217, 0.00815955999617775
1218, 0.00790863499666254
1219, 0.00708701422748466
1220, 0.00602528103627264
1221, 0.00783245491662196
1222, 0.00780274029821157
1223, 0.00777459749951959
1224, 0.00767709221690893
1225, 0.0082694469685001
1226, 0.00813117958605289
1227, 0.00764897100937863
1228, 0.00751872740996381
1229, 0.00821039468670885
1230, 0.00797632740189632
1231, 0.00727356605542203
1232, 0.0073234349489212
1233, 0.00761384804112216
1234, 0.00725225980083148
1235, 0.00779847241938114
1236, 0.00770725533366203
1237, 0.00777068474729146
1238, 0.00770160762060966
1239, 0.00778853218071163
1240, 0.00801724903285503
1241, 0.00791149400174618
1242, 0.0077351882122457
1243, 0.00683711403980851
