1, 0.0118371704593301
2, 0.0293095405213535
3, 0.00262100220425054
4, 0.00875084940344095
5, 0.0152225168421865
6, 0.0196854155510664
7, 0.00996427424252033
8, 0.00265515112550929
9, 0.0285685644485056
10, 0.0129307680763304
11, 0.0136032598093152
12, 0.0209293887019157
13, 0.0123292336772595
14, 0.0128922249811391
15, 0.0131999521205823
16, 0.0134419457366069
17, 0.0136905037797987
18, 0.0140484656828145
19, 0.0147293255043526
20, 0.0163594139739871
21, 0.0206675234561165
22, 0.026128651574254
23, 0.0168886985629797
24, 0.00853897926087181
25, 0.00420234181607763
26, 0.00276568566914648
27, 0.00483769970014691
28, 0.00653146898063521
29, 0.00768103186661998
30, 0.00838736693064372
31, 0.00877598975785077
32, 0.00899559011061986
33, 0.00966656642655532
34, 0.0106179319942991
35, 0.0115920947864652
36, 0.0124623961746693
37, 0.013167009378473
38, 0.0136797431235512
39, 0.0140200840930144
40, 0.0142394583672285
41, 0.014400909965237
42, 0.014567185814182
43, 0.0148845182266086
44, 0.0150702729200323
45, 0.0149381505325437
46, 0.0146887653196851
47, 0.0143442175661524
48, 0.0139182535931468
49, 0.0134384082630277
50, 0.0129486676305532
51, 0.0124811648080746
52, 0.0122680051717907
53, 0.0119723901152611
54, 0.0120532546813289
55, 0.0122569190959136
56, 0.012514348141849
57, 0.0127857634797692
58, 0.0130343856289983
59, 0.0132351027180751
60, 0.0133807758490245
61, 0.0134791101639469
62, 0.0135471417258183
63, 0.0136101258297761
64, 0.0137024099628131
65, 0.013873669008414
66, 0.0142010524868965
67, 0.0148280539239446
68, 0.0160063331325849
69, 0.0175493247807026
70, 0.0162671250291169
71, 0.0134477630878488
72, 0.0126160976166526
73, 0.012046727972726
74, 0.0116148743157585
75, 0.0112620862200856
76, 0.0109608704224229
77, 0.0106975163022677
78, 0.0104662757366896
79, 0.0102715076257785
80, 0.0101265379538139
81, 0.0100217498838902
82, 0.0100057170327221
83, 0.0100856167264283
84, 0.010154016315937
85, 0.0101981527792911
86, 0.0102011907535295
87, 0.0101444163980583
88, 0.0100052002817392
89, 0.0097551221648852
90, 0.00935443180302779
91, 0.00874616655831536
92, 0.00785434556504091
93, 0.00658028409816325
94, 0.00483701176320513
95, 0.00275164990064998
96, 0.00433256127871573
97, 0.0089525554018716
98, 0.0172179626921813
99, 0.026938916494449
100, 0.0206446840117375
101, 0.0165721153219541
102, 0.0150260389782488
103, 0.014366058477511
104, 0.0140691433722774
105, 0.0139376850177844
106, 0.0138821682582299
107, 0.0138609339483082
108, 0.013852429886659
109, 0.0138445942041775
110, 0.0138300587423146
111, 0.0138040451953808
112, 0.0137634828376273
113, 0.0137061395992835
114, 0.0136301761182646
115, 0.0135339486102263
116, 0.0134136172321936
117, 0.0132620274089277
118, 0.0130667863413692
119, 0.0130583420395851
120, 0.0131000069280465
121, 0.0131895669425527
122, 0.013277817517519
123, 0.013364185889562
124, 0.0134455785155296
125, 0.0135144811744491
126, 0.0135679695134362
127, 0.0136016283649951
128, 0.0136216965814432
129, 0.0136773552124699
130, 0.0137661024928093
131, 0.0138744112725059
132, 0.0139958057552576
133, 0.0141267733027538
134, 0.014264492628475
135, 0.0144048907483617
136, 0.0145427562917272
137, 0.0146708007281025
138, 0.0147783604140083
139, 0.0148496742670735
140, 0.0148620192582409
141, 0.0147845282529791
142, 0.0145791123310725
143, 0.014206128505369
144, 0.0136341545730829
145, 0.0128542411451538
146, 0.0119062367205818
147, 0.0108574439461033
148, 0.00983408248672883
149, 0.00906872221579154
150, 0.00410288906035324
151, 0.0081554944626987
152, 0.0166587689891458
153, 0.0262093544006348
154, 0.0263835117220879
155, 0.0169593906030059
156, 0.00841319048777223
157, 0.00414502116230627
158, 0.00998522030810515
159, 0.0100468235711257
160, 0.0101497707267602
161, 0.0102822318052252
162, 0.0104352785274386
163, 0.0106014668320616
164, 0.0107714096084237
165, 0.0109384777024388
166, 0.0110985587040583
167, 0.011249268737932
168, 0.0113900195186337
169, 0.0115221198648214
170, 0.0116484891623259
171, 0.0117738020295898
172, 0.0119049477701386
173, 0.0120517925048868
174, 0.0122287720441818
175, 0.0124604885155956
176, 0.0127870738506317
177, 0.0132901404673855
178, 0.0141187282279134
179, 0.0171428720932454
180, 0.0184780961523453
181, 0.0166036312778791
182, 0.0151694923018416
183, 0.0143541942040126
184, 0.0138737385471662
185, 0.0135713483517369
186, 0.0133707874144117
187, 0.0132311272124449
188, 0.0131287130837639
189, 0.0130513093123833
190, 0.0129918294648329
191, 0.012946765559415
192, 0.0129168800388773
193, 0.0129012580340107
194, 0.0128965334345897
195, 0.0129018503551682
196, 0.0129651424940675
197, 0.0131356610606114
198, 0.0127652257991334
199, 0.0190745871514082
200, 0.00676304274903876
201, 0.0028614328475669
202, 0.0134032185499867
203, 0.0136422497841219
204, 0.0139445764943957
205, 0.0144451763480902
206, 0.0154405264183879
207, 0.0176941792791088
208, 0.022867027670145
209, 0.0130986236701054
210, 0.00762116800372799
211, 0.00650982442311943
212, 0.00468631251715124
213, 0.0144772361963987
214, 0.0143291073230406
215, 0.0141604904395839
216, 0.0139041929505765
217, 0.0134961844111482
218, 0.0128941225508849
219, 0.0120931308095654
220, 0.0111457464906077
221, 0.0101135053361456
222, 0.00922236933062474
223, 0.0137439646447698
224, 0.0141067346557975
225, 0.0144193756083647
226, 0.0146505772136152
227, 0.0148099856451154
228, 0.0181259295592705
229, 0.0138487854662041
230, 0.0107050553585092
231, 0.0126878555553655
232, 0.0143901401509841
233, 0.0142825222574174
234, 0.0141254826448858
235, 0.0133831589482725
236, 0.0146388702094555
237, 0.0117597457331916
238, 0.0133529341158768
239, 0.0139957224018872
240, 0.0129717922148605
241, 0.0126349773257971
242, 0.0142311916376154
243, 0.0144171950717767
244, 0.0163901679528256
245, 0.0136936463726064
246, 0.0139952508422236
247, 0.0144295091740787
248, 0.0151620982214808
249, 0.0134378094226122
250, 0.00833190434301893
251, 0.00869274903088808
252, 0.00889483497788509
253, 0.00885834026017359
254, 0.0170114308906098
255, 0.011874258890748
256, 0.009415420836636
257, 0.0145246076530644
258, 0.013124323583075
259, 0.0168319400399923
260, 0.0142903455222646
261, 0.0143441649464269
262, 0.0133540815052887
263, 0.0141633750560383
264, 0.0138819495526453
265, 0.0125371366739273
266, 0.0113825282702843
267, 0.0137263316040238
268, 0.0143161970855934
269, 0.0141941540253659
270, 0.0134100501115123
271, 0.0140659042323629
272, 0.0137568519761165
273, 0.014456483690689
274, 0.0158829038652281
275, 0.0150264153877894
276, 0.0091199913683037
277, 0.0164183864369988
278, 0.0133988357459505
279, 0.0140164196491241
280, 0.0123972731331984
281, 0.0143549830342333
282, 0.0143731379260619
283, 0.0142968737830718
284, 0.0143936352804303
285, 0.0108029316844685
286, 0.0140149745469292
287, 0.0143109573051333
288, 0.0138058066368103
289, 0.0135117402300239
290, 0.0154366181232035
291, 0.014102531131357
292, 0.0148813808336854
293, 0.0144411441870034
294, 0.0102619087323546
295, 0.0149464556016028
296, 0.0160816159720222
297, 0.0142595957343777
298, 0.0134714397912224
299, 0.0144196436075228
300, 0.0145227479127546
301, 0.0145291929754118
302, 0.0142528071689109
303, 0.0141052987426519
304, 0.0150715918280184
305, 0.014378756683852
306, 0.0147189246490598
307, 0.015152386788811
308, 0.0129760069151719
309, 0.0146143672366937
310, 0.0148805817589164
311, 0.0153583404608071
312, 0.0147544424980879
313, 0.0145785754546523
314, 0.0112570786538223
315, 0.0135042785356442
316, 0.0123121958225965
317, 0.0134693462556849
318, 0.00777916672329108
319, 0.0192226337801133
320, 0.0123675592864553
321, 0.0157512191993495
322, 0.0151364897998671
323, 0.0145919566663603
324, 0.0141920836952825
325, 0.0139364477557441
326, 0.0137779751482109
327, 0.0136743943827848
328, 0.0135926369888087
329, 0.0135072579917808
330, 0.0133991149875025
331, 0.0132561956221859
332, 0.0130761447362602
333, 0.00412606521664808
334, 0.0101920034115513
335, 0.0093110177355508
336, 0.00867352510492007
337, 0.0102810288468997
338, 0.0102703650481999
339, 0.0101734062967201
340, 0.010243269149214
341, 0.0100257359445095
342, 0.00974478619173169
343, 0.00778492578926186
344, 0.00660259610352417
345, 0.00521814043167979
346, 0.0101106116548181
347, 0.0112508619204164
348, 0.0116071744511525
349, 0.0120362622352938
350, 0.0125888576731086
351, 0.0134013146162033
352, 0.0245230983942747
353, 0.0130471705148617
354, 0.0139421701120834
355, 0.0144795336139699
356, 0.0155960706373056
357, 0.0184377816816171
358, 0.0135092240137359
359, 0.0136646005945901
360, 0.0128695738191406
361, 0.0126609592698514
362, 0.0138246943242848
363, 0.0146110674055914
364, 0.0141208089577655
365, 0.0143474560851852
366, 0.0139483236707747
367, 0.013402111052225
368, 0.0137357587615649
369, 0.0135939265601337
370, 0.0100824312927822
371, 0.00973293542241057
372, 0.010464992839843
373, 0.0104609178379178
374, 0.0103389263773958
375, 0.0103979484799008
376, 0.00932339113205671
377, 0.010419111388425
378, 0.0100468966799478
379, 0.0102647111440698
380, 0.00886262262550493
381, 0.0109426787433525
382, 0.0121900731076797
383, 0.0134699527795116
384, 0.0106723594168822
385, 0.0104367886669934
386, 0.0102396525132159
387, 0.0117429302384456
388, 0.0127573070737223
389, 0.0136158135719597
390, 0.0144551056437194
391, 0.0127274204045534
392, 0.0133466667806109
393, 0.0153023359986643
394, 0.0169114835028137
395, 0.0165420068161828
396, 0.0128133934922516
397, 0.0145528921857476
398, 0.0124893835745752
399, 0.0128852842109544
400, 0.010244936948376
401, 0.00846690490531425
402, 0.0131140714511275
403, 0.0138122088586291
404, 0.0138751946700116
405, 0.0137220894296964
406, 0.0140618234872818
407, 0.0139618868318697
408, 0.0141367403169473
409, 0.0137736342536906
410, 0.0137486925038199
411, 0.0136810742939512
412, 0.0132682821713388
413, 0.0107567782203356
414, 0.0107899542587499
415, 0.0107910075845818
416, 0.0105778579600155
417, 0.0106934321423372
418, 0.0107596234108011
419, 0.0107053145766258
420, 0.0107198484862844
421, 0.0106687711862226
422, 0.0113555210021635
423, 0.010721529678752
424, 0.0122811699596544
425, 0.012792252159367
426, 0.0135261155664921
427, 0.0110213317287465
428, 0.0104613172200819
429, 0.0139670534990728
430, 0.0132906059734523
431, 0.0151193700730801
432, 0.0136122168041766
433, 0.0144596062600613
434, 0.0129645468356709
435, 0.0133681581355631
436, 0.0082692486854891
437, 0.0110201883750657
438, 0.013859370102485
439, 0.0138933903848132
440, 0.0135157740054031
441, 0.0137665287281076
442, 0.0137690432990591
443, 0.0137395261165996
444, 0.0137587804347277
445, 0.0138161429204047
446, 0.0137810786254704
447, 0.0136170862242579
448, 0.011262695149829
449, 0.0111658692670365
450, 0.0119702609566351
451, 0.0113576791870097
452, 0.0141545955091715
453, 0.0110624642111361
454, 0.0109116955039402
455, 0.0114727293451627
456, 0.0116542956481377
457, 0.0104465141892433
458, 0.0144558727430801
459, 0.0118264096478621
460, 0.0132748669013381
461, 0.0128279360942543
462, 0.0110706665242712
463, 0.0107346584222146
464, 0.0114210569299757
465, 0.0135974000607218
466, 0.013999941603591
467, 0.0132099451497197
468, 0.0125249712727964
469, 0.0140006775036454
470, 0.0138746116620799
471, 0.0138884967503448
472, 0.0135713727213442
473, 0.0135017650512358
474, 0.013323431036302
475, 0.0136510948650539
476, 0.0137528620349864
477, 0.0139066631284853
478, 0.0116769469653567
479, 0.0115192208128671
480, 0.0118467899349829
481, 0.0113742265052029
482, 0.0120480220454435
483, 0.0127355533962448
484, 0.0123257321926455
485, 0.0123256648269792
486, 0.0149385090917349
487, 0.0114338429023822
488, 0.011870462136964
489, 0.0139996526762843
490, 0.0143868396990001
491, 0.0137750650756061
492, 0.0134848513019582
493, 0.0139312741036216
494, 0.0141926798969507
495, 0.0133314022483925
496, 0.0132491149318715
497, 0.0133743508098026
498, 0.0137159937682251
499, 0.0141113102436066
500, 0.01352863246575
501, 0.012039788843443
502, 0.0122537647063533
503, 0.0118045430630445
504, 0.0124913929030299
505, 0.0110909910872579
506, 0.0155571928868691
507, 0.0131690690293908
508, 0.0127937320309381
509, 0.0131975407712162
510, 0.0118750796342889
511, 0.0123464212131997
512, 0.0142335762668933
513, 0.0147264104646941
514, 0.0117269461043179
515, 0.0143629508092999
516, 0.0141784090859195
517, 0.0136320795863867
518, 0.0141565324738622
519, 0.0129429274238646
520, 0.0131359929218888
521, 0.0133608205554386
522, 0.0137385108197729
523, 0.0126082270095746
524, 0.0123484798574022
525, 0.0151898583086828
526, 0.0160758616402745
527, 0.0128436785501738
528, 0.0128048700280488
529, 0.0128369913436472
530, 0.0131258095304171
531, 0.0134784223822256
532, 0.0145042170770466
533, 0.014571108110249
534, 0.0149819307650129
535, 0.0153124476117747
536, 0.0142993174182872
537, 0.013950963349392
538, 0.0143941204684476
539, 0.0160941085778177
540, 0.0139219774864614
541, 0.0155176934786141
542, 0.0144913555788142
543, 0.0150209425017238
544, 0.0150369269152482
545, 0.0148195458265642
546, 0.0167101569473743
547, 0.0162859000265598
548, 0.0139336927483479
549, 0.00742277243019392
550, 0.0191044796568652
551, 0.013216310646385
552, 0.0133669547115763
553, 0.0134943556040525
554, 0.0135984554265936
555, 0.0136848685021202
556, 0.0137541106281181
557, 0.0138076505002876
558, 0.0138469669036567
559, 0.013874321244657
560, 0.0138933549945553
561, 0.0139098862806956
562, 0.0139816687442362
563, 0.0140841955629488
564, 0.0143015865857402
565, 0.0147604111892482
566, 0.0157306369704505
567, 0.0179204816619555
568, 0.0134511939249933
569, 0.01337972159187
570, 0.013305944390595
571, 0.0132336704991758
572, 0.00935309737299879
573, 0.0103077841922641
574, 0.0114112227844695
575, 0.0124387227309247
576, 0.0133193833753467
577, 0.0139897484332323
578, 0.0144472302248081
579, 0.0147188237557809
580, 0.0148442923091352
581, 0.0148648836960395
582, 0.014815128253152
583, 0.0147210159339011
584, 0.0146008344988028
585, 0.0144669276972612
586, 0.0143276279171308
587, 0.0141887618228793
588, 0.0140546021672587
589, 0.0139282216938833
590, 0.0138129009865224
591, 0.0137123569535712
592, 0.0136384527819852
593, 0.00844794015089671
594, 0.0077246594397972
595, 0.00655098965701958
596, 0.00512574155194064
597, 0.00402769064142679
598, 0.0128203218337148
599, 0.0230186892052491
600, 0.00806064701949557
601, 0.0147532910729448
602, 0.0137464489477376
603, 0.0120453809698423
604, 0.0143550101978083
605, 0.0146752852015197
606, 0.0148317612086733
607, 0.0148372525970141
608, 0.0146404122933745
609, 0.0145116661054393
610, 0.0143756244021157
611, 0.0142381225402157
612, 0.0141034369977812
613, 0.0138255365503331
614, 0.0139741987610857
615, 0.0109111140482128
616, 0.0130568121870359
617, 0.0148727972991765
618, 0.0138528576741616
619, 0.0139926755800843
620, 0.0154412925864259
621, 0.0147713450714946
622, 0.0142067753088971
623, 0.0140976679200927
624, 0.0139194830941657
625, 0.0138186388649046
626, 0.0134636533136169
627, 0.0136691331863403
628, 0.0135726490989327
629, 0.0137505768798292
630, 0.0166070889681578
631, 0.0144057056556145
632, 0.014034589442114
633, 0.0139572395322224
634, 0.0138743338175118
635, 0.0135164412980278
636, 0.0135007857655485
637, 0.0133772112118701
638, 0.0135666388086975
639, 0.0134417984324197
640, 0.0135965572670102
641, 0.00879373829811811
642, 0.00923762858534853
643, 0.00884550235544642
644, 0.00830242123144368
645, 0.0166993192397058
646, 0.0130351297557354
647, 0.0136445460042783
648, 0.0182984750717878
649, 0.00956570942487035
650, 0.0146617875434458
651, 0.0145377336690823
652, 0.0147706825907032
653, 0.0144063211046159
654, 0.0148522329206268
655, 0.0142725716965894
656, 0.0148872551508248
657, 0.0141399768181145
658, 0.0148455697732667
659, 0.0146810971200466
660, 0.0115929824920992
661, 0.0143290342142185
662, 0.0140110645443201
663, 0.0137305809184909
664, 0.0138868959620595
665, 0.0137695257241527
666, 0.0128439698989193
667, 0.0145440733370682
668, 0.0143512069868545
669, 0.0142297190614045
670, 0.0140830661791066
671, 0.0141470216525098
672, 0.0140257755604883
673, 0.0139672594765822
674, 0.0139031237922609
675, 0.0138306968534986
676, 0.0137482217202584
677, 0.0136551912873983
678, 0.0135485652523736
679, 0.014858885978659
680, 0.0161282448098063
681, 0.0153634476785858
682, 0.0133231143866267
683, 0.0135573626806339
684, 0.0135658824195464
685, 0.0135230077430606
686, 0.0136051410809159
687, 0.0115360201646884
688, 0.0109271653927863
689, 0.0109082204954965
690, 0.0141573280096054
691, 0.0169178154319525
692, 0.0104049490764737
693, 0.0126670507403711
694, 0.0140366309011976
695, 0.0137984296306968
696, 0.0139138672190408
697, 0.0141625034933289
698, 0.0142901033783952
699, 0.0144180436618626
700, 0.0145442917322119
701, 0.0146655719727278
702, 0.0147764408029616
703, 0.0148673372653623
704, 0.0149208170672258
705, 0.0149048672368129
706, 0.014761358499527
707, 0.0143926391998927
708, 0.0137206971024474
709, 0.0137414614049097
710, 0.0157620571553707
711, 0.013838317245245
712, 0.0136402825204035
713, 0.0139263596696158
714, 0.0140081892410914
715, 0.0140862270879249
716, 0.0141639144470294
717, 0.0143454823022087
718, 0.0144732280944784
719, 0.0142470578042169
720, 0.0146523434668779
721, 0.0131603289395571
722, 0.013684168830514
723, 0.015284838154912
724, 0.0149123137816787
725, 0.0134493136778474
726, 0.0136208768623571
727, 0.013628469593823
728, 0.0136755203296031
729, 0.0126078071383139
730, 0.013149955154707
731, 0.0151915406542165
732, 0.0160169815644622
733, 0.0138193797320127
734, 0.0139304899300138
735, 0.0140503866908451
736, 0.0138110465680559
737, 0.0141694305154184
738, 0.0142891043797135
739, 0.0144094340503216
740, 0.0145304291509092
741, 0.0146518321707845
742, 0.0147721567191184
743, 0.0148865029526254
744, 0.0149815734475851
745, 0.0138369814182321
746, 0.013725238541762
747, 0.0145675853515665
748, 0.015024634078145
749, 0.0149408141151071
750, 0.0139394636886815
751, 0.0140368280311426
752, 0.0141316968947649
753, 0.0142266182228923
754, 0.0143252639099956
755, 0.0145612009800971
756, 0.0144337364472449
757, 0.0147194831321637
758, 0.0162066812627017
759, 0.0149223461436729
760, 0.0154632350119452
761, 0.0151778965567549
762, 0.0136996316058295
763, 0.0156524144113064
764, 0.014047315903008
765, 0.0139405548882981
766, 0.0138261866134902
767, 0.0140509043509761
768, 0.0141594984258215
769, 0.0142683059287568
770, 0.0143790355262657
771, 0.0144945036930343
772, 0.0146185335082312
773, 0.0147554536039631
774, 0.014907807422181
775, 0.0148464059457183
776, 0.0150700272060931
777, 0.0152410546628137
778, 0.0152118867263198
779, 0.013718443736434
780, 0.0138334155393144
781, 0.0131526067852974
782, 0.00691493657151503
783, 0.00289017516188324
784, 0.0137358945794404
785, 0.0137831865188976
786, 0.0138145413560172
787, 0.013844619349887
788, 0.0138551979325712
789, 0.0138759394176304
790, 0.0139245209284127
791, 0.014032401299725
792, 0.0142590878531337
793, 0.0147275741522511
794, 0.0157081298530102
795, 0.0192614113911986
796, 0.0179107390965025
797, 0.0230781231075525
798, 0.0129123731361081
799, 0.00969741912558675
800, 0.00927184087534746
801, 0.00864028635745247
802, 0.00772477973562976
803, 0.00652232215118905
804, 0.00481521241211643
805, 0.0140559384599328
806, 0.0132895261049271
807, 0.0128358375901977
808, 0.0125318312396606
809, 0.0123138761458298
810, 0.0121416772405306
811, 0.0119952233508229
812, 0.0118611701764166
813, 0.0117300596709053
814, 0.0115955388173461
815, 0.0114531472014884
816, 0.0113001610152423
817, 0.0111356664759417
818, 0.0109611658068995
819, 0.0107798737784227
820, 0.0105971219018102
821, 0.0104215908795595
822, 0.0102649284526706
823, 0.010132308738927
824, 0.0100373113527894
825, 0.0133845005184412
826, 0.0135283068132897
827, 0.0137229762040079
828, 0.0139935446592669
829, 0.0143770269739131
830, 0.0149228448669116
831, 0.0156398412461082
832, 0.0164554699634512
833, 0.0132758929394186
834, 0.0137167282712956
835, 0.0143957566469908
836, 0.0131286764517426
837, 0.0131925029369692
838, 0.0141167785041034
839, 0.0138934478163719
840, 0.014733606018126
841, 0.0151154911145568
842, 0.0130196392536163
843, 0.0102895096254845
844, 0.0106570754821102
845, 0.0108653965095679
846, 0.011073135305196
847, 0.0125633104083439
848, 0.0119449148575465
849, 0.0116356449822585
850, 0.011461657161514
851, 0.0122321999321381
852, 0.011273300430427
853, 0.0104594899651905
854, 0.0151503602042794
855, 0.0130727564295133
856, 0.013505253319939
857, 0.0141285645465056
858, 0.0127832397508125
859, 0.0123860215147336
860, 0.0120882095458607
861, 0.0117957339001199
862, 0.00997180429597696
863, 0.00967612148573001
864, 0.0101328872454663
865, 0.0102091465766231
866, 0.0102246419216196
867, 0.00996472702051202
868, 0.00929171638563275
869, 0.00886076673244437
870, 0.00914488147412028
871, 0.0101947450699906
872, 0.0101283638117214
873, 0.0100578788667917
874, 0.0138449183044334
875, 0.0153894528436164
876, 0.0146966762840748
877, 0.0137764952766399
878, 0.0138864391483366
879, 0.0139784710481763
880, 0.0140932413438956
881, 0.013582204002887
882, 0.0136696893411378
883, 0.0134709998965263
884, 0.0143078447630008
885, 0.0138170916276673
886, 0.0138655348370473
887, 0.0139185572043061
888, 0.0132807664839285
889, 0.0167455032157401
890, 0.0151646367407271
891, 0.0101494819724134
892, 0.0133273637232681
893, 0.0132214782227363
894, 0.0165782126908501
895, 0.0134686660021544
896, 0.0130824603450795
897, 0.0130381812341511
898, 0.0133826994958023
899, 0.0130309869224826
900, 0.013053848563383
901, 0.0141394585371017
902, 0.0143281648245951
903, 0.0146767660044134
904, 0.0139714749529958
905, 0.014522408756117
906, 0.0135779374589523
907, 0.0124502655429145
908, 0.0119803209478656
909, 0.0132639729417861
910, 0.0136142284609377
911, 0.0129958240625759
912, 0.0122982521230976
913, 0.0141988738573023
914, 0.0127850243200858
915, 0.0126089629096289
916, 0.0121439481154084
917, 0.0118021744613846
918, 0.0116063777046899
919, 0.0113929786408941
920, 0.0111667141318321
921, 0.0106968590989709
922, 0.0109316104402145
923, 0.0104700182564557
924, 0.0101640156159798
925, 0.0103401176941892
926, 0.0103453110593061
927, 0.0102400556206703
928, 0.0103112760310372
929, 0.0105967195704579
930, 0.0106971071412166
931, 0.0105981041366855
932, 0.0102850032659868
933, 0.0137188791607817
934, 0.0147548226639628
935, 0.014045218937099
936, 0.0135379356021682
937, 0.0138286394067109
938, 0.0139296177464227
939, 0.0138975606920818
940, 0.0139736422958473
941, 0.0138666693431636
942, 0.0141676183169087
943, 0.0143766488569478
944, 0.0147233689203858
945, 0.0136405110048751
946, 0.0152653732026617
947, 0.0103034796193242
948, 0.01341040013358
949, 0.0104447579277413
950, 0.0183104006573558
951, 0.0134881467868884
952, 0.0160640166141093
953, 0.0137098097863297
954, 0.0132717982244988
955, 0.0136116296052933
956, 0.0142268952913582
957, 0.0141137933048109
958, 0.0143118966370821
959, 0.0132451813357572
960, 0.0133174279083808
961, 0.0138285217496256
962, 0.0107076340354979
963, 0.0114971296861768
964, 0.0117373471148312
965, 0.0112446779385209
966, 0.0121514139076074
967, 0.0119556193239987
968, 0.0124914194457233
969, 0.0128069776110351
970, 0.0123282104420165
971, 0.0126479870329301
972, 0.0129787356903156
973, 0.0140233442187309
974, 0.0131736739228169
975, 0.0137140007379154
976, 0.0134084117598832
977, 0.0109765736075739
978, 0.0118728547046582
979, 0.0106171388179064
980, 0.0105168463972708
981, 0.0105776952890058
982, 0.0106166624464095
983, 0.0106284882252415
984, 0.0137769145270189
985, 0.0142138310087224
986, 0.013929171487689
987, 0.0140195248338083
988, 0.0139688422592978
989, 0.0140949430254598
990, 0.0138901484509309
991, 0.0136134328010182
992, 0.0137067718120913
993, 0.0115232090465724
994, 0.0144017953425646
995, 0.0146936102149387
996, 0.0151199282457431
997, 0.0135844230341415
998, 0.0138944806531072
999, 0.0134715766956409
1000, 0.0141622590211531
1001, 0.013428623167177
1002, 0.0141268535517156
1003, 0.0138000585138798
1004, 0.0124908929380278
1005, 0.0132229067385197
1006, 0.0143626503025492
1007, 0.0135321787868937
1008, 0.0139993877771
1009, 0.0109833662531206
1010, 0.0113043203018606
1011, 0.0115858122395972
1012, 0.0118572500844797
1013, 0.0140745965763927
1014, 0.0137608894146979
1015, 0.0123124807141721
1016, 0.0120993438176811
1017, 0.0125012005058428
1018, 0.0128285872439543
1019, 0.0126709037770828
1020, 0.0129833268001676
1021, 0.0131453451079627
1022, 0.0133267988761266
1023, 0.0135301897923152
1024, 0.0156521673003833
1025, 0.0113043611248334
1026, 0.0107978413191934
1027, 0.0110351525557538
1028, 0.0109245809726417
1029, 0.0138426395133138
1030, 0.0142216151580215
1031, 0.0140470811165869
1032, 0.0141174184779326
1033, 0.0139969137186805
1034, 0.0139544053624074
1035, 0.0136947953142226
1036, 0.011153599092116
1037, 0.0137797535086672
1038, 0.0143768702012797
1039, 0.0125895023035506
1040, 0.0146003952249885
1041, 0.0149064900663992
1042, 0.0133580787107348
1043, 0.0136781211144158
1044, 0.0161785578044752
1045, 0.0134168802095311
1046, 0.0136486616296073
1047, 0.0140069940437873
1048, 0.014032366219908
1049, 0.0132356855707864
1050, 0.0112385912798345
1051, 0.0139336086188753
1052, 0.0135913922761877
1053, 0.0140759429583947
1054, 0.0137178784546753
1055, 0.0113446382805705
1056, 0.0139980910345912
1057, 0.0122361211106181
1058, 0.0116434339433908
1059, 0.0119671677239239
1060, 0.0124676451086998
1061, 0.0128414826467633
1062, 0.0126671555141608
1063, 0.0129970723452667
1064, 0.01314393337816
1065, 0.0132917606582244
1066, 0.0138302327444156
1067, 0.013452252993981
1068, 0.0136389016794662
1069, 0.0106699449941516
1070, 0.012138733950754
1071, 0.011370504895846
1072, 0.0111701025937994
1073, 0.0115678341438373
1074, 0.0152757132115463
1075, 0.0139104413489501
1076, 0.0141947499165932
1077, 0.0141127558114628
1078, 0.0140556682211657
1079, 0.014012151863426
1080, 0.0137837895502647
1081, 0.0138555575783054
1082, 0.0143107244124015
1083, 0.0118142690819999
1084, 0.0144689148291945
1085, 0.0146571360528469
1086, 0.0169036981339256
1087, 0.0137937616556883
1088, 0.015578739810735
1089, 0.0135214372227589
1090, 0.0138009455986321
1091, 0.0140475267544389
1092, 0.0140056189460059
1093, 0.0137344074125091
1094, 0.0140534631597499
1095, 0.0138597319213053
1096, 0.0135404970496893
1097, 0.0141117740422487
1098, 0.0123704279152056
1099, 0.0126237555717429
1100, 0.0120567296010753
1101, 0.01283143972978
1102, 0.0131587654662629
1103, 0.0130086705709497
1104, 0.0132940908273061
1105, 0.0134245911613107
1106, 0.0135602508671582
1107, 0.0137107232585549
1108, 0.0139031792059541
1109, 0.0135848314190904
1110, 0.0118751085052888
1111, 0.0139708523638546
1112, 0.0141414399258792
1113, 0.014087519608438
1114, 0.0140487132593989
1115, 0.0138655230402946
1116, 0.0148580006013314
1117, 0.013927274538825
1118, 0.0121670616790652
1119, 0.0129865979154905
1120, 0.014218514940391
1121, 0.0143146001112958
1122, 0.0144201366541286
1123, 0.0125289551603297
1124, 0.0160973585831622
1125, 0.0127384968101978
1126, 0.0152467897694026
1127, 0.0138974692672491
1128, 0.014020810679843
1129, 0.0143083119764924
1130, 0.0150247456816336
1131, 0.0127815227024257
1132, 0.0125026761421135
1133, 0.013955640917023
1134, 0.0116498245458518
1135, 0.012996601096044
1136, 0.0133172625986238
1137, 0.0131768408852319
1138, 0.0134371834186216
1139, 0.0135472258552909
1140, 0.0136570387209455
1141, 0.0137752564623952
1142, 0.0137328921506802
1143, 0.014016203271846
1144, 0.0140733333925406
1145, 0.0123923782569667
1146, 0.0140484663036962
1147, 0.0139398016035557
1148, 0.0139829174925884
1149, 0.0141108285946151
1150, 0.0145048432362576
1151, 0.0141637303556005
1152, 0.0127655120256046
1153, 0.0142136211507022
1154, 0.0131997531279922
1155, 0.0139021805177132
1156, 0.0143370000645518
1157, 0.0138681642711163
1158, 0.0139577280996101
1159, 0.0140088077945014
1160, 0.0129522254690528
1161, 0.0131668906348447
1162, 0.0139997623239954
1163, 0.0143852529249021
1164, 0.0133497514761984
1165, 0.0134744805594285
1166, 0.0135755046891669
1167, 0.0136627391912043
1168, 0.013744652736932
1169, 0.0138307739980519
1170, 0.0140306642279029
1171, 0.0139975754233698
1172, 0.014000234970202
1173, 0.0140126893030746
1174, 0.0139848934486508
1175, 0.014155339316598
1176, 0.0140067962929606
1177, 0.0139221089581649
1178, 0.0140170628825823
1179, 0.0137315900065005
1180, 0.0133044789545238
1181, 0.0149615881964564
1182, 0.0139432332168023
1183, 0.0140070927639802
1184, 0.013358754238912
1185, 0.0135312614341577
1186, 0.0139947113181864
1187, 0.0136360723214845
1188, 0.0137133384123445
1189, 0.0137751311995089
1190, 0.0138830134334664
1191, 0.0138298409680525
1192, 0.0141558209434152
1193, 0.0120810596272349
1194, 0.0139997258471946
1195, 0.0140025274207195
1196, 0.0139992853626609
1197, 0.0128822627787789
1198, 0.0137463266340395
1199, 0.0137539324350655
1200, 0.0139984975879391
1201, 0.013810637096564
1202, 0.0138569458698233
1203, 0.0138881229795516
1204, 0.0139155437548955
1205, 0.0139420898631215
1206, 0.0139631079509854
1207, 0.0139858208596706
