1, 0.00802958337590098
2, 0.0215337141416967
3, 0.00181567296385765
4, 0.0076832240447402
5, 0.0095788324251771
6, 0.0136452298611403
7, 0.00488324742764235
8, 0.00147972907871008
9, 0.0216362625360489
10, 0.00673718447797
11, 0.00768251856788993
12, 0.013302743434906
13, 0.00834705808665603
14, 0.0086981823357443
15, 0.00890424661338329
16, 0.00906961395715674
17, 0.00919643494610985
18, 0.00929900538176298
19, 0.00939791292573015
20, 0.00951835497592886
21, 0.00970128970220685
22, 0.0100278062745929
23, 0.0106846326962113
24, 0.0122258161815504
25, 0.0156193939037621
26, 0.0197567290936907
27, 0.0137851846714815
28, 0.00813830457627773
29, 0.00411751656793058
30, 0.00249478395562619
31, 0.00143028908253958
32, 0.00232067490772655
33, 0.00333896787681927
34, 0.00422743040447434
35, 0.00493878801353276
36, 0.00549649136761824
37, 0.00593513273634017
38, 0.00628443543488781
39, 0.00656645465642214
40, 0.0067968856698523
41, 0.00698678405024111
42, 0.00714385796648761
43, 0.00727388115289311
44, 0.00738111122821768
45, 0.0074686292403688
46, 0.00753894533651571
47, 0.00759409305950006
48, 0.00763581274077296
49, 0.00766573085760077
50, 0.0076816090537856
51, 0.00771124823950231
52, 0.00776989028478662
53, 0.00783799076452851
54, 0.00792654789984226
55, 0.00803047387550274
56, 0.00814550369977951
57, 0.0082692156235377
58, 0.00839883368462324
59, 0.00853155304988225
60, 0.00866496407737335
61, 0.00879713209966818
62, 0.0089265014976263
63, 0.00905194816490014
64, 0.00917265191674232
65, 0.00928724588205417
66, 0.00938940638055404
67, 0.00950400345027447
68, 0.00955742162962755
69, 0.00956598545114199
70, 0.00958302586028973
71, 0.00960371394952138
72, 0.00962663441896439
73, 0.00965081465740999
74, 0.00967480397472779
75, 0.00969548244029284
76, 0.00970963202416897
77, 0.00971333465228478
78, 0.00970238695542018
79, 0.00967255979776382
80, 0.00961976995070775
81, 0.00954086519777775
82, 0.00943397171795368
83, 0.00929931582262119
84, 0.0091398594280084
85, 0.00896155058095852
86, 0.00877314619719982
87, 0.00858604411284129
88, 0.00841524079442024
89, 0.00827175316711267
90, 0.00817760980377595
91, 0.00812943869580825
92, 0.0081693371757865
93, 0.00826251848290364
94, 0.00839336402714252
95, 0.00855510402470827
96, 0.00874147067467372
97, 0.00895496364682913
98, 0.00921191647648811
99, 0.00955639407038689
100, 0.0100816482057174
101, 0.011093331190447
102, 0.0118924933485687
103, 0.0116082886233926
104, 0.00960605808844169
105, 0.00895618833601475
106, 0.00862366302559773
107, 0.00842158279071251
108, 0.00826855345318715
109, 0.00812471689035495
110, 0.00796329913040002
111, 0.00776498531922698
112, 0.00751537752027313
113, 0.00720603189741572
114, 0.0068373706502219
115, 0.0064215532814463
116, 0.00598615175113082
117, 0.00556068991621335
118, 0.00518251458803813
119, 0.00494813034310937
120, 0.00481181452050805
121, 0.00458075090621908
122, 0.00435735735421379
123, 0.00403298554010689
124, 0.00354855189410349
125, 0.0028640963913252
126, 0.0020002817036584
127, 0.00118041676857198
128, 0.00212800072040409
129, 0.00369928885872165
130, 0.00770881430556377
131, 0.0134566454216838
132, 0.0195115550110737
133, 0.0155950738117099
134, 0.0121310097165406
135, 0.0104299249748389
136, 0.00932169519364834
137, 0.00793852490772094
138, 0.0072916760109365
139, 0.00781117239966989
140, 0.00862279782692591
141, 0.00941921366999547
142, 0.0100557372594873
143, 0.010440260792772
144, 0.0105692284802596
145, 0.0104924341042837
146, 0.0102752391248941
147, 0.009980500365297
148, 0.00965638396640619
149, 0.00933462474495173
150, 0.00903488633533319
151, 0.00876601568112771
152, 0.00853242942442497
153, 0.00833375193178654
154, 0.00816785078495741
155, 0.00803200714290142
156, 0.00792265372971694
157, 0.00783706875517964
158, 0.00777306035161018
159, 0.00772668700665236
160, 0.00771523697767407
161, 0.00772683368995786
162, 0.00777363792682687
163, 0.00778443304200967
164, 0.00777427727977435
165, 0.00775196899970372
166, 0.00772427193199595
167, 0.00769823867206772
168, 0.00768071863179406
169, 0.00767472432926297
170, 0.00234975382530441
171, 0.00364108694096406
172, 0.00743427655349175
173, 0.0136680491268635
174, 0.0197971897820632
175, 0.0202103722840548
176, 0.0136540165791909
177, 0.00783227399612466
178, 0.0038151245098561
179, 0.00215161523859327
180, 0.00498945033177733
181, 0.00530043849721551
182, 0.00577781939258178
183, 0.00634338986128569
184, 0.00697966230412324
185, 0.00768515793606639
186, 0.00849561269084612
187, 0.00953180653353532
188, 0.0115256101513902
189, 0.012011916609481
190, 0.0117529559259613
191, 0.011257520566384
192, 0.0111437700688839
193, 0.0111175129810969
194, 0.0110391331836581
195, 0.0108139533549547
196, 0.0103723276406527
197, 0.00969762944926818
198, 0.00885767086098591
199, 0.00796731639032563
200, 0.00760387675836682
201, 0.00623593432828784
202, 0.00964704575017095
203, 0.00723305008640247
204, 0.00990919194494685
205, 0.010384992385904
206, 0.0108717405237257
207, 0.0113745455940564
208, 0.0136895272880793
209, 0.0179896300658584
210, 0.00385785093142961
211, 0.0144045980913298
212, 0.00770346463347475
213, 0.00767971070793768
214, 0.00764335901476443
215, 0.00759556423872709
216, 0.00753454677760601
217, 0.00745837731907765
218, 0.00736511133921643
219, 0.00725246593356133
220, 0.00711717309119801
221, 0.00695486227050424
222, 0.00675974995829165
223, 0.00652383415338894
224, 0.0058807161791871
225, 0.00543842720799148
226, 0.00488281684617202
227, 0.00418394466396421
228, 0.00334882914709548
229, 0.00254032557131723
230, 0.0085995071567595
231, 0.00846577435731888
232, 0.00833370489999652
233, 0.00820593970517317
234, 0.00808541042109331
235, 0.00797445497786005
236, 0.0078758195353051
237, 0.00779399423239132
238, 0.00841337908059359
239, 0.00851693035413822
240, 0.00863939290866256
241, 0.00878719318037232
242, 0.00894302067657312
243, 0.00909583099807302
244, 0.00923658674582839
245, 0.00935898007204135
246, 0.00945922158037623
247, 0.00953604591389497
248, 0.00959017779678106
249, 0.0096237026154995
250, 0.00963965772340695
251, 0.00964160077273846
252, 0.00963301335771879
253, 0.00961729402964314
254, 0.0095973745919764
255, 0.00957582440848152
256, 0.00955459382385015
257, 0.00953438598662615
258, 0.00951556799312433
259, 0.00950536256035169
260, 0.00222333266477411
261, 0.00715035425188641
262, 0.00747782271355391
263, 0.00682303891517222
264, 0.00700002831096451
265, 0.00573019171133637
266, 0.00533237944667538
267, 0.00435028263988594
268, 0.00755418961246808
269, 0.00761706397558252
270, 0.00766744099867841
271, 0.0077078565955162
272, 0.00636696101476749
273, 0.00661419386354585
274, 0.00727816702177127
275, 0.00738648783105115
276, 0.00487265596166253
277, 0.00607429607771337
278, 0.00873276746521393
279, 0.00886382178092996
280, 0.00943272039294243
281, 0.0089912642724812
282, 0.00853577411423127
283, 0.00840113420660297
284, 0.00826890021562576
285, 0.00814180138210456
286, 0.00802317711835106
287, 0.00791369471698999
288, 0.00782188183317582
289, 0.00911455663541953
290, 0.00923284065599243
291, 0.00934608451401194
292, 0.00949149408067266
293, 0.0094531347664694
294, 0.00952858664095402
295, 0.00877577516560753
296, 0.00950996826092402
297, 0.0088809405763944
298, 0.00932422435532014
299, 0.00946631546442707
300, 0.00899821892380714
301, 0.00953688658773899
302, 0.00954937050119042
303, 0.00954246691738566
304, 0.00911630674575766
305, 0.00922695873305202
306, 0.00940448231995106
307, 0.00955024485786756
308, 0.00943528876329462
309, 0.00947182190914949
310, 0.00951094909881552
311, 0.00948408106341958
312, 0.009908445024242
313, 0.0109741580672562
314, 0.0121961691017662
315, 0.00925784123440584
316, 0.0088059064000845
317, 0.0093653155490756
318, 0.0102943447418511
319, 0.00774214197216289
320, 0.0122717901443442
321, 0.0109153039132555
322, 0.0066160272496442
323, 0.00941238326153585
324, 0.00686273747123778
325, 0.00700646250819166
326, 0.00713768438436091
327, 0.0072556398032854
328, 0.00736061530187726
329, 0.00670927530154586
330, 0.00623813938970367
331, 0.00745309966926773
332, 0.00630245225814482
333, 0.00641038548201323
334, 0.00655315195520719
335, 0.00760274830584725
336, 0.00753361863705019
337, 0.00766169877412419
338, 0.00771135084020595
339, 0.0077476839069277
340, 0.00867048961420854
341, 0.00893306452780962
342, 0.00905789745350679
343, 0.009292705450207
344, 0.00917946423093478
345, 0.00820263475179672
346, 0.00833644345402718
347, 0.00807484068597356
348, 0.00847295951098204
349, 0.0079595100445052
350, 0.00784139521420002
351, 0.00880342659850915
352, 0.00938764804353317
353, 0.00948010990396142
354, 0.00948731678848465
355, 0.00936856027692556
356, 0.00940790493041277
357, 0.00935474503785372
358, 0.00948530420040091
359, 0.00942850795884927
360, 0.00947148585692048
361, 0.00946633781616887
362, 0.00926290017863115
363, 0.00944851711392403
364, 0.00917379527042309
365, 0.00933902788286408
366, 0.00944343612839778
367, 0.00907682782659928
368, 0.00939948360125224
369, 0.00898287491872907
370, 0.00871647814554828
371, 0.00966591341421008
372, 0.00899571304519971
373, 0.00914035830646753
374, 0.00936633146678408
375, 0.010770581352214
376, 0.0102727805885176
377, 0.00949837764104207
378, 0.0077422883361578
379, 0.00781176518648863
380, 0.00756958600444098
381, 0.00777813435221712
382, 0.00763016163061063
383, 0.00773399719037116
384, 0.00741948334810634
385, 0.00750513413610558
386, 0.00729466392658651
387, 0.00767037668265402
388, 0.00743871888456245
389, 0.00731486842657129
390, 0.00737355424401661
391, 0.0076852363999933
392, 0.00727142230607569
393, 0.00725730912139018
394, 0.00776886092498899
395, 0.00860983955984314
396, 0.00841024502490958
397, 0.00827024054403106
398, 0.00925178546458483
399, 0.00912235009794434
400, 0.0090037863701582
401, 0.0081322374753654
402, 0.00887674372643232
403, 0.00789950098842382
404, 0.00799947589014967
405, 0.00874491734430194
406, 0.00935174115002155
407, 0.00947080987195174
408, 0.00946075655519962
409, 0.00932882477839788
410, 0.00924943232287963
411, 0.00940719526261091
412, 0.00916045267755787
413, 0.00946729257702827
414, 0.00938007142394781
415, 0.00945342161382238
416, 0.00943247011552254
417, 0.00928081509967645
418, 0.00926586473360658
419, 0.00930338740969698
420, 0.00932713132351637
421, 0.00935295922681689
422, 0.00939106848090887
423, 0.00943464925512671
424, 0.0114639354869723
425, 0.00889635104686022
426, 0.00993671532099446
427, 0.00894370193903645
428, 0.0092415795661509
429, 0.0106371543370187
430, 0.00952573493123055
431, 0.00910411371539036
432, 0.00970170724516114
433, 0.00907934590109757
434, 0.00790842402992504
435, 0.00780189914318423
436, 0.00783538112106423
437, 0.00773627070399622
438, 0.00776795623824
439, 0.00786859992270668
440, 0.00771060640302797
441, 0.00860164725842575
442, 0.0076958523131907
443, 0.00769932847470045
444, 0.00820677859398226
445, 0.00795659058106442
446, 0.0077319930618008
447, 0.0078099606713901
448, 0.00797133852860757
449, 0.00855034248282512
450, 0.00834744873767098
451, 0.00917709823697805
452, 0.00907837723692258
453, 0.00819937543322643
454, 0.0089526519489785
455, 0.00805751917262872
456, 0.00882269535213709
457, 0.0094798281788826
458, 0.00950325761611263
459, 0.00932722119614482
460, 0.00932457484304905
461, 0.00944618477175633
462, 0.00941168361653884
463, 0.00868839165195823
464, 0.00936537732680639
465, 0.0095117106102407
466, 0.00940682444100579
467, 0.0092862102513512
468, 0.0094694709405303
469, 0.00916193132953984
470, 0.00919455507149299
471, 0.00922122892613212
472, 0.00950150176261862
473, 0.00925151072442532
474, 0.011094538650165
475, 0.0102451681159437
476, 0.00937992086013158
477, 0.00972612636784712
478, 0.00924233937015136
479, 0.00995073824500044
480, 0.00860460232943296
481, 0.0119714800268412
482, 0.01172750753661
483, 0.00796125487734874
484, 0.00795004516839981
485, 0.00797567811484138
486, 0.00794384007652601
487, 0.00794768931033711
488, 0.00911508997281392
489, 0.00796796653109292
490, 0.00801210741822918
491, 0.00870380488534768
492, 0.0080907413115104
493, 0.0084141797075669
494, 0.00821838279565175
495, 0.0091818580403924
496, 0.00797994993627071
497, 0.00849174335598946
498, 0.00828560410688321
499, 0.00902862008661032
500, 0.00951961676279704
501, 0.00946291241173943
502, 0.00811340619942972
503, 0.00890401906023423
504, 0.00928123233218988
505, 0.00956489859769742
506, 0.00949694355949759
507, 0.00940124535312255
508, 0.0087708660090963
509, 0.00933956184114019
510, 0.00959180574864149
511, 0.00922842184081674
512, 0.0095946976604561
513, 0.00956787479420503
514, 0.00918177329003811
515, 0.00911357020959258
516, 0.00914240333562096
517, 0.00863395351916552
518, 0.0108530009165406
519, 0.00923732127994299
520, 0.0115340547636151
521, 0.0104990357843538
522, 0.0095541700720787
523, 0.00939687101968697
524, 0.00993569102138281
525, 0.0101902050276597
526, 0.00812582283591231
527, 0.00815050676465034
528, 0.00811221621309718
529, 0.00810611310104529
530, 0.00819275807589293
531, 0.00826032475257913
532, 0.00936851634954413
533, 0.0083621993350486
534, 0.00899768558641275
535, 0.00850978028029203
536, 0.00871669392411908
537, 0.0100588022420804
538, 0.00967800136034687
539, 0.00843600602820516
540, 0.0105957368699213
541, 0.0111599621983866
542, 0.00950040916601817
543, 0.0095835515918831
544, 0.00941261431823174
545, 0.00965324230492115
546, 0.00924768826613824
547, 0.0091772450444599
548, 0.00932696290935079
549, 0.00969897629693151
550, 0.00885232149933775
551, 0.00968832442803042
552, 0.00971299627174934
553, 0.00911573444803556
554, 0.00872297134871284
555, 0.00906192402665814
556, 0.0090266348173221
557, 0.00858371828993162
558, 0.00972556897128622
559, 0.00957364179193974
560, 0.0103472865497073
561, 0.0101023960548143
562, 0.0089952006403889
563, 0.0111834457410233
564, 0.00910105351358652
565, 0.0109026107937098
566, 0.00832030146072308
567, 0.00827983782316248
568, 0.008376469835639
569, 0.00845518661662936
570, 0.00856516044586897
571, 0.00948433081309001
572, 0.00871476189543804
573, 0.00916875340044498
574, 0.00891301656762759
575, 0.0104145819010834
576, 0.00985656026750803
577, 0.00930978629427652
578, 0.00837529969534704
579, 0.0108210217828552
580, 0.00955496992294987
581, 0.00943701822931568
582, 0.00966873050977786
583, 0.00912966982771953
584, 0.00932367813463012
585, 0.00976659978429476
586, 0.00922032243882616
587, 0.00905151075373093
588, 0.00982498750090599
589, 0.0098240968460838
590, 0.00881845178082585
591, 0.00898245861753821
592, 0.00891528025801693
593, 0.00868273309121529
594, 0.00854436028748751
595, 0.00988981624444326
596, 0.0103579621451596
597, 0.00825133236745993
598, 0.0101827344236275
599, 0.00822090841829777
600, 0.0104205653603588
601, 0.00840795272961259
602, 0.00852462664867441
603, 0.00845971796661615
604, 0.00860739514852563
605, 0.00871602430318793
606, 0.0104900963294009
607, 0.00885766822223862
608, 0.00952974396447341
609, 0.009038046002388
610, 0.00926150474697351
611, 0.00985206911961238
612, 0.00962418752412001
613, 0.00946994110321005
614, 0.00977757511039575
615, 0.00932489925374587
616, 0.0089870059552292
617, 0.00908197788521647
618, 0.00919463982184728
619, 0.00990686767424146
620, 0.0099762776600463
621, 0.00890549210210641
622, 0.00883448387806614
623, 0.0086642179105963
624, 0.0109898949041963
625, 0.0101370729195575
626, 0.00857412380476793
627, 0.00864337710663676
628, 0.00872612729047736
629, 0.00882850975419084
630, 0.00895686820149422
631, 0.00911562501763304
632, 0.00952685857191682
633, 0.00930632138624787
634, 0.00984237420683106
635, 0.0101776464975306
636, 0.00950539422531923
637, 0.00970645667985082
638, 0.00932332097242276
639, 0.00993038660713605
640, 0.00891515146940947
641, 0.00916340745364626
642, 0.00902755341182152
643, 0.00882189193119605
644, 0.0087421596981585
645, 0.0100379895418882
646, 0.0102280946448445
647, 0.00977042534699043
648, 0.00878056976944208
649, 0.0099983487278223
650, 0.0089226933196187
651, 0.00586799373850226
652, 0.00850769467651844
653, 0.00402172158161799
654, 0.0141778574990375
655, 0.00964432613303264
656, 0.0105098991965254
657, 0.00369062228128314
658, 0.00928296226387223
659, 0.00938315270468593
660, 0.00949279203390082
661, 0.00989215991770228
662, 0.0103464427714547
663, 0.0112905693240464
664, 0.0135982686964174
665, 0.009294962665687
666, 0.00905687222257257
667, 0.00885596607501308
668, 0.00868519659464558
669, 0.00854470580816269
670, 0.00844453787431121
671, 0.00837210565805435
672, 0.0049833410885185
673, 0.00534532630505661
674, 0.00580814007359246
675, 0.00628721613126497
676, 0.00675732541518907
677, 0.00718029860096673
678, 0.00753735735391577
679, 0.00782429341537257
680, 0.00804846741569539
681, 0.00822455855086446
682, 0.00837264039243261
683, 0.00851804235329231
684, 0.00869585775459806
685, 0.0089590703137219
686, 0.009437571434925
687, 0.0103571059492727
688, 0.00405371984622131
689, 0.00357934890780598
690, 0.00297665452429404
691, 0.00236311421031132
692, 0.00201302207036254
693, 0.0178482038900256
694, 0.00655947629517565
695, 0.00958837227274974
696, 0.00889118605603774
697, 0.00941287291546663
698, 0.00903988412270943
699, 0.00877284149949749
700, 0.00995590056603154
701, 0.010411969696482
702, 0.0109988750889897
703, 0.00921369840701421
704, 0.00950358792518576
705, 0.0091594032322367
706, 0.0056258892485251
707, 0.00769453130972882
708, 0.00803556976219018
709, 0.00864169560372829
710, 0.00848881605391701
711, 0.00618379547571142
712, 0.00675196348068615
713, 0.00726376489425699
714, 0.00829460487390558
715, 0.00878128657738368
716, 0.00893903275330861
717, 0.00916902394965291
718, 0.00902062111223737
719, 0.0108454424577455
720, 0.0119872602767178
721, 0.00988058699294925
722, 0.00966617449497183
723, 0.00952291690434019
724, 0.00881736058120926
725, 0.00859997626394033
726, 0.00940908491611481
727, 0.0102272283596297
728, 0.00439016295907398
729, 0.00459284754469991
730, 0.00456957336670409
731, 0.00434649370921155
732, 0.00999195275029966
733, 0.0119162347788612
734, 0.00679817861722161
735, 0.00871619608785425
736, 0.00503382086753845
737, 0.0101835496191468
738, 0.00893658045679331
739, 0.00987389761333664
740, 0.0101252932411929
741, 0.00932965272416671
742, 0.00948458475371202
743, 0.00918261287733912
744, 0.00905091719081005
745, 0.00963803023720781
746, 0.0054159777238965
747, 0.00873345198730628
748, 0.00731003742354612
749, 0.00888997782021761
750, 0.00932355706269542
751, 0.00915376065919797
752, 0.00957951555028558
753, 0.0090193801249067
754, 0.00851956366871794
755, 0.0067004788822184
756, 0.00782206142321229
757, 0.00822230630243818
758, 0.00600103451870382
759, 0.00416573288384825
760, 0.00988435540348291
761, 0.00929690214494864
762, 0.00898489371562997
763, 0.00971142513056596
764, 0.00957111362367868
765, 0.00990353602295121
766, 0.0106139187701046
767, 0.0101918399644395
768, 0.0091612219500045
769, 0.00480962785271307
770, 0.00556501521108051
771, 0.00493187232253452
772, 0.0116067364811897
773, 0.00916220926280533
774, 0.00566952762060932
775, 0.00984242345605578
776, 0.00942316139116883
777, 0.00979172314206759
778, 0.00928646295020978
779, 0.00954452560593685
780, 0.00660457252524793
781, 0.00964109770332774
782, 0.00794204448660215
783, 0.00733644654974341
784, 0.00840396837641796
785, 0.00933667769034704
786, 0.00946100382134318
787, 0.00961853594829639
788, 0.00923413240040342
789, 0.00896689062938094
790, 0.00912132626399398
791, 0.00873745589827498
792, 0.00582651522321006
793, 0.0111864432692528
794, 0.00554919390318294
795, 0.00405647019700458
796, 0.00944904175897439
797, 0.0105085909987489
798, 0.00974986438329021
799, 0.00932498214145502
800, 0.0101564913056791
801, 0.0099198673851788
802, 0.00471916738897562
803, 0.0111647504381835
804, 0.00626213755458593
805, 0.00647660833783448
806, 0.00950588884630374
807, 0.00972919135044018
808, 0.00959814339876175
809, 0.00734837686953445
810, 0.00860310066491365
811, 0.00807387110156318
812, 0.00956711126491427
813, 0.00967503152787685
814, 0.00896735504890482
815, 0.00949772323171298
816, 0.00934508893017968
817, 0.00965487118810415
818, 0.00943225001295408
819, 0.00920363112042348
820, 0.00688178759689132
821, 0.00635481728240848
822, 0.00961448096980651
823, 0.00948478157321612
824, 0.0103455735370517
825, 0.00991224823519588
826, 0.0100973788648844
827, 0.0112984548322856
828, 0.00936440210789442
829, 0.0086746416054666
830, 0.00768237840384245
831, 0.00971945313115915
832, 0.00965133402496576
833, 0.00821889323803286
834, 0.0088397820169727
835, 0.00922745000571012
836, 0.00976411122828722
837, 0.00968938954174519
838, 0.00966570215920607
839, 0.00964493521799644
840, 0.00962128350511193
841, 0.00945928320288658
842, 0.00967730954289436
843, 0.00957250300173958
844, 0.0107057368648904
845, 0.00976764131337404
846, 0.00964297587051988
847, 0.0101757572653393
848, 0.0100109564761321
849, 0.00976255975131478
850, 0.0083564346257065
851, 0.00925156598289808
852, 0.0108800791203976
853, 0.00910294273247322
854, 0.00729548069648445
855, 0.00952695682644844
856, 0.00974752598752578
857, 0.00975415421028932
858, 0.00972059881314635
859, 0.00978011482705673
860, 0.0098075846520563
861, 0.00981412300219139
862, 0.0103642671989898
863, 0.00987901631742716
864, 0.00999348874514302
865, 0.00943523589521647
866, 0.0103299290252229
867, 0.00986269147445758
868, 0.0100770834833384
869, 0.00973119054521833
870, 0.00982511959349116
871, 0.0100754390781124
872, 0.00990271397555868
873, 0.0102086726886531
874, 0.0104655331621567
875, 0.00977423451840878
876, 0.0108475277200341
877, 0.0171386050060391
878, 0.0103457717535396
879, 0.00756229273974895
880, 0.00878273167957862
881, 0.00624289724510163
882, 0.0098927643460532
883, 0.0111230611801147
884, 0.0131700622538726
885, 0.00782904533358912
886, 0.00789626485978564
887, 0.0076432825687031
888, 0.0076653528958559
889, 0.00760909069019059
890, 0.0079825062615176
891, 0.00750152308804293
892, 0.00733063827889661
893, 0.00856740322584907
894, 0.00690739516479274
895, 0.00929042448600133
896, 0.00616201207352181
897, 0.00534067365030448
898, 0.0102937160991132
899, 0.0101745089826485
900, 0.00985926001643141
901, 0.00937111799915632
902, 0.0088141392916441
903, 0.00827672883557777
904, 0.00773742880361776
905, 0.00776490227629741
906, 0.00778328790329397
907, 0.00778625160455704
908, 0.00776424646998445
909, 0.00809028092771769
910, 0.00742511435722311
911, 0.00822238530963659
912, 0.00838091426218549
913, 0.00721522762129704
914, 0.00707562539416055
915, 0.00902538141235709
916, 0.00670471655515333
917, 0.00645987697256108
918, 0.00956790692483385
919, 0.00984005102266868
920, 0.00579600757919252
921, 0.0100793701906999
922, 0.0102463588118553
923, 0.00476884523717066
924, 0.00406488011746357
925, 0.00325386389158666
926, 0.00226207436450447
927, 0.00164459466468543
928, 0.0145950624719262
929, 0.00334358719244067
930, 0.00770800382209321
931, 0.00767197888344526
932, 0.00775171645606558
933, 0.00768355924325685
934, 0.00777965473632018
935, 0.00779600976966321
936, 0.00670853303745389
937, 0.0062174527750661
938, 0.00515561907862624
939, 0.00766125966661743
940, 0.00763490803850194
941, 0.00741071595499913
942, 0.00690130540169775
943, 0.00473154941573739
944, 0.00754980184137821
945, 0.00759845785796642
946, 0.00748779089190066
947, 0.00731614821900924
948, 0.00706421514041722
949, 0.00720137543976307
950, 0.00648238703918954
951, 0.00555231003090739
952, 0.00590833881869912
953, 0.00477308279369026
954, 0.00899963267147541
955, 0.0105998508321742
956, 0.00778186297975481
957, 0.00793251240005096
958, 0.00810099299997091
959, 0.0100501954245071
960, 0.00849934294819832
961, 0.00787194399163127
962, 0.00834573991596699
963, 0.00887253414839506
964, 0.00932437833398581
965, 0.010009559802711
966, 0.0101488994744917
967, 0.0101764410113295
968, 0.00977982797970374
969, 0.0077490814961493
970, 0.00867515134935578
971, 0.0090904029396673
972, 0.00956709512198965
973, 0.00980377228309711
974, 0.00821342226117849
975, 0.00800791010260582
976, 0.00779317199651684
977, 0.00693146240276595
978, 0.0121812603569457
979, 0.0097899775331219
980, 0.0095185415287103
981, 0.007815898116678
982, 0.00768549274653196
983, 0.00780183790872494
984, 0.00776957937826713
985, 0.00683609078017374
986, 0.00649479085889955
987, 0.00734788808040321
988, 0.00698956823907793
989, 0.00712685069690148
990, 0.00724575016647577
991, 0.00666949308166901
992, 0.00743370254834493
993, 0.00756094868605336
994, 0.00750397029332817
995, 0.00632774131372571
996, 0.0076055390915523
997, 0.0061875299240152
998, 0.00765945911407471
999, 0.0061469121525685
1000, 0.00763896542290847
1001, 0.00771714382184048
1002, 0.00782458577305079
1003, 0.0117821698077023
1004, 0.00835691563164194
1005, 0.00849396518121163
1006, 0.00865576121335228
1007, 0.00884722933794061
1008, 0.00823950969303648
1009, 0.00813967827707529
1010, 0.00805484922602773
1011, 0.00798303432141741
1012, 0.00907480778793494
1013, 0.0102892133096854
1014, 0.00792449790363511
1015, 0.00998212536796927
1016, 0.0096534324499468
1017, 0.00934486510232091
1018, 0.0105019694504639
1019, 0.00787618399287263
1020, 0.0105245729597906
1021, 0.010301268287003
1022, 0.00639990096290906
1023, 0.00783691934442946
1024, 0.0112115086189338
1025, 0.00768368491636855
1026, 0.00760368110301594
1027, 0.00719588560362657
1028, 0.00711316669670244
1029, 0.0072833391216894
1030, 0.00736575589204828
1031, 0.00744051431926588
1032, 0.00704691194308301
1033, 0.00755929651980599
1034, 0.00750548004483183
1035, 0.00701678024294476
1036, 0.00779509101994336
1037, 0.00721755942019324
1038, 0.00763776735402644
1039, 0.00766047749978801
1040, 0.00705685326829553
1041, 0.00773078676623603
1042, 0.00763405836187303
1043, 0.010604573879391
1044, 0.0110365552827716
1045, 0.0100801307708025
1046, 0.00957445086290439
1047, 0.00814552744850516
1048, 0.00837962562218308
1049, 0.0082455943338573
1050, 0.00795356238571306
1051, 0.0091447390926381
1052, 0.00806693298121293
1053, 0.00800429051741958
1054, 0.00791055507337054
1055, 0.00787494005635381
1056, 0.00856042901674906
1057, 0.00880870906015237
1058, 0.00784628403683504
1059, 0.00725292274728417
1060, 0.00913291540928185
1061, 0.0116125306424995
1062, 0.00843342145284017
1063, 0.00767929634700219
1064, 0.00759818055666983
1065, 0.00751996319741011
1066, 0.00753766026658316
1067, 0.00756606071566542
1068, 0.00765679722341398
1069, 0.00763002278593679
1070, 0.00753045058809221
1071, 0.00758697263275584
1072, 0.00772365873369078
1073, 0.00769736206469436
1074, 0.00770177529193461
1075, 0.00798205332830548
1076, 0.00774526735767722
1077, 0.0078311363235116
1078, 0.0109451760848363
1079, 0.0101678872791429
1080, 0.00786579159709314
1081, 0.00792663699636857
1082, 0.00946014995376269
1083, 0.00779861072078347
1084, 0.00783101143315434
1085, 0.00781007832847536
1086, 0.00779054748515288
1087, 0.00888497894629836
1088, 0.00847591087222099
1089, 0.00778374386330446
1090, 0.00803150547047456
1091, 0.00820266533022126
1092, 0.00777788724129399
1093, 0.00777311436831951
1094, 0.0109751977336903
1095, 0.00913267629221082
1096, 0.0121812289580703
1097, 0.00770218800753355
1098, 0.0100058118502299
1099, 0.00838893799421688
1100, 0.0133199604849021
1101, 0.0067889311217836
1102, 0.00994106257955233
1103, 0.00135497015435249
1104, 0.00883347044388453
1105, 0.0109542155904429
1106, 0.0112955723889172
1107, 0.0137564850350221
1108, 0.0183161096647382
1109, 0.00310921696447102
1110, 0.0145996421841638
1111, 0.00404815360282858
1112, 0.0035321181640029
1113, 0.00285246537532657
1114, 0.0019081020145677
1115, 0.0104648259778818
1116, 0.00923942231262724
1117, 0.00827458694887658
1118, 0.00746758352033794
1119, 0.00673609770213564
1120, 0.00607901648618281
1121, 0.00549595383927226
1122, 0.00505876696358124
1123, 0.00900494990249475
1124, 0.0096135715333124
1125, 0.0101567984869083
1126, 0.0105391658532123
1127, 0.0107575807099541
1128, 0.0108581421275934
1129, 0.0109053918470939
1130, 0.0109617545579871
1131, 0.0111036035232246
1132, 0.00580883965206643
1133, 0.00818691635504365
1134, 0.00732202284658949
1135, 0.00651764535966019
1136, 0.00910977848495046
1137, 0.00838311510160565
1138, 0.00996830919757485
1139, 0.0102987252175808
1140, 0.010490998160094
1141, 0.0105451472724477
1142, 0.0105563757630686
1143, 0.0104698006374141
1144, 0.010509272882094
1145, 0.0104847101805111
1146, 0.0108008335034053
1147, 0.0122686375730804
1148, 0.00440317617418865
1149, 0.00461998279206455
1150, 0.00435311145459612
1151, 0.00475633526220918
1152, 0.00462583623205622
1153, 0.00422756792977452
1154, 0.00511442131495902
1155, 0.0103325613641313
1156, 0.00959223495530231
1157, 0.00552397407591343
1158, 0.00709624782515069
1159, 0.008016084243233
1160, 0.00897473655641079
1161, 0.00620414083823562
1162, 0.0107318270020187
1163, 0.0101609408544997
1164, 0.0107260496976475
1165, 0.010585959845533
1166, 0.0097305668251855
1167, 0.0103738537679116
1168, 0.00997960629562537
1169, 0.00483752181753516
1170, 0.011396648734808
1171, 0.00580549387571712
1172, 0.00497915401744346
1173, 0.00574650775109019
1174, 0.00681155291385949
1175, 0.00874333456158638
1176, 0.0077899235766381
1177, 0.00978037528693676
1178, 0.010502945445478
1179, 0.0107726324349642
1180, 0.0111680145685871
1181, 0.0103098275139928
1182, 0.00936302896589041
1183, 0.00954115173468987
1184, 0.00988615133489172
1185, 0.00570446004470189
1186, 0.0114442370831966
1187, 0.00743340390423934
1188, 0.0086316711136273
1189, 0.0109523769157628
1190, 0.0102205810447534
1191, 0.00955697381868958
1192, 0.00905625879143675
1193, 0.00705859703677041
1194, 0.00650844816118479
1195, 0.00817369241267443
1196, 0.00986585890253385
1197, 0.0116253535573681
1198, 0.00903144028658668
1199, 0.00839868653565645
1200, 0.00741190300323069
1201, 0.0122759956866503
1202, 0.00595077099278569
1203, 0.0103488394990563
1204, 0.0117417960427701
1205, 0.00806446226003269
1206, 0.0128260800614953
1207, 0.00604457858329018
1208, 0.0109145649087926
1209, 0.00858894549310207
1210, 0.00678120832890272
