1, 0.00863427808508277
2, 0.0190768919419497
3, 0.00229395262431353
4, 0.00856945291161537
5, 0.0096667343750596
6, 0.0141191324219108
7, 0.00651753321290016
8, 0.00196458864957094
9, 0.0193349360488355
10, 0.00821148604154587
11, 0.00939689856022596
12, 0.0143312932923436
13, 0.00883926416281611
14, 0.00907763373106718
15, 0.00922338757663965
16, 0.00933973770588636
17, 0.00942207019155224
18, 0.00947545934468508
19, 0.00950761217003067
20, 0.0095252301543951
21, 0.0095361121930182
22, 0.00954998952026168
23, 0.00958118680864573
24, 0.00965397649755081
25, 0.00981912684316436
26, 0.0101891529435913
27, 0.0110892709344625
28, 0.0136774547087649
29, 0.0166642044981321
30, 0.00966290865714351
31, 0.00445670735401412
32, 0.00263741558107237
33, 0.00423975544981658
34, 0.00553950178436935
35, 0.00644982357819875
36, 0.00707080603266756
37, 0.00750444720809658
38, 0.00781295883158843
39, 0.0080361597550412
40, 0.0081996393079559
41, 0.00832040871803959
42, 0.0084098024914662
43, 0.00847532895083229
44, 0.00852147132779161
45, 0.00855253093565504
46, 0.00857032462954521
47, 0.00859157089143991
48, 0.00864275544881821
49, 0.00871465913951397
50, 0.00879937410354614
51, 0.0088908780987064
52, 0.00898470108707746
53, 0.00907647702842951
54, 0.00916221272200346
55, 0.00923919615646203
56, 0.00930589282264312
57, 0.00936182712515195
58, 0.00940755909929673
59, 0.00944449317951997
60, 0.00947470497339964
61, 0.00950066248575846
62, 0.00952538133909305
63, 0.00955173652619123
64, 0.00958084749678771
65, 0.00962678738869727
66, 0.00965194310992956
67, 0.00964577806492647
68, 0.00963339923570553
69, 0.00961484915266434
70, 0.00958932222177585
71, 0.00955627082536618
72, 0.00951500330120325
73, 0.00946495371560256
74, 0.00940588271866242
75, 0.00933800886074702
76, 0.00926217498878638
77, 0.00917988767226537
78, 0.00909333086262147
79, 0.00900556364407142
80, 0.0089205497254928
81, 0.00884365787108739
82, 0.00877826598783334
83, 0.00872992786268393
84, 0.00868827601273855
85, 0.0086939229319493
86, 0.00872848648577929
87, 0.00879323855042458
88, 0.00889449783911308
89, 0.00904356160511573
90, 0.00926159912099441
91, 0.00959656635920207
92, 0.0101518016308546
93, 0.0112665186946591
94, 0.0122167200315744
95, 0.011971628293395
96, 0.00986340331534545
97, 0.00915498752146959
98, 0.00879682507365942
99, 0.00859726965427399
100, 0.0084720632682244
101, 0.00838289378831784
102, 0.00830956424276034
103, 0.00823875796049833
104, 0.00815946950266759
105, 0.00806224439293146
106, 0.0079393129174908
107, 0.00778537631655733
108, 0.00760003055135409
109, 0.00738675519824028
110, 0.00715321488678455
111, 0.0069177543434004
112, 0.00670630934958657
113, 0.00656530183429519
114, 0.00651361879759601
115, 0.00647135575612386
116, 0.00640419265255332
117, 0.00626446818932891
118, 0.00600415817461908
119, 0.00555548793636262
120, 0.00481540042286118
121, 0.0036884326643
122, 0.00225756193200747
123, 0.00381932562837998
124, 0.0089442931736509
125, 0.016511091341575
126, 0.0138509022071958
127, 0.011220084503293
128, 0.0102679377111296
129, 0.00984339090064168
130, 0.00961742814009388
131, 0.00946059388418992
132, 0.00931320308397214
133, 0.00914004460598032
134, 0.00891067336002986
135, 0.00853517531816449
136, 0.00834978092461824
137, 0.00844366848468781
138, 0.00860392892112335
139, 0.00878819171339273
140, 0.0089758625254035
141, 0.00914711567262808
142, 0.00928826226542393
143, 0.00939346787830194
144, 0.00946276262402534
145, 0.00950016267597675
146, 0.00951213855296373
147, 0.00950586919983228
148, 0.00948818245281776
149, 0.00946497637778521
150, 0.00944064122935136
151, 0.0094181215390563
152, 0.00939891704668601
153, 0.00938802616049846
154, 0.00935752573423088
155, 0.00928844511508942
156, 0.00922093602518241
157, 0.00914186425507069
158, 0.00905683543533087
159, 0.00896904990077019
160, 0.00888089214762052
161, 0.00879533713062604
162, 0.00871610796699921
163, 0.00864823907613754
164, 0.00859770427147547
165, 0.00857309252023697
166, 0.00442260721077522
167, 0.00976419588550925
168, 0.0170608460903168
169, 0.0165064803635081
170, 0.00929224879170457
171, 0.00408502318896353
172, 0.00657372525893152
173, 0.00675513253857692
174, 0.00697194505482912
175, 0.00723687450711926
176, 0.00751688051968813
177, 0.00779355767493447
178, 0.00806791335344315
179, 0.00835221881667773
180, 0.0086737759411335
181, 0.00908762899537881
182, 0.00970620196312666
183, 0.0118011548183858
184, 0.0127228191122413
185, 0.0115290175502499
186, 0.0106115750968456
187, 0.0100675765424967
188, 0.00970052368938923
189, 0.00940831316014131
190, 0.00914491961399714
191, 0.00889747962355614
192, 0.00866790705670913
193, 0.00846502805749575
194, 0.00842235307209194
195, 0.0119179253732519
196, 0.00347543210955337
197, 0.00949382626761993
198, 0.00952716264873743
199, 0.00955177067468564
200, 0.0095762691150109
201, 0.00961263834809264
202, 0.00967984180897474
203, 0.00981240812689066
204, 0.0100818344702323
205, 0.0106555603755017
206, 0.011952654303362
207, 0.0151172747525076
208, 0.00748809081103121
209, 0.00744231386731068
210, 0.0069998799978445
211, 0.00638393700743715
212, 0.00552139850333333
213, 0.00432605645619333
214, 0.00956622728457054
215, 0.00953803832332293
216, 0.00951355881989002
217, 0.00948930143689116
218, 0.00946213584393263
219, 0.00942946163316568
220, 0.00938887366404136
221, 0.00933854545777043
222, 0.00927740599339207
223, 0.00920535142843922
224, 0.00912338076159358
225, 0.00903353917722901
226, 0.00893908692523837
227, 0.00884422318389018
228, 0.00875398221736153
229, 0.00867279805243015
230, 0.00861073176686963
231, 0.00887445717429121
232, 0.00892018930365642
233, 0.00897197922070821
234, 0.00943700705344478
235, 0.00948411940286557
236, 0.00952370371669531
237, 0.00955600617453456
238, 0.0095814554952085
239, 0.00960057228803635
240, 0.00961318550010522
241, 0.0096221345787247
242, 0.00938237986216942
243, 0.00954789683843652
244, 0.00949838027978937
245, 0.00952587183564901
246, 0.00956483728562792
247, 0.00957683209950725
248, 0.00925327852989236
249, 0.00932075083255768
250, 0.00903746640930573
251, 0.00907649860406915
252, 0.0094651918237408
253, 0.00870556787898143
254, 0.00889340694993734
255, 0.00899268873035908
256, 0.00908780486012498
257, 0.00917548515523473
258, 0.00925333642711242
259, 0.00952603481709957
260, 0.00950410698230068
261, 0.00948073575273156
262, 0.00945309130474925
263, 0.00941846007481217
264, 0.00937460797528426
265, 0.00959417223930359
266, 0.00931981531903148
267, 0.00879463242987792
268, 0.00954908489560088
269, 0.00776438368484378
270, 0.0081754846808811
271, 0.00800073503827055
272, 0.0073893772593389
273, 0.00678778152602414
274, 0.00830526261900862
275, 0.00840177076558272
276, 0.0084734046831727
277, 0.00852640857920051
278, 0.00856025004759431
279, 0.00857757348567247
280, 0.00767133951497575
281, 0.00708095217123628
282, 0.00944485406701764
283, 0.0101279436300198
284, 0.011316957573096
285, 0.00953170532981555
286, 0.00957416541253527
287, 0.00961651280522346
288, 0.00967015962426861
289, 0.00975189295907815
290, 0.00988928725322088
291, 0.00914160658915838
292, 0.00927480962127447
293, 0.00937404188637932
294, 0.0105590291010837
295, 0.0123638388079902
296, 0.00614345413632691
297, 0.00906211869525058
298, 0.0095813065501196
299, 0.0117330497130752
300, 0.00862023779856307
301, 0.00893939951700824
302, 0.00916767753660679
303, 0.00938128711034854
304, 0.00918176940952738
305, 0.0093314447440207
306, 0.00910879050691923
307, 0.00952797724554936
308, 0.00951122973735134
309, 0.00949039837966363
310, 0.00955048482865095
311, 0.00954102274651329
312, 0.00911818429206808
313, 0.00955846942961216
314, 0.00942612315217654
315, 0.00949816685169935
316, 0.00944893558820089
317, 0.00953623692372016
318, 0.00951621743539969
319, 0.00947664227957527
320, 0.00930601544678211
321, 0.00941275013610721
322, 0.009365640891095
323, 0.0092335008084774
324, 0.00914869705835978
325, 0.00905379746109247
326, 0.00895061607783039
327, 0.00884254882112145
328, 0.00873571091021101
329, 0.00790443861236175
330, 0.00835250706101457
331, 0.00859386473894119
332, 0.00823836866766214
333, 0.00843992798278729
334, 0.00850643590092659
335, 0.0085578840225935
336, 0.00822381411368648
337, 0.00826733210124075
338, 0.00850327832934757
339, 0.00809138982246319
340, 0.00948100816458464
341, 0.0092186932452023
342, 0.00959119666367769
343, 0.00965066781888405
344, 0.00972095395748814
345, 0.00981688282142083
346, 0.00932881391296784
347, 0.00996005100508531
348, 0.0110319286274413
349, 0.0105211500388881
350, 0.010183607848982
351, 0.00941568349177639
352, 0.00928485965622323
353, 0.0109144872054458
354, 0.00922295078635216
355, 0.00943465748180946
356, 0.00939972807342807
357, 0.00952072395011783
358, 0.00952752664064368
359, 0.00951097952201962
360, 0.00916882899279396
361, 0.00927798775956035
362, 0.00920179191355904
363, 0.00946497342859705
364, 0.00936250357578198
365, 0.008784009454151
366, 0.00929720948139826
367, 0.00901949514324466
368, 0.00912367676695188
369, 0.00921739839638273
370, 0.0089028215346237
371, 0.00947834566856424
372, 0.00949812307953835
373, 0.0095124050664405
374, 0.00952296927571297
375, 0.00941338141759237
376, 0.00945113971829414
377, 0.00865805689245462
378, 0.0116532548951606
379, 0.00826343800872564
380, 0.00847523023063938
381, 0.00862148807694515
382, 0.00853450673942765
383, 0.00858211951951186
384, 0.00866086475018944
385, 0.00840647130583723
386, 0.00833245335767666
387, 0.00899473438039422
388, 0.00938677291075389
389, 0.0095321851161619
390, 0.0104554478699962
391, 0.0107855394793053
392, 0.00974975417678555
393, 0.00966867556174596
394, 0.00985153562699755
395, 0.00939058853934208
396, 0.00946668023243546
397, 0.010183571682622
398, 0.00999003835022449
399, 0.00900438465178013
400, 0.0100633014614383
401, 0.0111005292274058
402, 0.00927874709789952
403, 0.0094806415339311
404, 0.0093199796974659
405, 0.00945911929011345
406, 0.00952423239747683
407, 0.00952530869593223
408, 0.00923900896062454
409, 0.00936098940049609
410, 0.00953260436654091
411, 0.00949797111873825
412, 0.00936557290454706
413, 0.00929326160500447
414, 0.00883737791861807
415, 0.00909903831779957
416, 0.00920449057593942
417, 0.00898342144985994
418, 0.00942095927894115
419, 0.00950430768231551
420, 0.00952184492988246
421, 0.00946098876496156
422, 0.00948764570057392
423, 0.00951435059929887
424, 0.00879661614696185
425, 0.00871359339604775
426, 0.00870239129289985
427, 0.00868621251235406
428, 0.00867516330132882
429, 0.0086737770276765
430, 0.00870661561687787
431, 0.0109798317509038
432, 0.00975527164215843
433, 0.00959650116662184
434, 0.00944677817945679
435, 0.00975423135484258
436, 0.00985432804251711
437, 0.0105521705312034
438, 0.00952489782745639
439, 0.00997876670832435
440, 0.0103302902231614
441, 0.0101385535672307
442, 0.0103400819934905
443, 0.0106913063675165
444, 0.00934379997973641
445, 0.00931129899496833
446, 0.00951846300934752
447, 0.00940417467306058
448, 0.00937307874361674
449, 0.00950936879962683
450, 0.0095295055458943
451, 0.00943349751954277
452, 0.00952355656772852
453, 0.00937509955838323
454, 0.00929359843333562
455, 0.00919334699089328
456, 0.00894819758832455
457, 0.00906786493336161
458, 0.00943615178888043
459, 0.00947862537577748
460, 0.00952279816071192
461, 0.00951972293357054
462, 0.0095221359282732
463, 0.00950592802837491
464, 0.0087172893807292
465, 0.00938445764283339
466, 0.00884328378985325
467, 0.00886383994172017
468, 0.0089313006028533
469, 0.00888917890066902
470, 0.00901096888507406
471, 0.00915125493581096
472, 0.00966850155964494
473, 0.00950892890493075
474, 0.00983226935689648
475, 0.00993959916134675
476, 0.0103315136705836
477, 0.009587946968774
478, 0.0100644117531677
479, 0.0102064688690007
480, 0.0103002197242209
481, 0.00947817523653308
482, 0.00954580384617051
483, 0.0094329547137022
484, 0.00945463869720697
485, 0.00954996251190702
486, 0.00954004439214865
487, 0.00949610552440087
488, 0.00939066195860505
489, 0.00917975216483076
490, 0.00929563849543532
491, 0.00945944556345542
492, 0.00950517536451419
493, 0.00953147560358047
494, 0.00954320481313127
495, 0.00954359086851279
496, 0.00912231579422951
497, 0.00921453830475608
498, 0.00905272938931982
499, 0.00936032909279068
500, 0.00941664685628244
501, 0.00957783948009213
502, 0.00973901990801096
503, 0.00989941197137038
504, 0.00956546049565077
505, 0.00988417165353894
506, 0.0099809798412025
507, 0.00965390245740612
508, 0.0100728066948553
509, 0.0101483610148231
510, 0.0093726146966219
511, 0.00954243121668696
512, 0.00952587307741245
513, 0.0095763853751123
514, 0.00950767875959476
515, 0.00954877678304911
516, 0.0092905811034143
517, 0.00941095252831777
518, 0.00949091107274095
519, 0.00901754333504609
520, 0.00954167948414882
521, 0.0095672863535583
522, 0.00957466351489226
523, 0.00926798528858594
524, 0.00934965986137589
525, 0.009480989848574
526, 0.00966824699814121
527, 0.0101584646850824
528, 0.00979494008546074
529, 0.00962904747575521
530, 0.00989297886068622
531, 0.00971094844862819
532, 0.0099565403846403
533, 0.00998972402885556
534, 0.00992011824356658
535, 0.00957149189586441
536, 0.00959735844905178
537, 0.00959875102021865
538, 0.00956221064552665
539, 0.00943187686304251
540, 0.00916204769164324
541, 0.00953162818526228
542, 0.00959115025276939
543, 0.00959108816459775
544, 0.00961465761065483
545, 0.00948625337332487
546, 0.00961755961179733
547, 0.00955030741170049
548, 0.00968034394706289
549, 0.00982220688213905
550, 0.00984491650015116
551, 0.00960571210210522
552, 0.00967627065256238
553, 0.00984846303860346
554, 0.00974834229176243
555, 0.00984425097703934
556, 0.00963675805057088
557, 0.00964356139302254
558, 0.00964965267727772
559, 0.00958030152001551
560, 0.00961864460259676
561, 0.00965369989474615
562, 0.00956798456609249
563, 0.00967723224312067
564, 0.0096698272973299
565, 0.00943515319377184
566, 0.0095886342227459
567, 0.00981058956434329
568, 0.00969388309334006
569, 0.00973851839080453
570, 0.00975911288211743
571, 0.00969040580093861
572, 0.00966211911290884
573, 0.009697367126743
574, 0.00973557059963544
575, 0.00975445642446478
576, 0.00954302881533901
577, 0.00670066549597929
578, 0.00947160723929604
579, 0.00950856056685249
580, 0.00952676497399807
581, 0.00953491916880012
582, 0.00956409331411123
583, 0.00961845787242055
584, 0.00974194938316941
585, 0.0100100090106328
586, 0.0105728517907361
587, 0.0118963592685759
588, 0.0093795252032578
589, 0.00918288389220834
590, 0.00904251200457414
591, 0.00894582644104958
592, 0.00888807388643424
593, 0.0088498139133056
594, 0.00661946972832084
595, 0.00708676711656153
596, 0.00735025340691209
597, 0.00759509989681343
598, 0.00780904766482611
599, 0.00798760750330985
600, 0.00812921564405163
601, 0.00823922191436092
602, 0.00832594744861126
603, 0.00839969469234347
604, 0.0084718995106717
605, 0.00855599980180462
606, 0.00866938071946303
607, 0.00884125893935561
608, 0.00912449508905411
609, 0.00964842193449537
610, 0.0106238167112072
611, 0.00601795657227437
612, 0.00557102387150129
613, 0.00489474522570769
614, 0.00403081936140855
615, 0.00327639520401135
616, 0.0115721042578419
617, 0.0151145627411703
618, 0.00632675356852512
619, 0.00628731035006543
620, 0.0064366243313998
621, 0.00650608562864363
622, 0.00652234031197925
623, 0.00639712437987328
624, 0.0068255877122283
625, 0.00927409731472532
626, 0.00868112112705906
627, 0.00887057449047764
628, 0.00766340146462123
629, 0.00792330658684174
630, 0.00814030598849058
631, 0.00830847040439645
632, 0.00853097159415483
633, 0.00736028413909177
634, 0.00843522294114033
635, 0.00860852391148607
636, 0.00876271662612756
637, 0.00902730754266183
638, 0.00966492931668957
639, 0.00940827125062545
640, 0.00931042929490407
641, 0.00955444481223822
642, 0.0111094194774826
643, 0.00916744908317924
644, 0.00901334472000599
645, 0.00997134344652295
646, 0.00975055356199543
647, 0.00963737660398086
648, 0.0095850167175134
649, 0.00956348904098074
650, 0.0095443573469917
651, 0.00952190781633059
652, 0.0103927163096766
653, 0.0096549658725659
654, 0.00913598109036684
655, 0.00922519496331612
656, 0.00951366545632482
657, 0.00934993817160527
658, 0.0105540622025728
659, 0.0100384616913895
660, 0.00654397943678002
661, 0.0100251374367092
662, 0.00909748660134418
663, 0.00866601282420258
664, 0.0119005663852606
665, 0.00662474792140226
666, 0.00669889097722868
667, 0.00788972775141398
668, 0.00749789496573309
669, 0.0066805862976859
670, 0.00703723534631232
671, 0.00872401039426525
672, 0.00880399563660224
673, 0.00861973129212856
674, 0.0088749200416108
675, 0.00847527648632725
676, 0.00827811021978656
677, 0.0080164751658837
678, 0.00918365363031626
679, 0.00895122500757376
680, 0.00904761316875617
681, 0.00771181502689918
682, 0.00938229480137428
683, 0.0096889518511792
684, 0.00947743793949485
685, 0.00965957312534253
686, 0.00928863665709893
687, 0.00976029923185706
688, 0.0096102108558019
689, 0.00958922893429796
690, 0.00957983732223511
691, 0.00956834262857834
692, 0.009949313942343
693, 0.0102576031349599
694, 0.0107704908587039
695, 0.00940225692465901
696, 0.00972041146208843
697, 0.0112296465784311
698, 0.0102638144356509
699, 0.00934189620117346
700, 0.00944364443421364
701, 0.00956966013958057
702, 0.009964260738343
703, 0.0102246271446347
704, 0.0103852066344449
705, 0.0111742347478867
706, 0.00728574806513886
707, 0.00865826942026615
708, 0.00670618550585849
709, 0.00703858428945144
710, 0.00715125173640748
711, 0.00946423038840294
712, 0.00967375406374534
713, 0.00911739282310009
714, 0.0091989217326045
715, 0.0090507756297787
716, 0.00898630249624451
717, 0.00890855211764574
718, 0.00879960848639409
719, 0.00863795525704821
720, 0.00732285609202726
721, 0.00841055282702049
722, 0.00930653108904759
723, 0.00809154325785736
724, 0.0100380936637521
725, 0.0095431023898224
726, 0.0096028670668602
727, 0.00962173442045848
728, 0.00965997002397974
729, 0.00973827733347813
730, 0.00960743008181453
731, 0.00940844256963049
732, 0.00949469239761432
733, 0.0100991379780074
734, 0.00987555303921302
735, 0.0103887819374601
736, 0.00970935945709546
737, 0.00925803724676371
738, 0.00949511940901478
739, 0.0095962337218225
740, 0.00994325908167022
741, 0.00986479502171278
742, 0.010566218290478
743, 0.00814972344475488
744, 0.00942758610472083
745, 0.00967973404164825
746, 0.00693306596949697
747, 0.00751963304355741
748, 0.00779653744151195
749, 0.00951616435001294
750, 0.00932424701750278
751, 0.00926180587460597
752, 0.00940732719997565
753, 0.0077574897557497
754, 0.00921096450959643
755, 0.00915991840884089
756, 0.00909142863626281
757, 0.00898250875373681
758, 0.00854014760504166
759, 0.00880039390176535
760, 0.00959444899732868
761, 0.00961392403890689
762, 0.0096337185241282
763, 0.00961426071201762
764, 0.00968210368106763
765, 0.0095285028219223
766, 0.00957082863897085
767, 0.00968795518080393
768, 0.00976832971597711
769, 0.00989556250472864
770, 0.0100215295595782
771, 0.00982107575982809
772, 0.00960413832217455
773, 0.0097645550655822
774, 0.00652284668758512
775, 0.00813835287200553
776, 0.0101653017103672
777, 0.00963821914047003
778, 0.00902221662302812
779, 0.00970437688132127
780, 0.00849849265068769
781, 0.00942832184955478
782, 0.00956284099568923
783, 0.00948455091565847
784, 0.00938904440651337
785, 0.00936039009441932
786, 0.00933187392850717
787, 0.00928028455624978
788, 0.00896744166190425
789, 0.00917783379554749
790, 0.0096207366635402
791, 0.00958806835114956
792, 0.00958407872046033
793, 0.00960063375532627
794, 0.00961969032262762
795, 0.00966017848501603
796, 0.00963971049835285
797, 0.00969572660202781
798, 0.00970957117776076
799, 0.00964975698540608
800, 0.00965020752378873
801, 0.00951494990537564
802, 0.00954435051729282
803, 0.00959009894480308
804, 0.0091582683048078
805, 0.0095019182190299
806, 0.00950285714740554
807, 0.00950799432272712
808, 0.00948176207020879
809, 0.00939092381546895
810, 0.00867596343159676
811, 0.00960774812847376
812, 0.00970589167748888
813, 0.00963418930768967
814, 0.00964921768754721
815, 0.0111930310726166
816, 0.00962679237127304
817, 0.0100903326335053
818, 0.00785582605749369
819, 0.00946700371180972
820, 0.00955837685614824
821, 0.00976267814015349
822, 0.0107167921960354
823, 0.0120975400010745
824, 0.0093616273564597
825, 0.0093746188407143
826, 0.00939400990804037
827, 0.00941485896085699
828, 0.0094360364601016
829, 0.00945476721972227
830, 0.00837798199305932
831, 0.00946775761743387
832, 0.0094514947074155
833, 0.00797970282534758
834, 0.00925159252559145
835, 0.00912964964906375
836, 0.00898851252471407
837, 0.00884187469879786
838, 0.00871241449688872
839, 0.00860497650379936
840, 0.00857749270896117
841, 0.00861620794360836
842, 0.00883803097531199
843, 0.00892611406743526
844, 0.00901494470114509
845, 0.00910206713403265
846, 0.00918526295572519
847, 0.00926173540453116
848, 0.00850212015211582
849, 0.00844991983224948
850, 0.00828119382883112
851, 0.0081522585824132
852, 0.00941260624676943
853, 0.00934657935673992
854, 0.00774691028830906
855, 0.00742906122468412
856, 0.00699028357242544
857, 0.00638233326996366
858, 0.00555748678743839
859, 0.00454253268738588
860, 0.00375937307641531
861, 0.0122964148564885
862, 0.0154622155241668
863, 0.00909699499607086
864, 0.00928626721724868
865, 0.00942755024880171
866, 0.00938850253199538
867, 0.00936795910820365
868, 0.00932926032692194
869, 0.00942127903302511
870, 0.00935319516186913
871, 0.00940717989578843
872, 0.00942139327526093
873, 0.00899481633678079
874, 0.00934798984477917
875, 0.00919893570244312
876, 0.00939778750762343
877, 0.00939758634194732
878, 0.0113499470365544
879, 0.010075072137018
880, 0.00923288427293301
881, 0.00903134839609265
882, 0.0088171973824501
883, 0.00977163094406327
884, 0.0105506624095142
885, 0.00853817739213506
886, 0.0078723415111502
887, 0.00851035754506787
888, 0.00845929607748985
889, 0.00839132722467184
890, 0.00819251965731382
891, 0.00830395504211386
892, 0.00805088924244046
893, 0.00739478250034153
894, 0.00695508912516137
895, 0.0076517581474036
896, 0.00713265726032356
897, 0.00875377639507254
898, 0.00897573648641507
899, 0.00867794345443447
900, 0.00888456435253223
901, 0.00906500748048226
902, 0.00915199269851049
903, 0.00923049651707212
904, 0.00709662400186062
905, 0.00930859707295895
906, 0.00893296327974115
907, 0.0096963994204998
908, 0.0124271661043167
909, 0.0094013597505788
910, 0.00931266229599714
911, 0.00941851967945695
912, 0.00937705518056949
913, 0.00922460900619626
914, 0.00942381269608935
915, 0.00943814730271697
916, 0.00943830686931809
917, 0.00937528318415085
918, 0.0093001409744223
919, 0.0093488753773272
920, 0.00932368325690428
921, 0.00928223722924789
922, 0.00955733594795068
923, 0.00918137421831489
924, 0.0100730899721384
925, 0.0104766289393107
926, 0.011019593415161
927, 0.00937160818527142
928, 0.00913116149604321
929, 0.00840158543239037
930, 0.00845912890508771
931, 0.00833711012577017
932, 0.00827020949994524
933, 0.00850855683286985
934, 0.0085496644799908
935, 0.00821177630374829
936, 0.00845014948087434
937, 0.00823680024283628
938, 0.00818392704240978
939, 0.00854801541815201
940, 0.00879523049419125
941, 0.00863675385092696
942, 0.00893797647828857
943, 0.00903095491230488
944, 0.00911743255952994
945, 0.00920924397983721
946, 0.00870965529854099
947, 0.00931693818420172
948, 0.0115301598173877
949, 0.0116298724897206
950, 0.00934876794261592
951, 0.0093192799637715
952, 0.00936081524317463
953, 0.00922891699398557
954, 0.00952539499849081
955, 0.00952978308002154
956, 0.00978498564412197
957, 0.00944148004055023
958, 0.00949692524348696
959, 0.00928375388806065
960, 0.00925246129433314
961, 0.00950789560253421
962, 0.0094541961637636
963, 0.00940685144936045
964, 0.0107444675328831
965, 0.0103511467265586
966, 0.00956425567468007
967, 0.00927362702786922
968, 0.00897010671906173
969, 0.00860293318207065
970, 0.00862135303517183
971, 0.00890688815464576
972, 0.00925567404677471
973, 0.0085854836118718
974, 0.00858229290073117
975, 0.00857551861554384
976, 0.00857860020672282
977, 0.00857653774853264
978, 0.00871704518795013
979, 0.00862173705051343
980, 0.00884255782390634
981, 0.0086553529171007
982, 0.0089999851770699
983, 0.00916481651365757
984, 0.00909444860493143
985, 0.00875205794970194
986, 0.0108371647074819
987, 0.0111110682288806
988, 0.00929936083654563
989, 0.00965334661304951
990, 0.00924856991817554
991, 0.00968243647366762
992, 0.00936140321816007
993, 0.00920646420369546
994, 0.00959164835512638
995, 0.0091664054031883
996, 0.00967658457479307
997, 0.0100265402967731
998, 0.00943403520310918
999, 0.00951345032081008
1000, 0.0104868514463305
1001, 0.00975573823476831
1002, 0.00986958326150974
1003, 0.00872895463059346
1004, 0.00874566410978635
1005, 0.00876983068883419
1006, 0.00881942346071204
1007, 0.0096181978782018
1008, 0.00863784706840912
1009, 0.00859462544322014
1010, 0.00927942059934139
1011, 0.00890763150528073
1012, 0.00889982593556245
1013, 0.00905317937334379
1014, 0.00871097519993782
1015, 0.00906922932093342
1016, 0.00879544671624899
1017, 0.0085582846775651
1018, 0.00873544479587248
1019, 0.0100852041505277
1020, 0.0106148340606264
1021, 0.00913445465266705
1022, 0.00921525387093425
1023, 0.00928296955923239
1024, 0.00981623648355404
1025, 0.00916329802324375
1026, 0.00971584379052122
1027, 0.0098320884630084
1028, 0.00936972970763842
1029, 0.00959334817404548
1030, 0.00955879408866167
1031, 0.00947449387361606
1032, 0.0102032149831454
1033, 0.00993599199379484
1034, 0.0090578126588038
1035, 0.0101529418801268
1036, 0.00916983528683583
1037, 0.00910772942006588
1038, 0.00987146236002445
1039, 0.00925670253733794
1040, 0.00968370803942283
1041, 0.00937117434417208
1042, 0.0095142568461597
1043, 0.0102700136601925
1044, 0.00888414867222309
1045, 0.00892223852376143
1046, 0.00899084393555919
1047, 0.00896880496293306
1048, 0.00976599380373955
1049, 0.00909656953687469
1050, 0.00946815389518937
1051, 0.0092517804975311
1052, 0.00886070945610603
1053, 0.0106422565877438
1054, 0.0100557531363198
1055, 0.0090318516207238
1056, 0.00910138121495644
1057, 0.0100334278706993
1058, 0.0097646831224362
1059, 0.00920349607865016
1060, 0.00952941582848628
1061, 0.0093439188785851
1062, 0.00900795720517635
1063, 0.00882251169532538
1064, 0.00892685260623693
1065, 0.0103446774184704
1066, 0.00878464104607701
1067, 0.0116788185467677
1068, 0.00308039887264992
1069, 0.00944394043957194
1070, 0.00959956677009662
1071, 0.00979379285126925
1072, 0.0101020699366927
1073, 0.0107137995461623
1074, 0.0120548053334157
1075, 0.01517374208197
1076, 0.00706992634305997
1077, 0.00655636090474824
1078, 0.00652744535667201
1079, 0.00645184214226902
1080, 0.00629933962288002
1081, 0.00602637891036769
1082, 0.00557372175777952
1083, 0.00486550992354751
1084, 0.003816951221476
1085, 0.00965766763935486
1086, 0.00907538846756021
1087, 0.0086871588913103
1088, 0.00836823958282669
1089, 0.00807182358888288
1090, 0.00777586634891729
1091, 0.00747113589507838
1092, 0.00716259640951951
1093, 0.00687161095750829
1094, 0.00879917340353131
1095, 0.00945072357232372
1096, 0.00971544580534101
1097, 0.0100234257988632
1098, 0.0104036678870519
1099, 0.0108744522246222
1100, 0.0113827702589333
1101, 0.0112654136804243
1102, 0.0101091029743354
1103, 0.00928168324753642
1104, 0.00963755433137218
1105, 0.00983247688661019
1106, 0.010527388813595
1107, 0.00617725836733977
1108, 0.00664802920073271
1109, 0.00652252758542697
1110, 0.00635278574191034
1111, 0.00671436668684085
1112, 0.00673883128911257
1113, 0.00819111708551645
1114, 0.00785037409514189
1115, 0.00748287544896205
1116, 0.00923164856309692
1117, 0.00885504049559434
1118, 0.00852235018586119
1119, 0.00711083505302668
1120, 0.00971102016046643
1121, 0.0104467831552029
1122, 0.00921181170269847
1123, 0.00863198898732662
1124, 0.0089913122355938
1125, 0.00976959414159258
1126, 0.00999508223806818
1127, 0.0102280712065597
1128, 0.0104829113309582
1129, 0.00562720973975956
1130, 0.0122909437244137
1131, 0.0114890621975064
1132, 0.0090130516993148
1133, 0.0104763096730624
1134, 0.0083990973154349
1135, 0.00907274909938375
1136, 0.0098793658738335
1137, 0.0101269418373704
1138, 0.0109215846285224
1139, 0.0104952200005452
1140, 0.00946528557687998
1141, 0.00710552892026802
1142, 0.0072173832450062
1143, 0.00733277186130484
1144, 0.00751231991065045
1145, 0.00785317877307534
1146, 0.00675144432378667
1147, 0.00975671162207921
1148, 0.00934385554865003
1149, 0.00899418583139777
1150, 0.00864877365529537
1151, 0.0082808753165106
1152, 0.00789613020606339
1153, 0.00743240936260138
1154, 0.00955869893853863
1155, 0.00916656898334622
1156, 0.0101142956742219
1157, 0.0100852344185114
1158, 0.00995291195188959
1159, 0.00936471065506339
1160, 0.010539061203599
1161, 0.0113582237224494
1162, 0.0107192556772913
1163, 0.0103687361503641
1164, 0.0101086030093332
1165, 0.0092809417595466
1166, 0.0096865058876574
1167, 0.00764130793201427
1168, 0.00791771531415482
1169, 0.00875328892531494
1170, 0.00824817052731911
1171, 0.00667647663503885
1172, 0.00699559794738889
1173, 0.0101716203615069
1174, 0.00975144514814019
1175, 0.00875718984752893
1176, 0.00792404664680362
1177, 0.00943885572875539
1178, 0.00910898158326745
1179, 0.00833565214027961
1180, 0.00980883340040843
1181, 0.00950734503567219
1182, 0.00998330395668745
1183, 0.00997605826705694
1184, 0.00965178261200587
1185, 0.00951226847246289
1186, 0.00930509828031063
1187, 0.0106588206253946
1188, 0.00949411280453205
1189, 0.0103496246350308
1190, 0.0102093465005358
1191, 0.00990573332334558
1192, 0.0083362883888185
1193, 0.00917205400764942
1194, 0.00867306611811121
1195, 0.00980295001396111
1196, 0.00994198505456249
1197, 0.00951792672276497
1198, 0.00922378757968545
1199, 0.00885776042317351
1200, 0.00973794460296631
1201, 0.00985939474776387
1202, 0.00983548257499933
1203, 0.00972433760762215
1204, 0.0105567558978995
1205, 0.0100759267807007
1206, 0.0100601318602761
1207, 0.00934772985056043
1208, 0.00891525018960238
1209, 0.00964535043264429
1210, 0.00937928405723401
1211, 0.00990736604269062
1212, 0.00995775156964858
1213, 0.00989900835390602
1214, 0.00979100409895182
1215, 0.0103785073384643
1216, 0.010059542953968
1217, 0.00992767900849382
1218, 0.00984677812084556
1219, 0.00974484514445067
1220, 0.0099198506878955
1221, 0.0100076008588076
