1, 0.00899375416338444
2, 0.0270244781859219
3, 0.00222181540448219
4, 0.00630302028730512
5, 0.0140661038458347
6, 0.0151524310931563
7, 0.00765197072178125
8, 0.00238911184715107
9, 0.0259564202278852
10, 0.0104221110232174
11, 0.012827749364078
12, 0.0169129781424999
13, 0.00978416270975556
14, 0.010692381610473
15, 0.0112455097648005
16, 0.0117490085152288
17, 0.0123638066773613
18, 0.0133545681213339
19, 0.0154192801564932
20, 0.0197510297099749
21, 0.0240117944777012
22, 0.0162134952843189
23, 0.0092397735764583
24, 0.00440957040215532
25, 0.00273448962252587
26, 0.00147740372146169
27, 0.00245453390137603
28, 0.00361706976157924
29, 0.00457174835416178
30, 0.00529283517971635
31, 0.00580305117182434
32, 0.00613822066225111
33, 0.00632797763682902
34, 0.00643000239506364
35, 0.00682434827710191
36, 0.00745234840239088
37, 0.00819012879704436
38, 0.00897184697290262
39, 0.00974975650509199
40, 0.0104835126549006
41, 0.0111544240886966
42, 0.0117665352299809
43, 0.0123467765127619
44, 0.0129423315326373
45, 0.0136177797491352
46, 0.0138101887423545
47, 0.013875234251221
48, 0.0137741429110368
49, 0.013623001674811
50, 0.0133836346988877
51, 0.0130254672840238
52, 0.012542227593561
53, 0.011943188495934
54, 0.01126371199886
55, 0.0105605150262515
56, 0.00989219515273968
57, 0.00962070189416409
58, 0.00927202527721723
59, 0.00948087312281132
60, 0.00989631749689579
61, 0.0103886304423213
62, 0.0108872350926201
63, 0.0113219742973646
64, 0.0116502378756801
65, 0.0118551412597299
66, 0.0119437417015433
67, 0.0119379308695594
68, 0.0118652029583851
69, 0.0117556434124708
70, 0.0116394410530726
71, 0.011548172061642
72, 0.0115181477740407
73, 0.0116046614324053
74, 0.0119161459927758
75, 0.0127780735492706
76, 0.0134470204357058
77, 0.0130811181540291
78, 0.0109878685325384
79, 0.0101714606086413
80, 0.00964955240488052
81, 0.00925350251297156
82, 0.0089186088492473
83, 0.00862436089664698
84, 0.00836303737014532
85, 0.0081332316622138
86, 0.00793987481544415
87, 0.0077888946980238
88, 0.00769016658887267
89, 0.00766569116551961
90, 0.00767738651484251
91, 0.0076926372324427
92, 0.00769017629014949
93, 0.00765554544826349
94, 0.00757393597935637
95, 0.00742895466585954
96, 0.00720291600252191
97, 0.00687350534523527
98, 0.00641161040402949
99, 0.00578055592874686
100, 0.00494340434670448
101, 0.0038751558555911
102, 0.00262240460142493
103, 0.00156031005705396
104, 0.00304268727389475
105, 0.00518781552091241
106, 0.010098898007224
107, 0.0171214335908492
108, 0.0249261961628993
109, 0.0191209446638823
110, 0.0152157486105959
111, 0.0133684066434701
112, 0.0125022378439705
113, 0.012061530413727
114, 0.011822026843826
115, 0.0116811636835337
116, 0.011587548845758
117, 0.011511386372149
118, 0.0114325224421918
119, 0.0113339900660018
120, 0.0112018024859329
121, 0.011028671481957
122, 0.0107163928914815
123, 0.010599955295523
124, 0.0107460084060828
125, 0.0109484829008579
126, 0.0111847755809625
127, 0.0114427839095394
128, 0.0117077197258671
129, 0.0119635708009203
130, 0.0121984366948406
131, 0.012402414654692
132, 0.0125680258497596
133, 0.0126946875825524
134, 0.0127195767126977
135, 0.012671671807766
136, 0.0124853067100048
137, 0.0123906539132198
138, 0.0123447123914957
139, 0.0123185080786546
140, 0.0122895874083042
141, 0.0122352540493011
142, 0.0121313662578662
143, 0.0119525517026583
144, 0.0116737733284632
145, 0.011274170751373
146, 0.0107435062527657
147, 0.0100887911394238
148, 0.00933703159292539
149, 0.00853676907718182
150, 0.00773879466578364
151, 0.00701920983071129
152, 0.00650910846889019
153, 0.00287079007830471
154, 0.00487924568975965
155, 0.00954337231814861
156, 0.0164450208346049
157, 0.0233893940846125
158, 0.0241453150908152
159, 0.0167009253054857
160, 0.00957637140527368
161, 0.0047773903546234
162, 0.00292176202250024
163, 0.00767197401728481
164, 0.00774953374639153
165, 0.00786321175595125
166, 0.00802000518888235
167, 0.00820629515995582
168, 0.00841019675135612
169, 0.00862555112689734
170, 0.00884652261932691
171, 0.0090682761122783
172, 0.00928868632763624
173, 0.00950873518983523
174, 0.00973313084493081
175, 0.00997144139061371
176, 0.0102406796067953
177, 0.0105679280435046
178, 0.0110107325017452
179, 0.011680341946582
180, 0.0140385671984404
181, 0.0151071377719442
182, 0.0138013943408926
183, 0.0128072053194046
184, 0.0122745201612512
185, 0.0119854671259721
186, 0.0118172991399964
187, 0.0117073664441705
188, 0.01162096640716
189, 0.0115379653871059
190, 0.0114470434685548
191, 0.0113419598589341
192, 0.0112206982448697
193, 0.0110851392770807
194, 0.0109407799318433
195, 0.0107971991722782
196, 0.0106662679463625
197, 0.0105607236425082
198, 0.0104928889001409
199, 0.0104843946173787
200, 0.00780170939729682
201, 0.01043613270546
202, 0.00185413500294089
203, 0.012139108342429
204, 0.0128983072936535
205, 0.0124514000490308
206, 0.0142110132922729
207, 0.0170971103943884
208, 0.0222106475383043
209, 0.00367287860717624
210, 0.0171261156210676
211, 0.0051898763825496
212, 0.00443305210986485
213, 0.00344393173387895
214, 0.00241916485053177
215, 0.0132317586491505
216, 0.0126466817843417
217, 0.0120745968694488
218, 0.0114921033382416
219, 0.010858191177249
220, 0.0101560122954349
221, 0.0093922425682346
222, 0.00859389578302701
223, 0.00781331863254309
224, 0.00709469709545374
225, 0.00655764799254636
226, 0.0106544320782026
227, 0.0126747164564828
228, 0.0130011456397673
229, 0.0132293036828438
230, 0.0133740976452827
231, 0.013465144050618
232, 0.0136375810640554
233, 0.011597839028885
234, 0.0151468271700044
235, 0.012703049617509
236, 0.011846918767939
237, 0.00906789504612486
238, 0.00743612522880236
239, 0.0098756148169438
240, 0.0112668738390009
241, 0.0106136221438646
242, 0.00822731379109124
243, 0.0123744164593518
244, 0.0122492929610113
245, 0.0101748468354344
246, 0.0129121482993166
247, 0.0111926679189006
248, 0.0117450831457973
249, 0.0126863894984126
250, 0.0128328469581902
251, 0.0129649108275771
252, 0.00574386833856503
253, 0.00519894796889275
254, 0.0045779172408705
255, 0.00628325184807181
256, 0.00609637144953012
257, 0.00572727030764023
258, 0.00664698851427862
259, 0.012975367850491
260, 0.0109794515052012
261, 0.00705575458705425
262, 0.0110769417757789
263, 0.0120674006951352
264, 0.0133329737000167
265, 0.0121979404551287
266, 0.0087426194610695
267, 0.0111061845285197
268, 0.0104273771867156
269, 0.00962727128838499
270, 0.0116860514196257
271, 0.00780122160601119
272, 0.0124602722935379
273, 0.0113661017579337
274, 0.0126185792808731
275, 0.0125974953795473
276, 0.0125237201739635
277, 0.0121562072696785
278, 0.0117969202498595
279, 0.00613011699169874
280, 0.00701121644427379
281, 0.00642096879892051
282, 0.0135656945407391
283, 0.00721383154658335
284, 0.00839212552333871
285, 0.0120643346259991
286, 0.0115591941090922
287, 0.0110216691779594
288, 0.0102899073002239
289, 0.00937774777412415
290, 0.0115992752835155
291, 0.0126147237606347
292, 0.012601612508297
293, 0.0142855510736505
294, 0.012581586992989
295, 0.0120144421234727
296, 0.0123346457257867
297, 0.0124024118163756
298, 0.0124632044074436
299, 0.0122631822402279
300, 0.00705429593411585
301, 0.0120492965603868
302, 0.00906340995182594
303, 0.0110141611658037
304, 0.0101834236023327
305, 0.0116197892154256
306, 0.0120430978325506
307, 0.0131068779155612
308, 0.0137589011962215
309, 0.0125673830819627
310, 0.0115973392501473
311, 0.0124692374840379
312, 0.0126226923118035
313, 0.0126484141995509
314, 0.00859723100438714
315, 0.0150011163204908
316, 0.00802322505041957
317, 0.0133536950064202
318, 0.011745836896201
319, 0.0110876973097523
320, 0.0125413176914056
321, 0.0121279046870768
322, 0.0142293361326059
323, 0.012878212146461
324, 0.00880202402671178
325, 0.0128499918306867
326, 0.0126656349748373
327, 0.0101059701604148
328, 0.00702707609161735
329, 0.0125198170232276
330, 0.00734692183323205
331, 0.014051308700194
332, 0.0119582625726859
333, 0.0136647967932125
334, 0.0123795046071921
335, 0.0130786532536149
336, 0.0128145998654266
337, 0.0101998042315245
338, 0.0112669624698659
339, 0.0122748222202063
340, 0.00944547696659962
341, 0.0130972741171718
342, 0.0137292264029384
343, 0.0147256469354033
344, 0.0125905239954591
345, 0.0124398497864604
346, 0.0123669457000991
347, 0.0117079112678766
348, 0.0129945352673531
349, 0.0102041990806659
350, 0.0106186904013157
351, 0.0135458154337747
352, 0.00773902625466387
353, 0.0120743478958805
354, 0.0128430317466458
355, 0.0141959817459186
356, 0.0180126886282648
357, 0.0115904676107069
358, 0.0116044174258908
359, 0.0116654564626515
360, 0.00769003201276064
361, 0.00741744902916253
362, 0.0118334027938545
363, 0.0117341135628521
364, 0.0115409616070489
365, 0.011254224460572
366, 0.0108955555285017
367, 0.0105112255550921
368, 0.0101741498025755
369, 0.00991097806642453
370, 0.00774096449216207
371, 0.00787846092134714
372, 0.00857342717548211
373, 0.00887775685017308
374, 0.00922302917266885
375, 0.00962218052397172
376, 0.0101077586101989
377, 0.0107937830810746
378, 0.0118552083149552
379, 0.00773269644317528
380, 0.00774908360714714
381, 0.0117451814003289
382, 0.00758729525841773
383, 0.0118161869856218
384, 0.0118535567695896
385, 0.00716400371553997
386, 0.00680605291078488
387, 0.00631747953593731
388, 0.00566794707750281
389, 0.00482725072652102
390, 0.00471470796037465
391, 0.0037880043964833
392, 0.00279754384731253
393, 0.00210177453700453
394, 0.0226974956691265
395, 0.00846691794383029
396, 0.0172342712370058
397, 0.0115195948941012
398, 0.0135986399836838
399, 0.0109806101148327
400, 0.0104510225355625
401, 0.012601344846189
402, 0.00830530949557821
403, 0.0108271543867886
404, 0.0102239046245813
405, 0.00807214807718992
406, 0.00891411288951834
407, 0.00929266912862659
408, 0.00972302552933494
409, 0.00782650887655715
410, 0.00757053401321173
411, 0.00704380000631015
412, 0.00564766069874167
413, 0.00785756173233191
414, 0.00788118535031875
415, 0.00787579470003645
416, 0.00772710687791308
417, 0.00734582993512352
418, 0.00618942477740347
419, 0.0066588381305337
420, 0.0116546675562859
421, 0.0108969222443799
422, 0.0115673146210611
423, 0.0116799722115199
424, 0.0117413573898375
425, 0.0114155756309628
426, 0.0117867657293876
427, 0.0118292896077037
428, 0.0121484232755999
429, 0.0126420442014933
430, 0.0115545640389125
431, 0.0116157277176778
432, 0.0117425086597602
433, 0.0117930526224275
434, 0.0116164701369902
435, 0.011159613262862
436, 0.0107374863166894
437, 0.0117514286456364
438, 0.0152048307160536
439, 0.0113811775421103
440, 0.0132271801121533
441, 0.00828812566275398
442, 0.00975383787105481
443, 0.0093074661369125
444, 0.0102545825454096
445, 0.0108336010016501
446, 0.00803576782345772
447, 0.00858343966926138
448, 0.00782411745084184
449, 0.00810974091291428
450, 0.0080803590050588
451, 0.00810290593653917
452, 0.00778625688205163
453, 0.00801726950642963
454, 0.00805110561971863
455, 0.00791844997244577
456, 0.00763430368776123
457, 0.00748585979454219
458, 0.0073633313489457
459, 0.0115888146683574
460, 0.0118003964113692
461, 0.0114616042313476
462, 0.0114161223173141
463, 0.0118945674039423
464, 0.0115334708243608
465, 0.0114929721069833
466, 0.0118228929738204
467, 0.0119143909153839
468, 0.0117126510788997
469, 0.01162378070876
470, 0.01172534438471
471, 0.011857400337855
472, 0.0116630916794141
473, 0.0119352865343293
474, 0.00506849470548332
475, 0.0118398019777877
476, 0.00855896606420477
477, 0.00847812679906686
478, 0.00856659871836503
479, 0.0107444689298669
480, 0.0102258838402728
481, 0.00823593206171479
482, 0.00972767593339086
483, 0.00891027863447865
484, 0.0113711431622505
485, 0.00797801334410906
486, 0.00845977710559964
487, 0.0084602115675807
488, 0.00844556217392286
489, 0.00875063442314664
490, 0.00841271768634518
491, 0.00833432997266451
492, 0.0114426508856316
493, 0.0113255873632928
494, 0.00845927558839321
495, 0.0122178207772473
496, 0.0120712042165299
497, 0.0114004273588459
498, 0.0115953482066592
499, 0.0112422445478539
500, 0.0113285865102495
501, 0.0114068437057237
502, 0.0117707150056958
503, 0.0119524309411645
504, 0.0122154265021284
505, 0.0121136579352121
506, 0.0112495597451925
507, 0.012484372438242
508, 0.00730492570437491
509, 0.0143242736036579
510, 0.00770360054448247
511, 0.0124628874473274
512, 0.0154369828912119
513, 0.0124138554558158
514, 0.00936211024721464
515, 0.0091498571758469
516, 0.00973469608773788
517, 0.00885537903135022
518, 0.0111622381955385
519, 0.0106901973485947
520, 0.0085325438529253
521, 0.0101364036090672
522, 0.0127165757917932
523, 0.00928004054973523
524, 0.0113597313563029
525, 0.00894509504238764
526, 0.00887855918457111
527, 0.0110385498652856
528, 0.0090206324433287
529, 0.0088036401818196
530, 0.00873740243592433
531, 0.0116005403300126
532, 0.0126290107145905
533, 0.0110998135060072
534, 0.0111762760207057
535, 0.0111237665017446
536, 0.0118699291100105
537, 0.0121577829122543
538, 0.0124262633423011
539, 0.0129600775738557
540, 0.00905027170665562
541, 0.00723246289417148
542, 0.0137216889609893
543, 0.00950178612644474
544, 0.0142517106607556
545, 0.0134390774182975
546, 0.014349799869316
547, 0.00945443132271369
548, 0.00990868685767055
549, 0.0103241748486956
550, 0.00962716698025664
551, 0.0109925467210511
552, 0.0107818247439961
553, 0.00921024801209569
554, 0.0104608690366149
555, 0.0112902875989676
556, 0.0131044797599316
557, 0.0116278214069704
558, 0.00966860943784316
559, 0.00937409279868007
560, 0.00947518258665999
561, 0.00924356731896599
562, 0.0109373920907577
563, 0.0127908958432575
564, 0.0119995145748059
565, 0.010289737333854
566, 0.0123956940757732
567, 0.0117559509041409
568, 0.0125579391606152
569, 0.0106205125339329
570, 0.0102403238415718
571, 0.00992564149200916
572, 0.0104297605742301
573, 0.010815883676211
574, 0.011210177714626
575, 0.00989485842486223
576, 0.00973676967745026
577, 0.0100878945862254
578, 0.0108334224981566
579, 0.0107391264289618
580, 0.0116634406149387
581, 0.0131650565502544
582, 0.0110513699640121
583, 0.0126042668707669
584, 0.0120822490813831
585, 0.0109683789002399
586, 0.00956714459295784
587, 0.0135257166499893
588, 0.0103191956877708
589, 0.0104811061173677
590, 0.0111155508396526
591, 0.0117263008529941
592, 0.0127319491778811
593, 0.0120342283820113
594, 0.0136464304911594
595, 0.00909188650548458
596, 0.013321359269321
597, 0.0100245160982013
598, 0.0116589879617095
599, 0.0119712352752686
600, 0.0118494280613959
601, 0.00826716547211011
602, 0.011578691812853
603, 0.0116638379792372
604, 0.0117819237833222
605, 0.0122988857328892
606, 0.0128983788502713
607, 0.0140685423587759
608, 0.0163865148400267
609, 0.0120571732210616
610, 0.011847245041281
611, 0.0116239061268667
612, 0.0113988049949209
613, 0.011185328476131
614, 0.0110011179931462
615, 0.0108384233899415
616, 0.00669678285097082
617, 0.00733752727198104
618, 0.00813579109186927
619, 0.00895665027201176
620, 0.00975281310578187
621, 0.0104654333554208
622, 0.0110594589884082
623, 0.0127379655217131
624, 0.0115192523226142
625, 0.0120681251088778
626, 0.0122000793926418
627, 0.0122710910315315
628, 0.0123057742603123
629, 0.0123270691062013
630, 0.0123568268803259
631, 0.0124193793162704
632, 0.0125396948618193
633, 0.00529164417336384
634, 0.00459378111797075
635, 0.00372476099679867
636, 0.00278323863555367
637, 0.00203193393535912
638, 0.0171529944720013
639, 0.00475862885650713
640, 0.0108855577806632
641, 0.0123565740262469
642, 0.0123236671400567
643, 0.00772414767804245
644, 0.0114021610158185
645, 0.0121775626515349
646, 0.012259556291004
647, 0.00857514562085271
648, 0.00944073405116796
649, 0.0102244787849486
650, 0.0117760850116611
651, 0.0120256549368302
652, 0.0122961805512508
653, 0.0123102155824502
654, 0.0122443065047264
655, 0.011787062510848
656, 0.0114230822461347
657, 0.0125223812647164
658, 0.0126131109893322
659, 0.0112559382493297
660, 0.0116043821908534
661, 0.0124024154307942
662, 0.0119606942559282
663, 0.0115032601170242
664, 0.0206541940569878
665, 0.0122719071805477
666, 0.0113131805943946
667, 0.011420544081678
668, 0.0117050192008416
669, 0.0127296657301486
670, 0.0118224049607913
671, 0.0111602355415622
672, 0.0109847581014037
673, 0.014776194623361
674, 0.0119951817517479
675, 0.0134973209351301
676, 0.00583498583485683
677, 0.00522064949230601
678, 0.00562932908845444
679, 0.00618410677028199
680, 0.00597952352836728
681, 0.0124416558870247
682, 0.0111367654587541
683, 0.012302801789095
684, 0.0100046169633667
685, 0.0121797689547141
686, 0.00911639770492911
687, 0.0122951104616125
688, 0.00812279394206901
689, 0.0123005987455448
690, 0.0122637020734449
691, 0.0122972240981956
692, 0.0107546964039405
693, 0.0120187047868967
694, 0.0113335466012359
695, 0.0117474878206849
696, 0.0122518834347526
697, 0.0123653705231845
698, 0.0119183937398096
699, 0.0117686081988116
700, 0.0116109076576928
701, 0.011457290345182
702, 0.0121180649536351
703, 0.0068278041269098
704, 0.011613907913367
705, 0.011318313733985
706, 0.011437674673895
707, 0.0120642202285429
708, 0.011895389140894
709, 0.0123142683878541
710, 0.0126964206186434
711, 0.0132635302531222
712, 0.0140707675988475
713, 0.0115309787603716
714, 0.00633045433399578
715, 0.00735881637471418
716, 0.00660293805412948
717, 0.0122181807334224
718, 0.0120603439087669
719, 0.0123033029958606
720, 0.0122774452902377
721, 0.00875300417343775
722, 0.0122573029560347
723, 0.00977325222144524
724, 0.0117748803459108
725, 0.0123131534395119
726, 0.0122918455551068
727, 0.0123365445062518
728, 0.0106609370559454
729, 0.0113198918600877
730, 0.0121721968365212
731, 0.0119070007155339
732, 0.0117753346761068
733, 0.0116241439245641
734, 0.0122624581147517
735, 0.0120542929507792
736, 0.0113250203430653
737, 0.0073116647079587
738, 0.0117723482350508
739, 0.0123591449422141
740, 0.0126791764050722
741, 0.0131246144883335
742, 0.0136750706781944
743, 0.0114814013774906
744, 0.0121342875063419
745, 0.0115827238187194
746, 0.0116728850019475
747, 0.00736444753905137
748, 0.0150899011641741
749, 0.00750485648001943
750, 0.00784097418987325
751, 0.00636217864230275
752, 0.0124614153367778
753, 0.0123010993314286
754, 0.0121580697596073
755, 0.0123522540864845
756, 0.012214224253382
757, 0.0122717527362208
758, 0.0121344906898836
759, 0.0123166280488173
760, 0.0123506638531884
761, 0.0118701791701217
762, 0.0117993019521236
763, 0.00944627355784178
764, 0.0105847236700356
765, 0.0119239883497357
766, 0.0113683847400049
767, 0.0120315373254319
768, 0.012645973979185
769, 0.0129818585701287
770, 0.0133935424188773
771, 0.0119740449202557
772, 0.0123855066485703
773, 0.0117401505510012
774, 0.011647423170507
775, 0.0118507056807478
776, 0.00887900876945683
777, 0.00835355445742607
778, 0.0142873553559184
779, 0.00877512777224183
780, 0.00762824295088649
781, 0.0145611218176782
782, 0.00978748624523481
783, 0.00996996524433295
784, 0.0124254687689245
785, 0.0124479856652518
786, 0.0121350989987453
787, 0.0123185262394448
788, 0.0124140488915145
789, 0.0122103245928884
790, 0.0119619119912386
791, 0.0122654310738047
792, 0.012344663652281
793, 0.0120503463161488
794, 0.0114736662556728
795, 0.0104868391839166
796, 0.0122083762660623
797, 0.0120302777116497
798, 0.0128308885420362
799, 0.0130882654339075
800, 0.0125881931744516
801, 0.0121957214238743
802, 0.0120501758841177
803, 0.0137742531175415
804, 0.0120700034312904
805, 0.0115078585222363
806, 0.0125504050403833
807, 0.0125877641451856
808, 0.0125028238232647
809, 0.0125693688169122
810, 0.012387179924796
811, 0.0122727251922091
812, 0.0123257303300003
813, 0.0126666714038168
814, 0.0128314152049522
815, 0.0116119358378152
816, 0.0120434841141105
817, 0.0123940069849292
818, 0.0119213483606776
819, 0.0122484313324094
820, 0.0133429795193175
821, 0.0136674621275493
822, 0.0129458412528038
823, 0.0124093146684269
824, 0.0128853800706565
825, 0.0121597583804812
826, 0.0122962012887001
827, 0.0127365788710969
828, 0.0121208478230983
829, 0.0102754741286238
830, 0.0166441779583693
831, 0.00983409024775028
832, 0.0125332964584231
833, 0.013366661220789
834, 0.00797903630882502
835, 0.00208003537263721
836, 0.0115715105397006
837, 0.0116661327580611
838, 0.0117938457988203
839, 0.011993353565534
840, 0.01233428157866
841, 0.0129568379682799
842, 0.0127512850643446
843, 0.0141488619459172
844, 0.0168744650048514
845, 0.0220371030271053
846, 0.00475513300625607
847, 0.017202134244144
848, 0.00768014439381659
849, 0.0077004045403252
850, 0.00771191770521303
851, 0.00770181378660103
852, 0.00765616501060625
853, 0.00755949931529661
854, 0.0073967226780951
855, 0.00715054160294433
856, 0.00679854148377975
857, 0.00631359180745979
858, 0.0056655645215263
859, 0.00482866556073229
860, 0.00381288367013137
861, 0.00283414331109573
862, 0.011023826431483
863, 0.0106024943913023
864, 0.0102821909822524
865, 0.0100141856819391
866, 0.00977000423396627
867, 0.00953552080318332
868, 0.00930250979339083
869, 0.00906734230617682
870, 0.00883042005201181
871, 0.00859523999194304
872, 0.00836807567005356
873, 0.00815519876778126
874, 0.00796543853357434
875, 0.00781016501908501
876, 0.0106916829633216
877, 0.0107227886716525
878, 0.0107900141738355
879, 0.0116711004326741
880, 0.0117716571937005
881, 0.0118915663721661
882, 0.0120524837014576
883, 0.0122862975113094
884, 0.0126321208663285
885, 0.0130938153403501
886, 0.0136097399517894
887, 0.00704235746525228
888, 0.00753900455310941
889, 0.00569626673435171
890, 0.0052147115735958
891, 0.0077643347127984
892, 0.00780607177875936
893, 0.00778876213977734
894, 0.00780334315883617
895, 0.00733050215058029
896, 0.00666655111126602
897, 0.00620679510757327
898, 0.00767959786268572
899, 0.0115757831372321
900, 0.0109941978007555
901, 0.0114767846340934
902, 0.0113693328263859
903, 0.0118430191650987
904, 0.0119567206129432
905, 0.0120936748571694
906, 0.0122625936443607
907, 0.0124663850292563
908, 0.0126927440675596
909, 0.0111280706090232
910, 0.0112523393084606
911, 0.0108876824378967
912, 0.0116684817088147
913, 0.0108057766531905
914, 0.0125355722382665
915, 0.00942073560630282
916, 0.00915637689953049
917, 0.00888951433201631
918, 0.00862459993610779
919, 0.00837115958953897
920, 0.00813380442559719
921, 0.00968036769578854
922, 0.0112249410400788
923, 0.00993768684566021
924, 0.0104831626328329
925, 0.0102008191558222
926, 0.00793067909156283
927, 0.0114845725086828
928, 0.0128060944067935
929, 0.0150518760395547
930, 0.0116983676950137
931, 0.012322838883847
932, 0.0118343757155041
933, 0.0110940635204315
934, 0.0112622523059448
935, 0.0113864839076996
936, 0.0136267283620934
937, 0.0120266879287859
938, 0.0109739818477205
939, 0.00776724949745195
940, 0.0126410733376231
941, 0.0111484456807375
942, 0.0116488725567857
943, 0.00799719927211603
944, 0.00800491659902036
945, 0.00796067815584441
946, 0.00747034046798944
947, 0.00798634874324004
948, 0.00753686251118779
949, 0.00766091840341687
950, 0.00793862505815923
951, 0.00778710003942251
952, 0.00789017851154009
953, 0.0110030068705479
954, 0.0115536878195902
955, 0.0113518806174397
956, 0.0114548914134502
957, 0.0123372357338667
958, 0.0122725716792047
959, 0.0121700554154813
960, 0.0120658326583604
961, 0.0119695301788549
962, 0.0123419258743525
963, 0.0110659801090757
964, 0.0117432648936907
965, 0.0106438781755666
966, 0.0103555261157453
967, 0.010958731174469
968, 0.0113188290658096
969, 0.0100785670801997
970, 0.00892563040057818
971, 0.00922180370738109
972, 0.00951476829747359
973, 0.00863050840174158
974, 0.00980030574525396
975, 0.00835803911710779
976, 0.00808885241193431
977, 0.0117739688915511
978, 0.0115873045288026
979, 0.0112003077132006
980, 0.0113520527568956
981, 0.0120918583124876
982, 0.0123692376849552
983, 0.0118951514984171
984, 0.0127751835001012
985, 0.0133794055630763
986, 0.0114776884826521
987, 0.00771715026348829
988, 0.00757097297658523
989, 0.0118657869419881
990, 0.011310888454318
991, 0.0118023642959694
992, 0.0111485013427834
993, 0.00836729692916075
994, 0.00840931168446938
995, 0.00817308792223533
996, 0.0117224940719704
997, 0.00825485400855541
998, 0.00831495691090822
999, 0.00850875217777987
1000, 0.00861677892195682
1001, 0.0084500121884048
1002, 0.00882633752189577
1003, 0.00921580567955971
1004, 0.011555098152409
1005, 0.0116403610445559
1006, 0.0120597002096474
1007, 0.0120110792728762
1008, 0.0120716611854732
1009, 0.0120537191008528
1010, 0.0112470278205971
1011, 0.0112458306497761
1012, 0.0078822972252965
1013, 0.0118829479130606
1014, 0.00989762072761854
1015, 0.00958674044037859
1016, 0.00926302885636687
1017, 0.0107717599409322
1018, 0.0110722918373843
1019, 0.0114076640456915
1020, 0.00893286041294535
1021, 0.00833512414246798
1022, 0.00859943047786752
1023, 0.0101954760029912
1024, 0.0104845054447651
1025, 0.0117432923677067
1026, 0.0132241531585654
1027, 0.0127587520206968
1028, 0.0124045584040383
1029, 0.012144863139838
1030, 0.0114724887534976
1031, 0.0142737372467915
1032, 0.0116096956965824
1033, 0.0109105912968516
1034, 0.0079853143543005
1035, 0.0102645636846622
1036, 0.0113777043297887
1037, 0.0119133020440737
1038, 0.00886246499915918
1039, 0.00873814569786191
1040, 0.00860838886971275
1041, 0.00851903390139341
1042, 0.00900079294418295
1043, 0.0118596352015932
1044, 0.0094203509700795
1045, 0.00917776751642426
1046, 0.0118003824415306
1047, 0.00976742679874102
1048, 0.0117344548925757
1049, 0.0119427517056465
1050, 0.0117874957088913
1051, 0.0119168929134806
1052, 0.0112962146910528
1053, 0.0117157474160194
1054, 0.0114665751655897
1055, 0.0119629721157253
1056, 0.0114573803730309
1057, 0.00997619129096468
1058, 0.00963374568770329
1059, 0.0111660840921104
1060, 0.0114470566622913
1061, 0.00926730999102195
1062, 0.0102933347225189
1063, 0.00890172754103939
1064, 0.0108838092225293
1065, 0.0105939749628305
1066, 0.0130823602279027
1067, 0.0119447748487194
1068, 0.013811448123306
1069, 0.011621774174273
1070, 0.012703205148379
1071, 0.0124047074156503
1072, 0.0117785893380642
1073, 0.00992520657988886
1074, 0.0150158090206484
1075, 0.0109141037488977
1076, 0.0109690612492462
1077, 0.0115042990073562
1078, 0.0111219701357186
1079, 0.0114184739068151
1080, 0.0115891660874089
1081, 0.0119600800486902
1082, 0.00924518719936411
1083, 0.00902858671421806
1084, 0.00944527192041278
1085, 0.00968869946276148
1086, 0.0119470454131564
1087, 0.00999670429155231
1088, 0.0119223995134234
1089, 0.010396975868692
1090, 0.0118843244078259
1091, 0.0117772654630244
1092, 0.0116636239302655
1093, 0.0119599791554113
1094, 0.00883411001414061
1095, 0.0143096361619731
1096, 0.0100369829063614
1097, 0.0115153905935585
1098, 0.0096370643004775
1099, 0.0103788206664224
1100, 0.0092010178292791
1101, 0.0112657047187289
1102, 0.0106896609067917
1103, 0.0134922664922973
1104, 0.0109821214961509
1105, 0.0128973601385951
1106, 0.0121676181443036
1107, 0.0117971861424545
1108, 0.0126142144824068
1109, 0.011969407244275
1110, 0.0116144816524216
1111, 0.0117118034511805
1112, 0.00927427913993597
1113, 0.0123968357220292
1114, 0.0113169698355099
1115, 0.0143121412644784
1116, 0.0115586225874722
1117, 0.011779544254144
1118, 0.00957467792821782
1119, 0.00979656586423516
1120, 0.0119300146276752
1121, 0.0100757561934491
1122, 0.0119672561995685
1123, 0.0117065018663804
1124, 0.0104071409441531
1125, 0.0108132747312387
1126, 0.0119948500456909
1127, 0.0119910260351996
1128, 0.0118319679362079
1129, 0.0118617562887569
1130, 0.0118746176982919
1131, 0.013837358293434
1132, 0.0100718677664797
1133, 0.010457645325611
1134, 0.0116204651338714
1135, 0.0107828512166937
1136, 0.0132277753824989
1137, 0.0123692819227775
1138, 0.0113362402965625
1139, 0.0110677760094404
1140, 0.0127059106404583
1141, 0.0119625528653463
1142, 0.0121576449212929
1143, 0.0118027800694108
1144, 0.0130871130774419
1145, 0.0130119188688695
1146, 0.0138797606341541
1147, 0.0115267693375548
1148, 0.0119291096925735
1149, 0.0119207460433245
1150, 0.010352508785824
1151, 0.0119077403408786
1152, 0.0106939193792641
1153, 0.0110777734468381
1154, 0.0119890615654488
1155, 0.0120515828020871
1156, 0.0119729284197092
1157, 0.0134853020310402
1158, 0.0105267672666482
1159, 0.0129036103996138
1160, 0.0108777692851921
1161, 0.0125039199677606
1162, 0.0111565093199412
1163, 0.0114081919503709
1164, 0.0121211243482927
1165, 0.0123051851987839
1166, 0.0119203644405518
1167, 0.0100509833544493
1168, 0.0148216277360916
1169, 0.0116292022479077
1170, 0.0126370193126301
1171, 0.0118144201114774
1172, 0.0116439135745168
1173, 0.0112594466966887
1174, 0.0120328604243696
1175, 0.0108755831606686
1176, 0.0120638582323279
1177, 0.012144909799099
1178, 0.0126296288466879
1179, 0.0120440285342435
1180, 0.0109965320676565
1181, 0.0120792645029724
1182, 0.011257759295404
1183, 0.0134673950572809
1184, 0.0130901761086924
1185, 0.0125183067284524
1186, 0.0115047429377834
1187, 0.0118940810539893
1188, 0.0123749156482518
1189, 0.0122300507500768
1190, 0.011689477134496
1191, 0.0117248093398909
1192, 0.0121652349829674
1193, 0.0119514338672161
1194, 0.0125515937805176
1195, 0.0120977913029492
1196, 0.0121444511626448
1197, 0.0126083245767014
1198, 0.0123546614444682
1199, 0.0113902916865689
1200, 0.0116280356111626
1201, 0.0118016431108117
1202, 0.0123408084424833
1203, 0.0122569808736444
1204, 0.0120517915735642
1205, 0.0120791074198981
1206, 0.0123949378728867
1207, 0.0117743625305593
1208, 0.0121381595464689
1209, 0.0118244863115251
1210, 0.0119069175173839
1211, 0.0120458781719208
1212, 0.0122262043878436
