1, 0.00504140905104578
2, 0.0132908506784588
3, 0.00143515120726079
4, 0.00509821670129895
5, 0.00584971345961094
6, 0.00819626357406378
7, 0.00379269383847713
8, 0.00138129296828993
9, 0.0140038984827697
10, 0.00443657673895359
11, 0.00492740608751774
12, 0.00754233915358782
13, 0.00525991624454036
14, 0.00549450268348058
15, 0.00563046926011642
16, 0.00574468052946031
17, 0.0058459744323045
18, 0.0059480508013318
19, 0.0060782745325317
20, 0.0062860727775842
21, 0.00668107997626066
22, 0.00752014728883902
23, 0.00951300778736671
24, 0.0120603212465843
25, 0.00755803752690554
26, 0.00385722890496254
27, 0.00195441344597687
28, 0.00101613880057509
29, 0.00170720475337779
30, 0.00240335221557568
31, 0.00297496560961008
32, 0.00341960007790476
33, 0.00376071959423522
34, 0.0040244294796139
35, 0.00423203695875903
36, 0.00439872903128465
37, 0.00453449001846214
38, 0.00464618066325784
39, 0.00473873728575806
40, 0.0048157317408671
41, 0.00487972260452807
42, 0.00493278952005009
43, 0.0049764330809315
44, 0.0050118996296078
45, 0.00504035246558487
46, 0.00506275713754197
47, 0.00507949362508953
48, 0.00509098987095058
49, 0.00509972391383989
50, 0.00511500689511498
51, 0.00514645082876086
52, 0.00518355596189698
53, 0.0052257627248764
54, 0.00527309502164523
55, 0.00532518249625961
56, 0.00538114830851555
57, 0.00543979617456595
58, 0.0054998902293543
59, 0.00556015068044265
60, 0.0056193348330756
61, 0.00567650360365709
62, 0.00573092233389616
63, 0.00578146458913883
64, 0.00582567322999239
65, 0.00583898520562798
66, 0.00585014605894685
67, 0.00586084633444746
68, 0.00587585723648469
69, 0.00589518497387568
70, 0.00591856893151999
71, 0.0059456629678607
72, 0.0059756925329566
73, 0.00600769867499669
74, 0.00604034246255954
75, 0.00607157126069069
76, 0.00609881151467562
77, 0.00611878791823983
78, 0.0061277326506873
79, 0.00612131009499232
80, 0.00609541265293956
81, 0.00604656230037411
82, 0.00597268979375561
83, 0.00587386731058359
84, 0.00575291427473227
85, 0.005615943732361
86, 0.00547287178536256
87, 0.00533742116143306
88, 0.00522099621593952
89, 0.00514540790269772
90, 0.0051161446608603
91, 0.00515797920525074
92, 0.0052422114337484
93, 0.00534803497915467
94, 0.00546473528568943
95, 0.00558052351698279
96, 0.00568751757964492
97, 0.00578360104312499
98, 0.00587316043674946
99, 0.00596949349467953
100, 0.00610253137225906
101, 0.00633318846424421
102, 0.00683875055983663
103, 0.00724181951954961
104, 0.00706228039537867
105, 0.00592302515481909
106, 0.00552189831311504
107, 0.00528879805157582
108, 0.00512267711261908
109, 0.00497975557421644
110, 0.00484212782854835
111, 0.00470111767450968
112, 0.00455343102415403
113, 0.00440021728475889
114, 0.00424519615868727
115, 0.00409380299970508
116, 0.00395739497616887
117, 0.00385077150228123
118, 0.00379825197160244
119, 0.00378783496229776
120, 0.00377321002694468
121, 0.00374795907797913
122, 0.00369282606213043
123, 0.00359004464310904
124, 0.00341949235492696
125, 0.00315669838649531
126, 0.00277480968118956
127, 0.00225112629899134
128, 0.00160674834235882
129, 0.000963907116480793
130, 0.00200791579360763
131, 0.00397025304846466
132, 0.00758532372613748
133, 0.0116816299657027
134, 0.00998904323205352
135, 0.00769336964003742
136, 0.00661783145430187
137, 0.00593260248812536
138, 0.00508689212923249
139, 0.00495414796750993
140, 0.00520812875280778
141, 0.00578119155640403
142, 0.00628878315910697
143, 0.00665472308173776
144, 0.00683759292587638
145, 0.00685437675565481
146, 0.00674842204898596
147, 0.00656962875897686
148, 0.0063589772519966
149, 0.00614376987020175
150, 0.00594003203635414
151, 0.00575669606526693
152, 0.00559720195208987
153, 0.00546091562137008
154, 0.00534617078180114
155, 0.00525107746943831
156, 0.00517312623560429
157, 0.00510982098057866
158, 0.00505915377289057
159, 0.00501923697690169
160, 0.00498838272566597
161, 0.00496550028522809
162, 0.00495003443211317
163, 0.00494229948769013
164, 0.00496584747452289
165, 0.00500688562169671
166, 0.00502878443027536
167, 0.00504423196737965
168, 0.00505498408650358
169, 0.00506326928734779
170, 0.00507139290372531
171, 0.00508459575939924
172, 0.00196171513137718
173, 0.00387777031088869
174, 0.00748761432866255
175, 0.012192953688403
176, 0.012211079398791
177, 0.0074714074532191
178, 0.00370079892066618
179, 0.00179437670158222
180, 0.00385374994948506
181, 0.00400461830819647
182, 0.00418574099118511
183, 0.00442251578594248
184, 0.00470127475758394
185, 0.00502044366051753
186, 0.00540037949879964
187, 0.00643235200550407
188, 0.00690517000233134
189, 0.00654080230742693
190, 0.00632116105407476
191, 0.00629754023005565
192, 0.00638087668145696
193, 0.00651295809075236
194, 0.00664781763528784
195, 0.00673482225586971
196, 0.00671282457187772
197, 0.00653919856995344
198, 0.00619432609528303
199, 0.00571179979791244
200, 0.0051603385557731
201, 0.00493172870483249
202, 0.0029494715688218
203, 0.00130972855258733
204, 0.00462279072962701
205, 0.00591399660333991
206, 0.00603517610579729
207, 0.00620845767358939
208, 0.00650203476349513
209, 0.00704086183880766
210, 0.00860197117019977
211, 0.0083572223250355
212, 0.0111772540956736
213, 0.00592259806580842
214, 0.00497167805830638
215, 0.00492392674398919
216, 0.00486690325972935
217, 0.0047991198177139
218, 0.00471857911907136
219, 0.00450822687707841
220, 0.00437009652766089
221, 0.00420179823413491
222, 0.00399387313518673
223, 0.00373247549093018
224, 0.00339697433325152
225, 0.00296309023785094
226, 0.00245999199493478
227, 0.00188213150249794
228, 0.00580442727853854
229, 0.00546956877224147
230, 0.00540977095564206
231, 0.00535202313524981
232, 0.00529753773783644
233, 0.00524745299480855
234, 0.00520251435227692
235, 0.00516240306509038
236, 0.00512951783215006
237, 0.00531157463168104
238, 0.00539875232304136
239, 0.00549789479312797
240, 0.00561120632725457
241, 0.00572539780599376
242, 0.00583051890134811
243, 0.0059195797269543
244, 0.00598895992152393
245, 0.00603749905712903
246, 0.00606610672548413
247, 0.00607716936307649
248, 0.00607386642756561
249, 0.00605975184589624
250, 0.00603814252341787
251, 0.00601190297553937
252, 0.00598349538631737
253, 0.00595482524173955
254, 0.00592733748878042
255, 0.005901978428786
256, 0.00587949335264663
257, 0.00586051889695227
258, 0.00584530807100236
259, 0.00583380879834294
260, 0.00553018397962054
261, 0.00517806317657232
262, 0.00532173512813946
263, 0.00564872830485304
264, 0.00559024411874513
265, 0.00543859973549843
266, 0.00537885663410028
267, 0.00526841163324813
268, 0.0057581663907816
269, 0.00522014521993697
270, 0.00570495131736
271, 0.00501114991493523
272, 0.00504334395130475
273, 0.00454258499667048
274, 0.00497893593274057
275, 0.00394120335113257
276, 0.0037310104817152
277, 0.00506958528421819
278, 0.00487453397363424
279, 0.00480909280789395
280, 0.00351590620509038
281, 0.00363194327136236
282, 0.00509042316116393
283, 0.00510454767694076
284, 0.00511095784604549
285, 0.00412470517524828
286, 0.00428497015188138
287, 0.00442347287510832
288, 0.00464494914437334
289, 0.00473309440227846
290, 0.00493072982256611
291, 0.00600289367139339
292, 0.00584437030677994
293, 0.00558757355126242
294, 0.00575293344445527
295, 0.0059018114892145
296, 0.00595542757461468
297, 0.00599254473733405
298, 0.0060136744286865
299, 0.0059837088920176
300, 0.00596074992790818
301, 0.00582679694828888
302, 0.00583313071789841
303, 0.00591104757040739
304, 0.00566794870731731
305, 0.00602065368245045
306, 0.0060161054910471
307, 0.00593603805949291
308, 0.00588693415435652
309, 0.00586458365432918
310, 0.00581261383680006
311, 0.00580153691892823
312, 0.00580710444288949
313, 0.00690701673738658
314, 0.00569851308440169
315, 0.00604038507056733
316, 0.00646097414816419
317, 0.00620746511655549
318, 0.00556805520318449
319, 0.00513648201844522
320, 0.00552505194874746
321, 0.0058298914693296
322, 0.00543601904064417
323, 0.00770710067202647
324, 0.00541533576324582
325, 0.00579090815569673
326, 0.00556104086960355
327, 0.00562076837134858
328, 0.00567929027602077
329, 0.00523649877868593
330, 0.00528935032586257
331, 0.00518900559594234
332, 0.00534638234724601
333, 0.00540637682812909
334, 0.00549975542041163
335, 0.00505400511125724
336, 0.00464885705150664
337, 0.00472173203403751
338, 0.00512405104624728
339, 0.00508250792821248
340, 0.00510633457452059
341, 0.00457254750654101
342, 0.00478949421085417
343, 0.00490753135333459
344, 0.00485153690290948
345, 0.00495743394518892
346, 0.00500150467269123
347, 0.00449648289941251
348, 0.00435155005349467
349, 0.00437425499937187
350, 0.00442774663679302
351, 0.00501990279493233
352, 0.0051549288444221
353, 0.00568420820248624
354, 0.00596003133493165
355, 0.0059373975576212
356, 0.00597898359410465
357, 0.00588824095514913
358, 0.00591297758122285
359, 0.00599168636836112
360, 0.00599519559182227
361, 0.00598659669049084
362, 0.00582099434298774
363, 0.00586421166857084
364, 0.00584155740216374
365, 0.00596368638798594
366, 0.00580278915974001
367, 0.00592553390500446
368, 0.00578665329764287
369, 0.00576472476435204
370, 0.00577335113969942
371, 0.00581053807400167
372, 0.00587369866358737
373, 0.00574159668758512
374, 0.00591239069278042
375, 0.00622271102232238
376, 0.00645222514867783
377, 0.00680229665401081
378, 0.00578102070306029
379, 0.00743707455694675
380, 0.00573406166707476
381, 0.00786090362817049
382, 0.00678428281098604
383, 0.0073663298971951
384, 0.00640149717219174
385, 0.00726452454303702
386, 0.00515182369521686
387, 0.00582497551416357
388, 0.0057141339140279
389, 0.00553066050633788
390, 0.00559214161088069
391, 0.00537225735994677
392, 0.00531167110117773
393, 0.00481582153588533
394, 0.00482799112796783
395, 0.00520220251443485
396, 0.00525363922740022
397, 0.00565028369116286
398, 0.00546827780393263
399, 0.00507426455927392
400, 0.00510298879817128
401, 0.00496861276527246
402, 0.00512798565129439
403, 0.00485589487167696
404, 0.00482864227766792
405, 0.00492933594311277
406, 0.00489085074514151
407, 0.00500679869825641
408, 0.00504247479451199
409, 0.00488153751939535
410, 0.00500949813673894
411, 0.00504043822487195
412, 0.00576265985146165
413, 0.00587916575993101
414, 0.00598112222117682
415, 0.00600611402963599
416, 0.00601432387096186
417, 0.00572088942863047
418, 0.00577302804837624
419, 0.00600761307093004
420, 0.00598911809114118
421, 0.00596282607875764
422, 0.00593258487060666
423, 0.005842488957569
424, 0.0059013064019382
425, 0.00587090143623451
426, 0.00579348035777609
427, 0.00581665763941904
428, 0.00572821179715296
429, 0.00575543637387455
430, 0.00594086386263371
431, 0.00574076338671148
432, 0.00565120931714773
433, 0.00605577719397843
434, 0.0067003823351115
435, 0.00642526933612923
436, 0.00592635835831364
437, 0.00594288967549801
438, 0.00567613570019603
439, 0.00533753097988665
440, 0.00513308650503556
441, 0.0052478463233759
442, 0.00549953143733243
443, 0.00533598902014395
444, 0.00527566818830868
445, 0.00562586581024031
446, 0.0055627793384095
447, 0.00507028059413036
448, 0.00521070250709142
449, 0.00510475986326734
450, 0.00544550370735427
451, 0.00513238816832503
452, 0.0050412913163503
453, 0.00503429933451116
454, 0.00515432097017765
455, 0.0050575298567613
456, 0.00504147121682763
457, 0.00507879722863436
458, 0.0051023915099601
459, 0.00543551271160444
460, 0.00507500286524494
461, 0.00518695094312231
462, 0.00607733118037383
463, 0.00607095573407908
464, 0.0060309800984604
465, 0.0060473761210839
466, 0.00606360076926649
467, 0.00601055061755081
468, 0.00596615268538396
469, 0.00587557038913171
470, 0.00591991562396288
471, 0.005835162786146
472, 0.00579968576009075
473, 0.00570418150164187
474, 0.00566584530419537
475, 0.00572258583270013
476, 0.00576941141237815
477, 0.00574394354286293
478, 0.00567972279774646
479, 0.00568902228648464
480, 0.00702097631680469
481, 0.00621932155142228
482, 0.00658554870945712
483, 0.00605716688248018
484, 0.00547943194396794
485, 0.00534665926049153
486, 0.00567433858911196
487, 0.00546761408137778
488, 0.00529421314907571
489, 0.00524096190929413
490, 0.00553366153811415
491, 0.0055970122727255
492, 0.00526147040848931
493, 0.00520992962022622
494, 0.00516897967706124
495, 0.00514694505060713
496, 0.00519173018013438
497, 0.00518213321144382
498, 0.00517116013603906
499, 0.00516813723370433
500, 0.00517180973353485
501, 0.00517986831255257
502, 0.00540077919140458
503, 0.00512560682060818
504, 0.00615179150675734
505, 0.00611114890004198
506, 0.00616963603533804
507, 0.00605279766023159
508, 0.00614957446232438
509, 0.00598566435898344
510, 0.00591885733107726
511, 0.00585753377526999
512, 0.00580382517849406
513, 0.00575858044127623
514, 0.00572176782103876
515, 0.00565068935975432
516, 0.00566949012378852
517, 0.0056924424910297
518, 0.00563052110373974
519, 0.00580649337332164
520, 0.0056334351344655
521, 0.00562714288632075
522, 0.00680806759434442
523, 0.00636665980952481
524, 0.00437691281549633
525, 0.00605246983468533
526, 0.00562563367808859
527, 0.00580633874051273
528, 0.00549461490785082
529, 0.00543234435220559
530, 0.00550483741487066
531, 0.00540338968858123
532, 0.00534224176468949
533, 0.00520562212914228
534, 0.00520458297493557
535, 0.00530422703983883
536, 0.00528370961546898
537, 0.00536293939997752
538, 0.00527526531368494
539, 0.00519194733351469
540, 0.00619906613913675
541, 0.0062557600128154
542, 0.0061117655908068
543, 0.00601489019269745
544, 0.006282405462116
545, 0.00592236787391206
546, 0.00595384052333732
547, 0.00584033550694585
548, 0.00577082461677492
549, 0.00571421541584035
550, 0.00567007507197559
551, 0.00563641738456984
552, 0.00561109557747841
553, 0.0055923699401319
554, 0.00557540745163957
555, 0.00555455378655876
556, 0.00646028147699932
557, 0.00619121602115532
558, 0.00662094082993766
559, 0.00695500825531781
560, 0.00720612276345491
561, 0.00682678366346019
562, 0.0058777469675988
563, 0.00572019411871831
564, 0.00560031652761002
565, 0.00539459334686399
566, 0.00524246419913002
567, 0.00546564363564054
568, 0.00551206773767869
569, 0.00544983024398486
570, 0.00527984003669449
571, 0.00540900975465775
572, 0.00527905478763084
573, 0.00532153256547948
574, 0.00538446249750753
575, 0.00557515987505515
576, 0.00527455455934008
577, 0.00630837896217902
578, 0.00618378298046688
579, 0.00603623928812643
580, 0.00604705248648922
581, 0.00635640444234014
582, 0.00634521238195399
583, 0.00592306675389409
584, 0.00581705725441376
585, 0.00573016563430429
586, 0.00566154182888567
587, 0.00561010822032889
588, 0.00557286152616143
589, 0.00554588483646512
590, 0.0055274652938048
591, 0.00551517858790855
592, 0.00549916170227031
593, 0.00673182541504502
594, 0.00644261250272393
595, 0.00591370447849234
596, 0.00578099396079779
597, 0.00567638905098041
598, 0.00535774370655417
599, 0.00541961767400305
600, 0.00559642864391208
601, 0.00553826056420803
602, 0.00537101997594748
603, 0.00536554500771066
604, 0.00549840577878058
605, 0.00628296598525984
606, 0.00537100116101404
607, 0.00607435940764844
608, 0.00607574956181149
609, 0.00547182559967041
610, 0.00648769436936293
611, 0.00545476245072981
612, 0.00628266863835355
613, 0.00544621329754591
614, 0.00666758643152813
615, 0.00654188357293606
616, 0.00626193610951304
617, 0.00545271364971995
618, 0.00640264544636011
619, 0.00856407319328615
620, 0.00326293086982332
621, 0.00604245120969911
622, 0.00621150286557774
623, 0.00649277547684809
624, 0.00703262413541476
625, 0.00816460116766393
626, 0.00600241535964112
627, 0.00590380296731989
628, 0.00581041350960732
629, 0.00571464995543162
630, 0.0056142962227265
631, 0.00551246913770835
632, 0.00541679716358582
633, 0.00534033798612654
634, 0.00528149881089727
635, 0.00381037111704548
636, 0.00420974117393295
637, 0.00437899756555756
638, 0.00454694653550784
639, 0.00470916096431514
640, 0.00486265844665468
641, 0.00500931055285037
642, 0.00515620340593159
643, 0.00531760680799683
644, 0.0055199374910444
645, 0.00583610885466139
646, 0.00638342190844317
647, 0.00376619608141482
648, 0.00340189901180565
649, 0.00314134285630037
650, 0.00276960828341544
651, 0.0022937065611283
652, 0.00184127391548827
653, 0.00132383919553831
654, 0.00612763481746827
655, 0.00374137210504462
656, 0.00368277740199119
657, 0.00357578330052396
658, 0.00332838056298594
659, 0.0036341636441648
660, 0.00349395097388575
661, 0.00404740800149739
662, 0.00563658936880529
663, 0.00495968006240825
664, 0.00459394735905031
665, 0.0052820696340253
666, 0.00390559035198142
667, 0.00439904583618045
668, 0.00588655619261165
669, 0.00478316486502687
670, 0.00512413517571986
671, 0.00544611659521858
672, 0.0061216209239016
673, 0.00603886654910942
674, 0.00627966209625204
675, 0.00648982535737256
676, 0.00677913716062903
677, 0.00562080756450693
678, 0.00570500936980049
679, 0.00595553498715162
680, 0.00587362423539162
681, 0.00579026465614637
682, 0.00554581716035803
683, 0.00592254886093239
684, 0.00570683685752253
685, 0.0058180777511249
686, 0.0068335758211712
687, 0.0062176128073285
688, 0.00645545489775638
689, 0.00751650550713142
690, 0.00557074835523963
691, 0.00542849870398641
692, 0.0104013034142554
693, 0.00631995858358485
694, 0.00550541394789304
695, 0.00377240162342787
696, 0.00384562994752611
697, 0.00380388740450144
698, 0.00383544352371246
699, 0.00421499515262743
700, 0.00413139959952484
701, 0.00384343431020776
702, 0.00373769283760339
703, 0.00484168118176361
704, 0.00555171670081715
705, 0.00538991391658783
706, 0.00504118165311714
707, 0.0046250248948733
708, 0.00522327663687368
709, 0.00572345879239341
710, 0.00593352527357638
711, 0.00614947052672505
712, 0.00419915475261708
713, 0.00322051617937783
714, 0.00564792016521096
715, 0.00612815958447754
716, 0.00632715613270799
717, 0.00594177415284018
718, 0.00600435204493503
719, 0.00587344992284973
720, 0.00606112220945458
721, 0.00579931874138614
722, 0.00572093902155757
723, 0.00622274509320656
724, 0.00605487505284448
725, 0.00580938315639893
726, 0.00568098644725978
727, 0.00718915656519433
728, 0.00676268432289362
729, 0.00645648400920133
730, 0.00592828961089253
731, 0.00401090830564499
732, 0.00580427190288901
733, 0.00614268984645605
734, 0.00416100450924465
735, 0.004069075648052
736, 0.00404352004018923
737, 0.00400105320538084
738, 0.00481302741294106
739, 0.00595183988722662
740, 0.00579405692405999
741, 0.00409270861806969
742, 0.0048875929787755
743, 0.00548596788818638
744, 0.00564235937781632
745, 0.00531188809933762
746, 0.00511135021224618
747, 0.00440610114795466
748, 0.00596228886085252
749, 0.00601756875403225
750, 0.0043957179877907
751, 0.00611109162370364
752, 0.0058853339869529
753, 0.00615738324510555
754, 0.00606118212454021
755, 0.00609109830111265
756, 0.00623926031403244
757, 0.00699277757667005
758, 0.00668574287556112
759, 0.00594316104737421
760, 0.00607620443527897
761, 0.00768527727840202
762, 0.0044047137722373
763, 0.00446159997954965
764, 0.00435471038023631
765, 0.00425004524489244
766, 0.00395216410979629
767, 0.00598490245950719
768, 0.00586026270563404
769, 0.00557819342551132
770, 0.0057290253850321
771, 0.00539558241143823
772, 0.00517103254484634
773, 0.0046045845374465
774, 0.0046330220066011
775, 0.00480794033501297
776, 0.00606122799217701
777, 0.0061044495087117
778, 0.00613143395942946
779, 0.00609531014093331
780, 0.00613758976881703
781, 0.00610966266443332
782, 0.00513520596238474
783, 0.00595761928707361
784, 0.0064365411332498
785, 0.00608118685583274
786, 0.00678721838630736
787, 0.0062432570848614
788, 0.00728294881992042
789, 0.00608573360368609
790, 0.00459983692105327
791, 0.0049394383871307
792, 0.00473369820974767
793, 0.00601732924891015
794, 0.005932935513556
795, 0.00567585291961829
796, 0.00581942133915921
797, 0.0054805469699204
798, 0.00491388351656497
799, 0.00520720635540783
800, 0.00618760278448463
801, 0.00621435116045177
802, 0.00619884619178871
803, 0.00558044877834618
804, 0.00612232151130835
805, 0.00544898398220539
806, 0.00657780941886206
807, 0.00696143205277622
808, 0.00638827487515907
809, 0.00704394274258188
810, 0.00586250182241201
811, 0.00513547503699859
812, 0.00490973489359021
813, 0.00544279200645785
814, 0.00607799572337951
815, 0.00601099656584362
816, 0.00592102521720032
817, 0.00578761752694845
818, 0.00520000327378511
819, 0.00631180199395333
820, 0.00609543174505234
821, 0.00628292948628465
822, 0.00615419431899985
823, 0.00614200931574617
824, 0.00579883592824141
825, 0.0062221239010493
826, 0.00660394132137299
827, 0.00663997252870883
828, 0.00688862544484437
829, 0.00778559036552906
830, 0.00647234505352875
831, 0.0055709183216095
832, 0.00611581412764887
833, 0.00605653358312945
834, 0.00589062250219285
835, 0.00620179142182072
836, 0.00622875825501978
837, 0.0061212932690978
838, 0.00668971408158541
839, 0.0064689883030951
840, 0.00643377332016826
841, 0.00629478530026972
842, 0.0063640178181231
843, 0.00626591413414904
844, 0.005928850825876
845, 0.00626900248850385
846, 0.00622183749718325
847, 0.00842273151502013
848, 0.00567941266732911
849, 0.00633816653862596
850, 0.00712033229259153
851, 0.0086206691339612
852, 0.0113873071968555
853, 0.00501915897863607
854, 0.00490702409297228
855, 0.00448575258875887
856, 0.00434163639632364
857, 0.00367398016775648
858, 0.00289315334521234
859, 0.00506021726566056
860, 0.00504251282351712
861, 0.00495255482383072
862, 0.00478407181799412
863, 0.00416552345268428
864, 0.00507270513723294
865, 0.00498950908270975
866, 0.0048514778415362
867, 0.004702711943537
868, 0.0046045056078583
869, 0.00394758915839096
870, 0.0033279904940476
871, 0.00235933610626186
872, 0.00181744226332133
873, 0.00130768802482635
874, 0.00499941672508915
875, 0.00575651678567131
876, 0.00497139687649906
877, 0.00498277461156249
878, 0.00502383794325093
879, 0.00505570469734569
880, 0.00509644641230504
881, 0.00528578739613295
882, 0.00561107586448391
883, 0.0064516132697463
884, 0.00667192546340326
885, 0.00665057815300922
886, 0.006493981461972
887, 0.00620016424606244
888, 0.00583046240111192
889, 0.00514744773196677
890, 0.00520981522276998
891, 0.00537727020370464
892, 0.00548512628301978
893, 0.00592011368523041
894, 0.00609659636393189
895, 0.00627846278560658
896, 0.00659342249855399
897, 0.00507387891411781
898, 0.00505018994833032
899, 0.00503788376227021
900, 0.00501889650089045
901, 0.00855818908894435
902, 0.00588135707325169
903, 0.00316339850542136
904, 0.00687321197862426
905, 0.00508066965267062
906, 0.00449589034542441
907, 0.00494283104004959
908, 0.00500716098273794
909, 0.00382450323862334
910, 0.00359944494751592
911, 0.00322893987564991
912, 0.00504719628952444
913, 0.00505971753348907
914, 0.00489884110478063
915, 0.00338809265910337
916, 0.00421055088130136
917, 0.00484497232052187
918, 0.00460744517234464
919, 0.00470145287302633
920, 0.00403115331816177
921, 0.00502981850877404
922, 0.00497851660475135
923, 0.00477990445991357
924, 0.00436470642065008
925, 0.00501751395252844
926, 0.00578812044113874
927, 0.00516625811966757
928, 0.00535722395094732
929, 0.00592970048698286
930, 0.00640054093673825
931, 0.00653732335194945
932, 0.00565814164777597
933, 0.00505723649015029
934, 0.00503433643219372
935, 0.00508634094148874
936, 0.00544353015720844
937, 0.00554298105028768
938, 0.00656306192589303
939, 0.00639231068392595
940, 0.00512243271805346
941, 0.00521926915583511
942, 0.00528272598360976
943, 0.00608382800904413
944, 0.00624388945288956
945, 0.00500904110127262
946, 0.00660984163793425
947, 0.00505883277704318
948, 0.00499612595885992
949, 0.00506635964848101
950, 0.00504594125474493
951, 0.00503243661175172
952, 0.00615695132208722
953, 0.00543747590854764
954, 0.00506702271689262
955, 0.00771523748214046
956, 0.00425686202167223
957, 0.00498188085233172
958, 0.00500643284370502
959, 0.00458445120602846
960, 0.00466959527693689
961, 0.00495120533742011
962, 0.00486721758109828
963, 0.00504048975805442
964, 0.00474609931310018
965, 0.00431404627549152
966, 0.0050257317100962
967, 0.00481201987713575
968, 0.00449198585314055
969, 0.00439865398220718
970, 0.00491342515063783
971, 0.00505151514274379
972, 0.00427380929856251
973, 0.00559899816289544
974, 0.00523383814531068
975, 0.0058790217153728
976, 0.00549687561579049
977, 0.00528481113724411
978, 0.00534315741000076
979, 0.00541205587796867
980, 0.00572267135915657
981, 0.00607092826006313
982, 0.00518988895540436
983, 0.00512123488200208
984, 0.00515264854766428
985, 0.00509485773121317
986, 0.00507268588989973
987, 0.00505453472336133
988, 0.00657971180044115
989, 0.00504034680003921
990, 0.00502976821735501
991, 0.00630496100833019
992, 0.00678536187236508
993, 0.00684369270068904
994, 0.00505440689933797
995, 0.00504298275336623
996, 0.00505984108895063
997, 0.00447733459683756
998, 0.00730100753051894
999, 0.00491257306809227
1000, 0.00521608185954392
1001, 0.0050484436408927
1002, 0.00480473243320982
1003, 0.00478139333426952
1004, 0.00473665073513985
1005, 0.0047651962377131
1006, 0.00473559593471388
1007, 0.00484823722702761
1008, 0.00492615105273823
1009, 0.00488994976816078
1010, 0.00495714174273113
1011, 0.00498259610806902
1012, 0.00500321434810758
1013, 0.0050196157147487
1014, 0.00503234340188404
1015, 0.00504175829701126
1016, 0.00505863251164556
1017, 0.00589581633297106
1018, 0.00505982828326523
1019, 0.00505144514941743
1020, 0.00506965901392202
1021, 0.00508099577079217
1022, 0.00512521201744676
1023, 0.00510817122024794
1024, 0.00523185551476975
1025, 0.00547836363936464
1026, 0.00564935927589734
1027, 0.00528634168828527
1028, 0.00536309710393349
1029, 0.00516745921534797
1030, 0.00519452205238243
1031, 0.00514497670034568
1032, 0.00509380052487055
1033, 0.00626568808885557
1034, 0.0070929458985726
1035, 0.00670894021168351
1036, 0.00670391623862088
1037, 0.00505098459931711
1038, 0.0050539537332952
1039, 0.00490387203171849
1040, 0.00561840405377249
1041, 0.00534129468724132
1042, 0.00505158305168152
1043, 0.00505062572968503
1044, 0.00505157047882676
1045, 0.00504528800956905
1046, 0.00504870767084261
1047, 0.00504059111699462
1048, 0.00503435498103499
1049, 0.00501210250270863
1050, 0.00501854337441425
1051, 0.00501476383457581
1052, 0.00508006863916914
1053, 0.00517567542071144
1054, 0.00503352377563715
1055, 0.00502679722073178
1056, 0.0058534042244511
1057, 0.00640982855111361
1058, 0.00680565081226329
1059, 0.00592190064489841
1060, 0.00505130300298333
1061, 0.00740927131846547
1062, 0.007781923096627
1063, 0.00646010939297932
1064, 0.00770136471837759
1065, 0.00549550261348486
1066, 0.00632651732303202
1067, 0.00564304572929229
1068, 0.00262357401827882
1069, 0.00115236804122105
1070, 0.00313539255876094
1071, 0.00566792674362659
1072, 0.0085520864231512
1073, 0.00709564269830783
1074, 0.00861899927258492
1075, 0.0114000003784895
1076, 0.00384873512666672
1077, 0.00383878122859945
1078, 0.00380378914996982
1079, 0.00373281891612957
1080, 0.0036097812699154
1081, 0.00341710436623544
1082, 0.00274651062985261
1083, 0.00227061965658019
1084, 0.00165101512296436
1085, 0.004972089935715
1086, 0.00463112047873437
1087, 0.00433962163515389
1088, 0.00409730562629799
1089, 0.00578710514431198
1090, 0.00614961097016931
1091, 0.00642296687389414
1092, 0.00657035876065493
1093, 0.00660234262856344
1094, 0.00654784318370124
1095, 0.00644940735461811
1096, 0.00634680059738457
1097, 0.00627153700528045
1098, 0.00625097479981681
1099, 0.0062901481675605
1100, 0.00636025976079206
1101, 0.00683526834473014
1102, 0.00398617528844625
1103, 0.00389388281231125
1104, 0.00332611570289979
1105, 0.003368811033267
1106, 0.00379319411392013
1107, 0.00395516209149112
1108, 0.00348935924315204
1109, 0.00365445832721889
1110, 0.00620563297222058
1111, 0.00651823900019129
1112, 0.00612729694694281
1113, 0.00657288846559823
1114, 0.00637641518066327
1115, 0.00630554316254954
1116, 0.00654590122091273
1117, 0.00640973852326473
1118, 0.00608065142296255
1119, 0.00605899988052746
1120, 0.00540738292038441
1121, 0.00538893936512371
1122, 0.00582792200148106
1123, 0.00458509218879044
1124, 0.00497018025877575
1125, 0.00427164478848378
1126, 0.00613966943430049
1127, 0.00400075402909092
1128, 0.00593306955748371
1129, 0.00394238261505961
1130, 0.00670324116945267
1131, 0.00418415401751796
1132, 0.00415533684038868
1133, 0.00420545840946337
1134, 0.0041524104696388
1135, 0.00420679695283373
1136, 0.00422148255165666
1137, 0.00768826847585539
1138, 0.00604381730469565
1139, 0.00616165017709136
1140, 0.00578885284873347
1141, 0.00593030941672623
1142, 0.00677895840878288
1143, 0.00585496076382697
1144, 0.00633932983813186
1145, 0.00658225904529293
1146, 0.0069260028457003
1147, 0.00539402322222789
1148, 0.00574787808582187
1149, 0.00487513289165994
1150, 0.00446979142725468
1151, 0.00450521109936138
1152, 0.00725459136689703
1153, 0.00536099442147783
1154, 0.00466648489236832
1155, 0.00484771087455253
1156, 0.00518457017218073
1157, 0.00454439828172326
1158, 0.00450536251688997
1159, 0.00458559510298073
1160, 0.0041699361987412
1161, 0.00629092931436996
1162, 0.00571894110180438
1163, 0.00590293728081243
1164, 0.00559878760638336
1165, 0.00588030377402902
1166, 0.00550724030472338
1167, 0.00672877766191959
1168, 0.00703674461692572
1169, 0.00475707240402698
1170, 0.00533239411500593
1171, 0.00768500962294638
1172, 0.00565075494038562
1173, 0.00510289582113425
1174, 0.00527535565197468
1175, 0.00505389102424185
1176, 0.00493864109739661
1177, 0.00485181661012272
1178, 0.00617691202621375
1179, 0.00736416410654783
1180, 0.00685458732768893
1181, 0.00557858226820826
1182, 0.00758993737399578
1183, 0.0072745272357549
1184, 0.0063472418114543
1185, 0.00482691526412964
1186, 0.00642140923688809
1187, 0.00522936158813536
1188, 0.00534482207149267
1189, 0.0055427976573507
