1, 0.00722334696911275
2, 0.0235171585033337
3, 0.0031390618532896
4, 0.00669567240402102
5, 0.00968759134411812
6, 0.0123604228720069
7, 0.00581539329141378
8, 0.00313729187473655
9, 0.0235161129385233
10, 0.00702913966961205
11, 0.00942436046898365
12, 0.0120336506515741
13, 0.00803128181723878
14, 0.00887088027472297
15, 0.00938247594361504
16, 0.00989263551309705
17, 0.0105107918692132
18, 0.0114651455854376
19, 0.0133172081162532
20, 0.0180235860558848
21, 0.0199599976185709
22, 0.0164392382527391
23, 0.0104733522360524
24, 0.00574177984769146
25, 0.00320506996164719
26, 0.00215849341475405
27, 0.00195687010030573
28, 0.00188666527780394
29, 0.00279840198345482
30, 0.00361679024839153
31, 0.00431359893021484
32, 0.004876279970631
33, 0.00531960325315595
34, 0.00567035547768076
35, 0.00594934945305188
36, 0.0061714556068182
37, 0.00634788209572434
38, 0.0064861795399338
39, 0.00658917574522396
40, 0.00666019576601684
41, 0.00670060637639835
42, 0.00672901887446642
43, 0.00682701682671905
44, 0.00698787687967221
45, 0.00719428605710467
46, 0.00743726159756382
47, 0.00770969626804193
48, 0.00800082242737214
49, 0.00829940879096588
50, 0.00859667453914881
51, 0.00888213887810707
52, 0.00914438534528017
53, 0.0093636183689038
54, 0.00957628223113716
55, 0.00966698583215475
56, 0.00971200782805681
57, 0.00979446402440468
58, 0.00990017441411813
59, 0.0100261659050981
60, 0.0101674894491831
61, 0.0103150904178619
62, 0.010456685287257
63, 0.0105762562404076
64, 0.0106557728722692
65, 0.0106738110383352
66, 0.010609772366782
67, 0.0104452949017286
68, 0.0101706295584639
69, 0.00978783859560887
70, 0.00931622522572676
71, 0.00879847879211108
72, 0.00829643135269483
73, 0.00786074747641881
74, 0.00758525061731537
75, 0.0075606182217598
76, 0.00781035594021281
77, 0.00823672131324808
78, 0.00873510849972566
79, 0.00923865692069133
80, 0.00968302103380362
81, 0.0100285618876417
82, 0.0102589319770535
83, 0.0103761358186603
84, 0.0103963986039162
85, 0.0103433694069584
86, 0.0102453973765175
87, 0.0101321181282401
88, 0.0100377257913351
89, 0.0100111399466793
90, 0.0101403885831436
91, 0.0106779051323732
92, 0.0111123730894178
93, 0.0108074601739645
94, 0.00919254341473182
95, 0.00853218045085669
96, 0.00808109839757284
97, 0.00771515211090446
98, 0.00738404986138145
99, 0.00707463004315893
100, 0.00678528364126881
101, 0.00652026726553837
102, 0.0062865111976862
103, 0.00608865497633815
104, 0.00593354909991225
105, 0.00584220187738538
106, 0.00580729375360534
107, 0.0057685332528005
108, 0.00574111806539198
109, 0.00569642482635876
110, 0.0056159074883908
111, 0.0054860576055944
112, 0.0052911969833076
113, 0.00501390779390931
114, 0.00463198404759169
115, 0.00412014041406413
116, 0.00345924807091554
117, 0.00265128068470707
118, 0.00184803254281481
119, 0.00196099269669503
120, 0.00212892217678018
121, 0.00303010308804611
122, 0.00529635526860754
123, 0.00997845626746615
124, 0.0163639914244413
125, 0.0217773225158453
126, 0.0179550837104519
127, 0.013220464810729
128, 0.0113484269628922
129, 0.0103485453873873
130, 0.00964258657768369
131, 0.00900355897222956
132, 0.00799486966570839
133, 0.00744856800884008
134, 0.00777438081180056
135, 0.00830477258811394
136, 0.00890947536875804
137, 0.00951385529090961
138, 0.0100412992760539
139, 0.0104440627619624
140, 0.010703740020593
141, 0.0108246539408962
142, 0.0108279061193267
143, 0.0107413514827689
144, 0.0105930427089334
145, 0.0104096836100022
146, 0.0102118387197455
147, 0.0100173084065318
148, 0.00983791301647822
149, 0.00968170321236054
150, 0.00955701805651188
151, 0.00946628643820683
152, 0.00939891487360001
153, 0.00934087112545967
154, 0.00915833997229735
155, 0.00891743848721186
156, 0.00864396337419748
157, 0.00835284528632959
158, 0.00805441259096066
159, 0.00775889245172342
160, 0.00747910064334671
161, 0.00722672355671724
162, 0.00701086378345887
163, 0.00684072372193138
164, 0.00673380866646767
165, 0.00214353753835894
166, 0.003120537304009
167, 0.00549625543256601
168, 0.00997261904800932
169, 0.0163112649073203
170, 0.0217646770179272
171, 0.0199531619437039
172, 0.0164995612576604
173, 0.0104769275834163
174, 0.00549084894979994
175, 0.0030227640333275
176, 0.00211119698360562
177, 0.0058501794313391
178, 0.0059543396346271
179, 0.00612218833218018
180, 0.00633339242388805
181, 0.00658245120818416
182, 0.00686538591980934
183, 0.00717643757040302
184, 0.00751332798972726
185, 0.00788630110522111
186, 0.0083393935735027
187, 0.00898670870810747
188, 0.0105425463989377
189, 0.010850302875042
190, 0.0104541145265102
191, 0.00996044557541609
192, 0.00987114322682222
193, 0.0099408682435751
194, 0.0100840314601858
195, 0.0102543774992228
196, 0.0104161348814766
197, 0.0105356347436706
198, 0.0105775650590658
199, 0.0105091569324334
200, 0.0103049135456483
201, 0.0099533520018061
202, 0.00946649163961411
203, 0.00888756786783536
204, 0.00829709662745396
205, 0.00776939823602637
206, 0.00744715286418796
207, 0.00968628174935778
208, 0.00916139393423994
209, 0.00302548008039594
210, 0.00523865579937895
211, 0.00866496246308088
212, 0.00855356998120745
213, 0.0102448269414405
214, 0.0110076810233295
215, 0.0125826422923378
216, 0.0123233219298224
217, 0.0149068882067998
218, 0.00558722927235067
219, 0.015581004632016
220, 0.00612212616639833
221, 0.00588892671900491
222, 0.00559894492228826
223, 0.00479242578148842
224, 0.00424300797749311
225, 0.00357511127367616
226, 0.00295884967116373
227, 0.00193121905128161
228, 0.00815264337385694
229, 0.00785469791541497
230, 0.00756950280629098
231, 0.0073085460656633
232, 0.00708166502105693
233, 0.0068926146098723
234, 0.0067608756168435
235, 0.00886152995129426
236, 0.00926376848171155
237, 0.00965138804167509
238, 0.00998231039072076
239, 0.0102322183859845
240, 0.0103935496881604
241, 0.0104698742118975
242, 0.0104732668648163
243, 0.0104197454638779
244, 0.0103264921344817
245, 0.0102093309784929
246, 0.0100816735066473
247, 0.00995492143556476
248, 0.00983799171323578
249, 0.0097360429354012
250, 0.00965057468662659
251, 0.00959508338322242
252, 0.00845267064869404
253, 0.00717845605686307
254, 0.00742995203472674
255, 0.00902421011899908
256, 0.00874623066435258
257, 0.00800877840568622
258, 0.00771047741485139
259, 0.00696784537285566
260, 0.00927746947854757
261, 0.00945508200675249
262, 0.00850489269942045
263, 0.0101168411783874
264, 0.00951232621446252
265, 0.00968343485146761
266, 0.00989970471709967
267, 0.0102622682849566
268, 0.010235379760464
269, 0.00943984556943178
270, 0.00820308923721313
271, 0.0102769724714259
272, 0.00971757806837559
273, 0.0101280328817666
274, 0.00995302697022756
275, 0.0102044081625839
276, 0.0100118805033465
277, 0.00978821190074086
278, 0.00959162755558888
279, 0.00630957602212826
280, 0.00571956594164173
281, 0.00657751061953604
282, 0.00646013471608361
283, 0.00618820047626893
284, 0.00463673976870875
285, 0.00597541600776215
286, 0.00421333340151856
287, 0.00665568948412935
288, 0.0066963778808713
289, 0.00505795050412416
290, 0.00541542734329899
291, 0.0100864226308962
292, 0.0116297036098937
293, 0.00897176989487239
294, 0.00956188670049111
295, 0.0107208279271921
296, 0.00677894042538745
297, 0.00943366970334734
298, 0.00509704281575978
299, 0.0112557202577591
300, 0.00938472159517308
301, 0.0134842058643699
302, 0.00685834037140012
303, 0.00861284012595812
304, 0.00890544910604755
305, 0.00917213782668114
306, 0.00786369410343468
307, 0.00756420660763979
308, 0.00703226200615366
309, 0.00728461208442847
310, 0.00831351910407344
311, 0.00995097712924083
312, 0.0100631872192025
313, 0.0101959266078969
314, 0.0101578140941759
315, 0.0102379112504423
316, 0.0102210238886376
317, 0.00950330899407466
318, 0.00941401130209366
319, 0.00934976463516553
320, 0.00960410789897045
321, 0.00983184886475404
322, 0.0100918631069362
323, 0.00971407319108645
324, 0.00992648582905531
325, 0.0091577071386079
326, 0.00931992121040821
327, 0.00636392195398609
328, 0.00671779015101492
329, 0.00662982479358713
330, 0.00606255722232163
331, 0.00623310085696479
332, 0.00638777941154937
333, 0.00588043057359755
334, 0.00551822346945604
335, 0.00569364506130417
336, 0.00651048092792432
337, 0.0131557760760188
338, 0.0112533252686262
339, 0.0105795576237142
340, 0.00998827815055847
341, 0.0094515485689044
342, 0.00353669495477031
343, 0.00579281124685492
344, 0.0068541773861008
345, 0.00909140559711627
346, 0.00848252155507604
347, 0.00741047839013239
348, 0.00771471772653361
349, 0.0087729194201529
350, 0.00712744751945138
351, 0.00817428451652328
352, 0.0103590541208784
353, 0.0103997100765506
354, 0.010373592376709
355, 0.00941141260166963
356, 0.0102847007413705
357, 0.0093049225397408
358, 0.00914642432083686
359, 0.00921036706616481
360, 0.0098346055795749
361, 0.00999605190008879
362, 0.0101517592556775
363, 0.00953678491835793
364, 0.00967934991543492
365, 0.00969612908860048
366, 0.00652501072424154
367, 0.0121124217597147
368, 0.00669396505691111
369, 0.00672621287715932
370, 0.00666955982645353
371, 0.00663780397735536
372, 0.00675080895113448
373, 0.00663343778190513
374, 0.00664463724630574
375, 0.0110096475109458
376, 0.0105042915791273
377, 0.0102132499838869
378, 0.0083517317349712
379, 0.00721971264907292
380, 0.00757586459318797
381, 0.0086678237033387
382, 0.0107226832769811
383, 0.0106160510331392
384, 0.0104430424980819
385, 0.00899260801573594
386, 0.00888974179646798
387, 0.0102254562079906
388, 0.00909233093261719
389, 0.00921819824725389
390, 0.00976137351244688
391, 0.00999076897278428
392, 0.00955268989006678
393, 0.00937129774441322
394, 0.00802941620349884
395, 0.00675122925479497
396, 0.00679447362199426
397, 0.0116517885277669
398, 0.0069254736105601
399, 0.00719510406876604
400, 0.00762229148919384
401, 0.00739505855987469
402, 0.00726206903345883
403, 0.00686820169600348
404, 0.0107515276010547
405, 0.00696151526644826
406, 0.00821302024026712
407, 0.00744931204244494
408, 0.00853659647206465
409, 0.0109212440438569
410, 0.00891804229468107
411, 0.0106597792667647
412, 0.00872868672013283
413, 0.0103491125628352
414, 0.00875688949599862
415, 0.0100261260134478
416, 0.00887444987893105
417, 0.00971597898751497
418, 0.00902422393361727
419, 0.00944083152959744
420, 0.00921026586244504
421, 0.00787911385608216
422, 0.00797268748283386
423, 0.0113259800709784
424, 0.0122508883165816
425, 0.00716950635736187
426, 0.00822109488459925
427, 0.00774598610587418
428, 0.00793526639851431
429, 0.00718052848242223
430, 0.0110473323613405
431, 0.0113403065396207
432, 0.0080554086714983
433, 0.0109154356953998
434, 0.0104978862218559
435, 0.0100800537814697
436, 0.00968193433557948
437, 0.00849815147618453
438, 0.00881862081587315
439, 0.00864306573445598
440, 0.00933274424945315
441, 0.00904536138599118
442, 0.00776177854277194
443, 0.00867532504101594
444, 0.00861820089630783
445, 0.00719014826851587
446, 0.00762465526349843
447, 0.0117970304563642
448, 0.00860150003184875
449, 0.00831347440058986
450, 0.00755830171207587
451, 0.011094621848315
452, 0.00756477225305779
453, 0.00806455699993031
454, 0.0106440389839311
455, 0.0101182859701415
456, 0.0084049024486116
457, 0.00962454810117682
458, 0.00919987292339404
459, 0.00839019721994797
460, 0.00859161916499337
461, 0.00823029720534881
462, 0.00885622125739853
463, 0.00775585193186998
464, 0.00917604860539238
465, 0.0119434242757658
466, 0.00810850465980669
467, 0.00898658639440934
468, 0.0079625021511068
469, 0.0107275132089853
470, 0.0116240343078971
471, 0.01008857631435
472, 0.0124349587463907
473, 0.00963543721341661
474, 0.0100446518821021
475, 0.00786941582337022
476, 0.0111489334542836
477, 0.0073168392603596
478, 0.0128853186964989
479, 0.00520438747480512
480, 0.0113439488535126
481, 0.0094779790379107
482, 0.0042402804363519
483, 0.00586685119196773
484, 0.00670611819562813
485, 0.00700830474185447
486, 0.00733364575232069
487, 0.00768152461387217
488, 0.00805876512701313
489, 0.00848980077231924
490, 0.00906651901702086
491, 0.00991522691523035
492, 0.00578510730216901
493, 0.00340264822201182
494, 0.00267980721158286
495, 0.00456599572983881
496, 0.00404791727972527
497, 0.0019598796692056
498, 0.0125238223311802
499, 0.00850833354828258
500, 0.0163181899115443
501, 0.00534073527281483
502, 0.00314112477159748
503, 0.00816931466882428
504, 0.0101248929277062
505, 0.0101977068309983
506, 0.0102554831343393
507, 0.0102726660358409
508, 0.0102266020451983
509, 0.0100996516024073
510, 0.00988230124736826
511, 0.009578344412148
512, 0.00920764046410719
513, 0.0120517057366669
514, 0.00914277524376909
515, 0.0102084795944393
516, 0.0109177577930192
517, 0.00643317804982265
518, 0.00860219417760769
519, 0.00815057226767143
520, 0.00773900537751615
521, 0.00735413399524987
522, 0.00699423889939984
523, 0.00619763027255734
524, 0.00600217507841686
525, 0.00912053836509585
526, 0.00576245978785058
527, 0.00570824160240591
528, 0.00561586309534808
529, 0.00496366371711095
530, 0.0044757501843075
531, 0.00547100137919188
532, 0.00525900108429293
533, 0.00401425924307356
534, 0.00486757482091586
535, 0.0184901336518427
536, 0.0100636733695865
537, 0.00968170709287127
538, 0.00881113189583023
539, 0.0100866771923999
540, 0.0101587745981912
541, 0.0100524549682935
542, 0.0100984087524315
543, 0.0102587834311028
544, 0.0105604426935315
545, 0.0100446670937041
546, 0.0100279490773877
547, 0.00990068322668473
548, 0.0101357439222435
549, 0.0101365225079159
550, 0.00966496517260869
551, 0.011432813325276
552, 0.00864414554089308
553, 0.0106560072551171
554, 0.00988739702318396
555, 0.0142684006132185
556, 0.00894114428332874
557, 0.00959816295653582
558, 0.00636267010122538
559, 0.00774333509616554
560, 0.00733312126249075
561, 0.00817858784769972
562, 0.00863876550768813
563, 0.00914547359570861
564, 0.00666056193100909
565, 0.00589312768230836
566, 0.00518395697387556
567, 0.00582560268230736
568, 0.00561441807076335
569, 0.00574314322633048
570, 0.0054770993689696
571, 0.0055898268862317
572, 0.00543092237785459
573, 0.00360682350583375
574, 0.00587489688768983
575, 0.00997843810667594
576, 0.00845672120340168
577, 0.00999016128480434
578, 0.00995078108583887
579, 0.010185454506427
580, 0.0101520776127776
581, 0.0100833113926152
582, 0.00999792230625947
583, 0.0101664702718457
584, 0.00991113639126221
585, 0.0100811134713391
586, 0.00940844494228562
587, 0.00995269852379958
588, 0.0100548580909769
589, 0.011233769201984
590, 0.00953679935385784
591, 0.00611634987095992
592, 0.00590327734659825
593, 0.0134343646156291
594, 0.00912791297637991
595, 0.0117886432313493
596, 0.00604807758437736
597, 0.00960333778389863
598, 0.0062590545664231
599, 0.00658417260274291
600, 0.00862201489508152
601, 0.00815313464651505
602, 0.00908786353344719
603, 0.0077062069127957
604, 0.00694545172154903
605, 0.0127256076472501
606, 0.00611270757924233
607, 0.00584125611931086
608, 0.00606369064189494
609, 0.00601729129751523
610, 0.00571879798856874
611, 0.0059427401671807
612, 0.00665862656508883
613, 0.00609020850000282
614, 0.00547177200981726
615, 0.00983333634212613
616, 0.00579782892018557
617, 0.0103529047531386
618, 0.0104133537970483
619, 0.00991857548554738
620, 0.0102422527658443
621, 0.0100989813605944
622, 0.00994656654074788
623, 0.00912405069296559
624, 0.00980371454109748
625, 0.00972509337589145
626, 0.00977176303664843
627, 0.0105641049643358
628, 0.00997508503496647
629, 0.00942714642733336
630, 0.00603500381112099
631, 0.00967981868113081
632, 0.00647419551387429
633, 0.00685845121430854
634, 0.00906157639941999
635, 0.00854335337256392
636, 0.00809147589219113
637, 0.00727663623789946
638, 0.00648281110140185
639, 0.0064572481593738
640, 0.00642152115081747
641, 0.00644225029585262
642, 0.00638949708081782
643, 0.006538465541477
644, 0.00689952517859638
645, 0.0096777300350368
646, 0.0106290956027806
647, 0.0104150320403278
648, 0.0103796618059278
649, 0.00948218147580822
650, 0.0101750632748008
651, 0.00993101857602596
652, 0.00970816363890966
653, 0.00956844460840026
654, 0.0110479438056548
655, 0.0105158645659685
656, 0.00942675862461329
657, 0.0102175006953379
658, 0.00718629662878811
659, 0.00885528139770031
660, 0.00848868085692326
661, 0.00707619152963161
662, 0.00763106811791658
663, 0.00797837600111961
664, 0.00730300097105404
665, 0.00700075249187648
666, 0.00712512185176214
667, 0.0068992991776516
668, 0.00678869763699671
669, 0.00756566870647172
670, 0.00951728892202179
671, 0.0106465037291249
672, 0.0107809750673672
673, 0.0102826355335613
674, 0.0118730177304574
675, 0.00993416830897331
676, 0.00961968318248788
677, 0.00934870090956489
678, 0.0108019645724978
679, 0.00671223883650133
680, 0.00633306251838803
681, 0.00749849745382865
682, 0.00889616113688265
683, 0.00799988411987821
684, 0.00865168225330611
685, 0.00746209593489766
686, 0.00787883158773184
687, 0.0082040352281183
688, 0.0076387218820552
689, 0.0072631830504785
690, 0.00865022472238966
691, 0.00921951079120239
692, 0.00935165180514256
693, 0.0109970226351704
694, 0.0103476899676025
695, 0.0114790455748638
696, 0.00990953901782632
697, 0.00951477931812406
698, 0.00913483602926135
699, 0.00707285106182098
700, 0.00842655580490828
701, 0.0111332224681973
702, 0.0114747203576068
703, 0.00981042378892501
704, 0.00787431148013898
705, 0.0090896791468064
706, 0.00840625663598379
707, 0.0080629816899697
708, 0.0086503402950863
709, 0.00831272235761086
710, 0.00925905040154854
711, 0.00918053633843859
712, 0.0107662541791797
713, 0.00984301728506883
714, 0.0119916234786312
715, 0.00935451329375307
716, 0.00892208935692906
717, 0.00875856187194586
718, 0.0116465784609318
719, 0.00865502282977104
720, 0.00896212023993333
721, 0.0100204521790147
722, 0.0125245447270572
723, 0.0104350638575852
724, 0.00965815068533023
725, 0.0103659084998071
726, 0.0110639945736953
727, 0.0111009092735393
728, 0.0111708261072636
729, 0.0118320868350565
730, 0.0119060030207038
731, 0.0084422465103368
732, 0.0141900973394513
733, 0.0125867935518424
734, 0.00994782134269675
735, 0.010437102522701
736, 0.0106050822262963
737, 0.0105791812141736
738, 0.0104518712808688
739, 0.0102115740689139
740, 0.00986228448649248
741, 0.00942993226150672
742, 0.00896394376953443
743, 0.00854141296197971
744, 0.00818199253020187
745, 0.0101189555910726
746, 0.0102872007216016
747, 0.0105503204589089
748, 0.00734430916296939
749, 0.00690905827408036
750, 0.00710673040399949
751, 0.00761478883214295
752, 0.00790633090461294
753, 0.00820711549992363
754, 0.00850577435145775
755, 0.00879127501199643
756, 0.0090539592007796
757, 0.00926579892014464
758, 0.00676938161874811
759, 0.0162724694237113
760, 0.0124122118577361
761, 0.00577062967100314
762, 0.0084682487261792
763, 0.00313225180919593
764, 0.00645979610271752
765, 0.00657823743919532
766, 0.00588273008664449
767, 0.00558803727229436
768, 0.00476454035378993
769, 0.00420007951712857
770, 0.00351302232593298
771, 0.00274474798546483
772, 0.00196293881163001
773, 0.00630872657833
774, 0.0066581309462587
775, 0.00611921361026665
776, 0.0052210147647808
777, 0.0107900467701256
778, 0.0119683132506907
779, 0.00978603214025497
780, 0.00951606128364801
781, 0.0100586043360333
782, 0.00976287977149089
783, 0.010303839109838
784, 0.0103144366294146
785, 0.0103724185998241
786, 0.00962655028949181
787, 0.0101601309143007
788, 0.00964078959077597
789, 0.0103814331814647
790, 0.00931449063743154
791, 0.00942693588634332
792, 0.00938201956450939
793, 0.00992272964989146
794, 0.00991135494162639
795, 0.0101937688887119
796, 0.00894615954409043
797, 0.00836959093188246
798, 0.00698389120710393
799, 0.00746842427179217
800, 0.00720416801050305
801, 0.00775825527186195
802, 0.00806199153885245
803, 0.00867132764930526
804, 0.0184428488525252
805, 0.00663103310701748
806, 0.00672192762916287
807, 0.00596142280846834
808, 0.00457686771793912
809, 0.00650889240205288
810, 0.00618031240689258
811, 0.00569791967670123
812, 0.00538317804845671
813, 0.00501164211891592
814, 0.00409240752924234
815, 0.00636093326223393
816, 0.00360456314714005
817, 0.0100135751999915
818, 0.00934370048344135
819, 0.0113566524038712
820, 0.00873863957822323
821, 0.00909798512501376
822, 0.00678730217207755
823, 0.00922119098582438
824, 0.0142650043902298
825, 0.00967686381191015
826, 0.00949541727701823
827, 0.00938022928312421
828, 0.00929128285497427
829, 0.0100156613625586
830, 0.0103871266668042
831, 0.0103705464862287
832, 0.00985871503750483
833, 0.0101641380848984
834, 0.00970374373719096
835, 0.00955710001289845
836, 0.0102887229683499
837, 0.0103193088434637
838, 0.00994491421928008
839, 0.0101644704118371
840, 0.00962218906109532
841, 0.00885909252489606
842, 0.00854999059811234
843, 0.00823103108753761
844, 0.0079140777233988
845, 0.00760596672383447
846, 0.00731176378515859
847, 0.00704724403719107
848, 0.00621335208415985
849, 0.00603717689712842
850, 0.0063745112468799
851, 0.00651872375359138
852, 0.00664321139144401
853, 0.00585209329922994
854, 0.00675338654158016
855, 0.00552778442700704
856, 0.00567252452795704
857, 0.00686114906732525
858, 0.0105023177651068
859, 0.00670044394209981
860, 0.00982321240007877
861, 0.0092680174857378
862, 0.0134122876139979
863, 0.0115322158006685
864, 0.00561639554022501
865, 0.0103227840736508
866, 0.0127906758959095
867, 0.0106265493668616
868, 0.0106195226932565
869, 0.00930435381208857
870, 0.0091955402555565
871, 0.0103334401113292
872, 0.0105101334241529
873, 0.00908088710691248
874, 0.00934445097421606
875, 0.0101225635347267
876, 0.00969636083270113
877, 0.0095082251355052
878, 0.00990439454714457
879, 0.0105173536576331
880, 0.00743997298801939
881, 0.00776316008220116
882, 0.00714389234781265
883, 0.00808834532896678
884, 0.00908964015543461
885, 0.00842499065523346
886, 0.00874485836053888
887, 0.0094222736855348
888, 0.00686685889959335
889, 0.00548486729773382
890, 0.00670535187236965
891, 0.00686557653049628
892, 0.00664518649379412
893, 0.00670852760473887
894, 0.00678504863753915
895, 0.00661431617724399
896, 0.00697158742696047
897, 0.006605906256785
898, 0.00693157517040769
899, 0.0110793753216664
900, 0.0109722510290643
901, 0.0110311253617207
902, 0.0107611948624253
903, 0.00909048287818829
904, 0.0104729377975067
905, 0.00899382432301839
906, 0.00894008055329323
907, 0.0101546395259599
908, 0.00912754253173868
909, 0.0093245937799414
910, 0.0098430587289234
911, 0.0095635085987548
912, 0.00760921641873817
913, 0.00828346563503146
914, 0.00723729681755815
915, 0.0086667069367
916, 0.00794568075798452
917, 0.00920474420612057
918, 0.00694156376024087
919, 0.00717457771922151
920, 0.00715607730671763
921, 0.00717160594649613
922, 0.00757690169848502
923, 0.00719678363141914
924, 0.00722947507165372
925, 0.00735323744205137
926, 0.0108917960897088
927, 0.0115463507494756
928, 0.0110880536958575
929, 0.0114181883012255
930, 0.0106654581613839
931, 0.00886034329111377
932, 0.0102205984294415
933, 0.00876405974850059
934, 0.00979986600577831
935, 0.00818556334291186
936, 0.0088980106326441
937, 0.00777240896907945
938, 0.00913510875155528
939, 0.0094341974084576
940, 0.00897090292225281
941, 0.00741560252693792
942, 0.00746444799005985
943, 0.00794532833000024
944, 0.00755050638690591
945, 0.00761164942135413
946, 0.00756231070097004
947, 0.0081910383887589
948, 0.00772531237453222
949, 0.00790808101495107
950, 0.0114481998607516
951, 0.0108607628693183
952, 0.0102657869768639
953, 0.0086131173496445
954, 0.00972483213990927
955, 0.00800757847415904
956, 0.0092705759840707
957, 0.00863651636367043
958, 0.00891031340385477
959, 0.00871409584457676
960, 0.00851994496770203
961, 0.00860512699000537
962, 0.00796847604215145
963, 0.00811442158495386
964, 0.00861386256292462
965, 0.00832079017224411
966, 0.00853391581525405
967, 0.00848672203719616
968, 0.0109594220605989
969, 0.0102090747095644
970, 0.00954958641280731
971, 0.00825886521488428
972, 0.0093452458580335
973, 0.00918320333585143
974, 0.00901775248348713
975, 0.00843067513778806
976, 0.00784705923870206
977, 0.00993608792002002
978, 0.0117476689629257
979, 0.00831615515053272
980, 0.00810728128999472
981, 0.0107995119566719
982, 0.0119079169817269
983, 0.0124271706278835
984, 0.0104470578953624
985, 0.0116014312952757
986, 0.0122342960909009
987, 0.0118825002573431
988, 0.0141222164966166
989, 0.0125609522995849
990, 0.00840367159495751
991, 0.00303806141406919
992, 0.00455844650665919
993, 0.0100456294603646
994, 0.0108802733011544
995, 0.0125941477183785
996, 0.012225414160639
997, 0.0148264042412241
998, 0.00514328747522086
999, 0.0155788916163146
1000, 0.00547348195686936
1001, 0.00525918284741541
1002, 0.00496014161035419
1003, 0.00403473052817086
1004, 0.00337714271154255
1005, 0.00263098708819598
1006, 0.00188688045212378
1007, 0.00969585341711839
1008, 0.00887273671105504
1009, 0.00829691346734762
1010, 0.00785480292203526
1011, 0.00746536984418829
1012, 0.00711046865520378
1013, 0.00678506617744764
1014, 0.00649375949675838
1015, 0.00624307151883841
1016, 0.00603292773788174
1017, 0.00588337650212149
1018, 0.00818027191174527
1019, 0.00895298117150863
1020, 0.00940272988130649
1021, 0.00980635934198896
1022, 0.0101164095103741
1023, 0.010313519431899
1024, 0.0104004844712714
1025, 0.0103940086749693
1026, 0.0103190438821912
1027, 0.0102041388551394
1028, 0.0100788371637464
1029, 0.00997219529623787
1030, 0.0099140047095716
1031, 0.00993249503274759
1032, 0.0100647656557461
1033, 0.00616350156875948
1034, 0.00674259142639736
1035, 0.00892764221255978
1036, 0.0079223580347995
1037, 0.00749416920977334
1038, 0.00839610444381833
1039, 0.00710053004634877
1040, 0.00642662689400216
1041, 0.0056219221247981
1042, 0.00577586524498959
1043, 0.00571792564975719
1044, 0.00561960592555503
1045, 0.00443274659725527
1046, 0.00579888986734052
1047, 0.00580831179395318
1048, 0.00517383062591155
1049, 0.00396958218577007
1050, 0.00484426560190817
1051, 0.00543073231043915
1052, 0.00853682650874058
1053, 0.00990071877216299
1054, 0.0102672601739566
1055, 0.0101075090157489
1056, 0.0102283710924288
1057, 0.0102383318978051
1058, 0.00962166565780838
1059, 0.0100626146110396
1060, 0.00987146981060505
1061, 0.00981559526796142
1062, 0.00978863891214132
1063, 0.00995874389385184
1064, 0.0101627435845633
1065, 0.00981132003168265
1066, 0.009354534248511
1067, 0.010563080975165
1068, 0.0115315976242224
1069, 0.00969096432839121
1070, 0.00593064971534269
1071, 0.00565117717875789
1072, 0.0134761527180672
1073, 0.00886791465537889
1074, 0.0111531948670745
1075, 0.0066635652910918
1076, 0.00632163106153409
1077, 0.00704609012852112
1078, 0.00746532025126119
1079, 0.00791719555854797
1080, 0.0084065116631488
1081, 0.00894304007912675
1082, 0.00584484861853222
1083, 0.00592442043125629
1084, 0.00590274296700954
1085, 0.00543567390802006
1086, 0.00555057575305303
1087, 0.00570008981352051
1088, 0.00583574540602664
1089, 0.00594812639368077
1090, 0.00575411870765189
1091, 0.00608078585937619
1092, 0.0100693982094526
1093, 0.00993327454974254
1094, 0.0102955071876446
1095, 0.0101981313588719
1096, 0.0103365125445028
1097, 0.0103009324520826
1098, 0.00980447341377536
1099, 0.0096109948741893
1100, 0.00969448204462727
1101, 0.00954797305166721
1102, 0.009415839000472
1103, 0.0101784894553324
1104, 0.00931554582590858
1105, 0.0130955697968602
1106, 0.00984867801889777
1107, 0.0103349961340427
1108, 0.00351118148925404
1109, 0.0111564532853663
1110, 0.00910535481359277
1111, 0.00546110099336753
1112, 0.00616452709904739
1113, 0.00785837112925947
1114, 0.00739316424975793
1115, 0.00694537605158985
1116, 0.00654332052605848
1117, 0.00835828064009547
1118, 0.00886196146408717
1119, 0.00608239423794051
1120, 0.0061277433608969
1121, 0.00665780009391407
1122, 0.00644996149155001
1123, 0.00652710433738927
1124, 0.00648374723580976
1125, 0.00603590300306678
1126, 0.00941345188766718
1127, 0.0106480835626523
1128, 0.00995509776597222
1129, 0.0105952623610695
1130, 0.0104575008153915
1131, 0.0102613852359354
1132, 0.00937028151626388
1133, 0.00983261844764153
1134, 0.0100437013121943
1135, 0.00921620260924101
1136, 0.00927472782010833
1137, 0.00949444870154063
1138, 0.00964789651334286
1139, 0.0103567138846431
1140, 0.0120524861849844
1141, 0.00874189268797636
1142, 0.00728506276694437
1143, 0.00776961639833947
1144, 0.00677804103387254
1145, 0.00824808888137341
1146, 0.00881287615214075
1147, 0.00643427025837203
1148, 0.00641594943590462
1149, 0.0075445962138474
1150, 0.0071109749066333
1151, 0.00731004720243315
1152, 0.00646630061479906
1153, 0.0109885682662328
1154, 0.0105648813769221
1155, 0.010725105026116
1156, 0.0104068163782358
1157, 0.0100748760936161
1158, 0.00976434738064806
1159, 0.00897384543592731
1160, 0.00910530130689343
1161, 0.00948763452470303
1162, 0.00927806956072648
1163, 0.00968957878649235
1164, 0.0109613738954067
1165, 0.0115585971313218
1166, 0.0111503937680806
1167, 0.00715052476152778
1168, 0.00766826226996879
1169, 0.00817142380401492
1170, 0.00698648300021887
1171, 0.00639079958200455
1172, 0.00817930496608218
1173, 0.00794107387108462
1174, 0.00857550669461489
1175, 0.00700456346385181
1176, 0.00798420833113293
1177, 0.0110394367948174
1178, 0.0106014716438949
1179, 0.0101397262575726
1180, 0.00971545651555061
1181, 0.00860430672764778
1182, 0.0122222507682939
1183, 0.00933425687253475
1184, 0.00883686216548085
1185, 0.00902967791383465
1186, 0.00757381312238673
1187, 0.00806126021780074
1188, 0.00753237532141308
1189, 0.00860966835170984
1190, 0.00754376873373985
1191, 0.00701165967620909
1192, 0.0085987924442937
1193, 0.0113575587049127
1194, 0.0108141962749263
1195, 0.0117362967381875
1196, 0.0102044125087559
1197, 0.00965088155741493
1198, 0.00852486506725351
1199, 0.00870134375457253
1200, 0.00674775466322899
1201, 0.0114047996965902
1202, 0.00802741618826985
1203, 0.00925205927342176
1204, 0.00876254091660182
1205, 0.0119464225135744
1206, 0.00842553935945034
1207, 0.0111636342480779
1208, 0.00775751036902269
1209, 0.0101760663092136
1210, 0.0124330737494997
1211, 0.00805066525936127
1212, 0.0113459470060964
1213, 0.0101918761307995
1214, 0.0128740504384041
1215, 0.00991462528084715
1216, 0.0108557377010584
1217, 0.00951972370967269
1218, 0.00898248640199502
1219, 0.00917135768880447
