1, 0.00511498283594847
2, 0.012222594814375
3, 0.00140476395608857
4, 0.00467347353696823
5, 0.00635374616831541
6, 0.0082347197458148
7, 0.004357417114079
8, 0.00139635690720752
9, 0.0121808017138392
10, 0.00537678808905184
11, 0.00620016688480973
12, 0.00853303819894791
13, 0.00529758918232151
14, 0.00551114588355025
15, 0.00563774692515532
16, 0.00573717073226968
17, 0.00582897065517803
18, 0.00593624201913675
19, 0.00609836999016504
20, 0.00639929141228398
21, 0.00705846523245176
22, 0.0087769196058313
23, 0.0105181237061818
24, 0.0058176820166409
25, 0.00260436849202961
26, 0.0014920811712121
27, 0.00231543742120266
28, 0.00305447281183054
29, 0.00360380144168933
30, 0.00398637626009683
31, 0.00425085332244635
32, 0.00443348435995479
33, 0.00455558765679598
34, 0.00463388705005248
35, 0.00467751018004492
36, 0.00470170595993598
37, 0.00478692927087347
38, 0.00492056210835775
39, 0.00507602530221144
40, 0.00523940054699779
41, 0.00540100317448378
42, 0.00555216878031691
43, 0.00568841754769285
44, 0.00580929281810919
45, 0.00591808479900161
46, 0.00602028099820018
47, 0.00611797518407305
48, 0.00624946400057524
49, 0.00631763739511371
50, 0.00630907481536269
51, 0.00628961871067683
52, 0.00625553556407491
53, 0.00620280376945933
54, 0.00612806978945931
55, 0.00602931637937824
56, 0.00590674563621481
57, 0.00576433259993792
58, 0.00561009114608169
59, 0.00545632435629765
60, 0.00531290890648961
61, 0.0052581278141588
62, 0.00517275665576259
63, 0.00520753612120946
64, 0.00528812998284896
65, 0.00538584155340989
66, 0.00548658535505335
67, 0.00557724541674058
68, 0.00564979497964184
69, 0.00570188711086909
70, 0.00573584251105785
71, 0.0057576154358685
72, 0.0057765858558317
73, 0.0058058206923306
74, 0.00586453871801496
75, 0.0059847179800272
76, 0.00622796981285016
77, 0.00677233065168063
78, 0.00722139445133507
79, 0.00704813174282511
80, 0.00585462960104148
81, 0.00543379550799727
82, 0.00519190107782682
83, 0.00502647024889787
84, 0.0048953564837575
85, 0.00478399187947313
86, 0.00468578189611435
87, 0.00459863028178612
88, 0.00452345594142874
89, 0.00446073121080796
90, 0.00441166199743748
91, 0.00437555539732178
92, 0.00438914657570422
93, 0.00444429228082299
94, 0.00449113866003851
95, 0.00452940965381761
96, 0.00454868314166864
97, 0.00454159616492689
98, 0.0044995149752746
99, 0.00441048371916016
100, 0.0042573451064527
101, 0.00401545261653761
102, 0.00364782734929274
103, 0.00310422740100572
104, 0.00235707405954599
105, 0.00150435526544849
106, 0.00273918632107476
107, 0.00601539124424259
108, 0.0105624478310347
109, 0.00875879925054809
110, 0.00706420668090383
111, 0.00642162941706677
112, 0.00614058303957184
113, 0.00600508996285498
114, 0.00593159021809697
115, 0.00588580337353051
116, 0.00585115374997258
117, 0.00581830119093259
118, 0.00578133311743538
119, 0.00573552811207871
120, 0.00567589242321749
121, 0.00559730897657573
122, 0.00548154940562589
123, 0.00544374963889519
124, 0.00549522927030921
125, 0.00556446813667814
126, 0.00564294261857867
127, 0.00572731966773669
128, 0.00581258907914162
129, 0.00589437037706375
130, 0.00596929108723998
131, 0.00603445339947939
132, 0.00608839451645811
133, 0.00613070807109276
134, 0.00616323249414563
135, 0.00616726209409535
136, 0.00615077326074243
137, 0.00608852583294113
138, 0.00605146617939075
139, 0.00602689478546381
140, 0.00600616261363029
141, 0.00598255901907881
142, 0.0059497132897377
143, 0.00590159557759762
144, 0.00583291534955303
145, 0.00573966729765137
146, 0.00561996021618446
147, 0.00547530921176076
148, 0.00531172519549727
149, 0.00513996525357167
150, 0.00497041580577691
151, 0.00481952664752801
152, 0.00471474199245373
153, 0.00273549805084864
154, 0.0059868679381907
155, 0.0104981837794185
156, 0.0105653538679083
157, 0.00587559243043264
158, 0.00260699435602874
159, 0.00436944809431831
160, 0.00439625574896733
161, 0.00443627312779427
162, 0.00448809998730818
163, 0.00454890293379625
164, 0.00461630507682761
165, 0.00468699230502049
166, 0.00475929972405235
167, 0.00483290432021022
168, 0.00490865018218756
169, 0.00498889712616801
170, 0.00507801460723082
171, 0.005184858571738
172, 0.00532592056939999
173, 0.00553075674300392
174, 0.00585778212795655
175, 0.00705338129773736
176, 0.00757560537507137
177, 0.00685483496636152
178, 0.00631729715193311
179, 0.00602829673637946
180, 0.00586654090632995
181, 0.00577019962171714
182, 0.00570731951544682
183, 0.0056609691431125
184, 0.005621954643478
185, 0.00558468823631604
186, 0.00554658550148209
187, 0.00550733009974162
188, 0.00546970777213573
189, 0.00543599296361208
190, 0.00540806927407781
191, 0.00538787121574084
192, 0.00541290931869298
193, 0.0054493638065954
194, 0.00469617151455688
195, 0.0021627878692622
196, 0.00580882638071974
197, 0.0059110412063698
198, 0.00604944031996032
199, 0.00627936252082388
200, 0.00670468209621807
201, 0.00756772436822454
202, 0.00760819506831467
203, 0.00968670123256743
204, 0.00394549740788837
205, 0.00357190507929772
206, 0.00307410284100721
207, 0.0024954149654756
208, 0.00597232137806714
209, 0.00586929040340086
210, 0.00575681985355914
211, 0.00562932676014801
212, 0.00548538550113638
213, 0.0053270012140274
214, 0.00516054639592767
215, 0.00499644208078583
216, 0.00484386808238924
217, 0.00472887349314988
218, 0.00548926717601717
219, 0.00605345191434026
220, 0.00612355760919551
221, 0.00617462171552082
222, 0.00620907032862306
223, 0.00622812130798896
224, 0.00624130270443857
225, 0.00607355334796011
226, 0.00593231075132887
227, 0.00542845452825228
228, 0.00508306648892661
229, 0.00525975832715631
230, 0.00571528535025815
231, 0.00583049755853911
232, 0.0055816398623089
233, 0.0049145269052436
234, 0.00616045268252492
235, 0.00596337082485358
236, 0.00573421510246893
237, 0.00585506794353326
238, 0.00605658201190333
239, 0.00609415334959825
240, 0.00611881422810256
241, 0.00613243194917838
242, 0.00538312876597047
243, 0.00560864782892168
244, 0.00571316014975309
245, 0.00626472639851272
246, 0.00659203226678073
247, 0.00708866096101701
248, 0.00606302606562773
249, 0.00592571139956514
250, 0.00421478940794865
251, 0.0045401342989256
252, 0.00396671732111524
253, 0.00466802436858416
254, 0.00440593087114394
255, 0.00422674786144247
256, 0.00406802484455208
257, 0.00462407773981492
258, 0.00474527345171997
259, 0.0061298361979425
260, 0.00560002160879473
261, 0.00557360438896077
262, 0.00482915714383125
263, 0.00590013386681676
264, 0.00554558425210416
265, 0.00580481175954143
266, 0.0056880209594965
267, 0.00537817537163695
268, 0.00519161523940663
269, 0.00498962844721973
270, 0.00602393426621954
271, 0.00576273933984339
272, 0.00593500304967165
273, 0.00585246093881627
274, 0.00606214650906622
275, 0.0060594966635108
276, 0.00605105663028856
277, 0.00600373543178042
278, 0.00566089805215597
279, 0.00581427345362802
280, 0.00608255489108463
281, 0.00626763848898311
282, 0.00692912773229182
283, 0.00653339922428131
284, 0.00606810133904219
285, 0.00451875982495646
286, 0.00461869011633098
287, 0.00469088857062161
288, 0.00494900594154994
289, 0.00480803723136584
290, 0.00438289546097318
291, 0.0077451349546512
292, 0.00411430501844734
293, 0.00570910920699437
294, 0.00712087777044092
295, 0.00485658313014678
296, 0.00574101461097598
297, 0.00599397007109863
298, 0.00532677373848855
299, 0.00551945956734319
300, 0.00589196577978631
301, 0.00579813898851474
302, 0.00511404305386047
303, 0.00567546797295411
304, 0.00582104424635569
305, 0.00588719678732256
306, 0.00603201418804626
307, 0.00602651930724581
308, 0.00595035993804534
309, 0.0060099713349094
310, 0.00599882976772885
311, 0.00582019040094955
312, 0.00645825755782425
313, 0.0062466433737427
314, 0.00594268126102785
315, 0.00673013335714738
316, 0.00478320918045938
317, 0.00481041404418647
318, 0.00555460550822318
319, 0.00476610621747871
320, 0.00571901770308614
321, 0.00594718862945835
322, 0.00525369960814714
323, 0.0058988172095269
324, 0.00549749626467625
325, 0.00580817352359494
326, 0.00567797594703734
327, 0.00595372775569558
328, 0.00604133882249395
329, 0.00599517145504554
330, 0.00597053174195545
331, 0.0060439173442622
332, 0.0060288798995316
333, 0.00636017260452112
334, 0.00502479001879692
335, 0.0065356680812935
336, 0.00607961563703914
337, 0.00516460665191213
338, 0.00512766904596772
339, 0.00698780288387622
340, 0.0073328722268343
341, 0.00595558527857065
342, 0.00530015359011789
343, 0.00605637127799647
344, 0.00547112959126631
345, 0.00593254303870102
346, 0.00569338165223598
347, 0.00584351395567258
348, 0.00601807973968486
349, 0.00635906844399869
350, 0.00608557804177205
351, 0.00593864899128675
352, 0.00606246036477387
353, 0.00608883363505204
354, 0.00619860885975262
355, 0.00558090683383246
356, 0.00666277894439797
357, 0.00584103205862145
358, 0.00623630047110575
359, 0.00597564894706011
360, 0.0058954618871212
361, 0.00571637587355716
362, 0.00598700344562531
363, 0.00615982998472949
364, 0.00611027951041857
365, 0.00624607938031356
366, 0.00641897538055976
367, 0.0059254461278518
368, 0.00540884044021368
369, 0.00659118937328458
370, 0.00617094226181507
371, 0.00615244461223483
372, 0.00648082466796041
373, 0.00606908393092453
374, 0.00620047521910497
375, 0.00603565054812602
376, 0.00620650313794613
377, 0.00598655268549919
378, 0.00609732838347554
379, 0.00524386817899843
380, 0.00762602500617504
381, 0.00581653323024511
382, 0.00471213310291725
383, 0.00604663509875536
384, 0.0062733997280399
385, 0.0067079506504039
386, 0.00763305004996558
387, 0.00591257493942976
388, 0.00585372932255268
389, 0.00457945900658766
390, 0.00575773821522792
391, 0.00571836996823549
392, 0.00566560604299108
393, 0.00559853459708393
394, 0.00552056574573119
395, 0.00544007448479533
396, 0.00537138152867556
397, 0.00531972378181915
398, 0.00441390237150093
399, 0.00446249544620514
400, 0.00452529507068296
401, 0.00460082083009183
402, 0.00469055818393826
403, 0.00479220311778287
404, 0.00490653770975769
405, 0.00503849416660766
406, 0.00519888584191601
407, 0.00540960192059477
408, 0.00574360221313934
409, 0.00632121491556366
410, 0.00453510135412216
411, 0.00456816788452367
412, 0.0057879538120081
413, 0.00456309000340601
414, 0.00451002479530871
415, 0.00440849643200636
416, 0.00424340864022573
417, 0.00399383370919774
418, 0.00363375091304382
419, 0.00314537082643559
420, 0.00256039838617047
421, 0.00218891600767771
422, 0.0057581701160719
423, 0.00548678861620526
424, 0.00497419550083578
425, 0.00473668263293803
426, 0.00455634683991472
427, 0.00463769344302515
428, 0.00484898337163031
429, 0.0051159121406575
430, 0.00528172613121569
431, 0.00590587275413175
432, 0.00569842662662268
433, 0.00580015312880278
434, 0.00626838409031431
435, 0.00659712489383916
436, 0.00717940422085424
437, 0.0054532122798264
438, 0.00557902276826402
439, 0.00968613281535606
440, 0.00601111802582939
441, 0.00589207063118617
442, 0.00555353029631078
443, 0.00567577950035532
444, 0.00583183431687454
445, 0.00577184239712854
446, 0.00616803858429193
447, 0.00639568897895515
448, 0.00671496847644448
449, 0.00580499414354563
450, 0.00593980207728843
451, 0.00585829738217096
452, 0.00572915949548284
453, 0.00561431391785542
454, 0.00443128457603355
455, 0.00448480853810906
456, 0.00461002183146775
457, 0.00464436931846042
458, 0.00465867210490008
459, 0.00464932830072939
460, 0.00453783292323351
461, 0.00415308377705514
462, 0.00405947441079964
463, 0.00461023246559004
464, 0.00429556293723484
465, 0.00448971102014184
466, 0.00622145093179175
467, 0.00551903467359287
468, 0.00795903159305453
469, 0.00458003915846348
470, 0.00533887487836182
471, 0.00517252009982864
472, 0.00477225449867547
473, 0.00553034331339101
474, 0.00502545759081841
475, 0.00489255258192619
476, 0.00577145745046437
477, 0.00466116711807748
478, 0.00601649973541498
479, 0.00591660477221012
480, 0.00579589170714219
481, 0.00567540487584968
482, 0.00693966293086608
483, 0.00655483058653772
484, 0.00600685194755594
485, 0.00620963952193658
486, 0.00587864794457952
487, 0.00570917843530575
488, 0.00581449014134705
489, 0.0057690879330039
490, 0.00584576946372787
491, 0.00588859338313341
492, 0.0058661646520098
493, 0.00590337611113985
494, 0.00592656472387413
495, 0.00609589306016763
496, 0.00606070528738201
497, 0.00564610660076141
498, 0.00455511136290928
499, 0.00479437372026344
500, 0.00480943778529763
501, 0.0048125092095385
502, 0.00476424186490476
503, 0.00481300583730141
504, 0.00505515234544873
505, 0.00489053362980485
506, 0.00482866299959521
507, 0.00472042725111047
508, 0.00415515082810695
509, 0.0058121582493186
510, 0.00731964722009642
511, 0.00466686739985432
512, 0.00598615421248334
513, 0.00579161389863917
514, 0.00479186132239799
515, 0.00574951067877312
516, 0.00555443530902267
517, 0.00521148702440162
518, 0.00506279865900675
519, 0.00537503914286693
520, 0.00492323725484312
521, 0.00608016403081516
522, 0.00593267194926739
523, 0.00674490033028026
524, 0.00594203694102665
525, 0.00593608431518078
526, 0.00586095242761075
527, 0.00595530960708857
528, 0.00591320086581012
529, 0.0059079995068411
530, 0.00590233334029714
531, 0.00599646102637053
532, 0.00593436897421877
533, 0.00591987868150075
534, 0.00627673394046724
535, 0.0051033275667578
536, 0.00519986722307901
537, 0.00503632108060022
538, 0.00498107393893103
539, 0.00561527628451586
540, 0.00535442245503267
541, 0.0049262383642296
542, 0.00485877747026583
543, 0.00443494068458676
544, 0.00478619914501905
545, 0.00574360492949684
546, 0.00493549801675337
547, 0.00523672873775164
548, 0.00539790901045005
549, 0.0055655474619319
550, 0.00508917720677952
551, 0.00693067284300923
552, 0.00625245358484487
553, 0.00606978164675335
554, 0.00603941463244458
555, 0.00602660820420299
556, 0.00587836666298764
557, 0.00603519061890741
558, 0.00600221776403487
559, 0.00590170361101627
560, 0.00591546848105888
561, 0.00698477441134552
562, 0.00588184618391097
563, 0.00595589067476491
564, 0.00647271168418229
565, 0.00544483851020535
566, 0.00531057392557462
567, 0.00561572300891082
568, 0.00520608038641512
569, 0.00586841503779093
570, 0.00512127461843193
571, 0.00604605364302794
572, 0.00503021486413976
573, 0.0054059165995568
574, 0.00589069239795208
575, 0.00669987972027489
576, 0.00572310853749514
577, 0.00557176349684596
578, 0.00541236181743443
579, 0.00510740149766207
580, 0.00524873480511208
581, 0.0063702748157084
582, 0.00619560953540107
583, 0.00613816066955527
584, 0.00608475312280158
585, 0.00593896824866533
586, 0.005996348336339
587, 0.00591897498816252
588, 0.00584889800908665
589, 0.00586080069964131
590, 0.00654993679684897
591, 0.00560550019145012
592, 0.00577228702604771
593, 0.00545325533797344
594, 0.00597610735955338
595, 0.00621969214019676
596, 0.006626329118652
597, 0.00533449618766705
598, 0.00524352603991117
599, 0.00661384435370564
600, 0.0055708698152254
601, 0.00569135416299105
602, 0.00588584232277104
603, 0.0063717330340296
604, 0.00573033766288842
605, 0.0061918324790895
606, 0.00604689749889076
607, 0.00582767156884074
608, 0.00542410820101698
609, 0.00554432409505049
610, 0.00624565865534047
611, 0.00613357368856668
612, 0.00584115451201797
613, 0.00580165954306722
614, 0.00627765820051233
615, 0.00588383625394532
616, 0.00601054290309548
617, 0.00559274626097509
618, 0.00575683739346762
619, 0.00622401625982353
620, 0.00569558432325721
621, 0.0054237138479948
622, 0.00644144210964441
623, 0.00608241688460112
624, 0.00573069734188418
625, 0.0046862518481378
626, 0.00758395031360643
627, 0.00609816370221476
628, 0.00630026039046546
629, 0.00671478461784621
630, 0.00761742827792962
631, 0.0060802788939327
632, 0.00603938816736142
633, 0.00598883753021558
634, 0.00592901549922923
635, 0.00586199504323304
636, 0.00579047257391115
637, 0.00571798238282402
638, 0.00564853691806396
639, 0.00558750781541069
640, 0.00553090963512659
641, 0.00475188825900356
642, 0.00522964913398027
643, 0.00540200519996385
644, 0.00555839009272556
645, 0.00569099009347459
646, 0.00579653400927782
647, 0.00587579670051734
648, 0.00593215265932182
649, 0.00597044445263843
650, 0.00599649719273051
651, 0.00601659365929663
652, 0.00603711737009386
653, 0.00606544098506371
654, 0.00610884061704079
655, 0.00463838238889972
656, 0.00396230327896774
657, 0.00359411855849127
658, 0.00310688116587698
659, 0.00253529852489009
660, 0.00218026347768803
661, 0.00611067159722249
662, 0.00579296952734391
663, 0.00585049740038812
664, 0.00590549564609925
665, 0.00599794726197918
666, 0.00603202862354616
667, 0.00573590785885851
668, 0.00568219181150198
669, 0.00613500904291868
670, 0.00595523028944929
671, 0.0050541004166007
672, 0.00596344859028856
673, 0.00533436106828352
674, 0.00599051259147624
675, 0.00585827720351517
676, 0.0059212480361263
677, 0.00600877947484453
678, 0.00602465099655092
679, 0.00604409150158366
680, 0.00565231335349381
681, 0.00576972177562614
682, 0.00488521096607049
683, 0.00550572946667671
684, 0.00455495140825709
685, 0.00422918765495221
686, 0.00403072215461483
687, 0.00441975185337166
688, 0.00426790417016794
689, 0.00412203697487712
690, 0.00963104112694661
691, 0.00598902092315257
692, 0.00716639620562394
693, 0.00588046518775324
694, 0.00592432000363867
695, 0.00584506546147168
696, 0.0058100262346367
697, 0.00577056128531694
698, 0.00572181027382612
699, 0.00565684400498867
700, 0.00558687783777714
701, 0.00630097122242053
702, 0.0066052156034857
703, 0.00564301998487541
704, 0.00607844874528902
705, 0.00792460385710001
706, 0.00571426032111049
707, 0.00600634204844634
708, 0.0059776504834493
709, 0.00594200644021233
710, 0.00590022226485113
711, 0.00585419389729698
712, 0.00580593330475191
713, 0.00575871020555496
714, 0.00605995316679279
715, 0.00592026642213265
716, 0.00585205930595597
717, 0.00602788912753264
718, 0.00601615485114356
719, 0.00596450238178174
720, 0.00600610285376509
721, 0.00575466803275049
722, 0.0059910510511448
723, 0.00545898918062449
724, 0.00562403599421183
725, 0.00514725456014276
726, 0.00454459719670316
727, 0.00472199420134227
728, 0.00503224755326907
729, 0.00487001682631671
730, 0.00465003346713881
731, 0.00441642571240664
732, 0.00604426926001906
733, 0.00601537952510019
734, 0.00589541400161882
735, 0.00594542695519825
736, 0.00571739464066923
737, 0.00585460135092338
738, 0.00581519057353338
739, 0.00577063897314171
740, 0.00692985540566345
741, 0.0065688577791055
742, 0.00612282015693684
743, 0.00413196861821537
744, 0.00496465774873892
745, 0.00477568665519357
746, 0.00578576941043138
747, 0.00728974637708494
748, 0.0057778482192329
749, 0.00602560077926942
750, 0.00504632364027202
751, 0.00586622130746643
752, 0.0059072805258135
753, 0.00599552605611583
754, 0.0058214560461541
755, 0.00594316787707309
756, 0.00597337710981568
757, 0.0057532280528297
758, 0.0058599686405311
759, 0.00601073075085878
760, 0.00601396484610935
761, 0.00601619590694706
762, 0.00593226472847164
763, 0.00600012849705915
764, 0.00597663673882683
765, 0.00560708786360919
766, 0.00526411311390499
767, 0.00481884779098133
768, 0.00490276927926711
769, 0.0048488137157013
770, 0.00560152367688715
771, 0.00481650233268738
772, 0.00615503739876052
773, 0.00604670549121996
774, 0.0058281736758848
775, 0.00587159340890745
776, 0.00591687392443419
777, 0.00597193255089223
778, 0.00674822522948186
779, 0.00631770522644122
780, 0.00468064267188311
781, 0.00518153794109821
782, 0.00588103981378178
783, 0.00592231020952264
784, 0.00599834338451425
785, 0.00595527499293288
786, 0.00598099253450831
787, 0.0068944831378758
788, 0.00601038644090295
789, 0.00588573569742342
790, 0.00576967831390599
791, 0.0060183951475968
792, 0.00600972319287913
793, 0.00596033750722806
794, 0.00602288908946017
795, 0.00600258292009433
796, 0.0060202485571305
797, 0.00487200058996677
798, 0.00519811913060645
799, 0.00541218409004311
800, 0.00512217668195566
801, 0.00507028754800558
802, 0.00696944856705765
803, 0.00630797088767091
804, 0.00616643771839639
805, 0.00606607785448432
806, 0.00599288661032915
807, 0.00589178768651826
808, 0.00593847672765454
809, 0.00534532420958082
810, 0.0064983821939677
811, 0.00602824908370773
812, 0.00538025889545679
813, 0.00583878429606557
814, 0.00667617523244449
815, 0.00534405233338475
816, 0.00593914355461796
817, 0.00597573917669555
818, 0.00599866795043151
819, 0.0060144901674773
820, 0.0059306223411113
821, 0.00600618605191509
822, 0.00601385347545147
823, 0.00602827166828016
824, 0.00604476934919755
825, 0.00604491424746811
826, 0.00605273712426424
827, 0.00561297521926463
828, 0.00560193819304307
829, 0.00544082761431734
830, 0.00641454725215832
831, 0.0062693542179962
832, 0.00615714327432215
833, 0.00607117746646206
834, 0.00600380551380416
835, 0.00657269731163979
836, 0.00586566880034904
837, 0.00620953366160393
838, 0.00662698955940349
839, 0.00602540055600305
840, 0.00659939888864756
841, 0.00598045997321606
842, 0.0058123678235071
843, 0.00575614091940224
844, 0.00641380723876258
845, 0.00610314402729273
846, 0.00606896968868872
847, 0.00595621597021818
848, 0.00628393345202009
849, 0.00558969313278794
850, 0.00604767135034005
851, 0.00607593768897156
852, 0.00609879048230747
853, 0.00613426207564771
854, 0.00631503504700959
855, 0.00621924898587167
856, 0.00606506558445593
857, 0.00600380623447044
858, 0.00605312259867787
859, 0.00603135852143168
860, 0.0061809146621575
861, 0.00615724703917901
862, 0.00600600568577647
863, 0.00606724393687078
864, 0.00611691448527078
865, 0.00627710483968258
866, 0.00623039420073231
867, 0.0061659358907491
868, 0.00646189600229263
869, 0.00610265997238457
870, 0.00624811323359609
871, 0.00614983060707649
872, 0.00600263895466924
873, 0.00553109139824907
874, 0.00468817754049918
875, 0.00216540938708931
876, 0.00584643124602735
877, 0.00588470580987632
878, 0.00593037468691667
879, 0.00599666576211651
880, 0.00610782415606081
881, 0.00631414687571426
882, 0.00673190752665202
883, 0.00758606055751443
884, 0.00764075798603396
885, 0.00970878692654272
886, 0.00423500407487154
887, 0.00398727005813271
888, 0.00362689653411508
889, 0.0031338920040677
890, 0.00254322613667076
891, 0.00584705740523835
892, 0.00553858955390751
893, 0.00535096398865183
894, 0.00521642070574065
895, 0.00511070876382291
896, 0.00501980795525014
897, 0.00493632645035783
898, 0.00485621819583078
899, 0.00477763560290138
900, 0.00470020497838656
901, 0.00462476536631584
902, 0.00455390157488485
903, 0.00449205911718309
904, 0.00444012631972631
905, 0.00440123809191088
906, 0.00576411047950387
907, 0.00582929312561949
908, 0.00591938352833192
909, 0.00604955999491115
910, 0.00623860706885656
911, 0.0065002068101118
912, 0.00680008895384769
913, 0.00475513717780511
914, 0.0045898100361228
915, 0.00628031948581338
916, 0.00493240100331604
917, 0.00564113088573019
918, 0.00532443208309511
919, 0.00511469668708742
920, 0.00546044778699676
921, 0.00521295564249158
922, 0.0050224456936121
923, 0.00589336509195467
924, 0.00484325767805179
925, 0.00452244693102936
926, 0.00466957509828111
927, 0.0057134449792405
928, 0.00589316400388877
929, 0.00606229715049267
930, 0.00567029734763006
931, 0.00596795145732661
932, 0.00617377576418221
933, 0.00631109167200824
934, 0.00545537751168013
935, 0.00559168277929227
936, 0.00563025559919576
937, 0.00713975114437441
938, 0.00576227142785986
939, 0.00580751018909117
940, 0.00570567503261069
941, 0.00613808911293745
942, 0.00631922273896635
943, 0.0059011090391626
944, 0.00595547864213586
945, 0.00602805040155848
946, 0.00662518021029731
947, 0.00439810962416232
948, 0.00454934655378262
949, 0.00441471642504136
950, 0.00413063281060507
951, 0.00403817234716068
952, 0.00456486293114722
953, 0.00455361232161522
954, 0.00452141145554682
955, 0.00447323312982917
956, 0.00442612916231155
957, 0.00449775213686128
958, 0.00427889416459948
959, 0.00446885331932988
960, 0.00630858653624143
961, 0.00563005148433149
962, 0.00557662014450346
963, 0.00454677054658532
964, 0.00570850043247143
965, 0.00541354537320634
966, 0.0055453310875843
967, 0.00592664000578225
968, 0.00530159217305481
969, 0.00519828094790379
970, 0.0050984430902948
971, 0.00499901594594121
972, 0.00489992989848057
973, 0.00470654619857669
974, 0.00480171440479656
975, 0.00461477514666816
976, 0.00578484342743953
977, 0.00583378210042914
978, 0.00555526084887485
979, 0.00574217604783674
980, 0.00570336248104771
981, 0.00549637634928028
982, 0.00547503617902597
983, 0.0055234346849223
984, 0.00611886448626007
985, 0.00610103512493273
986, 0.00603588212591906
987, 0.00597862472447256
988, 0.0058533006037275
989, 0.00574735148499409
990, 0.00598283958000441
991, 0.00606225687079132
992, 0.00633622504149874
993, 0.00617250241339207
994, 0.00692696155359348
995, 0.0065844003111124
996, 0.00580408012804886
997, 0.00615077521651983
998, 0.00458741933107376
999, 0.00462300927999119
1000, 0.00453011784702539
1001, 0.00463014825557669
1002, 0.00461511368242403
1003, 0.00458160539468129
1004, 0.00503021331193546
1005, 0.00486797179716329
1006, 0.00480626290664077
1007, 0.0045188683240364
1008, 0.00780193810351193
1009, 0.0041583803249523
1010, 0.0056793117740502
1011, 0.00713107067470749
1012, 0.00586847122758627
1013, 0.00462532549032143
1014, 0.00473108189180493
1015, 0.00548722292296588
1016, 0.00494878692552447
1017, 0.0053774305464079
1018, 0.00516494689509273
1019, 0.005056691976885
1020, 0.00527113125038644
1021, 0.00575170526280999
1022, 0.00560687591011326
1023, 0.00591847556643188
1024, 0.00483955598125855
1025, 0.00572879371854166
1026, 0.00592720205895603
1027, 0.00563671913308402
1028, 0.00584182709765931
1029, 0.00600540575881799
1030, 0.00602482647324602
1031, 0.00561215914785862
1032, 0.00580505514517426
1033, 0.00588203927812477
1034, 0.00566777307540178
1035, 0.00651689564498762
1036, 0.00608153811966379
1037, 0.00618550941968958
1038, 0.00591917025546233
1039, 0.00580033714262148
1040, 0.00632612205420931
1041, 0.005861003883183
1042, 0.0067639941504846
1043, 0.00478259637020528
1044, 0.00477328213552634
1045, 0.00467716731751959
1046, 0.00472100513676802
1047, 0.00475369277410209
1048, 0.00560763237687449
1049, 0.0047884719291081
1050, 0.00533811437586943
1051, 0.00579133187420666
1052, 0.00554963387548923
1053, 0.00486323343855994
1054, 0.00510574427122871
1055, 0.00498969969339669
1056, 0.00544351432472467
1057, 0.00565778223487238
1058, 0.00577345793135464
1059, 0.00522336068873604
1060, 0.00533520911509792
1061, 0.00597858219407499
1062, 0.00573961972258985
1063, 0.00571230837764839
1064, 0.00596902899754544
1065, 0.00589018353881935
1066, 0.00591971445828676
1067, 0.00594903629583617
1068, 0.00577095306168
1069, 0.00558804115280509
1070, 0.00642924243584275
1071, 0.0061752477971216
1072, 0.00628892953197161
1073, 0.00658135892202457
1074, 0.00600000758034488
1075, 0.00586280560431381
1076, 0.00593047495931387
1077, 0.0050702290609479
1078, 0.00587466933454076
1079, 0.00698840362019837
1080, 0.00499531199845175
1081, 0.00487115466967225
1082, 0.00493272518118223
1083, 0.0048017306253314
1084, 0.00517557219912608
1085, 0.00605727584722141
1086, 0.00729259856355687
1087, 0.0059247977499451
1088, 0.00473175821825862
1089, 0.00604019006714225
1090, 0.00565721346065402
1091, 0.00585503995950733
1092, 0.00560622413953145
1093, 0.00514285188789169
1094, 0.00570312103567024
1095, 0.00502246273681521
1096, 0.00527469518904885
1097, 0.00580253871157765
1098, 0.00550344920096298
1099, 0.00539213240457078
1100, 0.00597455492243171
1101, 0.00569737662694284
1102, 0.005833324821045
1103, 0.00580308438899616
1104, 0.00595201761461794
1105, 0.00596685598914822
1106, 0.00597492093220353
1107, 0.00586140210119386
1108, 0.00633034040220082
1109, 0.00642223283648491
1110, 0.00623558523754279
1111, 0.00608276956093808
1112, 0.00600408188377817
1113, 0.00593324176346262
1114, 0.00670329054507117
1115, 0.00540742992113034
1116, 0.00526625585431854
1117, 0.00560032801392178
1118, 0.00515708148789902
1119, 0.00505874453422924
1120, 0.00627818983048201
1121, 0.00588600300252438
1122, 0.00591203996113368
1123, 0.0059317366220057
1124, 0.00574919519325097
1125, 0.00516184133344463
1126, 0.00531719407687585
1127, 0.00566148036159575
1128, 0.00582713905411462
1129, 0.00544261544321974
1130, 0.00555908928314845
1131, 0.00591464899480343
1132, 0.0062892564261953
1133, 0.00588828030352791
1134, 0.00595706918587287
1135, 0.00597798731178045
1136, 0.00598452985286713
1137, 0.00623878712455432
1138, 0.00593293582399686
1139, 0.00577090373262763
1140, 0.00606956224267681
1141, 0.00614731937336425
1142, 0.00599471518459419
1143, 0.00646727935721477
1144, 0.00495964583630363
1145, 0.00573308113962412
1146, 0.00554828136228025
1147, 0.00596007021764914
1148, 0.00540437495025496
1149, 0.00527264930618306
1150, 0.00664938651025295
1151, 0.00671324526358928
1152, 0.00590960755944252
1153, 0.00580040474111835
1154, 0.00586670901005467
1155, 0.0054828350742658
1156, 0.00571566564030945
1157, 0.00561437957609693
1158, 0.00617192266508937
1159, 0.00596910649910569
1160, 0.00598997138440609
1161, 0.00598342957285543
1162, 0.00611032475717366
1163, 0.00617410809112092
1164, 0.00625223839389426
1165, 0.00604613971275588
1166, 0.00601243553683162
1167, 0.00580844903985659
1168, 0.00564001733437181
1169, 0.00550845252083881
1170, 0.00534882117062807
1171, 0.00595195258834532
1172, 0.00590971655522784
1173, 0.00584988148572544
1174, 0.0056660072101901
1175, 0.00577387314600249
1176, 0.00597271822126848
1177, 0.00611500698141754
1178, 0.00601739862135478
1179, 0.00600845584024986
1180, 0.00607071591851612
1181, 0.00615059941386183
1182, 0.00616311077028513
1183, 0.00601635966449976
1184, 0.00620786901563406
1185, 0.00584332536285122
1186, 0.00594255020841956
1187, 0.00591153698042035
1188, 0.00583903125620314
1189, 0.00607638643123209
1190, 0.00605692947283387
1191, 0.0059958501951769
1192, 0.00607735857677956
1193, 0.00569916730746627
1194, 0.00603848369792104
1195, 0.00596436876803637
1196, 0.00600464331607024
1197, 0.00538672514570256
1198, 0.00599187286570668
