1, 0.00830583600327373
2, 0.0204743826761842
3, 0.000997438401100226
4, 0.00116743252146989
5, 0.0100070796906948
6, 0.0148173961788416
7, 0.00560457771643996
8, 0.00136846138047986
9, 0.0202713594771922
10, 0.00904983840882778
11, 0.00905189011245966
12, 0.0159629788249731
13, 0.00866734994841474
14, 0.00908260745927691
15, 0.00931503344327211
16, 0.00948732004811366
17, 0.00964045648773511
18, 0.00982433076327046
19, 0.0101221782776217
20, 0.0107088503427804
21, 0.0121112091777225
22, 0.0151980412192643
23, 0.0184536784266432
24, 0.0123417554423213
25, 0.00702122055614988
26, 0.00319698375339309
27, 0.00150727606766547
28, 0.000499319775068822
29, 0.000916400381053487
30, 0.00121703928258891
31, 0.00179318102891557
32, 0.00351249620628854
33, 0.00538695075859626
34, 0.00735105201601982
35, 0.00896692213912805
36, 0.0100669392074148
37, 0.0106717366725206
38, 0.0109019611651699
39, 0.0108802787338694
40, 0.0107120123381416
41, 0.0104789802183708
42, 0.0102416217948
43, 0.0100582164401809
44, 0.00996294850483537
45, 0.00994590514649948
46, 0.00980551230410735
47, 0.00956591342886289
48, 0.00928606962164243
49, 0.00899357752253612
50, 0.00870910193771124
51, 0.00859375111758709
52, 0.00841953574369351
53, 0.00849452242255211
54, 0.00867457998295625
55, 0.00890723429620266
56, 0.00916757248342037
57, 0.0094299828633666
58, 0.00967668493588766
59, 0.00990021446098884
60, 0.0101035119344791
61, 0.0103004270543655
62, 0.0105193282167117
63, 0.0108147334928314
64, 0.0112937862674395
65, 0.0122918818766872
66, 0.0130043264944106
67, 0.0126044657081366
68, 0.0103388872618477
69, 0.00941381075729926
70, 0.00881833396852016
71, 0.00836385351916154
72, 0.00796953697378437
73, 0.00759981401885549
74, 0.00724196822072069
75, 0.00689488307883342
76, 0.00656266169001659
77, 0.00625335875277718
78, 0.00597967968011896
79, 0.00575846899300814
80, 0.00563337793573737
81, 0.00554455653764307
82, 0.00539071974344552
83, 0.00525764290553828
84, 0.0050887712277472
85, 0.00485841153810422
86, 0.00453801724749307
87, 0.00409493626405795
88, 0.00349496328271925
89, 0.00270857471817484
90, 0.0017579907629018
91, 0.000890919337204347
92, 0.00186089080913613
93, 0.00362061290070415
94, 0.00754768820479512
95, 0.0128813221429785
96, 0.0188041698808471
97, 0.0152078947673241
98, 0.0122421978351971
99, 0.0109003515293201
100, 0.0103667710597316
101, 0.0101430501478414
102, 0.0100583479118844
103, 0.0100395993019144
104, 0.0100501707444588
105, 0.0100714910464982
106, 0.0100944877291719
107, 0.0101140181844433
108, 0.0101271226691703
109, 0.0101325454500814
110, 0.0101293295932313
111, 0.0101165540205936
112, 0.0100929536856711
113, 0.010057202540338
114, 0.0100084734149277
115, 0.00994574946040908
116, 0.00986782523492972
117, 0.00977316964417696
118, 0.00965983855227629
119, 0.00952768496548136
120, 0.00937821002056201
121, 0.00918556137808732
122, 0.00908934511244297
123, 0.00908188211421172
124, 0.00907882240911325
125, 0.00908038827280203
126, 0.00908308476209641
127, 0.00908223198105892
128, 0.00910590915009379
129, 0.00915267877280712
130, 0.00931118459751209
131, 0.00945670033494631
132, 0.00959133791426818
133, 0.00971854602297147
134, 0.00984033104032278
135, 0.00995643809437752
136, 0.0100672657911976
137, 0.0101743135601282
138, 0.010279200039804
139, 0.0103836478665471
140, 0.0104903876781464
141, 0.0106022618710995
142, 0.0107216322794557
143, 0.0108505431562662
144, 0.010989929549396
145, 0.0111382349083821
146, 0.0112894183645646
147, 0.0114295886208614
148, 0.0115317140395443
149, 0.0115487833196918
150, 0.0114089914908012
151, 0.0110155735164881
152, 0.0102558384339015
153, 0.00901708441476027
154, 0.00728973047807813
155, 0.00529546073327462
156, 0.00345716703062256
157, 0.00178556740866043
158, 0.00138855611051743
159, 0.00298509595450014
160, 0.00670486067732175
161, 0.01199336660405
162, 0.0180919738486409
163, 0.0186625905334949
164, 0.0131271276623011
165, 0.00773374022295078
166, 0.00367639221561452
167, 0.00188296179597576
168, 0.00564385003720721
169, 0.00578124402090907
170, 0.00600384005034963
171, 0.00626635923981667
172, 0.00654875999316573
173, 0.00683494548623761
174, 0.00711164701109131
175, 0.00736790926506122
176, 0.00759722633908192
177, 0.00779642257839441
178, 0.00796507640431325
179, 0.00810507778078318
180, 0.0082197521502773
181, 0.00831317808479071
182, 0.00838964525610209
183, 0.00845331512391567
184, 0.00850817374885082
185, 0.00855802744626999
186, 0.00860658660531044
187, 0.00865780375897884
188, 0.00871614366769791
189, 0.00878696019450823
190, 0.00887771385411421
191, 0.00899955164641142
192, 0.0091716917231679
193, 0.00942402705550194
194, 0.00982284297545751
195, 0.0104966166739662
196, 0.0129225228447467
197, 0.0139890943343441
198, 0.0124622692043583
199, 0.0112826448554794
200, 0.0105732306838036
201, 0.0101325328772267
202, 0.00984024908393621
203, 0.00963709658632676
204, 0.00949005658427874
205, 0.00938053180774053
206, 0.00929721258580685
207, 0.00923341264327367
208, 0.00918442631761233
209, 0.00914724233249823
210, 0.00911686134835084
211, 0.00913070747628808
212, 0.00896733161062002
213, 0.00974254197041903
214, 0.00228854949818924
215, 0.00085602353210561
216, 0.00569360630054559
217, 0.00925329110274712
218, 0.00946005589018265
219, 0.00962611412008603
220, 0.00979882152751088
221, 0.010036438703537
222, 0.010446811405321
223, 0.011270552718391
224, 0.0133098590498169
225, 0.0171153215691447
226, 0.0134515842156751
227, 0.00158514441379036
228, 0.00118502637875887
229, 0.0101091281200449
230, 0.0103346989490092
231, 0.0105806790913145
232, 0.0107968997520705
233, 0.0109158743483325
234, 0.0108471739416321
235, 0.0104746036231518
236, 0.00966857606545091
237, 0.008312868187204
238, 0.00646148955759903
239, 0.00432898240008702
240, 0.00905202360202869
241, 0.0092819994315505
242, 0.00951744476333261
243, 0.00973142217844725
244, 0.00989329457903902
245, 0.01091535979261
246, 0.0094659219806393
247, 0.00984288348505894
248, 0.0100638405419886
249, 0.0118231292193135
250, 0.00965492272128662
251, 0.0103829122769336
252, 0.00938388907040159
253, 0.00884412284940481
254, 0.00958583892012636
255, 0.00976728166763981
256, 0.0103226872161031
257, 0.0103963975173732
258, 0.0108508349706729
259, 0.00771214137785137
260, 0.0101554598659277
261, 0.0106487587715189
262, 0.0109346498114367
263, 0.00560654855022828
264, 0.00998030975461006
265, 0.0108029474504292
266, 0.00935267998526494
267, 0.00302490631916693
268, 0.00921059852199895
269, 0.00993168127856084
270, 0.0101272176640729
271, 0.00990061182528734
272, 0.00968688260763884
273, 0.0104043426302572
274, 0.0107818952140709
275, 0.00985384251301487
276, 0.00970250541078193
277, 0.0106916073709726
278, 0.0104392970291277
279, 0.0101433687710336
280, 0.00915766096053024
281, 0.0102605684660375
282, 0.0108213694766164
283, 0.0108956081482271
284, 0.00702164485119283
285, 0.0109760286286473
286, 0.00949407164007425
287, 0.00997057855129242
288, 0.00272783052641898
289, 0.0113251639219622
290, 0.011074176368614
291, 0.0104398708790541
292, 0.0107363951392472
293, 0.00994187407195568
294, 0.0101762069389224
295, 0.0107164539707204
296, 0.0109577194477121
297, 0.0101823974400759
298, 0.0104542047095795
299, 0.010277207630376
300, 0.0109426188282669
301, 0.0110777767064671
302, 0.00910949326741199
303, 0.00474896421656013
304, 0.0116804532174553
305, 0.0099588219076395
306, 0.0111930884420872
307, 0.0104559279978275
308, 0.0112736425362527
309, 0.0102848660067788
310, 0.0026782368575888
311, 0.00998001778498292
312, 0.0103982893439631
313, 0.0112526187052329
314, 0.0137732167329107
315, 0.0104582294200857
316, 0.0102464576872687
317, 0.0100508448667824
318, 0.0098534037048618
319, 0.00964497852449616
320, 0.00942547572776675
321, 0.00920382374897599
322, 0.00899667044480642
323, 0.00883140942702691
324, 0.00871449724460641
325, 0.00563273578882217
326, 0.00610252531866233
327, 0.00642546561236183
328, 0.00677617352145414
329, 0.00714359075451891
330, 0.00752151384949684
331, 0.00790808404174944
332, 0.0083113134217759
333, 0.00875567613790433
334, 0.00929303374141455
335, 0.0100562303947906
336, 0.0112396059557796
337, 0.00480656752673288
338, 0.00446006252119939
339, 0.00398763734847307
340, 0.00335755948132525
341, 0.00254951258345197
342, 0.00169722506931673
343, 0.00112319228937849
344, 0.017264748364687
345, 0.00624655972101859
346, 0.0133527590272327
347, 0.00435828417539597
348, 0.00523743825033307
349, 0.0050564253081878
350, 0.00537387615380188
351, 0.00500191321286062
352, 0.00472046931584676
353, 0.00391246390063316
354, 0.00974241845930616
355, 0.010860990267247
356, 0.00941204434881608
357, 0.00957510635877649
358, 0.00897221677005291
359, 0.0102857522045573
360, 0.00920591751734416
361, 0.0107136752145986
362, 0.0101886577904224
363, 0.0110434278224905
364, 0.0114849205128849
365, 0.0120796082541347
366, 0.00919203041121364
367, 0.00951950764283538
368, 0.0103578142200907
369, 0.0100273163989186
370, 0.00986413626621167
371, 0.00969461056714257
372, 0.00934641622006893
373, 0.00582395540550351
374, 0.0100043934459488
375, 0.00936143519356847
376, 0.00628126234126588
377, 0.00751707563176751
378, 0.00667993056898316
379, 0.00709296840553482
380, 0.00794372063440581
381, 0.00837792797634999
382, 0.00883641109491388
383, 0.00910486786493233
384, 0.011015419449125
385, 0.0118845708978673
386, 0.00536855667208632
387, 0.00548638783705731
388, 0.00529824142965178
389, 0.00538681509594123
390, 0.00549220068690677
391, 0.00521384715102613
392, 0.00974238244816661
393, 0.00937808522333702
394, 0.0095658164160947
395, 0.0106655351507167
396, 0.0107432225098213
397, 0.0109848055678109
398, 0.0101340551239749
399, 0.00948010090117653
400, 0.009630864020437
401, 0.00977506504083673
402, 0.00990588574980696
403, 0.0100251059047878
404, 0.0102367298677564
405, 0.0105450130067766
406, 0.00995694675172369
407, 0.00701023948689302
408, 0.00656402056726317
409, 0.00937379337847233
410, 0.00996115043138464
411, 0.00887359632179141
412, 0.00840694271028042
413, 0.00748104477922122
414, 0.00794668022232751
415, 0.00592603542221089
416, 0.00934351850301027
417, 0.00338193099014461
418, 0.00560439271586282
419, 0.00958306728196996
420, 0.00566873621816436
421, 0.00571421844263871
422, 0.00998024238894383
423, 0.00626723165623844
424, 0.00639955559745431
425, 0.00977882432440917
426, 0.00558948113272587
427, 0.0104379265879591
428, 0.0100489808246493
429, 0.0104289379503046
430, 0.00997318746522069
431, 0.00987260416150093
432, 0.00973412860184908
433, 0.0101029293922087
434, 0.0101390299387276
435, 0.00841229222714901
436, 0.0088805272243917
437, 0.00688239458637933
438, 0.0093606097313265
439, 0.0105287868529558
440, 0.00985199337204297
441, 0.00792265178946157
442, 0.00741541835789879
443, 0.0103366753707329
444, 0.00608248616169606
445, 0.0102563079756995
446, 0.01130761547635
447, 0.00531436720242103
448, 0.005472163669765
449, 0.00573191586881876
450, 0.0061449371278286
451, 0.0102368920731048
452, 0.0060981335118413
453, 0.0099975448101759
454, 0.00724394122759501
455, 0.0101637972208361
456, 0.0101767845451832
457, 0.0101053444668651
458, 0.0100639772911867
459, 0.00998776871711016
460, 0.0100991566044589
461, 0.00888099893927574
462, 0.00931333176170786
463, 0.00980797157223736
464, 0.00618818666165074
465, 0.0100680926504234
466, 0.00731381207394103
467, 0.00840051487709085
468, 0.00786964641883969
469, 0.0105443911937376
470, 0.00644276039674878
471, 0.010158672152708
472, 0.00555248907767236
473, 0.00665829167701304
474, 0.0109383538365364
475, 0.00667466755424227
476, 0.00676478856864075
477, 0.0101999066149195
478, 0.0104268960033854
479, 0.00993758936723073
480, 0.0101936026476324
481, 0.0101372776553035
482, 0.00932146981358528
483, 0.00889523389438788
484, 0.00982218906283379
485, 0.0100262546911836
486, 0.00837342782566945
487, 0.00775078521110117
488, 0.00697744855036338
489, 0.0100080766715109
490, 0.00762792676687241
491, 0.0106811771790187
492, 0.00718659527289371
493, 0.0113160968758166
494, 0.00747186286995808
495, 0.0102977193892002
496, 0.0102356045639941
497, 0.00933326113348206
498, 0.00892874505370855
499, 0.0100403431182106
500, 0.00832387525588274
501, 0.010452243189017
502, 0.00990050146356225
503, 0.00785098333532611
504, 0.00823198778865238
505, 0.00826775981113315
506, 0.0108460470413168
507, 0.0119877302398284
508, 0.00778596876189113
509, 0.00970805369849716
510, 0.00963668841868639
511, 0.0101576553657651
512, 0.00717172604054213
513, 0.00942891463637352
514, 0.0100604580715299
515, 0.00908067977676789
516, 0.0098119859273235
517, 0.00933189949552928
518, 0.00878135471915205
519, 0.00866937388976415
520, 0.01053030618156
521, 0.0109800562262535
522, 0.0106392184582849
523, 0.00972714290643732
524, 0.00966096483170986
525, 0.00928679797798395
526, 0.0096700182184577
527, 0.010259200197955
528, 0.00907024508342147
529, 0.00949517296006282
530, 0.0103400760951142
531, 0.00979401863047055
532, 0.00953200738877058
533, 0.0101075017203887
534, 0.00146000626513601
535, 0.000886006967630237
536, 0.00917243026196957
537, 0.00917201240857442
538, 0.00918592776482304
539, 0.0101776695810258
540, 0.0101753766648471
541, 0.0103960594472786
542, 0.010728172181795
543, 0.010193128294001
544, 0.00957447957868377
545, 0.00969869270920753
546, 0.00980690556267897
547, 0.00989898527041078
548, 0.00997610855847597
549, 0.010039977884541
550, 0.0100916353985667
551, 0.0101313156386216
552, 0.0101602650247514
553, 0.0101801000225047
554, 0.0101915032913287
555, 0.0101955054948727
556, 0.0101857523744305
557, 0.0101905556706091
558, 0.010248198484381
559, 0.0114663721372684
560, 0.0133883783904215
561, 0.0169618876650929
562, 0.00269713401794434
563, 0.00425841209168235
564, 0.00635914062149823
565, 0.00830771556744973
566, 0.00978506434087952
567, 0.010736961538593
568, 0.0112700381626685
569, 0.0115013204825421
570, 0.0115385861136019
571, 0.0114653807443877
572, 0.0113385898681978
573, 0.011192097949485
574, 0.0110439814937611
575, 0.0109028097552558
576, 0.0107716433703899
577, 0.0106504438444972
578, 0.0105374266083042
579, 0.010430427112927
580, 0.0103268590755761
581, 0.0102236191742122
582, 0.0101188731690248
583, 0.0100111034698784
584, 0.0098985123137633
585, 0.00978019802520672
586, 0.00965587065244714
587, 0.0095259357864658
588, 0.00938581194107731
589, 0.00924029884239038
590, 0.0133582509255835
591, 0.009577694482037
592, 0.0053940169413441
593, 0.0020064234364933
594, 0.00159206825386112
595, 0.00917059105510513
596, 0.00917804287746549
597, 0.00930866490428646
598, 0.00915660746395588
599, 0.00943406500543157
600, 0.0107658371950189
601, 0.0103373789849381
602, 0.0102486621278028
603, 0.0102908328796426
604, 0.0101808713128169
605, 0.010081270399193
606, 0.00993828553085526
607, 0.00984567853932579
608, 0.00973792700096965
609, 0.00961832112322251
610, 0.0100158952797453
611, 0.010367097488294
612, 0.0093086963519454
613, 0.0119830613645415
614, 0.0112009303023418
615, 0.0105411498807371
616, 0.0104255184220771
617, 0.0103201020198564
618, 0.010305980220437
619, 0.0102723826033374
620, 0.0102183104803165
621, 0.0101359062828124
622, 0.0110577116720378
623, 0.011137159075588
624, 0.0115028360548119
625, 0.0113364780942599
626, 0.00534425233490765
627, 0.00939559548472365
628, 0.010794209005932
629, 0.0106766026777526
630, 0.00972034704561035
631, 0.0109214444334308
632, 0.00764887779951096
633, 0.0105671213629345
634, 0.0104636369893948
635, 0.010363566223532
636, 0.0102636218070984
637, 0.0101625284490486
638, 0.0100591339481374
639, 0.00995180197060108
640, 0.00983945668364565
641, 0.0104996107208232
642, 0.00305882208825399
643, 0.011449986603111
644, 0.0114302234724164
645, 0.0111991677743693
646, 0.00959362927824259
647, 0.00946230643118421
648, 0.00930292531847954
649, 0.0093336674783911
650, 0.00930825977896651
651, 0.00930297964562972
652, 0.0104989521205425
653, 0.0108951271201173
654, 0.0105513106100261
655, 0.0103763635270298
656, 0.0104155889712274
657, 0.0103355227038264
658, 0.0102913033527633
659, 0.010241755284369
660, 0.0107282670214772
661, 0.0106225145670275
662, 0.0104555383635064
663, 0.0101885685386757
664, 0.0101307031388084
665, 0.0100659835152328
666, 0.00998823065310717
667, 0.00989309108505646
668, 0.00978200510144234
669, 0.00965796721478303
670, 0.00949051650241017
671, 0.0111633463141819
672, 0.0115836658515036
673, 0.0104794437065721
674, 0.0103865616644422
675, 0.0105747625542184
676, 0.0102913994342089
677, 0.0101956324651837
678, 0.0106750919173161
679, 0.0100971944630146
680, 0.0107829839301606
681, 0.00999590118105213
682, 0.0108996996035179
683, 0.00989243403698007
684, 0.0110245958591501
685, 0.0111550857933859
686, 0.0112836877815425
687, 0.00952888699248433
688, 0.00978241783256332
689, 0.0113933640532196
690, 0.00966390719016393
691, 0.00687166963083049
692, 0.0114495349116623
693, 0.0113767532942196
694, 0.0110648528983196
695, 0.00911965562651555
696, 0.00399564639277135
697, 0.0103539441091319
698, 0.00940978173166513
699, 0.00945222364472491
700, 0.0112198268373807
701, 0.0114297778345644
702, 0.00943129773562153
703, 0.0104394528704385
704, 0.0106357523861031
705, 0.0107133210015794
706, 0.0108031613441805
707, 0.0109108706625799
708, 0.0110464038637777
709, 0.0105018106599649
710, 0.0105663669916491
711, 0.0103773384665449
712, 0.0103135754664739
713, 0.0102429400819043
714, 0.0101818032562733
715, 0.0101292251298825
716, 0.0100504793226719
717, 0.00995731990163525
718, 0.00983651341604335
719, 0.00969915945703785
720, 0.00953031936660409
721, 0.0111070025401811
722, 0.0113873669567207
723, 0.0114105829658608
724, 0.0113092915465434
725, 0.0111841064256926
726, 0.00961133449648817
727, 0.0110582698447009
728, 0.0109398035953442
729, 0.0108311812703808
730, 0.0107316039502621
731, 0.0106398134181897
732, 0.0105545525439084
733, 0.010473068493108
734, 0.0103933368809521
735, 0.0103116929531097
736, 0.0102135955489108
737, 0.0101219339606663
738, 0.0100277340970933
739, 0.00992474906767408
740, 0.00974176886181037
741, 0.009837506711483
742, 0.0102992095053196
743, 0.0089852255769074
744, 0.00941783841699362
745, 0.00956292559082309
746, 0.0112879116088152
747, 0.0117649776594979
748, 0.0104485297575593
749, 0.0114914570003748
750, 0.0093030941983064
751, 0.0102470563059407
752, 0.00600157798423121
753, 0.00124845897080377
754, 0.00984239252284169
755, 0.00992280198261142
756, 0.00998571732391914
757, 0.0100326845422387
758, 0.0100655206479132
759, 0.0100855291821063
760, 0.0100938864052296
761, 0.0100919920951128
762, 0.0100811504138013
763, 0.0100625253592928
764, 0.0100375066200892
765, 0.0100086469513675
766, 0.00998032620797555
767, 0.00996008251483242
768, 0.00996217038482428
769, 0.0100135480364164
770, 0.0101656457409263
771, 0.0105257919058204
772, 0.0113499624033769
773, 0.0133616213376323
774, 0.0171312293037772
775, 0.00335289161012042
776, 0.0135381398722529
777, 0.00450977970225116
778, 0.00406148214824498
779, 0.0034707827338328
780, 0.00273126705239216
781, 0.00197329050085197
782, 0.0104007526921729
783, 0.00979128542045752
784, 0.00943742459639907
785, 0.00920729183902343
786, 0.00905016561349233
787, 0.00893673021346331
788, 0.00885123247280717
789, 0.00878367883463701
790, 0.00872752893095215
791, 0.00867751520127058
792, 0.00862926477566361
793, 0.0085787110341092
794, 0.00852194366355737
795, 0.00845480198040605
796, 0.00837282603606582
797, 0.00827124699329337
798, 0.00814520598699649
799, 0.00799008839142819
800, 0.00780224644889434
801, 0.0075799614811937
802, 0.00732444257785877
803, 0.00704019493423402
804, 0.0067356211754183
805, 0.00642380358961721
806, 0.00612247944809496
807, 0.00584987038746476
808, 0.00565105164423585
809, 0.00925296653682987
810, 0.00929066212847829
811, 0.00934255899240573
812, 0.00940944782147805
813, 0.00949516178419193
814, 0.00960568307588498
815, 0.0097496680294474
816, 0.00994003051891923
817, 0.0101959081366658
818, 0.0105478468661507
819, 0.011034220457077
820, 0.0116485164811214
821, 0.0123357178332905
822, 0.00483972090296447
823, 0.0037788663757965
824, 0.00451218290254474
825, 0.00525929608071844
826, 0.0050804391503334
827, 0.00482278852723539
828, 0.00538606887372832
829, 0.00548174949362874
830, 0.00415490059337268
831, 0.00921075269579887
832, 0.0105255918266873
833, 0.00943674240261316
834, 0.00975455918038885
835, 0.00949194484079877
836, 0.00956106310089429
837, 0.00964711342627803
838, 0.00988911449288329
839, 0.0100577489162485
840, 0.0102673385602733
841, 0.0108327960285048
842, 0.011171152194341
843, 0.0103367369932433
844, 0.00992783810943365
845, 0.010047723694394
846, 0.010070415524145
847, 0.0100517016835511
848, 0.0100046615116298
849, 0.00974288970852892
850, 0.00962164951488376
851, 0.00990707380697131
852, 0.00997104945903023
853, 0.0100169956373672
854, 0.0118852676823735
855, 0.0100822472013533
856, 0.0108552536306282
857, 0.0100650653863947
858, 0.0100654025251667
859, 0.010030897334218
860, 0.0099755375025173
861, 0.00994767885034283
862, 0.00992761397113403
863, 0.00996733596548438
864, 0.00595035178897281
865, 0.00664858908082048
866, 0.00853024329990149
867, 0.00828116713091731
868, 0.00789157231338322
869, 0.00733697880059481
870, 0.00868615601211786
871, 0.00936597756420573
872, 0.00909927906468511
873, 0.00901376207669576
874, 0.00894654852648576
875, 0.00889087840914726
876, 0.00884150651594003
877, 0.00879387790337205
878, 0.00874353526160121
879, 0.00991446214417616
880, 0.0112907135859132
881, 0.0104000025118391
882, 0.00958283881967266
883, 0.00921183281267683
884, 0.0086168828420341
885, 0.00810646886626879
886, 0.00763434218242764
887, 0.00842038526510199
888, 0.00700540367203454
889, 0.00628396115886668
890, 0.00562785219933305
891, 0.00940352292465312
892, 0.0112376903582897
893, 0.00525913635889689
894, 0.00540951127186418
895, 0.00552009030555685
896, 0.00548452449341615
897, 0.00551573901126782
898, 0.00506994764630993
899, 0.0097558901955684
900, 0.00967522027591864
901, 0.00960866796473662
902, 0.00985171195740501
903, 0.0107850005539755
904, 0.0102639870407681
905, 0.010103826255848
906, 0.0104445801116526
907, 0.0106313284486532
908, 0.00996677422275146
909, 0.00971772971873482
910, 0.00992194470018148
911, 0.00991903245449066
912, 0.00947362727796038
913, 0.0100091523490846
914, 0.0100531345233321
915, 0.00996468060960372
916, 0.01005590101704
917, 0.0100330801991125
918, 0.00998608457545439
919, 0.00995915724585454
920, 0.0100378159744044
921, 0.0100484925011794
922, 0.0100115989334881
923, 0.00993475550785661
924, 0.0105941242848833
925, 0.00995903648436069
926, 0.0102473261455695
927, 0.0100549010870357
928, 0.0098239416256547
929, 0.00899841232846181
930, 0.00876995145032803
931, 0.00884224381297827
932, 0.00855818778897325
933, 0.00924969790503383
934, 0.009101377800107
935, 0.00895119210084279
936, 0.00916699490820368
937, 0.00904691188285748
938, 0.00890080165117979
939, 0.00867763378967842
940, 0.00996682544549306
941, 0.00969953462481499
942, 0.00935798836871982
943, 0.0104181581575956
944, 0.0095022606352965
945, 0.00796180319351455
946, 0.00693849846720695
947, 0.00732330745086074
948, 0.0065194199172159
949, 0.0060920943506062
950, 0.00840393624578913
951, 0.00766576539414624
952, 0.00820709485560656
953, 0.00565366167575121
954, 0.00572765905720492
955, 0.00582522074026721
956, 0.00651857769116759
957, 0.00995579656834404
958, 0.0100364456884563
959, 0.00991494534537196
960, 0.010007512755692
961, 0.010343618846188
962, 0.0104408206728597
963, 0.00975798070430756
964, 0.00983520007381837
965, 0.0101124551147223
966, 0.0102265595148007
967, 0.0105143386560182
968, 0.00954722948372364
969, 0.00981478470688065
970, 0.00958698879306515
971, 0.00999834341928363
972, 0.00994900707155466
973, 0.0100376709985236
974, 0.00997363931188981
975, 0.0100203927916785
976, 0.0100478536138932
977, 0.00992804439738393
978, 0.0099160655712088
979, 0.0100477427865068
980, 0.0100099197588861
981, 0.0100346108277639
982, 0.00992128221939007
983, 0.00989932178830107
984, 0.0108712077140808
985, 0.00577564844861627
986, 0.0104279999310772
987, 0.0101863925034801
988, 0.00868872956683238
989, 0.0076821013353765
990, 0.00851920697217186
991, 0.0072881958913058
992, 0.0089146145619452
993, 0.00904865454261502
994, 0.00930654304102063
995, 0.00919205757478873
996, 0.00924426938096682
997, 0.00914493467037877
998, 0.00909870661174258
999, 0.00938428658992052
1000, 0.00898932587976257
1001, 0.0088172626371185
1002, 0.00948345148935914
1003, 0.00961462408304214
1004, 0.00978624277437727
1005, 0.0102581139653921
1006, 0.0100161917507648
1007, 0.00634449829036991
1008, 0.00682951843676468
1009, 0.00802096809881429
1010, 0.00558328651823103
1011, 0.00829891037816803
1012, 0.0111646583924691
1013, 0.00555308721959591
1014, 0.0102700728124806
1015, 0.00624188353928427
1016, 0.00618060080644985
1017, 0.00611859476193786
1018, 0.0100041143596172
1019, 0.00994074111804366
1020, 0.0101149270000557
1021, 0.00681635846073429
1022, 0.00991256721317768
1023, 0.0100285370523731
1024, 0.010105320562919
1025, 0.00995588613053163
1026, 0.00990042449640376
1027, 0.0102508041697244
1028, 0.0103040382576485
1029, 0.0101820814112822
1030, 0.00969606012638126
1031, 0.00989833443115155
1032, 0.00996139893929164
1033, 0.0100302066033085
1034, 0.010009842303892
1035, 0.00998623420794805
1036, 0.0100388332890968
1037, 0.00993775436654687
1038, 0.00991856291269263
1039, 0.0099081015214324
1040, 0.0100442036055028
1041, 0.0100480173714459
1042, 0.00996683693180482
1043, 0.00881790680189927
1044, 0.0102835213765502
1045, 0.008953298907727
1046, 0.0076818629167974
1047, 0.00937338825315237
1048, 0.00943109936391314
1049, 0.0095019219443202
1050, 0.00932430072377125
1051, 0.00927974997709195
1052, 0.00923541762555639
1053, 0.00918686483055353
1054, 0.00912849667171637
1055, 0.00905338643739621
1056, 0.00959099270403385
1057, 0.00970278059442838
1058, 0.00985091195131342
1059, 0.0100290942937136
1060, 0.00722081307321787
1061, 0.00664225586556963
1062, 0.00807547266595066
1063, 0.00863376477112373
1064, 0.00838962647443016
1065, 0.00634746028420826
1066, 0.0107739114513
1067, 0.0057920035518085
1068, 0.0117225249608358
1069, 0.00698380948354801
1070, 0.00676142478672167
1071, 0.00995204132050276
1072, 0.0100265227568646
1073, 0.00765396002680063
1074, 0.00990874723841747
1075, 0.0101315818416576
1076, 0.00989022028322021
1077, 0.00909314351156354
1078, 0.0100399951140086
1079, 0.0100936571446558
1080, 0.00998731385916471
1081, 0.0101437731646001
1082, 0.0101956933115919
1083, 0.010181042055289
1084, 0.00992077123373747
1085, 0.0099011353837947
1086, 0.00999868521466851
1087, 0.00997182819992304
1088, 0.00994517390305797
1089, 0.00988953141495585
1090, 0.00997675877685348
1091, 0.010023780943205
1092, 0.0100433919578791
1093, 0.0100540736069282
1094, 0.0100173565248648
1095, 0.00919207961608966
1096, 0.00811778001176814
1097, 0.00931850060199698
1098, 0.00936335185542703
1099, 0.00926399991537134
1100, 0.00948969507589936
1101, 0.00944507075473666
1102, 0.00954217370599508
1103, 0.00960472070922454
1104, 0.00940437785660227
1105, 0.00968096793318788
1106, 0.00977570485944549
1107, 0.00989034352824092
1108, 0.00761963380500674
1109, 0.0100569508171507
1110, 0.00895479616398613
1111, 0.011052027810365
1112, 0.00726556094984214
1113, 0.00848964834585786
1114, 0.00875714033221205
1115, 0.0104915585058431
1116, 0.00731321835579972
1117, 0.00982189886271954
1118, 0.0101915244013071
1119, 0.00820149613233904
1120, 0.0080797770836701
1121, 0.0108283039714609
1122, 0.00777433168453475
1123, 0.00992105404535929
1124, 0.00988182751461864
1125, 0.009976159936438
1126, 0.00985938295101126
1127, 0.00933856703341007
1128, 0.00817600016792615
1129, 0.00985213244954745
1130, 0.0100781192692618
1131, 0.0100336766668728
1132, 0.00924648732567827
1133, 0.0101069047426184
1134, 0.0101198016976317
1135, 0.00985747793068488
1136, 0.0098724684988459
1137, 0.00989453603203098
1138, 0.00992167213310798
1139, 0.00995195020611087
1140, 0.00998348432282607
1141, 0.0100159851523737
1142, 0.0100472046372791
1143, 0.0100481357425451
1144, 0.00940209285666545
1145, 0.00944857811555266
1146, 0.00948651740327477
1147, 0.00952158914878964
1148, 0.00959620298817754
1149, 0.00964215863496065
1150, 0.00955754006281495
1151, 0.00969640087957183
1152, 0.00975942068422834
1153, 0.00983452548583349
1154, 0.00992870191112161
1155, 0.0100181348621845
1156, 0.00812209457425135
1157, 0.0091108875349164
1158, 0.0085980468429625
1159, 0.00740791329493125
1160, 0.0106611933248738
1161, 0.0102599421516061
1162, 0.00890056726833185
1163, 0.00712155438959599
1164, 0.0105809532105923
1165, 0.00869736913591623
1166, 0.00980362063273787
1167, 0.00981202240412434
1168, 0.00979500093186895
1169, 0.00848941225558519
1170, 0.00979167952512701
1171, 0.00949314205596844
1172, 0.00954216454798977
1173, 0.0097963249621292
1174, 0.0100731044076383
1175, 0.00980915532757839
1176, 0.0100779136021932
1177, 0.00982923821235696
1178, 0.00985554171105226
1179, 0.00988710656141241
1180, 0.00992286733041207
1181, 0.00996237822497884
1182, 0.01001122753535
1183, 0.0100667144038848
1184, 0.00957554299384356
1185, 0.00960284223159154
1186, 0.0096293402214845
1187, 0.00965844575936596
1188, 0.00972949216763178
1189, 0.00969119478637973
1190, 0.00977557230119904
1191, 0.00982846242065231
1192, 0.00988723322128256
1193, 0.00995283651476105
1194, 0.0100420138665608
1195, 0.00941499633093675
1196, 0.0100263133645058
1197, 0.00892772153019905
1198, 0.00867721065878868
1199, 0.0103451603402694
1200, 0.00929270576064785
1201, 0.00908117874392441
1202, 0.00909263795862595
1203, 0.00930601249759396
1204, 0.00978739730392893
1205, 0.0096505352606376
1206, 0.00967716084172328
1207, 0.00969233084470034
1208, 0.010134182870388
1209, 0.00896779851367076
1210, 0.00970570323988795
1211, 0.0097218433705469
1212, 0.00974285136908293
1213, 0.0100434611861904
1214, 0.00976920857404669
1215, 0.00980092290168007
1216, 0.0098388836098214
1217, 0.00988298250983159
1218, 0.00993317707131306
1219, 0.0101194848927359
1220, 0.00981811977302035
1221, 0.00998250565802058
1222, 0.00960202747955918
1223, 0.0100443628616631
1224, 0.00953485149269303
1225, 0.0100263813510537
1226, 0.00958311584378992
1227, 0.00988491177558899
1228, 0.00953192341451844
1229, 0.0100538048893213
1230, 0.00884470677313705
1231, 0.00978233370309075
1232, 0.00997719187289476
1233, 0.012132442323491
1234, 0.00944100134074688
1235, 0.00666926773265004
