1, 0.00874297181144357
2, 0.0215519494377077
3, 0.00104993360582739
4, 0.00122887454926968
5, 0.0105337528511882
6, 0.0155972354114056
7, 0.00589954666793346
8, 0.00144048349466175
9, 0.0213382416404784
10, 0.00952613167464733
11, 0.00952829048037529
12, 0.0168031100183725
13, 0.00912351280983005
14, 0.00956062553450465
15, 0.00980528381963571
16, 0.00998663762584329
17, 0.0101478338862459
18, 0.0103413855346541
19, 0.0106549087601403
20, 0.0112724572730561
21, 0.0127486223354936
22, 0.0159979141317308
23, 0.0194248954455058
24, 0.0129913020258149
25, 0.0073907474676768
26, 0.00336524099111557
27, 0.00158660395148521
28, 0.000525598967215046
29, 0.000964630530991902
30, 0.00128109209860365
31, 0.00188755616545677
32, 0.00369735877029598
33, 0.00567046583940585
34, 0.007737937849015
35, 0.00943885122736295
36, 0.0105967621008555
37, 0.0112333899984757
38, 0.0114757316187024
39, 0.0114529080068072
40, 0.0112757859751582
41, 0.0110304889579614
42, 0.0107806380838156
43, 0.0105875801915924
44, 0.0104872984811664
45, 0.0104693584144115
46, 0.0103215764587124
47, 0.0100693674758077
48, 0.00977479542295138
49, 0.00946690980345011
50, 0.00916746227691571
51, 0.0090460404753685
52, 0.00886265623072783
53, 0.00894158954421679
54, 0.00913112331181765
55, 0.00937602203339338
56, 0.00965006183832884
57, 0.00992628280073404
58, 0.0101859690621495
59, 0.0104212630540133
60, 0.0106352595612407
61, 0.0108425384387374
62, 0.0110729606822133
63, 0.0113839131469528
64, 0.0118881783758601
65, 0.0129388036827246
66, 0.0136887442786247
67, 0.0132678387065729
68, 0.0108830236519376
69, 0.00990926008671522
70, 0.00928244305153688
71, 0.00880404313405355
72, 0.00838897377252579
73, 0.00799979222938418
74, 0.00762311291570465
75, 0.00725776065761844
76, 0.00690805461878578
77, 0.00658247309426467
78, 0.00629439034188787
79, 0.00606153719127178
80, 0.00592986261472106
81, 0.00583636661758646
82, 0.00567443335118393
83, 0.00553435288990537
84, 0.00535659336795409
85, 0.00511410972103477
86, 0.00477685313671827
87, 0.00431045284494758
88, 0.00367890321649611
89, 0.00285112702598174
90, 0.00185051389659444
91, 0.000937808421440423
92, 0.00195882954479506
93, 0.00381116576803227
94, 0.00794492289423943
95, 0.0135592659935355
96, 0.0197938332955043
97, 0.016008286892126
98, 0.0128865046426654
99, 0.0114740372324983
100, 0.0109123742828766
101, 0.0106768789701164
102, 0.010587718958656
103, 0.0105679834571977
104, 0.0105791112097601
105, 0.0106015536002815
106, 0.0106257603814205
107, 0.0106463188615938
108, 0.0106601131459077
109, 0.0106658215324084
110, 0.0106624361748497
111, 0.0106489881873131
112, 0.0106241456232965
113, 0.0105865128959219
114, 0.0105352195290228
115, 0.0104691941911976
116, 0.0103871690419813
117, 0.0102875313411156
118, 0.0101682357490063
119, 0.0100291272004445
120, 0.00987178521851698
121, 0.00966899748891592
122, 0.00956771740068992
123, 0.00955986169477304
124, 0.00955664087086916
125, 0.00955828900138537
126, 0.0095611276725928
127, 0.00956023018807173
128, 0.00958515284582973
129, 0.00963438426454862
130, 0.00980123256643613
131, 0.00995440625896057
132, 0.0100961299613118
133, 0.0102300330375632
134, 0.010358227416873
135, 0.0104804454992215
136, 0.0105971060693264
137, 0.0107097877189517
138, 0.0108201944579681
139, 0.0109301392609874
140, 0.0110424968103568
141, 0.0111602591350675
142, 0.0112859119350711
143, 0.0114216071863969
144, 0.011568329607447
145, 0.01172444007049
146, 0.0118835804363092
147, 0.0120311280091604
148, 0.0121386284008622
149, 0.0121565960968534
150, 0.0120094468196233
151, 0.0115953230609496
152, 0.0107956028853854
153, 0.00949165349205335
154, 0.00767338912313183
155, 0.00557416087637345
156, 0.00363911781460047
157, 0.0018795418436639
158, 0.00146163583849557
159, 0.00314220141929885
160, 0.00705773755908012
161, 0.0126245782400171
162, 0.0190441546340783
163, 0.0196448024362326
164, 0.0138180082043012
165, 0.00814076683794459
166, 0.00386988068930805
167, 0.00198206204610566
168, 0.00594088605915507
169, 0.00608551098654668
170, 0.00631982227787375
171, 0.00659615794817607
172, 0.00689342136805256
173, 0.00719466883068283
174, 0.00748593298097451
175, 0.00775568233802915
176, 0.00799706826607386
177, 0.00820674809316794
178, 0.00838427804410458
179, 0.00853164773434401
180, 0.00865235769500335
181, 0.00875070039182901
182, 0.00883119242886702
183, 0.00889821319530408
184, 0.00895595892022053
185, 0.00900843646377325
186, 0.00905955117195845
187, 0.00911346357315779
188, 0.00917487405240536
189, 0.00924941804260015
190, 0.00934494814525048
191, 0.00947319809347391
192, 0.00965439807623625
193, 0.00992001375804345
194, 0.010339819205304
195, 0.0110490536317229
196, 0.0136026348918676
197, 0.0147253402198354
198, 0.0131181584050258
199, 0.0118764502306779
200, 0.0111296999578675
201, 0.0106658081834515
202, 0.0103581414247553
203, 0.0101442970335484
204, 0.00998951867222786
205, 0.00987422931939363
206, 0.00978652480989695
207, 0.00971936713904142
208, 0.00966780229161183
209, 0.00962866159776847
210, 0.00959668153276046
211, 0.00961125665344298
212, 0.00943928258493543
213, 0.0102552917918989
214, 0.00240899581694975
215, 0.00090107605792582
216, 0.00599326080243502
217, 0.00974029209464788
218, 0.00995793861026565
219, 0.0101327365264297
220, 0.0103145331765215
221, 0.0105646564625204
222, 0.0109966274661322
223, 0.0118637221554915
224, 0.0140103570496043
225, 0.0180161008611321
226, 0.0141595407788243
227, 0.00166857059230097
228, 0.00124739433522336
229, 0.0106411712865035
230, 0.0108786138395468
231, 0.0111375402969619
232, 0.0113651406330367
233, 0.0114903769766291
234, 0.0114180610204736
235, 0.0110258818604052
236, 0.0101774331803123
237, 0.0087503744289279
238, 0.00680155780476828
239, 0.00455681669215361
240, 0.0095284318861862
241, 0.00977051133910815
242, 0.0100183480729659
243, 0.0102435870406528
244, 0.0104139787144959
245, 0.011489835412552
246, 0.00996411358937621
247, 0.0103609141272803
248, 0.0105934999883175
249, 0.0124453806007902
250, 0.0101630614760021
251, 0.0109293650214871
252, 0.00987776322290301
253, 0.00930958930402994
254, 0.010090341946731
255, 0.0102813338550429
256, 0.0108659703594943
257, 0.0109435599297285
258, 0.0114219143676261
259, 0.00811803131364286
260, 0.0106899415453275
261, 0.0112092027751108
262, 0.0115101407282054
263, 0.00590162118896842
264, 0.0105055732652545
265, 0.0113715066884955
266, 0.00984491175040603
267, 0.00318410716551755
268, 0.00969535245427064
269, 0.0104543856744255
270, 0.0106602131078641
271, 0.0104216810626288
272, 0.0101967031757037
273, 0.0109519230512281
274, 0.0113493464887142
275, 0.0103724502647916
276, 0.0102131482479828
277, 0.011254306572179
278, 0.0109887174330652
279, 0.0106772144458124
280, 0.00963962854196628
281, 0.010800582356751
282, 0.0113908982214828
283, 0.0114690442569554
284, 0.00739119403685133
285, 0.0115536972880363
286, 0.00999374445527792
287, 0.0104953302070498
288, 0.00287139625288546
289, 0.0119212075757484
290, 0.0116570104534427
291, 0.0109893213957548
292, 0.0113014515178899
293, 0.0104651146878799
294, 0.0107117807492614
295, 0.0112804610592624
296, 0.0115344243434568
297, 0.0107182970580955
298, 0.0110044095975657
299, 0.0108180968090892
300, 0.0115185285297533
301, 0.0116608001602193
302, 0.00958892578879992
303, 0.00499890218488872
304, 0.0122951953006642
305, 0.0104829546064138
306, 0.0117821807041764
307, 0.0110062235966325
308, 0.0118669743339221
309, 0.0108261584703411
310, 0.00281919252925685
311, 0.010505266332378
312, 0.0109455515630543
313, 0.0118448440916836
314, 0.0144981011482222
315, 0.0110086460287372
316, 0.0107857283825676
317, 0.0105798207223415
318, 0.0103719886392355
319, 0.0101525937207043
320, 0.00992153848831852
321, 0.00968822076295813
322, 0.00947016524150968
323, 0.00929620660220583
324, 0.00917314148197571
325, 0.00592918670736253
326, 0.00642370129935443
327, 0.00676363799721003
328, 0.00713280347796778
329, 0.00751955783925951
330, 0.00791737103524307
331, 0.00832428643479943
332, 0.00874873778472344
333, 0.00921648756290475
334, 0.00978212632859747
335, 0.0105854901485145
336, 0.0118311466649175
337, 0.00505953724496067
338, 0.00469479562404255
339, 0.00419750673851619
340, 0.00353426781172554
341, 0.0026836934654663
342, 0.00178655006069069
343, 0.00118230590596795
344, 0.018173391930759
345, 0.00657531622398112
346, 0.0140555145529409
347, 0.00458766073764612
348, 0.00551308466431995
349, 0.0053225449907283
350, 0.00565670314244926
351, 0.0052651638785998
352, 0.00496890760647754
353, 0.00411837687715888
354, 0.0102551619832714
355, 0.0114326043985784
356, 0.00990740023553371
357, 0.0100790442277988
358, 0.00944442488253117
359, 0.0108270915225148
360, 0.00969042520349224
361, 0.0112775360854963
362, 0.0107248866309722
363, 0.0116246435791254
364, 0.0120893718364338
365, 0.012715358287096
366, 0.00967580716436108
367, 0.0100205192963282
368, 0.0109029458835721
369, 0.0105550539058944
370, 0.010383285737286
371, 0.0102048378127317
372, 0.00983831798657775
373, 0.00613047035100559
374, 0.0105309245797495
375, 0.00985412749772271
376, 0.00661184530084332
377, 0.00791269921076795
378, 0.00703149545006454
379, 0.00746627136444052
380, 0.00836179855590065
381, 0.0088188584583501
382, 0.00930147152394056
383, 0.00958405701177461
384, 0.0115951608334269
385, 0.0125100558313231
386, 0.00565110379830003
387, 0.00577513625224431
388, 0.00557708786800504
389, 0.00567032319183151
390, 0.00578125511916975
391, 0.00548825195680062
392, 0.0102551239542663
393, 0.00987165374681354
394, 0.0100692653407653
395, 0.0112268622033298
396, 0.0113086383789778
397, 0.0115629356975357
398, 0.0106674103687207
399, 0.00997903865451614
400, 0.0101377364868919
401, 0.0102895263892909
402, 0.0104272325212757
403, 0.0105527269964417
404, 0.0107754888013005
405, 0.0110999971317748
406, 0.010480980699261
407, 0.0073791885903726
408, 0.00690948513026039
409, 0.00986713621144493
410, 0.0104854057232539
411, 0.00934061392520865
412, 0.00884940009564161
413, 0.00787477226306995
414, 0.00836491382991274
415, 0.00623792270198464
416, 0.00983526781201363
417, 0.003559922062171
418, 0.00589935188846929
419, 0.0100874240909304
420, 0.00596708183487256
421, 0.00601495771358411
422, 0.0105055025778711
423, 0.00659707607701421
424, 0.0067363641380022
425, 0.0102934837341309
426, 0.00588365558845301
427, 0.0109872748143971
428, 0.0105778585808973
429, 0.0109778129096542
430, 0.0104980760564407
431, 0.0103921991152068
432, 0.0102464359564086
433, 0.0106346464405457
434, 0.0106726471955578
435, 0.0088550311823686
436, 0.00934790959581733
437, 0.00724461503947775
438, 0.00985325888420145
439, 0.0110829167068005
440, 0.0103705039558311
441, 0.00833962097143134
442, 0.00780569187675913
443, 0.010880694569399
444, 0.00640260747500828
445, 0.0107960974176725
446, 0.0119027351029217
447, 0.00559406238608062
448, 0.00576016353443265
449, 0.00603358652442694
450, 0.00646834525590142
451, 0.010775659698993
452, 0.00641907829170426
453, 0.0105237156773607
454, 0.00762518992026647
455, 0.0106987180188298
456, 0.0107123889029026
457, 0.010637188795954
458, 0.010593644498537
459, 0.0105134250063981
460, 0.0106306751258671
461, 0.00934840630119046
462, 0.00980349257588387
463, 0.010324165225029
464, 0.00651387101970613
465, 0.0105979763902724
466, 0.00769873809379836
467, 0.00884263403713703
468, 0.00828382605686784
469, 0.0110993424120049
470, 0.00678184293210506
471, 0.0106933231775959
472, 0.00584471668116748
473, 0.00700871762819588
474, 0.0115140393997232
475, 0.00702595531142184
476, 0.00712081937429806
477, 0.0107367276214063
478, 0.0109756633949776
479, 0.0104606049135327
480, 0.0107300921032826
481, 0.0106708025559783
482, 0.00981205903614561
483, 0.00936339003965259
484, 0.0103391310200095
485, 0.0105539363188048
486, 0.00881412113085389
487, 0.00815870915539563
488, 0.00734467160267134
489, 0.0105348019860685
490, 0.00802938438331087
491, 0.0112433278312286
492, 0.00756482585954169
493, 0.011911662761122
494, 0.00786510691978037
495, 0.0108396881259978
496, 0.0107743044250778
497, 0.00982447077209751
498, 0.00939866450304786
499, 0.0105687663890421
500, 0.00876196061394044
501, 0.0110023448554178
502, 0.0104215648025274
503, 0.00826418035042783
504, 0.008665237420549
505, 0.00870289203400413
506, 0.0114168745155136
507, 0.0126186444734534
508, 0.00819574445486069
509, 0.0102189887048943
510, 0.0101438673213124
511, 0.0106922527775168
512, 0.00754917394369841
513, 0.00992515838394562
514, 0.0105899399146438
515, 0.00955859587217371
516, 0.01032839063555
517, 0.00982303744448083
518, 0.00924351749320825
519, 0.00912564294412732
520, 0.0110845162222783
521, 0.0115579364821315
522, 0.0111991604790092
523, 0.0102390825438003
524, 0.0101694215089083
525, 0.00977556202560663
526, 0.0101789514135037
527, 0.0107991417559485
528, 0.00954761216416955
529, 0.009994904200236
530, 0.0108842742629349
531, 0.010309477735843
532, 0.0100336771458387
533, 0.0106394595156113
534, 0.00153684639371932
535, 0.000932637526420876
536, 0.00965517510970434
537, 0.00965473537022869
538, 0.00966938305646181
539, 0.0107133203806976
540, 0.0107109067030251
541, 0.010943204164505
542, 0.0112927962715427
543, 0.0107295924487213
544, 0.0100783846961955
545, 0.0102091347798705
546, 0.0103230429813266
547, 0.0104199685156345
548, 0.0105011511283616
549, 0.0105683820632597
550, 0.0106227579526603
551, 0.0106645268388093
552, 0.0106950000238915
553, 0.010715879034251
554, 0.0107278825404743
555, 0.0107320949124793
556, 0.010721828478078
557, 0.0107268846283356
558, 0.0107875613806148
559, 0.0120698474347591
560, 0.0140930089789132
561, 0.0178545922040939
562, 0.00283908422570676
563, 0.00448253242454181
564, 0.00669382225411634
565, 0.00874495048386355
566, 0.0103000520418088
567, 0.0113020477195581
568, 0.0118631802809735
569, 0.0121066348316769
570, 0.0121458619832993
571, 0.0120688038878143
572, 0.0119353399301569
573, 0.0117811380575101
574, 0.0116252261213958
575, 0.0114766247570515
576, 0.0113385547883809
577, 0.0112109766341746
578, 0.0110920115063588
579, 0.0109793806138138
580, 0.0108703618558745
581, 0.0107616883081694
582, 0.0106514296494424
583, 0.0105379878853758
584, 0.0104194710341593
585, 0.0102949299228688
586, 0.0101640590777
587, 0.0100272855100532
588, 0.00987978698685765
589, 0.00972661562263966
590, 0.0140612959595663
591, 0.0100817687676421
592, 0.00567790396910693
593, 0.00211202147086927
594, 0.00167585881232905
595, 0.00965323951095343
596, 0.00966108326489727
597, 0.00979857984930277
598, 0.00963851977139711
599, 0.00993057992309332
600, 0.0113324431392054
601, 0.0108814355917275
602, 0.0107880492384235
603, 0.0108324393319587
604, 0.0107166905266543
605, 0.0106118473534783
606, 0.0104613372435172
607, 0.0103638564857344
608, 0.010250433969001
609, 0.010124533281972
610, 0.0105430316179991
611, 0.0109127182513475
612, 0.00979861281812191
613, 0.0126137297290067
614, 0.011790435295552
615, 0.0110959305117528
616, 0.0109742136361698
617, 0.0108632488797108
618, 0.010848383884877
619, 0.0108130181518694
620, 0.0107561002175013
621, 0.0106693588507672
622, 0.0116396790059904
623, 0.0117233078926802
624, 0.0121082301872472
625, 0.0119331171736121
626, 0.00562552044478555
627, 0.00989008539666732
628, 0.0113623081706464
629, 0.0112385119621952
630, 0.0102319288998842
631, 0.0114962399626772
632, 0.00805143817948798
633, 0.0111232687098285
634, 0.0110143381170928
635, 0.010909000877291
636, 0.0108037965061764
637, 0.0106973825022578
638, 0.0105885461283227
639, 0.0104755652137101
640, 0.0103573074253897
641, 0.011052205072095
642, 0.00321980792796239
643, 0.0120525996511181
644, 0.0120317959226668
645, 0.0117885801009834
646, 0.0100985416211188
647, 0.00996030742923419
648, 0.00979253822671516
649, 0.00982489809393883
650, 0.00979815330356359
651, 0.00979259532565872
652, 0.0110515120128791
653, 0.0114685377726952
654, 0.0111066264410814
655, 0.0109224713717898
656, 0.0109637612476945
657, 0.0108794813665251
658, 0.0108329347955684
659, 0.0107807788687448
660, 0.0112928956126173
661, 0.0111815777296821
662, 0.0110058131006857
663, 0.0107247930330535
664, 0.0106638817427059
665, 0.0105957559620341
666, 0.0105139111789564
667, 0.0104137643550833
668, 0.0102968318387866
669, 0.0101662658465405
670, 0.00999000233908494
671, 0.0117508730230232
672, 0.0121933142654598
673, 0.0110309768157701
674, 0.0109332064166665
675, 0.011131312387685
676, 0.0108330358440677
677, 0.0107322288677096
678, 0.0112369220393399
679, 0.0106286099180579
680, 0.0113504921707014
681, 0.0105219854352375
682, 0.0114733506925404
683, 0.0104130725376308
684, 0.0116048203781247
685, 0.0117421778850257
686, 0.0118775484152138
687, 0.0100303920917213
688, 0.0102972663007677
689, 0.0119929970242083
690, 0.0101725184358656
691, 0.00723332570244869
692, 0.0120521240557233
693, 0.0119755117533108
694, 0.011647196020931
695, 0.00959962327033281
696, 0.00420593724508459
697, 0.0108988721234103
698, 0.00990501828491688
699, 0.00994969412152256
700, 0.0118103261726598
701, 0.0120313270017505
702, 0.00992766690130035
703, 0.0109888811906179
704, 0.0111955120228231
705, 0.0112771630908052
706, 0.0113717319133381
707, 0.0114851098818084
708, 0.0116277760826051
709, 0.0110545204952359
710, 0.0111224746021132
711, 0.0109234979997079
712, 0.0108563789787392
713, 0.010782026220113
714, 0.0107176715508103
715, 0.0106623262787859
716, 0.0105794360861182
717, 0.0104813734069467
718, 0.0103542087599635
719, 0.010209626207749
720, 0.0100318999029696
721, 0.0116915639179448
722, 0.0119866837436954
723, 0.0120111218032738
724, 0.0119044994935393
725, 0.0117727260415753
726, 0.0101171790932616
727, 0.011640266670535
728, 0.0115155653717617
729, 0.0114012264336149
730, 0.0112964082509279
731, 0.0111997867934406
732, 0.0111100386517743
733, 0.0110242661709587
734, 0.0109403383297225
735, 0.0108543975899617
736, 0.0107511372438499
737, 0.0106546515598893
738, 0.01055549364537
739, 0.0104470883185665
740, 0.0102544780820608
741, 0.0103552542626858
742, 0.0108412569388747
743, 0.00945811811834574
744, 0.00991349909454584
745, 0.0100662222442528
746, 0.0118819942697883
747, 0.0123841682715075
748, 0.0109984358772635
749, 0.0120962524476151
750, 0.00979271608715256
751, 0.0107863587327302
752, 0.00631744115768621
753, 0.00131416532676667
754, 0.0103603977089127
755, 0.010445038943241
756, 0.0105112654467424
757, 0.0105607047056158
758, 0.0105952688803275
759, 0.010616330585132
760, 0.010625127547731
761, 0.0106231335860988
762, 0.010611721004049
763, 0.0105921158877512
764, 0.0105657805688679
765, 0.0105354020682474
766, 0.0105055907430748
767, 0.0104842816169063
768, 0.010486479382962
769, 0.0105405609744291
770, 0.0107006632412473
771, 0.0110797641488413
772, 0.0119473108400901
773, 0.0140648436111708
774, 0.0180328462272882
775, 0.00352935430419166
776, 0.0142506521660835
777, 0.00474712943347792
778, 0.00427523806380729
779, 0.00365345009292165
780, 0.0028750136649857
781, 0.00207714474527165
782, 0.0109481443651021
783, 0.0103066007917126
784, 0.00993411631012956
785, 0.00969187170267105
786, 0.00952647579833865
787, 0.00940707031016549
788, 0.00931707272926966
789, 0.00924596345673005
790, 0.00918685862173637
791, 0.0091342128192385
792, 0.00908342298741142
793, 0.00903020876770218
794, 0.00897045386955142
795, 0.00889977828289072
796, 0.00881348783150315
797, 0.00870656253149112
798, 0.00857388802493612
799, 0.00841060653328896
800, 0.00821287867923578
801, 0.0079788949030141
802, 0.00770992785692215
803, 0.00741072037878136
804, 0.00709011692864199
805, 0.00676188850775361
806, 0.00644470572782059
807, 0.00615774909965694
808, 0.00594846655925115
809, 0.00973994998882214
810, 0.00977962976321578
811, 0.00983425804103414
812, 0.00990466726943851
813, 0.0099948919378221
814, 0.0101112302703162
815, 0.0102627932404478
816, 0.0104631742772957
817, 0.0107325188194712
818, 0.0111029798475405
819, 0.011614951149871
820, 0.0122615778818727
821, 0.0129849465253452
822, 0.0050944354540358
823, 0.0039777480221043
824, 0.00474965913842122
825, 0.00553609291091561
826, 0.00534782263760765
827, 0.00507661195782324
828, 0.00566953777646025
829, 0.00577025404199958
830, 0.00437357292200128
831, 0.00969551429152489
832, 0.0110795538251599
833, 0.00993339826042453
834, 0.0102679412811995
835, 0.00999150595938166
836, 0.0100642621206741
837, 0.0101548410020769
838, 0.0104095783705513
839, 0.0105870882980525
840, 0.0108077089923124
841, 0.0114029259420931
842, 0.0117590902373195
843, 0.010880758985877
844, 0.0104503398761153
845, 0.0105765353267392
846, 0.0106004212672512
847, 0.0105807223978142
848, 0.0105312067704896
849, 0.0102556579125424
850, 0.0101280369174977
851, 0.010428483132273
852, 0.0104958256706595
853, 0.0105441903385023
854, 0.0125107895582914
855, 0.0106128756888211
856, 0.0114265653925637
857, 0.0105947895596425
858, 0.0105951445487638
859, 0.0105588232787947
860, 0.0105005501148601
861, 0.0104712249400715
862, 0.0104501039410631
863, 0.0104919167545935
864, 0.0062635187835743
865, 0.00699850420157115
866, 0.00897918998574217
867, 0.00871700467541814
868, 0.00830690593769153
869, 0.00772312376648188
870, 0.00914330842594306
871, 0.00985890921826164
872, 0.00957817398011684
873, 0.00948815622056524
874, 0.00941740504155556
875, 0.00935880513861775
876, 0.00930683470020691
877, 0.00925669974337021
878, 0.00920370764409502
879, 0.0104362601414323
880, 0.0118849437683821
881, 0.0109473546035588
882, 0.0100871838318805
883, 0.00969665156056484
884, 0.00907038959364096
885, 0.00853311223909259
886, 0.00803613740329941
887, 0.0088635499899586
888, 0.00737409782595932
889, 0.00661468614513675
890, 0.00592404610610434
891, 0.00989843026867935
892, 0.0118291302184973
893, 0.00553592465197047
894, 0.00569421371134619
895, 0.00581061257980764
896, 0.00577317496451239
897, 0.00580603241299589
898, 0.00533677893690765
899, 0.0102693427664538
900, 0.0101844271024068
901, 0.0101143720870217
902, 0.010370207640032
903, 0.0113526154309511
904, 0.0108041808319589
905, 0.0106355906464159
906, 0.0109942785153786
907, 0.0111908552547296
908, 0.010491325519979
909, 0.0102291738924881
910, 0.0104441364916662
911, 0.0104410708881915
912, 0.00997222416723768
913, 0.0105359340086579
914, 0.0105822308299442
915, 0.0104891220107675
916, 0.010585143075635
917, 0.0105611208515863
918, 0.0105116521008313
919, 0.0104833076087137
920, 0.0105661062213282
921, 0.0105773446460565
922, 0.0105385092707972
923, 0.0104576215768854
924, 0.0111516928300261
925, 0.0104831804831823
926, 0.0107866429413358
927, 0.0105840906811257
928, 0.0103409759079417
929, 0.00947199886043867
930, 0.00923151445264618
931, 0.00930761111279329
932, 0.00900860487793883
933, 0.00973650952801108
934, 0.00958038307726383
935, 0.00942229339852929
936, 0.00964945368468761
937, 0.00952305054912964
938, 0.00936925085261464
939, 0.00913433777168393
940, 0.0104913793814679
941, 0.0102100212437411
942, 0.00985049937541286
943, 0.0109664658084512
944, 0.0100023647149404
945, 0.00838083277146021
946, 0.00730367144569755
947, 0.00770873304766913
948, 0.00686253700405359
949, 0.00641272116142015
950, 0.00884623530631264
951, 0.00806921464391053
952, 0.00863903434947133
953, 0.00595121388323605
954, 0.00602910566764573
955, 0.00613180195380534
956, 0.00686165038496256
957, 0.0104797702903549
958, 0.010564663913101
959, 0.0104367687987785
960, 0.0105342082679272
961, 0.0108880034337441
962, 0.0109903211705387
963, 0.0102715431712568
964, 0.0103528265220424
965, 0.0106446738354862
966, 0.0107647830930849
967, 0.0110677084885538
968, 0.010049700550735
969, 0.0103313371849557
970, 0.0100915520451963
971, 0.0105245558855434
972, 0.0104726233209173
973, 0.0105659536396464
974, 0.0104985519622763
975, 0.0105477656858663
976, 0.0105766722311576
977, 0.0104505574951569
978, 0.0104379480083783
979, 0.0105765553501745
980, 0.0105367420862118
981, 0.0105627321948608
982, 0.0104434392414987
983, 0.010420323194315
984, 0.0114433595910668
985, 0.00607962068170309
986, 0.0109768255303303
987, 0.0107225026004016
988, 0.00914601733287176
989, 0.00808641035109758
990, 0.00896757297838728
991, 0.00767177351129552
992, 0.0093837909710904
993, 0.00952488525460164
994, 0.00979634638254841
995, 0.00967583572492003
996, 0.00973079539835453
997, 0.00962623270849387
998, 0.0095775715696315
999, 0.00987818154195944
1000, 0.00946243433281779
1001, 0.00928131490945816
1002, 0.00998256588354707
1003, 0.010120641750594
1004, 0.0103012927186986
1005, 0.0107979986816645
1006, 0.0105433439215024
1007, 0.00667840917594731
1008, 0.00718895594278971
1009, 0.00844311170900861
1010, 0.00587713493344684
1011, 0.00873568219443162
1012, 0.0117522544848422
1013, 0.00584534625522792
1014, 0.0108105867568936
1015, 0.00657039391808212
1016, 0.00650588593756159
1017, 0.00644061649218202
1018, 0.0105306310579181
1019, 0.0104639225949844
1020, 0.0106472756403188
1021, 0.00717510360603531
1022, 0.0104342655589183
1023, 0.0105563391310473
1024, 0.0106371639606853
1025, 0.0104798643539349
1026, 0.0104214836444174
1027, 0.0107903038151562
1028, 0.0108463397870461
1029, 0.010717964420716
1030, 0.0102063639621649
1031, 0.0104192835278809
1032, 0.0104856672696769
1033, 0.0105580960710843
1034, 0.0105366601298253
1035, 0.0105118094943464
1036, 0.010567177242289
1037, 0.010460778294752
1038, 0.0104405768215656
1039, 0.0104295648634434
1040, 0.0105728299046556
1041, 0.0105768443706135
1042, 0.0104913916438818
1043, 0.00928199322273334
1044, 0.0108247430374225
1045, 0.00942451087757945
1046, 0.00808615928205351
1047, 0.00986671013136705
1048, 0.0099274585954845
1049, 0.0100020081736147
1050, 0.00981503895794352
1051, 0.00976814329624176
1052, 0.00972147782643636
1053, 0.00967036963750919
1054, 0.00960892966638009
1055, 0.00952986596773068
1056, 0.0100957667455077
1057, 0.0102134378006061
1058, 0.0103693654139837
1059, 0.010556925398608
1060, 0.00760084437206388
1061, 0.00699183790545378
1062, 0.00850048490489523
1063, 0.00908816000446677
1064, 0.00883117271587253
1065, 0.00668152716631691
1066, 0.0113409423890213
1067, 0.00609683676157147
1068, 0.0123394816182554
1069, 0.00735136734632154
1070, 0.00711727856347958
1071, 0.0104758172916869
1072, 0.0105542185095449
1073, 0.00805678800679743
1074, 0.010430244418482
1075, 0.0106648070116838
1076, 0.0104107425237695
1077, 0.00957171556850274
1078, 0.0105684000688295
1079, 0.0106248861799637
1080, 0.0105129459872842
1081, 0.0106776401711007
1082, 0.0107322928185264
1083, 0.0107168704271317
1084, 0.0104429014027119
1085, 0.0104222322503726
1086, 0.0105249158417185
1087, 0.0104966455449661
1088, 0.0104685883658628
1089, 0.0104100174891452
1090, 0.0105018351847927
1091, 0.0105513324961066
1092, 0.0105719757266343
1093, 0.0105832195840776
1094, 0.0105445700076719
1095, 0.00967585869754354
1096, 0.00854501873254776
1097, 0.00980893320714434
1098, 0.00985614505286018
1099, 0.00975156420220931
1100, 0.0099891380717357
1101, 0.00994216511026025
1102, 0.0100443785389264
1103, 0.0101102171465755
1104, 0.0098993304806451
1105, 0.010190477129072
1106, 0.0102902000459532
1107, 0.0104108722880483
1108, 0.008020655096819
1109, 0.0105862483116133
1110, 0.00942608729625742
1111, 0.0116336960345507
1112, 0.00764794748586913
1113, 0.00893645857771238
1114, 0.00921802859132489
1115, 0.0110437292605639
1116, 0.00769811309874058
1117, 0.0103388253599405
1118, 0.0107279041782022
1119, 0.00863314078499874
1120, 0.00850501571161052
1121, 0.0113981975508588
1122, 0.00818349483112494
1123, 0.0104431991154949
1124, 0.0104019079978267
1125, 0.0105012051450709
1126, 0.0103782822067539
1127, 0.00983005575835705
1128, 0.00860630332802733
1129, 0.0103706503286958
1130, 0.0106085306033492
1131, 0.0105617489399655
1132, 0.00973313006882866
1133, 0.0106388308728735
1134, 0.0106524069172641
1135, 0.0103762769140303
1136, 0.0103920564676325
1137, 0.0104152853600681
1138, 0.0104438497995337
1139, 0.0104757212102413
1140, 0.0105089152542253
1141, 0.0105431266129017
1142, 0.0105759891060491
1143, 0.0105769693851471
1144, 0.00989692487443487
1145, 0.00994585656250517
1146, 0.00998579260582725
1147, 0.0100227103879054
1148, 0.0101012513041496
1149, 0.0101496257508794
1150, 0.0100605535941819
1151, 0.0102067224991818
1152, 0.0102730585883061
1153, 0.0103521163885792
1154, 0.0104512494678299
1155, 0.010545389354229
1156, 0.00854956012751375
1157, 0.00959039370839795
1158, 0.00905056189124783
1159, 0.00779779185540974
1160, 0.0112222918930153
1161, 0.0107999228251477
1162, 0.00936900405213237
1163, 0.00749636190012097
1164, 0.0111378286965191
1165, 0.00915511154259245
1166, 0.0103195852910479
1167, 0.0103284291302164
1168, 0.0103105117256443
1169, 0.00893620991458496
1170, 0.0103070156959196
1171, 0.00999276634926597
1172, 0.010044368604819
1173, 0.0103119054498772
1174, 0.0106032520222167
1175, 0.010325411024193
1176, 0.0106083140708506
1177, 0.0103465509600937
1178, 0.0103742388697962
1179, 0.0104074648891886
1180, 0.0104451077058911
1181, 0.0104866980885466
1182, 0.0105381183592337
1183, 0.0105965255892703
1184, 0.0100795036802689
1185, 0.0101082396383087
1186, 0.0101361321285367
1187, 0.0101667696920534
1188, 0.0102415553604563
1189, 0.0102012421314915
1190, 0.0102900608132283
1191, 0.0103457343454162
1192, 0.0104075980683168
1193, 0.0104766542402407
1194, 0.0105705250586782
1195, 0.00991050774852435
1196, 0.010553998251756
1197, 0.00939758742849032
1198, 0.00913389232009649
1199, 0.01088962610811
1200, 0.00978178111836314
1201, 0.00955912138202361
1202, 0.00957118362809221
1203, 0.0097957878994445
1204, 0.0103025080946585
1205, 0.0101584428921342
1206, 0.0101864698032538
1207, 0.0102024381048977
1208, 0.0106675450557045
1209, 0.00943977370237311
1210, 0.0102165142695109
1211, 0.0102335039215783
1212, 0.0102556175552309
1213, 0.0105720485250155
1214, 0.0102833621203899
1215, 0.0103167455332975
1216, 0.0103567040835818
1217, 0.0104031238394479
1218, 0.0104559599421918
1219, 0.0106520735037824
1220, 0.0103348474949598
1221, 0.0105078847457965
1222, 0.0101073822006583
1223, 0.0105729976979395
1224, 0.0100366709132989
1225, 0.0105540698394179
1226, 0.0100874754467181
1227, 0.0104051547124982
1228, 0.0100335887012382
1229, 0.0105829367414117
1230, 0.0093102038372308
1231, 0.0102971779803435
1232, 0.0105022918432951
1233, 0.0127709726803005
1234, 0.00993788130581379
1235, 0.00702027138322592
