1, 0.00996774807572365
2, 0.0267314775846899
3, 0.00225393642904237
4, 0.00953778531402349
5, 0.0118909506127238
6, 0.0169388875365257
7, 0.00606195582076907
8, 0.00183690310223028
9, 0.026858780067414
10, 0.00836339220404625
11, 0.00953690893948078
12, 0.0165137331932783
13, 0.0103618539869785
14, 0.0107977320440114
15, 0.0110535357768337
16, 0.0112588189852734
17, 0.0114162516159316
18, 0.0115435803309083
19, 0.0116663618634144
20, 0.0118158760791024
21, 0.0120429672921697
22, 0.0124482978135347
23, 0.0132636674679816
24, 0.0151768582873046
25, 0.0193895710011323
26, 0.0245255666474501
27, 0.0171126235897342
28, 0.0101027117731671
29, 0.00511139413962762
30, 0.0030969698758175
31, 0.00177552939082185
32, 0.00288083462510258
33, 0.00414492112273971
34, 0.00524783902801573
35, 0.00613090263990064
36, 0.00682322331704199
37, 0.00736774302398165
38, 0.00780135951936245
39, 0.00815145205706358
40, 0.00843750406056643
41, 0.00867323965455095
42, 0.00886822771281004
43, 0.00902963569387794
44, 0.00916274885336558
45, 0.00927139182264606
46, 0.00935868049661318
47, 0.0094271395355463
48, 0.00947892929737767
49, 0.00951606951033076
50, 0.00953578033174078
51, 0.00957257370464504
52, 0.00964537045607964
53, 0.0097299087792635
54, 0.00983984209597111
55, 0.00996885355561972
56, 0.0101116488998135
57, 0.0102652218192816
58, 0.0104261273518205
59, 0.0105908817301194
60, 0.010756495098273
61, 0.010920566196243
62, 0.0110811622192462
63, 0.0112368886669477
64, 0.0113867279142141
65, 0.0115289824704329
66, 0.0116558022176226
67, 0.0117980598006397
68, 0.0118643719082077
69, 0.0118750032658378
70, 0.0118961570163568
71, 0.0119218385467927
72, 0.0119502910723289
73, 0.0119803085302313
74, 0.0120100881904364
75, 0.0120357582345605
76, 0.0120533232887586
77, 0.0120579196761052
78, 0.0120443291962147
79, 0.0120073022941748
80, 0.0119417700916529
81, 0.0118438194816311
82, 0.0117111249516408
83, 0.0115439655880133
84, 0.0113460201149186
85, 0.0111246717472871
86, 0.0108907902613282
87, 0.0106585255513589
88, 0.0104464941347639
89, 0.0102683721731106
90, 0.0101515048493942
91, 0.0100917061790824
92, 0.010141234844923
93, 0.010256907902658
94, 0.0104193367684881
95, 0.0106201174979409
96, 0.0108514688909054
97, 0.0111164941142003
98, 0.0114354702333609
99, 0.0118630969276031
100, 0.0125151360407472
101, 0.0137710170820355
102, 0.0147630788851529
103, 0.0144102734824022
104, 0.0119247489298383
105, 0.0111180146535238
106, 0.0107052251696587
107, 0.010454366914928
108, 0.0102643997718891
109, 0.0100858441243569
110, 0.00988546355317036
111, 0.00963928115864595
112, 0.00932942392925421
113, 0.00894540920853615
114, 0.00848776133110126
115, 0.00797157470757763
116, 0.00743107699478666
117, 0.00690291790912549
118, 0.00643345930924018
119, 0.00614250001187126
120, 0.00597328046569601
121, 0.00568644306622446
122, 0.00540912725652258
123, 0.00500645923117797
124, 0.00440509407781065
125, 0.00355542610244205
126, 0.00248310551978648
127, 0.00146534336575617
128, 0.00264165309878687
129, 0.00459221564233303
130, 0.00956955179572105
131, 0.0167047828435898
132, 0.0242212147762378
133, 0.0193593815589945
134, 0.0150591681400935
135, 0.0129474789525072
136, 0.0115717469404141
137, 0.00985470972955227
138, 0.00905172588924567
139, 0.00969661741207043
140, 0.0107041513547301
141, 0.0116928039739529
142, 0.0124829706425468
143, 0.0129603097836177
144, 0.0131204072386026
145, 0.0130250764389833
146, 0.0127554554492235
147, 0.0123895729581515
148, 0.0119872217377027
149, 0.011587797353665
150, 0.0112157091498375
151, 0.0108819392820199
152, 0.0105919701357683
153, 0.0103453360497952
154, 0.0101393898949027
155, 0.00997075655808051
156, 0.00983500760048628
157, 0.00972876387337844
158, 0.00964930560439825
159, 0.00959173931429783
160, 0.00957752508111298
161, 0.00959192092219988
162, 0.0096500227227807
163, 0.00966342383374771
164, 0.00965081652005514
165, 0.00962312333285809
166, 0.00958874076604843
167, 0.00955642387270927
168, 0.00953467500706514
169, 0.00952723366208375
170, 0.00291693261048446
171, 0.00451996503397822
172, 0.00922874671717485
173, 0.0169672146439552
174, 0.0245757947365443
175, 0.0250887119521697
176, 0.0169497954969605
177, 0.0097228119460245
178, 0.00473601145980259
179, 0.00267096779619654
180, 0.00619379368921121
181, 0.00657984738548597
182, 0.0071724575633804
183, 0.00787454408903917
184, 0.00866439907501141
185, 0.00954018595317999
186, 0.0105462664117416
187, 0.0118325746928652
188, 0.0143076389407118
189, 0.0149113284423947
190, 0.0145898601040244
191, 0.0139748379588127
192, 0.0138336305196087
193, 0.0138010354712605
194, 0.013703736787041
195, 0.0134242031102379
196, 0.0128759788349271
197, 0.0120384233693282
198, 0.0109957174087564
199, 0.00989045078555743
200, 0.00943928491324186
201, 0.00774115129994849
202, 0.0119756300312777
203, 0.00897894886189273
204, 0.012301052454859
205, 0.0128917006465296
206, 0.0134959388524294
207, 0.0141201100001733
208, 0.016993877167503
209, 0.0223319295793772
210, 0.00478905117294441
211, 0.017881550293948
212, 0.00956291115532319
213, 0.00953342361996571
214, 0.00948829747115572
215, 0.00942896616955598
216, 0.00935322046279907
217, 0.00925866514444351
218, 0.00914288700247804
219, 0.0090030514014264
220, 0.0088351018105944
221, 0.00863361249988278
222, 0.00839140452444553
223, 0.00809854393204053
224, 0.00730019140367707
225, 0.0067511434511592
226, 0.00606142116400103
227, 0.00519385685523351
228, 0.00415716273710132
229, 0.00315350422170013
230, 0.0106752384454012
231, 0.0105092256950835
232, 0.0103452773764729
233, 0.0101866723659138
234, 0.0100370501168072
235, 0.00989931263029575
236, 0.00977686885744333
237, 0.00967529260863861
238, 0.0104441835234563
239, 0.0105727296322584
240, 0.0107247514339785
241, 0.010908227879554
242, 0.0111016688557963
243, 0.0112913642078638
244, 0.0114660952240229
245, 0.0116180316545069
246, 0.0117424690785507
247, 0.0118378368206322
248, 0.0119050351592402
249, 0.0119466522398094
250, 0.0119664586770038
251, 0.0119688706472516
252, 0.0119582105738421
253, 0.0119386967271566
254, 0.0119139693366985
255, 0.0118872174061835
256, 0.0118608619086444
257, 0.0118357764246563
258, 0.0118124162157377
259, 0.0117997472795347
260, 0.0027599962001356
261, 0.00887629203498363
262, 0.0092828042494754
263, 0.00846997012073795
264, 0.00868968044718107
265, 0.00711333363627394
266, 0.00661949828887979
267, 0.00540034500105927
268, 0.00937760435044765
269, 0.0094556553910176
270, 0.00951819214969873
271, 0.00956836342811584
272, 0.00790380500257015
273, 0.0082107144407928
274, 0.00903495618452629
275, 0.00916942302137613
276, 0.00604880779671172
277, 0.00754049723036587
278, 0.010840665238599
279, 0.0110033531673253
280, 0.0117095710709691
281, 0.011161557243516
282, 0.010596121661365
283, 0.0104289824763934
284, 0.010264830198139
285, 0.0101070526676873
286, 0.00995979520181815
287, 0.00982388621196151
288, 0.00970991188660264
289, 0.0113146097088854
290, 0.0114614449751874
291, 0.0116020234612127
292, 0.0117825316265225
293, 0.0117349131032825
294, 0.011828577456375
295, 0.0108940537708501
296, 0.0118054646688203
297, 0.0110246039306124
298, 0.011574886739254
299, 0.0117512753543754
300, 0.0111701907590032
301, 0.0118388805227975
302, 0.0118543777304391
303, 0.0118458083209892
304, 0.0113167821740111
305, 0.011454143250982
306, 0.0116745171447595
307, 0.0118554633421203
308, 0.0117127594227592
309, 0.0117581111068527
310, 0.0118066823730866
311, 0.0117733292281628
312, 0.012300125323236
313, 0.0136230780432622
314, 0.0151400554126927
315, 0.011492480058223
316, 0.0109314580137531
317, 0.0116258962079883
318, 0.0127791726651291
319, 0.00961092447063753
320, 0.0152339297346771
321, 0.0135500174947083
322, 0.00821299020511409
323, 0.0116843251245362
324, 0.00851925105477373
325, 0.00869766793524226
326, 0.00886056401456396
327, 0.00900699136157831
328, 0.0091373057415088
329, 0.00832874661621948
330, 0.00774388868982593
331, 0.00925211344535152
332, 0.00782372515338163
333, 0.00795771111734211
334, 0.008134938388442
335, 0.00943788389364878
336, 0.00935206795111299
337, 0.00951106396193306
338, 0.00957270106300712
339, 0.00961780392875274
340, 0.0107633547546963
341, 0.0110893095843494
342, 0.0112442743654052
343, 0.0115357597048084
344, 0.0113951846336325
345, 0.010182570045193
346, 0.0103486768590907
347, 0.0100239293339352
348, 0.0105181449713806
349, 0.0098807600637277
350, 0.00973413498806102
351, 0.0109283796822031
352, 0.011653619663169
353, 0.0117683994273345
354, 0.0117773457119862
355, 0.0116299243333439
356, 0.0116787656831245
357, 0.0116127743385732
358, 0.0117748474391798
359, 0.0117043416636686
360, 0.0117576938743393
361, 0.0117513032940527
362, 0.0114987604320049
363, 0.0117291808128357
364, 0.0113881472498178
365, 0.0115932635962963
366, 0.0117228738963604
367, 0.0112677741174897
368, 0.0116683117424448
369, 0.0111511430392663
370, 0.0108204436089311
371, 0.0119990521731476
372, 0.0111670798311631
373, 0.0113466392892102
374, 0.0116271573739747
375, 0.0133703625760972
376, 0.0127524033499261
377, 0.0117910768215855
378, 0.00961110610514879
379, 0.00969735315690438
380, 0.00939671726276477
381, 0.00965560460463166
382, 0.00947191442052523
383, 0.00960081350058317
384, 0.00921038305386901
385, 0.00931670827170213
386, 0.00905543472617865
387, 0.00952183672537406
388, 0.00923426200946172
389, 0.00908051648487647
390, 0.00915336764107148
391, 0.00954028281072775
392, 0.00902658359458049
393, 0.0090090633990864
394, 0.0096440926194191
395, 0.0106880647751192
396, 0.0104402926129599
397, 0.0102664944715798
398, 0.0114849626219698
399, 0.0113242842877905
400, 0.0111771021038294
401, 0.010095180477947
402, 0.0110193936464687
403, 0.0098062664270401
404, 0.00993037301426133
405, 0.0108557472315927
406, 0.0116090450435877
407, 0.01175685490792
408, 0.0117443745645384
409, 0.0115805972988407
410, 0.0114820413291454
411, 0.0116778848071893
412, 0.0113715841434896
413, 0.0117524884020289
414, 0.0116442139260471
415, 0.0117352691789468
416, 0.0117092604438464
417, 0.0115209994837642
418, 0.0115024402427177
419, 0.0115490201860666
420, 0.0115784951485693
421, 0.0116105573251843
422, 0.0116578655627867
423, 0.0117119654702644
424, 0.0142310767744978
425, 0.0110437337309122
426, 0.0123352194204926
427, 0.0111025140310327
428, 0.0114722931757569
429, 0.0132047291845083
430, 0.0118250373440484
431, 0.0113016460090876
432, 0.0120434855731825
433, 0.0112708997247475
434, 0.00981734333825963
435, 0.0096851057993869
436, 0.00972666948412856
437, 0.00960363602886597
438, 0.00964296981692314
439, 0.00976790674030781
440, 0.00957177672535181
441, 0.0106778951982657
442, 0.00955346133559942
443, 0.0095577766187489
444, 0.0101877140502135
445, 0.00987713597714901
446, 0.0095983260932068
447, 0.009695113170892
448, 0.0098954439163208
449, 0.0106142067040006
450, 0.010362338895599
451, 0.0113922474905848
452, 0.0112696972986062
453, 0.010178524069488
454, 0.0111136245541275
455, 0.010002426803112
456, 0.0109522991503278
457, 0.0117680497157077
458, 0.0117971342988312
459, 0.0115786067520579
460, 0.0115753216668963
461, 0.0117262856413921
462, 0.0116834562892715
463, 0.0107855775083105
464, 0.0116259727316598
465, 0.0118076278207203
466, 0.0116774247338374
467, 0.0115276966243982
468, 0.0117551923419038
469, 0.0113734193146229
470, 0.01141391787678
471, 0.0114470302748183
472, 0.0117949550040066
473, 0.011484621403118
474, 0.013772515890499
475, 0.0127181258673469
476, 0.0116440267302096
477, 0.0120737990364432
478, 0.0114732364503046
479, 0.0123526272363961
480, 0.0106815638020635
481, 0.01486113127321
482, 0.014558269487073
483, 0.00988292663047711
484, 0.00986901096378764
485, 0.00990083130697409
486, 0.00986130799477299
487, 0.00986608614524206
488, 0.011315271568795
489, 0.0098912576213479
490, 0.00994605338200927
491, 0.010804711530606
492, 0.0100436682502429
493, 0.0104451772446434
494, 0.0102021197477976
495, 0.0113981561735272
496, 0.0099061343818903
497, 0.0105414629603426
498, 0.0102855660952628
499, 0.0112079298123717
500, 0.011817442253232
501, 0.0117470507199566
502, 0.0100718036826168
503, 0.0110532528099914
504, 0.0115215174543361
505, 0.0118736544003089
506, 0.0117892964432637
507, 0.0116704987982909
508, 0.0108879596615831
509, 0.0115939263875286
510, 0.0119070564396679
511, 0.0114559594852229
512, 0.0119106463777522
513, 0.0118773489569624
514, 0.0113980509340763
515, 0.0113133850196997
516, 0.0113491780745486
517, 0.0107179995005329
518, 0.0134726759667198
519, 0.0114670069888234
520, 0.01431812128673
521, 0.0130332716119786
522, 0.0118603360218306
523, 0.0116650684337531
524, 0.0123339480099579
525, 0.012649896244208
526, 0.0100872173594932
527, 0.0101178594244023
528, 0.0100703265828391
529, 0.0100627502736946
530, 0.0101703091834982
531, 0.0102541851811111
532, 0.0116298696957529
533, 0.0103806500943998
534, 0.0111695285886526
535, 0.0105638538176815
536, 0.0108207116524378
537, 0.012486775405705
538, 0.0120140571768085
539, 0.0104722717466454
540, 0.0131533139695724
541, 0.0138537312547366
542, 0.0117935985326767
543, 0.0118968098734816
544, 0.0116846120605866
545, 0.0119833224453032
546, 0.0114798766250412
547, 0.0113924294710159
548, 0.0115782860666513
549, 0.0120400950933496
550, 0.0109890767683585
551, 0.0120268726189222
552, 0.0120574993391832
553, 0.0113160715748866
554, 0.0108285041836401
555, 0.0112492727736632
556, 0.0112054653776189
557, 0.0106556387618184
558, 0.0120731070637703
559, 0.0118845077231526
560, 0.0128448937709133
561, 0.0125408922322094
562, 0.0111664435161012
563, 0.0138828830261316
564, 0.0112978467717767
565, 0.0135342607274652
566, 0.0103286389882366
567, 0.0102784082603951
568, 0.010398364936312
569, 0.0104960822500288
570, 0.0106326014113923
571, 0.0117736392033597
572, 0.0108183134968082
573, 0.0113818881412347
574, 0.0110644223168492
575, 0.0129284320088724
576, 0.0122357166061799
577, 0.0115569632810851
578, 0.0103969124278852
579, 0.0134329778763155
580, 0.0118613288116952
581, 0.011714906586955
582, 0.012002548823754
583, 0.0113333710469306
584, 0.0115742082707584
585, 0.0121240414058169
586, 0.0114459049267073
587, 0.0112363458611071
588, 0.0121965229511261
589, 0.0121954168813924
590, 0.0109470315898458
591, 0.0111506261552374
592, 0.0110672322501029
593, 0.0107785534734527
594, 0.0106067804930111
595, 0.0122769999628266
596, 0.0128581458702683
597, 0.0102430223487318
598, 0.0126406222892304
599, 0.0102052543312311
600, 0.0129358600825071
601, 0.0104374474224945
602, 0.0105822837601105
603, 0.0105017075936
604, 0.0106850305261711
605, 0.01081988044704
606, 0.0130221744378408
607, 0.0109957141491274
608, 0.0118300138662259
609, 0.0112196312596401
610, 0.0114970277063549
611, 0.0122301413988074
612, 0.0119472541846335
613, 0.0117557758154968
614, 0.0121376660342018
615, 0.011575724153469
616, 0.0111562715222438
617, 0.0112741673365235
618, 0.011414023116231
619, 0.0122981667518616
620, 0.0123843312529581
621, 0.011055081927528
622, 0.0109669333323836
623, 0.0107555687427521
624, 0.0136426132172346
625, 0.0125839387377103
626, 0.0106437283878525
627, 0.0107296978433927
628, 0.0108324221024911
629, 0.0109595173659424
630, 0.0111188585869968
631, 0.0113159357570112
632, 0.0118264321548243
633, 0.0115526622782151
634, 0.0122181065380573
635, 0.0126343059486576
636, 0.0117997868607442
637, 0.0120493814659615
638, 0.0115737649612129
639, 0.0123273630493454
640, 0.0110670725504557
641, 0.0113752520022293
642, 0.0112066060925523
643, 0.0109513023247321
644, 0.0108523241554697
645, 0.0124609388411045
646, 0.0126969313248992
647, 0.0121287908405066
648, 0.0109000055119395
649, 0.0124117298051715
650, 0.0110764348879457
651, 0.00728439791128039
652, 0.0105612644925714
653, 0.0049924764316529
654, 0.0176000801314201
655, 0.0119722539869448
656, 0.013046757162859
657, 0.00458145708156129
658, 0.011523664308091
659, 0.0116480387126406
660, 0.0117841426593562
661, 0.0122799095697701
662, 0.0128438461882373
663, 0.0140158638047675
664, 0.0168805913999677
665, 0.0115385617439946
666, 0.0112430012474457
667, 0.0109936009782056
668, 0.0107816116263469
669, 0.0106072093670567
670, 0.0104828629021843
671, 0.0103929472776751
672, 0.00618620977426569
673, 0.00663557012254993
674, 0.00721009712045391
675, 0.00780481162170569
676, 0.00838839480032524
677, 0.00891346422334512
678, 0.00935670919716358
679, 0.00971290531257788
680, 0.00999118977536758
681, 0.0102097853086889
682, 0.0103936110002299
683, 0.010574109852314
684, 0.0107948461857935
685, 0.0111215924844146
686, 0.0117155931269129
687, 0.0128570829207698
688, 0.00503219834839304
689, 0.0044433248306935
690, 0.00369515332082907
691, 0.00293351779691875
692, 0.00249892110393072
693, 0.0221563674509525
694, 0.00814278924372047
695, 0.0119027940866848
696, 0.0110373223821322
697, 0.0116849329012136
698, 0.0112219129999479
699, 0.0108904121443629
700, 0.0123590355118116
701, 0.0129251897645493
702, 0.0136537611484528
703, 0.0114376819692552
704, 0.0117975447016458
705, 0.0113702812232077
706, 0.0069838548079133
707, 0.00955182143176595
708, 0.0099751790985465
709, 0.0107276099734008
710, 0.0105378289396564
711, 0.0076764274854213
712, 0.00838173863788446
713, 0.00901707742984096
714, 0.0102967394826313
715, 0.0109008954217037
716, 0.01109671810021
717, 0.0113822243486842
718, 0.0111980005167425
719, 0.013463293047001
720, 0.0148807206590261
721, 0.0122655428325137
722, 0.0119993758077423
723, 0.0118215392964582
724, 0.0109456771363815
725, 0.0106758208945394
726, 0.0116802303430935
727, 0.0126958557715019
728, 0.00544985143157343
729, 0.00570145955619713
730, 0.0056725675240159
731, 0.0053956414728115
732, 0.0124037896416017
733, 0.0147925511312981
734, 0.00843910903980335
735, 0.0108200935646892
736, 0.00624887412413955
737, 0.0126416342599051
738, 0.0110936734825373
739, 0.0122572388499975
740, 0.0125693158867458
741, 0.0115816253237426
742, 0.0117739543008308
743, 0.0113990933944782
744, 0.0112356090297302
745, 0.0119644383278986
746, 0.00672327540814877
747, 0.0108415147600075
748, 0.00907451938837767
749, 0.0110358223319054
750, 0.0115740578621626
751, 0.0113632762804627
752, 0.0118917993580302
753, 0.0111964591778815
754, 0.010575998108834
755, 0.0083178267814219
756, 0.00971013478313883
757, 0.0102069896335403
758, 0.00744955187352995
759, 0.00517124892212451
760, 0.0122702213004231
761, 0.0115409692128499
762, 0.0111536487626533
763, 0.0120555491497119
764, 0.0118813696317375
765, 0.012294031213969
766, 0.0131758844169478
767, 0.0126519251304368
768, 0.0113725392147899
769, 0.00597056599023442
770, 0.00690828706137836
771, 0.0061223174755772
772, 0.0144083470106125
773, 0.0113737644361598
774, 0.00703802664897272
775, 0.0122181673401168
776, 0.0116977050590018
777, 0.0121552292257547
778, 0.0115280106353263
779, 0.0118483637149135
780, 0.00819877061682443
781, 0.0119682461954653
782, 0.00985907887419065
783, 0.00910730318476756
784, 0.0104325008578598
785, 0.01159034576267
786, 0.0117446812801063
787, 0.0119402382212381
788, 0.01146304840222
789, 0.0111313002804915
790, 0.011323013342917
791, 0.0108464847629269
792, 0.0072329076162229
793, 0.0138866039924324
794, 0.0068886469428738
795, 0.00503561246053626
796, 0.0117298319625358
797, 0.0130451329362889
798, 0.0121032668588062
799, 0.0115758275302748
800, 0.0126080443151295
801, 0.0123143047094345
802, 0.00585827017202973
803, 0.0138596752658486
804, 0.00777367944829166
805, 0.00803991872817278
806, 0.0118004006466695
807, 0.0120776037996014
808, 0.0119149236318966
809, 0.0091221130763491
810, 0.0106796993253132
811, 0.0100227254442871
812, 0.0118764013362428
813, 0.0120103710464069
814, 0.0111318770796061
815, 0.01179026455308
816, 0.0116007875961562
817, 0.0119853443466127
818, 0.011708987566332
819, 0.0114251851725082
820, 0.00854289935280879
821, 0.00788872977718711
822, 0.0119352047331631
823, 0.011774198928227
824, 0.0128427666301529
825, 0.0123048465078076
826, 0.0125346632363896
827, 0.0140256527811289
828, 0.0116247626021504
829, 0.0107685086938242
830, 0.00953673509260019
831, 0.012065514922142
832, 0.0119809530675411
833, 0.0102027527367075
834, 0.0109735098667443
835, 0.0114547528016071
836, 0.012120952270925
837, 0.012028194963932
838, 0.011998789695402
839, 0.0119730102208753
840, 0.0119436495006084
841, 0.0117425457574427
842, 0.0120131988078356
843, 0.0118830942859252
844, 0.0132898657715746
845, 0.0121253343919913
846, 0.01197057745109
847, 0.0126319603684048
848, 0.0124273806189497
849, 0.012119026455496
850, 0.0103734939226082
851, 0.0114846900105476
852, 0.0135062903476258
853, 0.0113001925249894
854, 0.0090564489364624
855, 0.0118265540028612
856, 0.0121003639263411
857, 0.0121085920060674
858, 0.012066936896493
859, 0.0121408190267781
860, 0.0121749192476273
861, 0.0121830358790855
862, 0.0128659727051854
863, 0.0122635931087037
864, 0.0124056964802245
865, 0.0117126937955618
866, 0.0128233462261657
867, 0.0122433278399209
868, 0.0125094692533215
869, 0.0120800851977297
870, 0.0121966868949433
871, 0.0125074281046788
872, 0.0122930106396476
873, 0.0126728213702639
874, 0.0129916821606457
875, 0.0121335191652179
876, 0.0134658817201853
877, 0.0212754864866535
878, 0.0128430128097534
879, 0.00938766341035565
880, 0.0109026899250845
881, 0.0077497949047635
882, 0.0122806594396631
883, 0.0138079229121407
884, 0.0163490247602264
885, 0.00971880399932464
886, 0.00980224894980589
887, 0.00948820247625311
888, 0.00951560012375315
889, 0.00944575729469458
890, 0.0099093074289461
891, 0.00931222550570965
892, 0.00910009273017446
893, 0.0106353857554495
894, 0.00857468803102771
895, 0.0115329281737407
896, 0.00764938583597541
897, 0.00662979452560345
898, 0.0127783925272524
899, 0.0126304114237428
900, 0.0122390679704646
901, 0.0116330990567803
902, 0.0109416780372461
903, 0.0102745485492051
904, 0.00960507337003946
905, 0.00963917840272188
906, 0.00966200216983755
907, 0.00966568120444814
908, 0.00963836427157124
909, 0.0100430962629616
910, 0.00921737340589364
911, 0.0102070877328515
912, 0.0104038822464645
913, 0.00895682442933321
914, 0.00878352547685305
915, 0.011203909603258
916, 0.00832308735698462
917, 0.00801914883777499
918, 0.0118773886933923
919, 0.0122152225424846
920, 0.00719503600460788
921, 0.0125123080797493
922, 0.0127196040314933
923, 0.00591993945029875
924, 0.00504605262540281
925, 0.00403927495547881
926, 0.00280808929043512
927, 0.00204156357795
928, 0.0181179887925585
929, 0.00415065550311868
930, 0.00956854596734047
931, 0.00952382553368807
932, 0.0096228097875913
933, 0.00953820114955306
934, 0.00965749208504955
935, 0.00967779491717617
936, 0.00832782499492168
937, 0.00771820878920456
938, 0.0064000718606015
939, 0.00951051884996039
940, 0.00947780658801397
941, 0.00919949946304162
942, 0.00856712833046913
943, 0.00587364109898252
944, 0.00937215766559044
945, 0.00943255797028542
946, 0.00929517842208346
947, 0.00908210516596834
948, 0.00876936099181573
949, 0.00893962879975637
950, 0.00804709224030375
951, 0.00689251534640789
952, 0.00733448153672119
953, 0.0059251997154206
954, 0.0111719455569983
955, 0.0131584210321307
956, 0.0096602332778275
957, 0.00984724626565973
958, 0.0100563938419024
959, 0.0124760909626881
960, 0.0105508969475826
961, 0.0097720578002433
962, 0.0103602174979945
963, 0.0110141683059434
964, 0.0115750776603818
965, 0.0124256472724179
966, 0.0125986201067766
967, 0.012632809424152
968, 0.0121404626406729
969, 0.00961953904479742
970, 0.0107691416827341
971, 0.0112846260890365
972, 0.011876381157587
973, 0.0121701868871848
974, 0.0101959612220526
975, 0.00994084309786558
976, 0.0096742721008403
977, 0.00860456470400095
978, 0.0151215479043978
979, 0.0121530625037849
980, 0.0118161072688443
981, 0.00970248393714428
982, 0.00954060101260742
983, 0.00968502974137664
984, 0.00964498457809289
985, 0.00848617233956853
986, 0.00806249018448094
987, 0.00912150616447131
988, 0.00867669579262535
989, 0.00884711540614565
990, 0.00899471451217929
991, 0.00827936160688599
992, 0.0092280344106257
993, 0.00938599494596322
994, 0.00931526316950719
995, 0.00785511864038805
996, 0.00944134856884678
997, 0.00768106322114666
998, 0.00950828343629837
999, 0.00763064126173655
1000, 0.00948284302527706
1001, 0.00957989211504658
1002, 0.00971326837316155
1003, 0.0146261259603004
1004, 0.0103740909447273
1005, 0.0105442212273677
1006, 0.0107450713403523
1007, 0.0109827554163833
1008, 0.0102283457914988
1009, 0.010104417335242
1010, 0.00999911222606897
1011, 0.00990996261437734
1012, 0.0112652663762371
1013, 0.0127728024187187
1014, 0.00983729710181554
1015, 0.012391590513289
1016, 0.0119835583803554
1017, 0.0116005095963677
1018, 0.0130369132384658
1019, 0.00977732132499417
1020, 0.0130649730563164
1021, 0.0127877673134208
1022, 0.00794469596197208
1023, 0.00972857911671911
1024, 0.0139177196792194
1025, 0.00953835701303823
1026, 0.00943904199327032
1027, 0.00893281369159619
1028, 0.00883012839282552
1029, 0.00904137656713525
1030, 0.00914368716379007
1031, 0.00923649066438278
1032, 0.00874788112317522
1033, 0.00938394417365392
1034, 0.00931713761140903
1035, 0.00871047625939051
1036, 0.00967665404702226
1037, 0.00895971913511554
1038, 0.00948135601356626
1039, 0.00950954792400201
1040, 0.00876022192339102
1041, 0.00959682821606596
1042, 0.00947675194280843
1043, 0.0131642844838401
1044, 0.0137005366074542
1045, 0.0125132522856196
1046, 0.0118855123097698
1047, 0.0101116782364746
1048, 0.0104022823895017
1049, 0.0102358991280198
1050, 0.00987337715923786
1051, 0.0113520774369438
1052, 0.0100141127283374
1053, 0.00993634977688392
1054, 0.00981998878220717
1055, 0.00977577719216545
1056, 0.0106267277151346
1057, 0.0109349372796714
1058, 0.00974020439510544
1059, 0.00900361835956573
1060, 0.0113373999483883
1061, 0.0144155396459003
1062, 0.0104690631851554
1063, 0.00953290921946367
1064, 0.00943221400181452
1065, 0.00933511648327112
1066, 0.0093570852962633
1067, 0.00939234113320708
1068, 0.00950497947633266
1069, 0.00947174228106936
1070, 0.00934813528632124
1071, 0.00941830066343149
1072, 0.00958797956506411
1073, 0.00955533531183998
1074, 0.00956081412732601
1075, 0.00990874491011103
1076, 0.00961480398351947
1077, 0.00972140021622181
1078, 0.0135871007417639
1079, 0.0126221911050379
1080, 0.00976442017902931
1081, 0.00983995230247577
1082, 0.011743621279796
1083, 0.00968102365732193
1084, 0.00972124499579271
1085, 0.00969525907809536
1086, 0.00967101395751039
1087, 0.0110296167743703
1088, 0.0105218089496096
1089, 0.00966256794830163
1090, 0.00997013365849853
1091, 0.0101826079189777
1092, 0.00965529773384333
1093, 0.00964937279266971
1094, 0.0136243687011302
1095, 0.011337102856487
1096, 0.0151215089485049
1097, 0.00956132635474205
1098, 0.0124209943848352
1099, 0.0104138427414
1100, 0.0165351050285002
1101, 0.00842762934709234
1102, 0.0123406162795921
1103, 0.00168203010689467
1104, 0.0109656754260262
1105, 0.0135983219370246
1106, 0.0140220744845768
1107, 0.0170769970864058
1108, 0.0227372154593468
1109, 0.00385971340749945
1110, 0.0181236744725278
1111, 0.00502528863338133
1112, 0.00438469361203412
1113, 0.00354098761454225
1114, 0.00236867573888352
1115, 0.0129908043891191
1116, 0.0114696150024732
1117, 0.010271889778475
1118, 0.00927009371419748
1119, 0.00836204302807649
1120, 0.00754635703439514
1121, 0.00682255571397642
1122, 0.00627984168628852
1123, 0.0111785462747018
1124, 0.0119340756597618
1125, 0.0126084255365034
1126, 0.0130830879012744
1127, 0.0133542235319813
1128, 0.0134790584755441
1129, 0.0135377133265138
1130, 0.0136076807975769
1131, 0.0137837685955067
1132, 0.00721096550114453
1133, 0.010163057440271
1134, 0.00908939773216844
1135, 0.00809086137451231
1136, 0.0113086781154076
1137, 0.0104066142812371
1138, 0.0123744392767549
1139, 0.0127846105024219
1140, 0.013023293732355
1141, 0.0130905133361618
1142, 0.0131044518202543
1143, 0.0129969799891114
1144, 0.013045980129391
1145, 0.0130154880074163
1146, 0.0134079167619348
1147, 0.0152300161176494
1148, 0.00546600592012207
1149, 0.00573514479522904
1150, 0.00540385651402175
1151, 0.00590440975502133
1152, 0.00574241089634597
1153, 0.00524800962635449
1154, 0.00634892976709775
1155, 0.0128266139488135
1156, 0.0119075890896576
1157, 0.00685733966529369
1158, 0.00880912567178408
1159, 0.0099509903229773
1160, 0.0111410402071973
1161, 0.00770168371188144
1162, 0.0133222535563012
1163, 0.0126135679893196
1164, 0.0133150815963745
1165, 0.0131411771290004
1166, 0.0120793112686702
1167, 0.0128778733002643
1168, 0.0123884635977447
1169, 0.00600519295160969
1170, 0.0141475483775139
1171, 0.00720681188007196
1172, 0.00618101206297676
1173, 0.00713358806180102
1174, 0.0084557116497308
1175, 0.0108537829170624
1176, 0.00967023925234874
1177, 0.0121411425992846
1178, 0.0130381247028708
1179, 0.0133729085015754
1180, 0.0138637272951504
1181, 0.0127983926795423
1182, 0.0116230580955744
1183, 0.0118441755572955
1184, 0.0122724502968291
1185, 0.00708139090177913
1186, 0.0142066236585379
1187, 0.00922766358902057
1188, 0.0107151662398662
1189, 0.0135960394206146
1190, 0.0126876040982703
1191, 0.0118638165295124
1192, 0.011242239891241
1193, 0.00876238662749529
1194, 0.00807944415137172
1195, 0.0101466413587332
1196, 0.0122472597286105
1197, 0.0144314579665661
1198, 0.0112114309643706
1199, 0.0104259440364937
1200, 0.00920097266013424
1201, 0.0152391506358981
1202, 0.0073871560394764
1203, 0.0128468213602901
1204, 0.0145760071463883
1205, 0.0100110455726584
1206, 0.0159220134839416
1207, 0.00750360653425256
1208, 0.0135491004524132
1209, 0.0106621275522879
1210, 0.00841804258525372
