1, 0.01152567518875
2, 0.0285382596775889
3, 0.00255203049164265
4, 0.00852057058364153
5, 0.0148219363763928
6, 0.0191673953086138
7, 0.00970206502825022
8, 0.00258528086123988
9, 0.0278167831711471
10, 0.0125904949381948
11, 0.013245290145278
12, 0.0203786324709654
13, 0.0120047896302172
14, 0.0125529660532872
15, 0.0128525954981645
16, 0.0130882210408648
17, 0.0133302379399538
18, 0.0136787802912295
19, 0.0143417231738567
20, 0.0159289161674678
21, 0.0201236577704549
22, 0.0254410766065121
23, 0.0164442723616958
24, 0.00831427611410618
25, 0.00409175727205972
26, 0.0026929066516459
27, 0.00471039566521843
28, 0.0063595933218797
29, 0.00747890568648775
30, 0.00816665325934688
31, 0.00854504946619272
32, 0.00875887088477612
33, 0.00941219087690115
34, 0.010338520941635
35, 0.0112870490799348
36, 0.0121344486251473
37, 0.0128205191964904
38, 0.0133197608714302
39, 0.0136511459325751
40, 0.0138647469381491
41, 0.0140219495321314
42, 0.0141838500276208
43, 0.0144928321242332
44, 0.0146736986935139
45, 0.0145450532436371
46, 0.0143022301296393
47, 0.0139667491118113
48, 0.0135519948477546
49, 0.013084776699543
50, 0.0126079237088561
51, 0.0121527230367064
52, 0.0119451724458486
53, 0.0116573367267847
54, 0.0117360732207696
55, 0.011934378494819
56, 0.0121850331003467
57, 0.0124493061254422
58, 0.0126913854231437
59, 0.012886820671459
60, 0.0130286607891321
61, 0.0131244072690606
62, 0.0131906485185027
63, 0.0132519754891594
64, 0.0133418313538035
65, 0.0135085834190249
66, 0.0138273518532515
67, 0.014437853358686
68, 0.0155851260448496
69, 0.0170875145122409
70, 0.0158390556462109
71, 0.0130938850343227
72, 0.0122841047123075
73, 0.0117297181859612
74, 0.0113092294583718
75, 0.0109657247861226
76, 0.0106724348540107
77, 0.010416011326015
78, 0.0101908560221394
79, 0.0100012126689156
80, 0.00986005800465743
81, 0.00975802750326693
82, 0.00974241684057883
83, 0.00982021385182937
84, 0.0098868136604627
85, 0.0099297882989049
86, 0.00993274648984273
87, 0.00987746582056085
88, 0.00974191321680943
89, 0.00949841644614935
90, 0.00910827005282044
91, 0.00851601098353664
92, 0.00764765838781993
93, 0.00640712399035692
94, 0.00470972573384643
95, 0.00267924019135535
96, 0.00421854993328452
97, 0.00871696897471944
98, 0.0167648723969857
99, 0.0262300185859203
100, 0.0201014193395774
101, 0.0161360196458797
102, 0.0146306285945078
103, 0.0139880152419209
104, 0.0136989139330884
105, 0.0135709151315192
106, 0.0135168589962025
107, 0.0134961833246052
108, 0.013487903556476
109, 0.0134802738515039
110, 0.0134661206975579
111, 0.0134407916727165
112, 0.0134012966106335
113, 0.0133454624253015
114, 0.0132714980281889
115, 0.0131778030966719
116, 0.0130606380601724
117, 0.0129130370914936
118, 0.0127229338201384
119, 0.0127147117163986
120, 0.0127552803605795
121, 0.0128424835080902
122, 0.0129284116749962
123, 0.0130125069990754
124, 0.0130917578935623
125, 0.0131588469569882
126, 0.013210928067565
127, 0.0132437015417963
128, 0.0132632413879037
129, 0.0133174356694023
130, 0.0134038471927245
131, 0.013509305814902
132, 0.0136275064821045
133, 0.013755027204752
134, 0.0138891224438945
135, 0.0140258256966869
136, 0.0141600634281834
137, 0.0142847383394837
138, 0.0143894677360853
139, 0.0144589052846034
140, 0.0144709255546331
141, 0.0143954735249281
142, 0.0141954629992445
143, 0.0138322940717141
144, 0.0132753718644381
145, 0.0125159816816449
146, 0.0115929242844383
147, 0.0105717303231359
148, 0.00957529836644729
149, 0.00883007887750864
150, 0.00399492153277
151, 0.00794088266169032
152, 0.0162203935906291
153, 0.0255196547756592
154, 0.0256892299900452
155, 0.0165131039296587
156, 0.00819179710621635
157, 0.00403594489519795
158, 0.00972245944043001
159, 0.00978244158128897
160, 0.00988267951955398
161, 0.0100116552785039
162, 0.010160674341023
163, 0.0103224891548355
164, 0.0104879600306352
165, 0.0106506316612164
166, 0.0108065002908309
167, 0.0109532441323002
168, 0.0110902910431226
169, 0.011218915383021
170, 0.0113419592380524
171, 0.0114639746025205
172, 0.0115916691720486
173, 0.0117346495389938
174, 0.0119069724654158
175, 0.0121325912574927
176, 0.0124505820373694
177, 0.012940409903725
178, 0.0137471938505769
179, 0.0166917578317225
180, 0.0179918458064397
181, 0.0161667071903745
182, 0.0147703069572647
183, 0.0139764634271463
184, 0.0135086514055729
185, 0.0132142181197802
186, 0.0130189346770445
187, 0.0128829497843981
188, 0.012783230903248
189, 0.0127078639343381
190, 0.0126499493295948
191, 0.0126060716186961
192, 0.0125769727552931
193, 0.0125617614636819
194, 0.012557161351045
195, 0.0125623379523555
196, 0.0126239645760506
197, 0.01278999603043
198, 0.0124293089223405
199, 0.0185726393635074
200, 0.00658507319167256
201, 0.00278613422997296
202, 0.0130505128763616
203, 0.0132832539578279
204, 0.0135776248450081
205, 0.014065051296105
206, 0.0150342090055346
207, 0.0172285571073492
208, 0.0222652821491162
209, 0.0127539332689983
210, 0.00742061684528987
211, 0.00633851842333873
212, 0.00456299221453567
213, 0.0140962676766018
214, 0.0139520368538797
215, 0.0137878571016093
216, 0.0135383040954669
217, 0.0131410321531196
218, 0.0125548136420548
219, 0.0117749003693461
220, 0.010852446158727
221, 0.00984736857935786
222, 0.00897968281060457
223, 0.0133822921973964
224, 0.0137355159968138
225, 0.0140399294905365
226, 0.0142650473862886
227, 0.0144202609856923
228, 0.0176489458729823
229, 0.0134843547518055
230, 0.0104233518553277
231, 0.0123539745497207
232, 0.0140114639264842
233, 0.0139066777192056
234, 0.013753770540158
235, 0.0130309811793268
236, 0.0142536481842399
237, 0.0114502880411843
238, 0.0130015516964098
239, 0.0136274246809383
240, 0.0126304395186404
241, 0.0123024880886078
242, 0.0138566978275776
243, 0.014037806695948
244, 0.015958860826989
245, 0.0133332981107136
246, 0.0136269658493499
247, 0.0140497965427736
248, 0.0147631076785425
249, 0.0130841933811704
250, 0.00811265013180673
251, 0.00846399925649166
252, 0.00866076730502149
253, 0.00862523314676114
254, 0.0165637750178576
255, 0.011561787687242
256, 0.00916765417371477
257, 0.0141423928684422
258, 0.0127789571083018
259, 0.0163890078353385
260, 0.0139142950065434
261, 0.0139666981995106
262, 0.013002668817838
263, 0.0137906658152739
264, 0.0135166460337738
265, 0.0122072220159074
266, 0.0110829969247182
267, 0.0133651231105129
268, 0.0139394663274288
269, 0.0138206345339616
270, 0.0130571645374099
271, 0.0136957600091894
272, 0.0133948405273259
273, 0.0140760612363617
274, 0.0154649455410739
275, 0.0146309953803817
276, 0.00887999846599996
277, 0.0159863363951445
278, 0.0130462454011043
279, 0.0136475772596896
280, 0.0120710389067729
281, 0.0139772316130499
282, 0.0139949087363978
283, 0.013920651593556
284, 0.0140148671343923
285, 0.0105186522539173
286, 0.0136461701864998
287, 0.0139343643561006
288, 0.0134425070136786
289, 0.0131561789661646
290, 0.0150304039319356
291, 0.0137314231445392
292, 0.0144897773861885
293, 0.0140611253057917
294, 0.00999186653643847
295, 0.0145531394518912
296, 0.0156584287372728
297, 0.0138843543827534
298, 0.0131169388381143
299, 0.0140401904604265
300, 0.0141405818673472
301, 0.0141468571188549
302, 0.01387774432078
303, 0.0137341177091002
304, 0.0146749829873443
305, 0.0140003796134676
306, 0.0143315962826212
307, 0.0147536515391299
308, 0.0126345430811246
309, 0.0142297899971406
310, 0.0144889992661774
311, 0.0149541857341925
312, 0.0143661792390049
313, 0.0141949398443103
314, 0.010960848381122
315, 0.0131489131599665
316, 0.0119882002472878
317, 0.0131149004058292
318, 0.00757445786924412
319, 0.0187167904472777
320, 0.0120421067501108
321, 0.0153367255503933
322, 0.0147381729135911
323, 0.0142079692644378
324, 0.0138186191519101
325, 0.013569710465769
326, 0.0134154080102841
327, 0.0133145526051521
328, 0.013234946411103
329, 0.0131518143850068
330, 0.0130465171920756
331, 0.0129073585073153
332, 0.012732045724988
333, 0.00401748775038868
334, 0.00992380067085226
335, 0.00906599840770165
336, 0.00844528122494618
337, 0.0100104835194846
338, 0.0100001006697615
339, 0.00990569327647487
340, 0.00997371738776565
341, 0.00976190871248643
342, 0.0094883522639672
343, 0.00758006555649141
344, 0.00642884879683455
345, 0.00508082491190483
346, 0.00984455086290836
347, 0.0109547955604891
348, 0.0113017320012053
349, 0.0117195279647907
350, 0.0122575817319254
351, 0.0130486589235564
352, 0.0238777726888657
353, 0.0127038344119986
354, 0.0135752819478512
355, 0.014098504713426
356, 0.0151856600617369
357, 0.0179525918016831
358, 0.0131537287185589
359, 0.0133050161724289
360, 0.0125309112481773
361, 0.0123277863798042
362, 0.0134608975301186
363, 0.014226577244699
364, 0.0137492200980584
365, 0.0139699028804898
366, 0.0135812737668554
367, 0.0130494344048202
368, 0.0133743022258083
369, 0.0132362022995949
370, 0.00981711208199461
371, 0.00947681317726771
372, 0.0101896064976851
373, 0.0101856389082968
374, 0.0100668574062486
375, 0.0101243265283604
376, 0.00907804615174731
377, 0.0101449323507647
378, 0.0097825126722455
379, 0.00999459531158209
380, 0.0086294028442353
381, 0.0106547220299641
382, 0.0118692913092673
383, 0.0131154909419517
384, 0.0103915164557596
385, 0.0101621445889274
386, 0.00997019605711102
387, 0.0114339152351022
388, 0.0124215983475248
389, 0.0132575132884085
390, 0.0140747195109725
391, 0.0123924979940057
392, 0.01299544936046
393, 0.0148996549348036
394, 0.01646645792893
395, 0.0161067039838859
396, 0.0124762090854347
397, 0.014169932742204
398, 0.0121607255811493
399, 0.0125462078888501
400, 0.00997534154781273
401, 0.00824409839697182
402, 0.0127689749933779
403, 0.0134487406661113
404, 0.0135100688785315
405, 0.013360992539674
406, 0.0136917865214249
407, 0.0135944796105226
408, 0.0137647318964203
409, 0.0134111808923384
410, 0.0133868952592214
411, 0.0133210568067928
412, 0.0129191274754703
413, 0.0104737135892113
414, 0.0105060165127118
415, 0.0105070420540869
416, 0.0102995017853876
417, 0.010412034423401
418, 0.0104764839634299
419, 0.0104236042437454
420, 0.0104377560007075
421, 0.0103880225991209
422, 0.0110567005661627
423, 0.010439392644912
424, 0.0119579912473758
425, 0.0124556240625679
426, 0.0131701756534832
427, 0.0107313054613769
428, 0.0101860277354717
429, 0.0135995106150707
430, 0.0129408639234801
431, 0.0147215037917097
432, 0.0132540112050871
433, 0.0140791013836861
434, 0.0126233847501377
435, 0.0130163750921686
436, 0.00805164338089526
437, 0.0107301922204594
438, 0.0134946607674162
439, 0.0135277858935297
440, 0.0131601065707703
441, 0.0134042625625928
442, 0.0134067110096415
443, 0.0133779703949889
444, 0.0133967182288567
445, 0.0134525711958607
446, 0.013418429531157
447, 0.0132587525683145
448, 0.010966317417721
449, 0.0108720396334926
450, 0.011655263757954
451, 0.0110588019403319
452, 0.0137821171432734
453, 0.0107713555917144
454, 0.0106245543186863
455, 0.0111708245240152
456, 0.0113476131421824
457, 0.0101716142147779
458, 0.0140754665868978
459, 0.0115151978097856
460, 0.0129255386069417
461, 0.0124903690690796
462, 0.0107793418380121
463, 0.0104521759120481
464, 0.0111205119950076
465, 0.0132395847301398
466, 0.0136315333656967
467, 0.0128623254597187
468, 0.0121953766793013
469, 0.0136322493975361
470, 0.0135095012374222
471, 0.0135230209367971
472, 0.0132142421789467
473, 0.0131464662651221
474, 0.0129728248076779
475, 0.0132918665185571
476, 0.0133909556704263
477, 0.0135407093912363
478, 0.0113696682577332
479, 0.0112160926995178
480, 0.0115350416551034
481, 0.0110749137986984
482, 0.0117309784206251
483, 0.0124004174334308
484, 0.012001380790025
485, 0.0120013151317835
486, 0.0145454023343821
487, 0.0111329612943033
488, 0.0115580909575025
489, 0.0136312520131469
490, 0.0140082500874996
491, 0.0134125743061304
492, 0.0131299972223739
493, 0.0135646724763016
494, 0.013819199676315
495, 0.0129805863834918
496, 0.0129004645471772
497, 0.0130224046297371
498, 0.0133550570656856
499, 0.0137399709783494
500, 0.0131726263401409
501, 0.0117229620615641
502, 0.0119313069929679
503, 0.0114939065650105
504, 0.0121626818242172
505, 0.0107991315424442
506, 0.0151478055243691
507, 0.0128225250169635
508, 0.0124570651290317
509, 0.0128502474787335
510, 0.0115625869172315
511, 0.0120215249868731
512, 0.0138590197478022
513, 0.0143388849683106
514, 0.0114183514378965
515, 0.0139849896853169
516, 0.0138053041882813
517, 0.0132733513601124
518, 0.0137840031335751
519, 0.0126023342212041
520, 0.0127903191993634
521, 0.0130092302958171
522, 0.0133769821065168
523, 0.0122764417901635
524, 0.0120235297030636
525, 0.0147901371431847
526, 0.0156528251245618
527, 0.0125056972416739
528, 0.0124679097595314
529, 0.012499185744673
530, 0.0127804037183523
531, 0.0131237378033499
532, 0.014122538579007
533, 0.0141876693814993
534, 0.014587681585302
535, 0.0149095007883651
536, 0.0139230308122933
537, 0.0135838437515
538, 0.0140153391597172
539, 0.0156705925861994
540, 0.013555620641758
541, 0.0151093453168869
542, 0.0141100157052279
543, 0.0146256662905216
544, 0.0146412299945951
545, 0.0144295695548256
546, 0.0162704287096858
547, 0.0158573368564248
548, 0.0135670276358724
549, 0.0072274423437193
550, 0.0186017453670502
551, 0.0128685232872764
552, 0.0130152031779289
553, 0.0131392519300183
554, 0.0132406121119857
555, 0.0133247512082259
556, 0.0133921712016066
557, 0.0134443021379411
558, 0.0134825839971503
559, 0.0135092184258004
560, 0.0135277515898148
561, 0.0135438477930923
562, 0.0136137412240108
563, 0.0137135701564451
564, 0.0139252400646607
565, 0.0143719908470909
566, 0.0153166853512327
567, 0.0174489039927721
568, 0.0130972256883979
569, 0.013027634161214
570, 0.0129557986122866
571, 0.0128854264815648
572, 0.009106970547388
573, 0.0100365344745417
574, 0.0111109366019567
575, 0.0121113976153235
576, 0.01296888369446
577, 0.0136216081057986
578, 0.0140670514665544
579, 0.0143314978728692
580, 0.0144536648876965
581, 0.0144737145553033
582, 0.0144252682415148
583, 0.0143336323089898
584, 0.0142166134901345
585, 0.0140862303475539
586, 0.0139505964082976
587, 0.0138153846686085
588, 0.0136847553464274
589, 0.013561700625966
590, 0.0134494143227736
591, 0.0133515164876978
592, 0.0132795569176475
593, 0.00822563267623385
594, 0.00752138501654069
595, 0.00637860021864374
596, 0.00499085775421311
597, 0.00392170199969163
598, 0.0124829550428937
599, 0.0224129526565472
600, 0.00784853127940247
601, 0.0143650580818454
602, 0.0133847111525635
603, 0.0117284068837762
604, 0.0139772581557433
605, 0.0142891050005953
606, 0.0144414633202056
607, 0.0144468103535473
608, 0.0142551499108473
609, 0.0141297918744385
610, 0.013997329864651
611, 0.0138634465013941
612, 0.0137323054174582
613, 0.0134617175596456
614, 0.0136064679051439
615, 0.0106239879193405
616, 0.0127132222987711
617, 0.0144814195421835
618, 0.0134883200128873
619, 0.0136244585737586
620, 0.0150349551501373
621, 0.0143826371058822
622, 0.0138329242666562
623, 0.0137266876796881
624, 0.0135531919077039
625, 0.0134550014821192
626, 0.0131093575619161
627, 0.0133094300205509
628, 0.0132154848737021
629, 0.0133887305855751
630, 0.0161700734558205
631, 0.0140266194939613
632, 0.0136652692841987
633, 0.0135899547797938
634, 0.0135092305329939
635, 0.0131607558578253
636, 0.0131455124355853
637, 0.0130251900603374
638, 0.0132096322874228
639, 0.0130880774619679
640, 0.0132387636229396
641, 0.00856233108788729
642, 0.00899454051007827
643, 0.00861273286864161
644, 0.00808394288954636
645, 0.0162598763902982
646, 0.0126921104799424
647, 0.0132854896198426
648, 0.0178169505670667
649, 0.0093139877010669
650, 0.0142759623316427
651, 0.0141551730533441
652, 0.0143819918545584
653, 0.0140272188000381
654, 0.0144613959516088
655, 0.013896988860021
656, 0.0144954967933396
657, 0.0137678834920128
658, 0.014454908358554
659, 0.014294763871779
660, 0.0112879131920636
661, 0.0139519656077027
662, 0.0136423637159169
663, 0.0133692609767119
664, 0.0135214623684684
665, 0.0134071808618804
666, 0.0125059809846183
667, 0.0141613460145891
668, 0.0139735550619662
669, 0.0138552639012535
670, 0.0137124702644845
671, 0.0137747428379953
672, 0.0136566874571145
673, 0.0135997108494242
674, 0.0135372630320489
675, 0.0134667420449356
676, 0.013386437514176
677, 0.0132958549074829
678, 0.0131920346369346
679, 0.0144678743866583
680, 0.015703830247124
681, 0.0149591588415205
682, 0.0129725166729518
683, 0.0132006007867555
684, 0.0132088959217072
685, 0.0131671496533922
686, 0.0132471219015618
687, 0.0112324498283366
688, 0.010639616753906
689, 0.0106211707794241
690, 0.013784777931869
691, 0.0164726232178509
692, 0.01013114284724
693, 0.0123337173524002
694, 0.0136672570370138
695, 0.0134353240331014
696, 0.0135477238024275
697, 0.0137898173804084
698, 0.0139140595371524
699, 0.0140386327790717
700, 0.0141615586665769
701, 0.01427964741985
702, 0.0143875987268984
703, 0.0144761030872663
704, 0.0145281758159399
705, 0.0145126455463469
706, 0.014372913322101
707, 0.0140138970067104
708, 0.0133596369996667
709, 0.0133798549262186
710, 0.0153472789873679
711, 0.0134741618918876
712, 0.0132813383825123
713, 0.0135598876513541
714, 0.0136395636945963
715, 0.0137155481303732
716, 0.0137911912364264
717, 0.0139679807859162
718, 0.0140923651245733
719, 0.0138721464512249
720, 0.0142667670734227
721, 0.0128140149638057
722, 0.0133240699768066
723, 0.0148826176300645
724, 0.0145198962030311
725, 0.0130953950807452
726, 0.0132624433996777
727, 0.0132698362693191
728, 0.0133156493040068
729, 0.0122760327843328
730, 0.0128039140254259
731, 0.0147917749626296
732, 0.0155954947695136
733, 0.0134557229466736
734, 0.0135639092574517
735, 0.0136806506974002
736, 0.0134476089539627
737, 0.0137965620184938
738, 0.0139130866155028
739, 0.0140302496341368
740, 0.0141480606980622
741, 0.0142662689710657
742, 0.0143834273330867
743, 0.0144947644633551
744, 0.0145873334258795
745, 0.0134728612999121
746, 0.013364058919251
747, 0.0141842396308978
748, 0.0146292611025274
749, 0.014547646821787
750, 0.0135726469258467
751, 0.0136674488894641
752, 0.0137598213429252
753, 0.0138522450191279
754, 0.0139482949549953
755, 0.0141780230527123
756, 0.014053912833333
757, 0.0143321398645639
758, 0.0157802025787532
759, 0.0145296646902959
760, 0.0150563198452195
761, 0.0147784900230666
762, 0.0133391256843294
763, 0.0152405213254193
764, 0.013677660562098
765, 0.0135737094096839
766, 0.0134623507037759
767, 0.0136811546981335
768, 0.013786891164879
769, 0.0138928354717791
770, 0.0140006512713929
771, 0.0141130808430413
772, 0.0142338466830552
773, 0.0143671636469662
774, 0.0145155081215004
775, 0.0144557228001455
776, 0.0146734596540531
777, 0.0148399864944319
778, 0.0148115861229599
779, 0.0133574429899454
780, 0.0134693891741335
781, 0.0128064959620436
782, 0.00673296994396618
783, 0.00281412019394338
784, 0.0133744343183935
785, 0.0134204818556706
786, 0.0134510116962095
787, 0.0134802985315522
788, 0.0134905984935661
789, 0.0135107939131558
790, 0.0135580973389248
791, 0.0136631387285888
792, 0.0138838598504663
793, 0.0143400179222226
794, 0.015294770244509
795, 0.0187545468409856
796, 0.0174394178514679
797, 0.022470822557807
798, 0.0125725836648295
799, 0.00944223161786795
800, 0.00902785221114755
801, 0.00841291729981701
802, 0.00752150236318509
803, 0.0063506873169293
804, 0.00468850007746369
805, 0.0136860562488437
806, 0.0129398121498525
807, 0.0124980628800889
808, 0.0122020564352473
809, 0.0119898365810513
810, 0.0118221688705186
811, 0.0116795691040655
812, 0.011549043469131
813, 0.0114213832033177
814, 0.0112904021516442
815, 0.0111517575569451
816, 0.0110027973229686
817, 0.0108426314157744
818, 0.0106727226326863
819, 0.0104962014593184
820, 0.0103182586220404
821, 0.0101473468045394
822, 0.00999480703224738
823, 0.00986567713941137
824, 0.00977317957828442
825, 0.0130322872040172
826, 0.0131723092248042
827, 0.0133618560309211
828, 0.0136253046803176
829, 0.0139986954939862
830, 0.0145301500645777
831, 0.0152282786245147
832, 0.016022444392244
833, 0.0129265376987557
834, 0.0133557724766433
835, 0.0140169323422015
836, 0.0127831950473289
837, 0.0128453420475125
838, 0.013745295504729
839, 0.0135278419281046
840, 0.0143458909975986
841, 0.0147177269682288
842, 0.012677027285099
843, 0.0100187412463129
844, 0.0103766346971194
845, 0.0105794738046825
846, 0.0107817457367977
847, 0.0122327068820596
848, 0.0116305843306084
849, 0.0113294529728591
850, 0.0111600435338914
851, 0.0119103095494211
852, 0.010976643456767
853, 0.0101842485989134
854, 0.0147516785189509
855, 0.0127287469804287
856, 0.0131498626433313
857, 0.0137567714167138
858, 0.0124468488308291
859, 0.0120600832936664
860, 0.0117701082490385
861, 0.0114853292082747
862, 0.00970939639955759
863, 0.00942149432376027
864, 0.00986624027912815
865, 0.00994049292057753
866, 0.00995558065672716
867, 0.00970250507816672
868, 0.00904720493902763
869, 0.00862759569038947
870, 0.00890423404052854
871, 0.00992647046223283
872, 0.00986183574423194
873, 0.00979320574551821
874, 0.0134805892594159
875, 0.0149844797948996
876, 0.0143099334090948
877, 0.013413966478159
878, 0.0135210173514982
879, 0.0136106276574234
880, 0.0137223776740332
881, 0.0132247883205613
882, 0.0133099712741872
883, 0.0131165105849504
884, 0.0139313338634868
885, 0.0134534949126343
886, 0.01350066329663
887, 0.0135522902322312
888, 0.0129312830311911
889, 0.0163048448351522
890, 0.0147655791203891
891, 0.00988239808274167
892, 0.0129766541843613
893, 0.0128735550014036
894, 0.0161419571377337
895, 0.013114238002648
896, 0.012738195558389
897, 0.0126950813767811
898, 0.0130305335236092
899, 0.0126880764340361
900, 0.0127103364405533
901, 0.0137673785599569
902, 0.013951118880262
903, 0.0142905468431612
904, 0.0136038154984514
905, 0.0141402514030536
906, 0.0132206340009967
907, 0.0121226368161539
908, 0.0116650587879121
909, 0.0129149314016104
910, 0.013255969931682
911, 0.0126538388431072
912, 0.011974623426795
913, 0.0138252305665186
914, 0.012448586213092
915, 0.0122771579772234
916, 0.0118243798303107
917, 0.0114916002688309
918, 0.0113009558990598
919, 0.011093172399948
920, 0.0108728621465464
921, 0.0104153715074062
922, 0.0106439450755715
923, 0.0101944998217126
924, 0.0098965495514373
925, 0.0100680176789562
926, 0.0100730744500955
927, 0.0099705884543558
928, 0.0100399350437025
929, 0.0103178668456773
930, 0.0104156128751735
931, 0.0103192150903245
932, 0.010014353475223
933, 0.0133578667106728
934, 0.0143665496259928
935, 0.0136756190719704
936, 0.0131816846939425
937, 0.0134647386148572
938, 0.0135630595808228
939, 0.0135318463047345
940, 0.013605925720185
941, 0.013501767689983
942, 0.0137947973174353
943, 0.0139983273111284
944, 0.0143359236729642
945, 0.0132815609686077
946, 0.0148636652156711
947, 0.0100323433056474
948, 0.0130575052462518
949, 0.0101699044129678
950, 0.017828562296927
951, 0.0131332062495252
952, 0.0156412924018999
953, 0.0133490362204611
954, 0.0129225508620342
955, 0.0132534396834671
956, 0.0138525143265724
957, 0.0137423886917531
958, 0.0139352787906925
959, 0.0128966343278686
960, 0.0129669796054562
961, 0.0134646240621805
962, 0.0104258627009888
963, 0.0111945827181141
964, 0.0114284787947933
965, 0.0109487740943829
966, 0.0118316494238873
967, 0.0116410072272023
968, 0.0121627075908085
969, 0.012469962084045
970, 0.0120037933811545
971, 0.012315155317386
972, 0.01263720014443
973, 0.0136543199419975
974, 0.0128270086521904
975, 0.0133531166551014
976, 0.0130555694922805
977, 0.0106877248423795
978, 0.0115604206609229
979, 0.0103377487200002
980, 0.0102400958227615
981, 0.0102993433053295
982, 0.010337284921358
983, 0.0103487994832297
984, 0.013414374863108
985, 0.0138397940124075
986, 0.0135626252740622
987, 0.0136506009536485
988, 0.0136012520330648
989, 0.0137240348073343
990, 0.013524629175663
991, 0.0132551952265203
992, 0.0133460780295233
993, 0.0112199758489927
994, 0.0140228119368354
995, 0.0143069480545819
996, 0.0147220475288729
997, 0.0132269489889344
998, 0.0135288476012647
999, 0.0131170721724629
1000, 0.0137895792722702
1001, 0.0130752491143843
1002, 0.0137551055910687
1003, 0.013436910075446
1004, 0.0121621950529516
1005, 0.0128749459981918
1006, 0.013984697094808
1007, 0.0131760795290271
1008, 0.0136309938194851
1009, 0.0106943386739918
1010, 0.0110068470239639
1011, 0.011280931532383
1012, 0.0115452264435589
1013, 0.0137042235583067
1014, 0.0133987717951337
1015, 0.0119884774709741
1016, 0.0117809496199091
1017, 0.0121722311402361
1018, 0.012491002989312
1019, 0.0123374687197308
1020, 0.0126416709584494
1021, 0.0127994255162776
1022, 0.0129761040831606
1023, 0.0131741429989537
1024, 0.0152402807337542
1025, 0.0110068869156142
1026, 0.0105136960434417
1027, 0.0107447624516984
1028, 0.0106371006307503
1029, 0.0134783706938227
1030, 0.013847373581181
1031, 0.0136774322018027
1032, 0.0137459187147518
1033, 0.0136285849536459
1034, 0.0135871952710052
1035, 0.0133344167843461
1036, 0.0108600920066237
1037, 0.0134171393389503
1038, 0.0139985429123044
1039, 0.0122582097537816
1040, 0.0142161858578523
1041, 0.0145142258455356
1042, 0.0130065608769655
1043, 0.0133181814370411
1044, 0.0157528192115327
1045, 0.013063815156264
1046, 0.0132894969234864
1047, 0.0136384001622597
1048, 0.0136631047353148
1049, 0.0128873884677887
1050, 0.0109428479336202
1051, 0.0135669458347062
1052, 0.0132337349156539
1053, 0.0137055345500509
1054, 0.0133568922368189
1055, 0.0110461043193936
1056, 0.0136297315359116
1057, 0.0119141276615361
1058, 0.0113370370430251
1059, 0.0116522517055273
1060, 0.0121395591025551
1061, 0.012503559080263
1062, 0.0123338191770017
1063, 0.012655054529508
1064, 0.0127980508841574
1065, 0.0129419880298277
1066, 0.0134662903534869
1067, 0.0130982568177084
1068, 0.0132799940183759
1069, 0.0103891655802727
1070, 0.0118193031909565
1071, 0.0110712901999553
1072, 0.010876161356767
1073, 0.0112634267037114
1074, 0.0148737329679231
1075, 0.013544388115406
1076, 0.0138212150583665
1077, 0.013741378672421
1078, 0.0136857933054368
1079, 0.0136434221640229
1080, 0.0134210690545539
1081, 0.0134909483604133
1082, 0.0139341379205386
1083, 0.011503376532346
1084, 0.0140881651702027
1085, 0.0142714334651828
1086, 0.0164588772070905
1087, 0.0134307786822319
1088, 0.015168785272787
1089, 0.0131656206212938
1090, 0.0134377734114726
1091, 0.0136778658876816
1092, 0.0136370610756179
1093, 0.0133729865774512
1094, 0.0136836466069023
1095, 0.0134950129625698
1096, 0.0131841791793704
1097, 0.0137404226697981
1098, 0.0120449002521733
1099, 0.0122915613465011
1100, 0.0117394568709036
1101, 0.0124937801932295
1102, 0.0128124927481016
1103, 0.0126663472813865
1104, 0.0129442570420603
1105, 0.013071323124071
1106, 0.0132034129152695
1107, 0.0133499257887403
1108, 0.0135373172483274
1109, 0.0132273468188941
1110, 0.0115626150121291
1111, 0.0136032096731166
1112, 0.0137693081051111
1113, 0.0137168066576123
1114, 0.0136790213485559
1115, 0.0135006516550978
1116, 0.014467012292395
1117, 0.0135607783061763
1118, 0.0118468853955468
1119, 0.0126448557712138
1120, 0.0138443546990554
1121, 0.0139379113291701
1122, 0.0140406708233058
1123, 0.0121992556378245
1124, 0.0156737564442058
1125, 0.0124032832682133
1126, 0.0148455702832767
1127, 0.0135317573323846
1128, 0.0136518528064092
1129, 0.013931788969785
1130, 0.0146293697568278
1131, 0.0124451769515872
1132, 0.0121736682153174
1133, 0.0135883982293308
1134, 0.0113432596304587
1135, 0.0126545955426991
1136, 0.0129668187970916
1137, 0.0128300922612349
1138, 0.0130835839857658
1139, 0.0131907309405506
1140, 0.0132976540674766
1141, 0.0134127607258658
1142, 0.0133715112072726
1143, 0.0136473669360081
1144, 0.0137029937468469
1145, 0.0120662728634973
1146, 0.0136787809121112
1147, 0.0135729756827156
1148, 0.0136149570656319
1149, 0.013739502367874
1150, 0.0141231484400729
1151, 0.0137910118016104
1152, 0.0124295876982311
1153, 0.0138395897423228
1154, 0.0128524014726281
1155, 0.0135363445927699
1156, 0.0139597218483686
1157, 0.0135032235245619
1158, 0.0135904305747577
1159, 0.0136401657946408
1160, 0.0126113876700401
1161, 0.0128204040229321
1162, 0.0136313584322731
1163, 0.0140067052894405
1164, 0.0129984528757632
1165, 0.0131198998230199
1166, 0.0132182653372486
1167, 0.0133032044395804
1168, 0.0133829624392092
1169, 0.0134668173268437
1170, 0.0136614472915729
1171, 0.0136292294288675
1172, 0.0136318189712862
1173, 0.0136439454342638
1174, 0.013616880774498
1175, 0.013782841419535
1176, 0.0136382075337072
1177, 0.0135557486986121
1178, 0.0136482040397823
1179, 0.0133702430563668
1180, 0.0129543715156615
1181, 0.0145678739994764
1182, 0.0135763169576724
1183, 0.0136384960884849
1184, 0.0130072185503585
1185, 0.0131751863906781
1186, 0.0136264402951513
1187, 0.0132772391662002
1188, 0.0133524718694389
1189, 0.0134126384121676
1190, 0.0135176818196972
1191, 0.0134659088216722
1192, 0.013783310726285
1193, 0.0117631467059255
1194, 0.0136313230420152
1195, 0.0136340510410567
1196, 0.0136308941990137
1197, 0.0125432660182317
1198, 0.0133845919432739
1199, 0.0133919978203873
1200, 0.0136301272238294
1201, 0.0134472103479008
1202, 0.0134923001751304
1203, 0.0135226569448908
1204, 0.0135493562556803
1205, 0.0135752038719753
1206, 0.013595668785274
1207, 0.0136177839711308
