1, 0.0144259077496827
2, 0.0355607266537845
3, 0.00173239092691801
4, 0.00202764361165464
5, 0.0173806957900524
6, 0.0257354453206062
7, 0.00973425433039665
8, 0.00237679842393845
9, 0.0352081079035997
10, 0.0157181210815907
11, 0.0157216843217611
12, 0.0277251396328211
13, 0.0150538001741682
14, 0.0157750366876523
15, 0.0161787228037914
16, 0.0164779570574562
17, 0.016743930367132
18, 0.0170632905016343
19, 0.0175806041806936
20, 0.0185995595529675
21, 0.0210352332020799
22, 0.0263965660706162
23, 0.032051087046663
24, 0.021435655032595
25, 0.0121947368606925
26, 0.00555264918754498
27, 0.00261789734940976
28, 0.000867238539891938
29, 0.00159164081560448
30, 0.00211380255253365
31, 0.00311446853447706
32, 0.00610064373662074
33, 0.00935627132033308
34, 0.0127676011373599
35, 0.0155741091196736
36, 0.0174846624334653
37, 0.0185350986818473
38, 0.0189349626501401
39, 0.018897303690513
40, 0.0186050521830718
41, 0.0182003118097782
42, 0.0177880581468344
43, 0.0174695116778215
44, 0.0173040465451777
45, 0.0172744455436866
46, 0.017030606046319
47, 0.0166144606967767
48, 0.0161284171044827
49, 0.0156204054752986
50, 0.0151263168081641
51, 0.0149259711615741
52, 0.014623386785388
53, 0.0147536269699534
54, 0.0150663576399287
55, 0.0154704404994845
56, 0.0159226069226861
57, 0.0163783716658751
58, 0.0168068533142408
59, 0.0171950881679853
60, 0.0175481829792261
61, 0.0178901931891839
62, 0.0182703901082277
63, 0.0187834619234006
64, 0.0196154999236266
65, 0.0213490320990483
66, 0.022586434148252
67, 0.0218919397642215
68, 0.0179569932321707
69, 0.0163502829770247
70, 0.0153160349776347
71, 0.0145266751448313
72, 0.0138418109466632
73, 0.0131996609270573
74, 0.012578139702479
75, 0.0119753085697691
76, 0.0113982933883866
77, 0.0108610838651657
78, 0.0103857467571894
79, 0.0100015392526984
80, 0.00978427597632011
81, 0.009630007436499
82, 0.00936281758671006
83, 0.00913168474410971
84, 0.00883838161826134
85, 0.00843828357756138
86, 0.00788180980210503
87, 0.00711224895591537
88, 0.0060701920495679
89, 0.00470436100537578
90, 0.00305334878309319
91, 0.00154738430865109
92, 0.00323206956575935
93, 0.00628842537601789
94, 0.013109126749138
95, 0.0223727952688932
96, 0.032659833629926
97, 0.0264136803646882
98, 0.0212627391641339
99, 0.0189321668197711
100, 0.0180054229373733
101, 0.0176168556014697
102, 0.0174697414040565
103, 0.0174371777102351
104, 0.0174555384243528
105, 0.0174925681203604
106, 0.0175325094411771
107, 0.0175664310033123
108, 0.0175891912852724
109, 0.0175986106817921
110, 0.0175930249194304
111, 0.0175708355382085
112, 0.0175298455481728
113, 0.0174677514781555
114, 0.0173831169183056
115, 0.0172741751496991
116, 0.0171388334905108
117, 0.0169744320834676
118, 0.0167775939529141
119, 0.0165480648477872
120, 0.01628845029821
121, 0.0159538505332811
122, 0.0157867390662432
123, 0.015773776297768
124, 0.0157684621711572
125, 0.0157711822539568
126, 0.0157758655647437
127, 0.01577438476185
128, 0.015815507620573
129, 0.0158967388172944
130, 0.0161720383912325
131, 0.0164247751235962
132, 0.0166586190462112
133, 0.0168795598049959
134, 0.0170910805463791
135, 0.0172927392025789
136, 0.0174852292984724
137, 0.0176711548119783
138, 0.0178533258537451
139, 0.0180347350736459
140, 0.0182201247662306
141, 0.0184144334246715
142, 0.0186217601100604
143, 0.0188456575075785
144, 0.0190877498437961
145, 0.0193453319370747
146, 0.0196079139908155
147, 0.019851366057992
148, 0.0200287420302629
149, 0.0200583891322215
150, 0.0198155927161376
151, 0.0191322887937228
152, 0.0178127499918143
153, 0.0156612324838837
154, 0.0126610957086086
155, 0.00919736828655005
156, 0.00600454599286119
157, 0.00310124503448606
158, 0.0024116998926426
159, 0.00518463404538731
160, 0.0116452702010671
161, 0.0208305598547061
162, 0.0314228646457195
163, 0.03241393280526
164, 0.0227997203667959
165, 0.0134322692950567
166, 0.00638530496507883
167, 0.00327040336560458
168, 0.00980246470620235
169, 0.0100410959372918
170, 0.0104277096688747
171, 0.0108836634705464
172, 0.0113741482297579
173, 0.0118712068845828
174, 0.0123517932370305
175, 0.012796879435579
176, 0.013195166674753
177, 0.0135411384205023
178, 0.0138340626532833
179, 0.0140772225956122
180, 0.0142763943100969
181, 0.0144386605049173
182, 0.0145714717606703
183, 0.0146820560718576
184, 0.0147773365800579
185, 0.0148639250546694
186, 0.0149482637643814
187, 0.0150372190400958
188, 0.015138546936214
189, 0.0152615445355574
190, 0.0154191687082251
191, 0.0156307810296615
192, 0.0159297610322634
193, 0.0163680265347163
194, 0.0170607063919306
195, 0.0182309430092573
196, 0.0224443539045751
197, 0.0242968183010817
198, 0.0216449679185947
199, 0.0195961489031712
200, 0.0183640097578367
201, 0.0175985880196095
202, 0.017090938364466
203, 0.0167380943894386
204, 0.0164827095965544
205, 0.0162924819936355
206, 0.0161477706084649
207, 0.0160369606067737
208, 0.0159518793225288
209, 0.0158872964481513
210, 0.015834528952837
211, 0.0158585775643587
212, 0.0155748206501206
213, 0.0169212365789073
214, 0.00397484425255763
215, 0.00148677589604631
216, 0.00988888308139784
217, 0.0160714869077007
218, 0.016430603650709
219, 0.0167190199717879
220, 0.0170189846927921
221, 0.0174316881845395
222, 0.0181444402163227
223, 0.0195751472686728
224, 0.0231170955424507
225, 0.0297265749424696
226, 0.0233632493764162
227, 0.00275314222866048
228, 0.00205820120754652
229, 0.0175579379623135
230, 0.0179497183610996
231, 0.0183769470701615
232, 0.0187524876867731
233, 0.0189591276769837
234, 0.0188398060078422
235, 0.0181927103549242
236, 0.0167927695438266
237, 0.0144381218900283
238, 0.0112225736180941
239, 0.00751874968409538
240, 0.0157219171524048
241, 0.0161213480557005
242, 0.0165302790701389
243, 0.0169019236539801
244, 0.0171830697606007
245, 0.018958233607312
246, 0.0164407923196753
247, 0.0170955136418343
248, 0.0174792806307475
249, 0.0205348835637172
250, 0.0167690562084317
251, 0.0180334572990735
252, 0.0162983139355977
253, 0.01536082662642
254, 0.0166490683332086
255, 0.0169642055407166
256, 0.0179288564249873
257, 0.0180568791305025
258, 0.0188461641470591
259, 0.0133947553113103
260, 0.0176384088893731
261, 0.0184951905782024
262, 0.018991737626493
263, 0.00973767787218094
264, 0.0173342004418373
265, 0.0187629914532105
266, 0.0162441087886691
267, 0.0052537783049047
268, 0.0159973363791193
269, 0.0172497411923749
270, 0.0175893570606907
271, 0.0171957788988948
272, 0.0168245655174057
273, 0.0180706785370906
274, 0.0187264271080494
275, 0.0171145480126143
276, 0.0168516995119197
277, 0.0185696116338174
278, 0.0181313889722029
279, 0.0176174087183816
280, 0.0159053918905556
281, 0.0178209661195676
282, 0.0187949873507023
283, 0.0189239277193944
284, 0.0121954738472899
285, 0.01906360561649
286, 0.0164896834641695
287, 0.0173172995448112
288, 0.00473780520260334
289, 0.0196699978162845
290, 0.0192340727274617
291, 0.0181323854873578
292, 0.018647400662303
293, 0.0172674444814523
294, 0.0176744436224302
295, 0.0186127657070756
296, 0.0190318052967389
297, 0.0176851951206724
298, 0.0181572812919815
299, 0.0178498653694987
300, 0.0190055777008335
301, 0.0192403256272276
302, 0.0158217324254413
303, 0.0082481911405921
304, 0.0202870784061296
305, 0.0172968801110983
306, 0.0194406040012836
307, 0.0181602742522955
308, 0.0195805132389069
309, 0.0178631663854633
310, 0.00465166898876695
311, 0.0173336941127976
312, 0.0180601648365458
313, 0.0195439982538422
314, 0.0239218734204769
315, 0.018164270867904
316, 0.0177964568138123
317, 0.01745670940727
318, 0.0171137861907482
319, 0.0167517848312855
320, 0.0163705438996355
321, 0.0159855691405634
322, 0.0156257771886885
323, 0.0153387451233963
324, 0.0151356876206895
325, 0.00978316087275743
326, 0.0105991101202865
327, 0.0111600059705476
328, 0.0117691291185717
329, 0.0124072739854455
330, 0.0130636659450829
331, 0.0137350768782198
332, 0.0144354219858845
333, 0.0152072085378071
334, 0.0161405126564205
335, 0.0174660633007685
336, 0.0195213972280423
337, 0.00834823896487554
338, 0.00774641497991979
339, 0.00692588812671602
340, 0.00583154358901083
341, 0.0044280953782921
342, 0.00294780835974962
343, 0.00195080527337268
344, 0.0299861051142216
345, 0.0108492746949196
346, 0.0231916060050329
347, 0.00756964242706696
348, 0.00909659235427777
349, 0.0087822019122541
350, 0.00933356303721666
351, 0.00868752303843697
352, 0.00819869983630876
353, 0.00679532368667424
354, 0.016921021665136
355, 0.0188638027757406
356, 0.0163472152004639
357, 0.0166304279118776
358, 0.015583305247128
359, 0.0178647059947252
360, 0.0159892061104377
361, 0.0186079399039348
362, 0.017696068311731
363, 0.0191806675866246
364, 0.0199474692344666
365, 0.0209803465753794
366, 0.0159650864079595
367, 0.0165338618680835
368, 0.0179898658146461
369, 0.0174158445249001
370, 0.0171324266120791
371, 0.016837987738351
372, 0.0162332293887933
373, 0.0101152787295481
374, 0.0173760304848353
375, 0.0162593151132266
376, 0.0109095478740831
377, 0.0130559575433532
378, 0.0116019708414872
379, 0.0123193512360255
380, 0.0137969714899858
381, 0.0145511208102107
382, 0.0153474326555928
383, 0.015813698726041
384, 0.0191320204841239
385, 0.0206415982296069
386, 0.00932432385161519
387, 0.00952897764121493
388, 0.0092021975821505
389, 0.00935603569572171
390, 0.00953907364358505
391, 0.00905561835194627
392, 0.0169209595769644
393, 0.016288233610491
394, 0.0166142927482724
395, 0.0185243279362718
396, 0.0186592585717638
397, 0.0190788495043914
398, 0.0176012323548396
399, 0.0164654180407524
400, 0.0167272696271539
401, 0.0169777236878872
402, 0.0172049384564161
403, 0.0174120049923658
404, 0.0177795616909862
405, 0.0183150004595518
406, 0.017293623338143
407, 0.0121756646161278
408, 0.0114006536702315
409, 0.0162807796150446
410, 0.017300924907128
411, 0.0154120169269542
412, 0.0146015143642823
413, 0.0129933779438337
414, 0.0138021117697159
415, 0.0102925753841798
416, 0.0162281971424818
417, 0.00587387289851904
418, 0.00973393329020057
419, 0.0166442545929125
420, 0.00984568769733111
421, 0.00992468294377128
422, 0.0173340840265155
423, 0.0108851784219344
424, 0.0111150039980809
425, 0.0169842531904578
426, 0.00970803449551264
427, 0.0181290088221431
428, 0.0174534718195597
429, 0.0181133970618248
430, 0.0173218306154013
431, 0.0171471334372958
432, 0.0169066234181325
433, 0.0175471718733509
434, 0.0176098725448052
435, 0.0146108057039479
436, 0.0154240552025537
437, 0.0119536183774471
438, 0.0162578818077842
439, 0.0182868182659149
440, 0.017111336812377
441, 0.0137603785842657
442, 0.0128793953917921
443, 0.0179531515265505
444, 0.0105643052873867
445, 0.0178135655199488
446, 0.0196395190432668
447, 0.00923020547876755
448, 0.00950427260249853
449, 0.00995542053133249
450, 0.0106727726136645
451, 0.0177798435712854
452, 0.0105914821227392
453, 0.0173641356329123
454, 0.0125815666591128
455, 0.017652889713645
456, 0.0176754470914602
457, 0.0175513668606679
458, 0.0174795187388857
459, 0.0173471559371267
460, 0.0175406190877159
461, 0.0154248746111989
462, 0.0161757674068213
463, 0.0170348776238305
464, 0.0107478901433448
465, 0.0174866660187642
466, 0.0127029214054346
467, 0.0145903504453599
468, 0.0136683168821037
469, 0.0183139204358061
470, 0.0111900439485908
471, 0.0176439881324768
472, 0.009643785112227
473, 0.0115643876294295
474, 0.0189981705819567
475, 0.0115928297330226
476, 0.0117493554328879
477, 0.0177156055967013
478, 0.0181098496541381
479, 0.0172600029036403
480, 0.017704657278955
481, 0.0176068292930722
482, 0.0161899019343158
483, 0.0154495979659259
484, 0.0170595709234476
485, 0.0174139998853207
486, 0.014543304219842
487, 0.0134618738666177
488, 0.0121187114467223
489, 0.0173824280500412
490, 0.0132484881517788
491, 0.0185514958575368
492, 0.0124819660559297
493, 0.0196542494619886
494, 0.0129774302865068
495, 0.0178854909415046
496, 0.0177776073770864
497, 0.0162103812520703
498, 0.0155078012806674
499, 0.0174384694546461
500, 0.0144572393702609
501, 0.0181538738931219
502, 0.0171955867360036
503, 0.013635901423792
504, 0.0142976455390453
505, 0.0143597759306431
506, 0.0188378483677904
507, 0.0208207697918018
508, 0.013522981852293
509, 0.0168613363057375
510, 0.0167373862117529
511, 0.0176422223448753
512, 0.0124561408534646
513, 0.0163765161608656
514, 0.0174734059721231
515, 0.0157716878068944
516, 0.0170418495933215
517, 0.0162080163136125
518, 0.0152518080237011
519, 0.0150573149633904
520, 0.0182894570752978
521, 0.0190706010907888
522, 0.018478620176514
523, 0.0168944910789529
524, 0.016779550164938
525, 0.0161296816542745
526, 0.0167952746685062
527, 0.0178185890739163
528, 0.0157535644248128
529, 0.0164915962765614
530, 0.0179590576638778
531, 0.0170106432799782
532, 0.0165555719286203
533, 0.0175551132609447
534, 0.0025357973312826
535, 0.00153885238105431
536, 0.0159310440843304
537, 0.0159303185840448
538, 0.0159544867152969
539, 0.0176769839599729
540, 0.0176730013142029
541, 0.0180562917763988
542, 0.0186331188306212
543, 0.0177038327480356
544, 0.0166293391957879
545, 0.0168450772762299
546, 0.0170330262432496
547, 0.0171929532662034
548, 0.0173269044607878
549, 0.0174378349135319
550, 0.0175275557364027
551, 0.0175964742278059
552, 0.017646755091846
553, 0.0176812053347627
554, 0.0177010108406345
555, 0.0177079613010089
556, 0.01769102178514
557, 0.0176993648832043
558, 0.0177994814390937
559, 0.0199152535448472
560, 0.0232534715905786
561, 0.0294600855559111
562, 0.00468449029140174
563, 0.00739618049313625
564, 0.0110448100604117
565, 0.0144291723457476
566, 0.0169950906808178
567, 0.0186483841389418
568, 0.0195742528885603
569, 0.0199759531145294
570, 0.0200406781708201
571, 0.0199135315294067
572, 0.0196933162709077
573, 0.0194388832896948
574, 0.0191816287115216
575, 0.0189364366233349
576, 0.0187086205308636
577, 0.0184981167937318
578, 0.0183018241077662
579, 0.0181159830341736
580, 0.0179361021146178
581, 0.0177567908540368
582, 0.0175748635083437
583, 0.0173876847450932
584, 0.0171921321501334
585, 0.016986639238894
586, 0.0167707021658619
587, 0.0165450259422262
588, 0.0163016533479095
589, 0.0160489209617178
590, 0.0232011452317238
591, 0.0166349231398531
592, 0.00936854441118028
593, 0.00348483652730162
594, 0.00276516785379499
595, 0.0159278496478995
596, 0.0159407916168372
597, 0.0161676614855727
598, 0.0159035626798868
599, 0.0163854618246357
600, 0.0186985361700257
601, 0.0179543737322092
602, 0.0178002864122391
603, 0.0178735299656789
604, 0.0176825448870659
605, 0.0175095535814762
606, 0.017261212070783
607, 0.0171003686264157
608, 0.0169132215281328
609, 0.0167054844399293
610, 0.0173960076645017
611, 0.0180059901128213
612, 0.0161677159368992
613, 0.020812659834822
614, 0.0194542231038213
615, 0.0183082902804017
616, 0.0181074577073256
617, 0.0179243655875325
618, 0.0178998382762074
619, 0.0178414850185315
620, 0.0177475707605481
621, 0.0176044479012489
622, 0.0192054758469264
623, 0.0193434633935491
624, 0.019978585653007
625, 0.0196896487226089
626, 0.00928211126786967
627, 0.016318645949165
628, 0.018747813689212
629, 0.018543550123771
630, 0.0168826874966423
631, 0.0189688016350071
632, 0.0132848767874142
633, 0.0183533988893032
634, 0.018173663256069
635, 0.0179998564223448
636, 0.0178262690703074
637, 0.0176506858939926
638, 0.0174711057916284
639, 0.0172846879189213
640, 0.0170895621801416
641, 0.0182361438249548
642, 0.00531268457416445
643, 0.0198867951209346
644, 0.0198524687439203
645, 0.0194511621569594
646, 0.0166625988980134
647, 0.0164345121011138
648, 0.0161576925643853
649, 0.0162110866180488
650, 0.0161669577161471
651, 0.0161577869827549
652, 0.0182350001608332
653, 0.0189230923230449
654, 0.0183259394640724
655, 0.0180220830564698
656, 0.018090211165448
657, 0.017951149183015
658, 0.0178743476668994
659, 0.0177882903565963
660, 0.0186332830538352
661, 0.018449608857433
662, 0.0181595971807837
663, 0.0176959137121836
664, 0.0175954106574257
665, 0.0174830025061965
666, 0.0173479588702321
667, 0.0171827161684632
668, 0.0169897774855296
669, 0.0167743439475695
670, 0.0164835086713235
671, 0.0193889460836848
672, 0.0201189741492271
673, 0.0182011167829235
674, 0.0180397958805164
675, 0.0183666711673141
676, 0.0178745140631994
677, 0.0177081823348999
678, 0.0185409272089601
679, 0.0175372113784154
680, 0.0187283180033167
681, 0.0173612811292211
682, 0.0189310343315204
683, 0.0171815749878685
684, 0.0191479589169224
685, 0.0193745990594228
686, 0.0195979606360197
687, 0.0165501519416769
688, 0.0169904942934712
689, 0.0197884505614638
690, 0.0167846608286103
691, 0.0119349906841914
692, 0.0198860097055634
693, 0.0197596000507474
694, 0.0192178792009751
695, 0.0158393822299937
696, 0.00693979855471601
697, 0.0179831444596251
698, 0.0163432851433754
699, 0.016416999910559
700, 0.0194870438426733
701, 0.0198516951253017
702, 0.0163806549583872
703, 0.0181316587453087
704, 0.0184726007282734
705, 0.0186073246101538
706, 0.0187633636717995
707, 0.0189504365747174
708, 0.019185835806032
709, 0.0182399644205968
710, 0.0183520888288816
711, 0.0180237768217921
712, 0.0179130304604769
713, 0.0177903482690454
714, 0.0176841631531715
715, 0.0175928433115284
716, 0.0174560745557149
717, 0.0172942712282141
718, 0.0170844492635557
719, 0.0168458878373106
720, 0.0165526398147146
721, 0.0192910864328345
722, 0.0197780343393485
723, 0.0198183562606573
724, 0.0196424297367533
725, 0.0194250034789244
726, 0.0166933502381047
727, 0.0192064456641674
728, 0.0190006885677576
729, 0.0188120286911726
730, 0.0186390792950988
731, 0.0184796539445718
732, 0.0183315693090359
733, 0.0181900439783931
734, 0.0180515631412466
735, 0.0179097612077991
736, 0.0177393813750574
737, 0.0175801801184813
738, 0.0174165697147449
739, 0.0172377008323868
740, 0.0169198938334982
741, 0.017086174339056
742, 0.0178880787764986
743, 0.0156058991948764
744, 0.0163572784513235
745, 0.0166092716778318
746, 0.0196052957326174
747, 0.0204338835818427
748, 0.01814742423594
749, 0.019958822367092
750, 0.0161579862857858
751, 0.0177974972341742
752, 0.0104237809622039
753, 0.00216837346088141
754, 0.0170946608607968
755, 0.0172343188896775
756, 0.0173435931404432
757, 0.0174251676847537
758, 0.0174821987748146
759, 0.0175169504558047
760, 0.01753146511813
761, 0.0175281750659148
762, 0.0175093449652195
763, 0.0174769960964719
764, 0.0174335427582264
765, 0.017383418045938
766, 0.0173342293128371
767, 0.0172990697125594
768, 0.0173026959722241
769, 0.0173919306447109
770, 0.0176560999825597
771, 0.018281616580983
772, 0.0197130686913927
773, 0.0232069982836644
774, 0.0297542039304972
775, 0.00582343614951242
776, 0.0235135830007493
777, 0.00783276581205428
778, 0.0070541447494179
779, 0.00602819436850647
780, 0.00474377391704669
781, 0.00342728985318293
782, 0.0180644433324536
783, 0.0170058958853285
784, 0.0163912962501248
785, 0.0159915927797556
786, 0.0157186896540225
787, 0.015521670691669
788, 0.015373174721996
789, 0.0152558440652986
790, 0.0151583210875591
791, 0.0150714558549225
792, 0.0149876525004705
793, 0.0148998484946787
794, 0.0148012529437741
795, 0.0146846383189162
796, 0.0145422591206928
797, 0.0143658323213458
798, 0.014146919362247
799, 0.0138775048156579
800, 0.0135512538254261
801, 0.0131651802609364
802, 0.0127213847202559
803, 0.0122276921756566
804, 0.0116986961414417
805, 0.0111571188705663
806, 0.0106337674272557
807, 0.0101602889286975
808, 0.00981497267882029
809, 0.0160709222157796
810, 0.0161363938823342
811, 0.0162265303855141
812, 0.0163427054261168
813, 0.0164915764083465
814, 0.0166835344086091
815, 0.0169336137672265
816, 0.0172642425944408
817, 0.0177086610347033
818, 0.0183199215680361
819, 0.0191646752258142
820, 0.0202316095431646
821, 0.021425168029964
822, 0.00840582093223929
823, 0.00656328610299776
824, 0.00783693976700306
825, 0.00913455585638682
826, 0.00882390995199482
827, 0.00837641217124959
828, 0.00935473991557956
829, 0.00952092166990042
830, 0.00721639751767119
831, 0.0159976031631231
832, 0.018281268576781
833, 0.0163901116078099
834, 0.0169421083604296
835, 0.0164859890937805
836, 0.0166060368840893
837, 0.016755492426455
838, 0.0171758097906907
839, 0.0174687011167407
840, 0.0178327246879538
841, 0.0188148332138856
842, 0.019402504277726
843, 0.0179532583182057
844, 0.0172430658712983
845, 0.0174512881785631
846, 0.0174906998872757
847, 0.0174581973503033
848, 0.0173764961461226
849, 0.01692184060812
850, 0.0167112660904725
851, 0.0172070019568006
852, 0.0173181171218554
853, 0.0173979187384248
854, 0.0206428086385131
855, 0.0175112501407663
856, 0.0188538385555148
857, 0.0174814077715079
858, 0.0174819932629665
859, 0.0174220638970534
860, 0.0173259126022458
861, 0.0172775263587634
862, 0.0172426765784621
863, 0.0173116677130262
864, 0.0103348091555138
865, 0.0115475351922214
866, 0.0148156671784818
867, 0.0143830617889762
868, 0.0137063983517388
869, 0.0127431581107279
870, 0.0150864633421103
871, 0.016267204657197
872, 0.0158039921273788
873, 0.0156554626300931
874, 0.0155387230527898
875, 0.0154420332983136
876, 0.0153562820826968
877, 0.0152735592176517
878, 0.0151861218425135
879, 0.0172198343401154
880, 0.0196101624518633
881, 0.0180631404121717
882, 0.0166438578938444
883, 0.0159994798401992
884, 0.0149661465547979
885, 0.0140796390672525
886, 0.0132596306502819
887, 0.0146248615346849
888, 0.0121672651730478
889, 0.0109142350653807
890, 0.00977467891893216
891, 0.0163324145334108
892, 0.0195180701890162
893, 0.00913427816703916
894, 0.0093954554758966
895, 0.00958751374855638
896, 0.00952574152809878
897, 0.0095799562210838
898, 0.00880568769449989
899, 0.0169444202135007
900, 0.0168043095618486
901, 0.0166887187709411
902, 0.0171108472471436
903, 0.018731820397079
904, 0.0178269033009807
905, 0.0175487296655774
906, 0.018140564362208
907, 0.0184649160752694
908, 0.0173106923078497
909, 0.0168781414007147
910, 0.0172328300153216
911, 0.0172277723128597
912, 0.0164541748041908
913, 0.0173842956622442
914, 0.0174606861546636
915, 0.0173070561140776
916, 0.017465490847826
917, 0.0174258546903729
918, 0.0173442310964068
919, 0.0172974622497956
920, 0.0174340804417928
921, 0.0174526236951351
922, 0.017388545597593
923, 0.0172550805533926
924, 0.0184002984315157
925, 0.0172972527022163
926, 0.0177979661772649
927, 0.0174637542416652
928, 0.017062614671886
929, 0.0156288025900722
930, 0.0152320026730498
931, 0.0153575628064573
932, 0.0148642025887966
933, 0.0160652458046873
934, 0.015807637013495
935, 0.0155467886167268
936, 0.0159216032673915
937, 0.0157130379229784
938, 0.0154592685090999
939, 0.0150716612115502
940, 0.0173107817148169
941, 0.0168465400735537
942, 0.0162533288821578
943, 0.0180946740188769
944, 0.0165039068087935
945, 0.0138283780155083
946, 0.0120510615718861
947, 0.0127194132655859
948, 0.0113231888972223
949, 0.0105809927918017
950, 0.0145962924386064
951, 0.0133142080157995
952, 0.0142544104407231
953, 0.0098195057362318
954, 0.00994802747542659
955, 0.0101174762738603
956, 0.0113217264103393
957, 0.0172916256512205
958, 0.0174316999812921
959, 0.0172206731513143
960, 0.0173814482986927
961, 0.0179652106016874
962, 0.0181340351700783
963, 0.0169480511297782
964, 0.0170821684102217
965, 0.017563716818889
966, 0.0177618972957134
967, 0.0182617241516709
968, 0.0165820106863976
969, 0.0170467107867201
970, 0.0166510657096903
971, 0.0173655220617851
972, 0.0172798335552216
973, 0.0174338283638159
974, 0.0173226157203317
975, 0.017403818666935
976, 0.0174515141795079
977, 0.0172434247409304
978, 0.0172226193050543
979, 0.0174513220166167
980, 0.0173856290057302
981, 0.0174285129954418
982, 0.0172316798319419
983, 0.0171935381367803
984, 0.0188815485686064
985, 0.0100313771516085
986, 0.0181117672473192
987, 0.0176921337842941
988, 0.0150909330695868
989, 0.0133425807580352
990, 0.0147964994733532
991, 0.0126584299529592
992, 0.0154832595338424
993, 0.015716065497448
994, 0.016163975931704
995, 0.015965133284529
996, 0.0160558167845011
997, 0.015883288346231
998, 0.01580299778531
999, 0.0162990040456255
1000, 0.0156130214842657
1001, 0.0153141743503511
1002, 0.016471238185962
1003, 0.0166990639020999
1004, 0.0169971380382776
1005, 0.0178167033940554
1006, 0.0173965226858854
1007, 0.0110193779692054
1008, 0.0118617806583643
1009, 0.0139311384409666
1010, 0.0096972753914694
1011, 0.0144138795634111
1012, 0.0193912250300248
1013, 0.0096448240801692
1014, 0.0178374735904591
1015, 0.0108411530964077
1016, 0.0107347150333226
1017, 0.0106270199641585
1018, 0.0173755458866556
1019, 0.0172654772177339
1020, 0.0175680092846354
1021, 0.0118389242949585
1022, 0.0172165433565776
1023, 0.0174179639046391
1024, 0.0175513252615929
1025, 0.0172917808716496
1026, 0.0171954528029476
1027, 0.0178040064250429
1028, 0.0178964656467239
1029, 0.0176846462612351
1030, 0.0168405050145728
1031, 0.0171918229510387
1032, 0.0173013557990392
1033, 0.0174208637326956
1034, 0.0173854942743977
1035, 0.0173444906249642
1036, 0.0174358471607169
1037, 0.0172602894405524
1038, 0.017226957095166
1039, 0.0172087869917353
1040, 0.0174451749771833
1041, 0.017451798543334
1042, 0.0173108006517092
1043, 0.0153152931792041
1044, 0.0178608310719331
1045, 0.0155504474726816
1046, 0.0133421666299303
1047, 0.016280075845619
1048, 0.0163803106794755
1049, 0.0165033182129264
1050, 0.0161948188518484
1051, 0.0161174411575
1052, 0.016040443132321
1053, 0.0159561146671573
1054, 0.0158547383422653
1055, 0.0157242837982873
1056, 0.0166580198953549
1057, 0.0168521773690979
1058, 0.0171094580243031
1059, 0.0174189321696758
1060, 0.0125413970090449
1061, 0.0115365356739078
1062, 0.0140258042762677
1063, 0.0149954683147371
1064, 0.0145714393196007
1065, 0.0110245229055484
1066, 0.0187125603357951
1067, 0.0100597833128025
1068, 0.0203601503744721
1069, 0.0121297595712046
1070, 0.0117435130911569
1071, 0.0172851032887896
1072, 0.017414465546608
1073, 0.0132937038627764
1074, 0.0172099083041151
1075, 0.0175969367846847
1076, 0.0171777304882805
1077, 0.0157933351583779
1078, 0.0174378650262952
1079, 0.0175310671329498
1080, 0.017346366122365
1081, 0.0176181110243003
1082, 0.0177082881952326
1083, 0.0176828410476446
1084, 0.0172307922815283
1085, 0.0171966878697276
1086, 0.0173661165560285
1087, 0.0173194703335563
1088, 0.0172731758405765
1089, 0.0171765343596538
1090, 0.0173280329133074
1091, 0.0174097043151657
1092, 0.0174437655756871
1093, 0.0174623175213734
1094, 0.0173985448976358
1095, 0.0159651714687546
1096, 0.0140992851617436
1097, 0.0161847441146771
1098, 0.0162626439705491
1099, 0.0160900857299566
1100, 0.0164820825060209
1101, 0.0164045772204796
1102, 0.0165732288733125
1103, 0.0166818633054694
1104, 0.0163338997711738
1105, 0.0168142924085259
1106, 0.0169788350661596
1107, 0.0171779443820318
1108, 0.0132340847825011
1109, 0.0174673149096114
1110, 0.0155530481909712
1111, 0.0191956038276354
1112, 0.0126191168092191
1113, 0.0147451610925297
1114, 0.0152097516693175
1115, 0.0182221587747335
1116, 0.0127018902761241
1117, 0.0170590668916702
1118, 0.0177010472863913
1119, 0.0142446863465011
1120, 0.0140332800025741
1121, 0.018807030948145
1122, 0.0135027704139551
1123, 0.017231283398966
1124, 0.0171631528064609
1125, 0.0173269935573141
1126, 0.0171241704374552
1127, 0.0162195963785052
1128, 0.0142004041311642
1129, 0.0171115780249238
1130, 0.0175040805091461
1131, 0.0174268907202142
1132, 0.0160596693555514
1133, 0.0175540760780374
1134, 0.0175764762486021
1135, 0.0171208617587884
1136, 0.0171468981231252
1137, 0.017185225772361
1138, 0.0172323569034537
1139, 0.0172849452743928
1140, 0.0173397154236833
1141, 0.0173961644371351
1142, 0.0174503872791926
1143, 0.0174520041793585
1144, 0.0163299307848016
1145, 0.0164106680701176
1146, 0.0164765625571211
1147, 0.0165374769518773
1148, 0.0166670698672533
1149, 0.0167468870058656
1150, 0.0165999184052149
1151, 0.016841096803546
1152, 0.0169505520413319
1153, 0.0170809968064229
1154, 0.0172445665424069
1155, 0.0173998974263668
1156, 0.0141067786940507
1157, 0.0158241541745762
1158, 0.0149334316762785
1159, 0.0128663601353765
1160, 0.018516787327826
1161, 0.0178198780243595
1162, 0.0154588612106939
1163, 0.0123690007254481
1164, 0.0183774226655563
1165, 0.0151059382284681
1166, 0.0170273203402758
1167, 0.0170419126128157
1168, 0.0170123493298888
1169, 0.0147447505344947
1170, 0.0170065807178617
1171, 0.0164880690475305
1172, 0.0165732130408287
1173, 0.0170146487653255
1174, 0.0174953710908691
1175, 0.0170369331414501
1176, 0.0175037231917183
1177, 0.0170718139658372
1178, 0.0171174987529715
1179, 0.0171723216772079
1180, 0.0172344325110316
1181, 0.0173030570149422
1182, 0.0173879007675818
1183, 0.01748427243105
1184, 0.0166311860084534
1185, 0.0166786005720496
1186, 0.0167246228083968
1187, 0.0167751746873061
1188, 0.0168985712031523
1189, 0.0168320549031099
1190, 0.0169786050294836
1191, 0.0170704669629534
1192, 0.0171725420902173
1193, 0.0172864844401677
1194, 0.0174413709236043
1195, 0.0163523427521189
1196, 0.0174141023308039
1197, 0.0155060233858724
1198, 0.0150709265843034
1199, 0.0179678884645303
1200, 0.0161399434631069
1201, 0.0157725544912475
1202, 0.0157924570764105
1203, 0.0161630545432369
1204, 0.0169991428653399
1205, 0.0167614351958036
1206, 0.0168076800182462
1207, 0.0168340280652046
1208, 0.0176014546304941
1209, 0.0155756307455401
1210, 0.0168572540084521
1211, 0.0168852865075072
1212, 0.0169217732424537
1213, 0.0174438854058584
1214, 0.016967552403609
1215, 0.0170226351668437
1216, 0.0170885662858685
1217, 0.0171651591857274
1218, 0.0172523393606146
1219, 0.0175759261474013
1220, 0.0170525033026934
1221, 0.0173380151391029
1222, 0.0166771855826179
1223, 0.0174454509591063
1224, 0.0165605116635561
1225, 0.0174142200499773
1226, 0.0166443392102207
1227, 0.0171685099601746
1228, 0.0165554263318578
1229, 0.0174618508666754
1230, 0.0153618408367038
1231, 0.0169903486967087
1232, 0.0173287864774466
1233, 0.0210721110925078
1234, 0.0163975089788437
1235, 0.0115834509953856
