1, 0.00925570959225297
2, 0.0221171393059194
3, 0.00254196114838123
4, 0.00845678616315126
5, 0.0114972880110145
6, 0.0149009637534618
7, 0.00788487307727337
8, 0.00252674828516319
9, 0.0220415135845542
10, 0.00972945336252451
11, 0.0112193813547492
12, 0.0154407788068056
13, 0.0095861413116966
14, 0.00997257822503646
15, 0.0102016663489242
16, 0.0103815766051412
17, 0.0105476911800603
18, 0.010741802242895
19, 0.0110351773910224
20, 0.0115797032291691
21, 0.0127724972553551
22, 0.0158820903549592
23, 0.0190328493093451
24, 0.0105272638611495
25, 0.00471268027710418
26, 0.00269996413650612
27, 0.00418985115053753
28, 0.00552715710364282
29, 0.00652118314368029
30, 0.00721346330828965
31, 0.00769204219492773
32, 0.00802251836284995
33, 0.00824346812441945
34, 0.00838515317688386
35, 0.00846409029327333
36, 0.00850787324210008
37, 0.0086620869114995
38, 0.00890389954050382
39, 0.00918521483739217
40, 0.00948084704577923
41, 0.00977327177921931
42, 0.0100468099117279
43, 0.010293356453379
44, 0.0105120837688446
45, 0.0107089458033442
46, 0.0108938726286093
47, 0.0110706531753143
48, 0.0113085864577442
49, 0.0114319479713837
50, 0.0114164538681507
51, 0.0113812473913034
52, 0.0113195727268855
53, 0.0112241531411807
54, 0.0110889198258519
55, 0.0109102226172884
56, 0.010688427525262
57, 0.0104307268435756
58, 0.0101516225064794
59, 0.00987337746967872
60, 0.00961386288205783
61, 0.00951473461464047
62, 0.00936025319000085
63, 0.00942318762342135
64, 0.00956902404626211
65, 0.00974583656837543
66, 0.00992813551177581
67, 0.0100921873624126
68, 0.010223467523853
69, 0.0103177297860384
70, 0.0103791728615761
71, 0.0104185721526543
72, 0.0104528997714321
73, 0.0105058007563154
74, 0.0106120528653264
75, 0.0108295210326711
76, 0.0112696917106708
77, 0.0122547286252181
78, 0.0130673223175108
79, 0.0127537986263633
80, 0.0105941218013565
81, 0.00983261006573836
82, 0.00939489559580882
83, 0.00909554368505875
84, 0.00885828925917546
85, 0.00865677154312531
86, 0.00847905812164148
87, 0.00832135478655497
88, 0.0081853245695432
89, 0.00807182273517052
90, 0.00798303013046583
91, 0.00791769443700711
92, 0.00794228783342987
93, 0.00804207536081473
94, 0.00812684558331966
95, 0.00819609795386592
96, 0.0082309739664197
97, 0.00821814980978767
98, 0.00814200285822153
99, 0.00798089802265167
100, 0.00770378943222264
101, 0.00726607775626083
102, 0.00660084940803548
103, 0.00561718945391476
104, 0.00426519382745028
105, 0.00272217447248598
106, 0.00495663704350591
107, 0.0108850247537096
108, 0.0191130551199118
109, 0.0158493011258543
110, 0.0127828867795567
111, 0.0116201244915525
112, 0.0111115629163881
113, 0.0108663843323787
114, 0.0107333843285839
115, 0.0106505318544805
116, 0.0105878325800101
117, 0.0105283845526477
118, 0.0104614896699786
119, 0.0103786044443647
120, 0.0102706916319827
121, 0.0101284926446776
122, 0.00991902234298842
123, 0.009850622775654
124, 0.00994377676397562
125, 0.0100690663481752
126, 0.0102110685159763
127, 0.010363751091063
128, 0.0105180485794942
129, 0.0106660341843963
130, 0.0108016052593788
131, 0.0109195181479057
132, 0.0110171263416608
133, 0.0110936940958103
134, 0.0111525477841496
135, 0.011159839341417
136, 0.0111300023272634
137, 0.0110173641393582
138, 0.0109503036364913
139, 0.010905840434134
140, 0.0108683252086242
141, 0.0108256138240298
142, 0.0107661789904038
143, 0.0106791084011396
144, 0.0105548293019334
145, 0.0103860938300689
146, 0.0101694809272885
147, 0.00990773054460684
148, 0.00961172052969535
149, 0.00930091614524523
150, 0.00899411148081223
151, 0.00872107315808535
152, 0.00853146240115166
153, 0.00494996295310557
154, 0.010833410701404
155, 0.0189967673892776
156, 0.0191183139880498
157, 0.010632054725041
158, 0.00471743180726965
159, 0.00790664305289586
160, 0.00795515223095814
161, 0.00802756504466136
162, 0.00812134705483913
163, 0.00823137164115906
164, 0.00835333826641242
165, 0.00848124859233697
166, 0.00861209103216728
167, 0.00874528071532647
168, 0.00888234501083692
169, 0.00902755403270324
170, 0.00918881439914306
171, 0.0093821519985795
172, 0.00963740795850754
173, 0.010008064409097
174, 0.010599826152126
175, 0.0127632974181324
176, 0.0137082769845923
177, 0.0124040227383375
178, 0.0114313323671619
179, 0.0109083776672681
180, 0.0106156760205825
181, 0.0104413433000445
182, 0.0103275595853726
183, 0.0102436880891522
184, 0.010173090112706
185, 0.0101056549077233
186, 0.0100367072348793
187, 0.00996567370990912
188, 0.0098975949610273
189, 0.00983658681313197
190, 0.00978605821728706
191, 0.00974950908372799
192, 0.0097948161419481
193, 0.00986078179751833
194, 0.00849785825370678
195, 0.00391362731655439
196, 0.0105112393697103
197, 0.0106962001882493
198, 0.0109466377956172
199, 0.0113626883054773
200, 0.0121323166725536
201, 0.0136940165733298
202, 0.0137672494165599
203, 0.0175283666079243
204, 0.00713949177103738
205, 0.00646346574649215
206, 0.00556267813468973
207, 0.004515525768511
208, 0.0108070884210368
209, 0.0106206511457761
210, 0.0104171324831744
211, 0.0101864297563831
212, 0.00992596366753181
213, 0.00963936295981208
214, 0.00933815818279982
215, 0.00904120675598582
216, 0.0087651195935905
217, 0.00855703356986245
218, 0.00993298816805085
219, 0.0109538968342046
220, 0.0110807549208403
221, 0.0111731570214033
222, 0.0112354926144083
223, 0.0112699661403894
224, 0.0112938180876275
225, 0.0109902705686788
226, 0.0107346883354088
227, 0.00982294557616115
228, 0.00919795610631506
229, 0.00951768504455686
230, 0.0103419745961825
231, 0.0105504544141392
232, 0.0101001389945547
233, 0.00889297885199388
234, 0.0111475175246596
235, 0.0107908924110234
236, 0.010376228330036
237, 0.0105949151329696
238, 0.0109595606724421
239, 0.011027547220389
240, 0.011072172007213
241, 0.0110968134055535
242, 0.00974092744290829
243, 0.0101490110779802
244, 0.0103381288548311
245, 0.0113362039749821
246, 0.0119284734440347
247, 0.012827137640367
248, 0.0109712212967376
249, 0.0107227462964753
250, 0.00762678364602228
251, 0.00821550438801447
252, 0.00717788989034792
253, 0.00844692531973124
254, 0.00797265946554641
255, 0.00764842292604347
256, 0.00736120878718793
257, 0.0083674027894934
258, 0.00858670991978475
259, 0.0110921162579741
260, 0.0101334014907479
261, 0.0100855986986841
262, 0.00873849987983704
263, 0.0106764632898072
264, 0.0100348953468104
265, 0.0105039750536283
266, 0.0102926387141148
267, 0.00973196405296524
268, 0.0093943780908982
269, 0.00902887713164091
270, 0.0109004836219052
271, 0.0104278437793255
272, 0.0107395600837966
273, 0.0105901975184679
274, 0.010969629821678
275, 0.0109648349074026
276, 0.0109495623037219
277, 0.010863933712244
278, 0.0102435591009756
279, 0.0105210961773992
280, 0.0110065594005088
281, 0.0113414737085501
282, 0.012538457599779
283, 0.0118223751584689
284, 0.0109804052859545
285, 0.00817682702715198
286, 0.00835765323912104
287, 0.00848829870422681
288, 0.00895536947064102
289, 0.00870028277859092
290, 0.00793097641629477
291, 0.0140150462587674
292, 0.0074449540503944
293, 0.0103307985700667
294, 0.0128854346860732
295, 0.00878812798431941
296, 0.0103885322809219
297, 0.0108462626646672
298, 0.0096389513152341
299, 0.00998762203380466
300, 0.0106616827348868
301, 0.0104919004564484
302, 0.00925400899723172
303, 0.0102699236012995
304, 0.0105333480363091
305, 0.01065305294469
306, 0.0109151044550041
307, 0.0109051614999771
308, 0.0107673485763371
309, 0.0108752173061172
310, 0.0108550566559037
311, 0.0105318030608552
312, 0.0116864043908815
313, 0.0113034824219843
314, 0.010753454019626
315, 0.0121783715051909
316, 0.00865535577759147
317, 0.00870458362624049
318, 0.0100512194136779
319, 0.00862440746277571
320, 0.0103487284854054
321, 0.0107616102322936
322, 0.00950672151520848
323, 0.0106740805010001
324, 0.00994787892947594
325, 0.0105100582974652
326, 0.0102744620914261
327, 0.0107734428718686
328, 0.0109319778469702
329, 0.0108484365046024
330, 0.0108038501015731
331, 0.0109366436178486
332, 0.0109094330109656
333, 0.0115089166599015
334, 0.00909250322729349
335, 0.0118264808940391
336, 0.0110012407725056
337, 0.00934550554181139
338, 0.00927866582891771
339, 0.0126446321872728
340, 0.0132690448313951
341, 0.0107768038287759
342, 0.00959078129380941
343, 0.0109591795397656
344, 0.00990016758441925
345, 0.0107351086723308
346, 0.0103023390596112
347, 0.0105740078724921
348, 0.010889889827619
349, 0.0115069186625381
350, 0.0110120298340917
351, 0.0107461575418711
352, 0.0109701977732281
353, 0.011017920759817
354, 0.0112165625517567
355, 0.010098812635988
356, 0.0120564919585983
357, 0.010569516569376
358, 0.011284766319607
359, 0.0108131099492311
360, 0.0106680088986953
361, 0.0103439477139286
362, 0.0108336562601229
363, 0.0111463908106089
364, 0.0110567278849582
365, 0.0113024616924425
366, 0.0116153222819169
367, 0.0107222663549085
368, 0.00978745389729738
369, 0.0119269482791424
370, 0.0111664989963174
371, 0.0111330268904567
372, 0.0117272402470311
373, 0.0109821831186612
374, 0.0112199396161096
375, 0.0109216847590038
376, 0.0112308472661035
377, 0.0108328402042389
378, 0.0110332924872637
379, 0.00948893146899839
380, 0.0137995130249432
381, 0.0105251856148243
382, 0.00852674149375941
383, 0.0109415616219242
384, 0.01135189877823
385, 0.0121382307261229
386, 0.0138122250015537
387, 0.0106989755295217
388, 0.0105924929181735
389, 0.00828666364153226
390, 0.0104187941178679
391, 0.0103475561675926
392, 0.0102520782190065
393, 0.0101307107446094
394, 0.00998962391167879
395, 0.0098439723563691
396, 0.00971967028453946
397, 0.00962619452426831
398, 0.00798708417763313
399, 0.00807501484329502
400, 0.00818865249554316
401, 0.00832531849543254
402, 0.00848770110557477
403, 0.00867163032914201
404, 0.00887852208688855
405, 0.00911730124304692
406, 0.00940753488490979
407, 0.00978883138547341
408, 0.0103932144120336
409, 0.0114384214393795
410, 0.00820639713977774
411, 0.00826623213166992
412, 0.0104734702035785
413, 0.00825704354792833
414, 0.00816102062041561
415, 0.00797730218619108
416, 0.00767857084671656
417, 0.00722695786195497
418, 0.00657537765800953
419, 0.00569163961336017
420, 0.00463311498363813
421, 0.0039609070130003
422, 0.0104195758079489
423, 0.00992850307375193
424, 0.00900095111380021
425, 0.00857116452728709
426, 0.00824484166999658
427, 0.008392040617764
428, 0.0087743760086596
429, 0.00925739125038187
430, 0.00955743653078874
431, 0.0106868480021755
432, 0.0103114681939284
433, 0.0104955453425646
434, 0.0113428227292995
435, 0.0119376885704696
436, 0.0129913397443791
437, 0.00986774582415819
438, 0.0100954032192628
439, 0.0175273376516998
440, 0.0108772922928135
441, 0.0106618725694716
442, 0.0100492740360399
443, 0.0102704875171185
444, 0.0105528732140859
445, 0.0104443162369231
446, 0.0111612446295718
447, 0.0115731847472489
448, 0.0121509300544858
449, 0.010504305207481
450, 0.0107482442011436
451, 0.0106007588716845
452, 0.0103670799483856
453, 0.0101592640082041
454, 0.00801853796777626
455, 0.00811539078131318
456, 0.00834196805953979
457, 0.00840412080287933
458, 0.00843000210200747
459, 0.00841309425110618
460, 0.00821133997912208
461, 0.00751512536468605
462, 0.00734573641481499
463, 0.00834234928091367
464, 0.00777294579893351
465, 0.00812426236058984
466, 0.0112578959337303
467, 0.00998685309397323
468, 0.0144020978361368
469, 0.00828771330416203
470, 0.00966084872682889
471, 0.00935982524727782
472, 0.00863553288703164
473, 0.0100073165570696
474, 0.00909371115267277
475, 0.00885321572422981
476, 0.0104436196076373
477, 0.00843451699862877
478, 0.0108870308846235
479, 0.0107062679405014
480, 0.0104878341468672
481, 0.0102698095142841
482, 0.0125575213072201
483, 0.0118611558961372
484, 0.0108695725599925
485, 0.0112365228123963
486, 0.0106375838319461
487, 0.010330923832953
488, 0.0105214882642031
489, 0.0104393317985038
490, 0.0105780892384549
491, 0.0106555805541575
492, 0.01061499506856
493, 0.0106823300011456
494, 0.0107242907397449
495, 0.0110306949354708
496, 0.0109670219632486
497, 0.0102167934179306
498, 0.00824260571971536
499, 0.00867555849254131
500, 0.00870281706253687
501, 0.00870837488522132
502, 0.00862103374674916
503, 0.00870927361150583
504, 0.00914744442949692
505, 0.00884956237860024
506, 0.00873760599642992
507, 0.00854174979031086
508, 0.00751886586658657
509, 0.0105172688141465
510, 0.0132451138592192
511, 0.00844483157353742
512, 0.0108321193339569
513, 0.0104800931044987
514, 0.00867101193095247
515, 0.0104039061504106
516, 0.0100509117667874
517, 0.00943033676594496
518, 0.00916128077854713
519, 0.00972628934929768
520, 0.00890874040002624
521, 0.0110022330967089
522, 0.0107353418134153
523, 0.0122050925468405
524, 0.010752288158983
525, 0.0107415167925258
526, 0.0106055630991856
527, 0.0107763052607576
528, 0.0107001081729929
529, 0.0106906963822742
530, 0.0106804431416094
531, 0.0108507700885336
532, 0.0107384126943847
533, 0.0107121922386189
534, 0.0113579320410887
535, 0.00923461901644866
536, 0.00940931045139829
537, 0.00911336888869604
538, 0.00901339777434866
539, 0.0101610051157574
540, 0.00968898258482417
541, 0.00891417094195882
542, 0.00879209861159325
543, 0.00802515372633934
544, 0.00866076573729515
545, 0.0103932193790873
546, 0.00893092661031655
547, 0.00947601270551483
548, 0.00976767282312115
549, 0.0100710193316142
550, 0.00920901369924347
551, 0.0125412534922361
552, 0.0113139958120883
553, 0.0109834455264111
554, 0.0109284959423045
555, 0.0109053220865982
556, 0.0106370748419847
557, 0.0109208525779347
558, 0.0108611869315306
559, 0.0106793036684394
560, 0.0107042117354771
561, 0.012639152041326
562, 0.0106433710704247
563, 0.0107773567239443
564, 0.0117125593436261
565, 0.00985259314378103
566, 0.00960963747153679
567, 0.0101618133485317
568, 0.00942055353273948
569, 0.0106190671212971
570, 0.00926709485550722
571, 0.0109405090721945
572, 0.00910231952245037
573, 0.00978216265017788
574, 0.010659378580749
575, 0.0121236265237842
576, 0.0103561305440962
577, 0.0100822672247887
578, 0.00979382560277979
579, 0.00924199093133211
580, 0.00949773766721288
581, 0.0115271968146165
582, 0.0112111348037918
583, 0.0111071796466907
584, 0.0110105369240046
585, 0.0107467349618673
586, 0.0108505659736693
587, 0.0107105566809575
588, 0.0105837504379451
589, 0.0106052885142465
590, 0.0118523001049956
591, 0.0101433151091139
592, 0.0104451205891867
593, 0.00986782368272543
594, 0.0108139393851161
595, 0.0112547132497032
596, 0.0119905346738441
597, 0.00965292550002535
598, 0.0094883121283991
599, 0.0119679432362318
600, 0.0100806502935787
601, 0.0102986701143285
602, 0.010650602302381
603, 0.0115298354066908
604, 0.0103692119675023
605, 0.0112043001822063
606, 0.0109420359755556
607, 0.0105453405529261
608, 0.00981508071223895
609, 0.0100326151587069
610, 0.0113017003362377
611, 0.0110988792032003
612, 0.0105697384104133
613, 0.0104982711685201
614, 0.0113596046964327
615, 0.0106469720069851
616, 0.0108762513846159
617, 0.0101202364478792
618, 0.0104171643033624
619, 0.0112625377784882
620, 0.0103063249960542
621, 0.00981436707079411
622, 0.0116559760645032
623, 0.0110063094645739
624, 0.0103698630506794
625, 0.00847990860763405
626, 0.0137233775375145
627, 0.01103480393067
628, 0.0114005035720766
629, 0.0121505971377095
630, 0.0137839571883281
631, 0.0110024409368634
632, 0.0109284478239715
633, 0.0108369750281175
634, 0.0107287252321839
635, 0.0106074499587218
636, 0.0104780279410382
637, 0.0103468548816939
638, 0.0102211912162602
639, 0.0101107571584483
640, 0.0100083413223426
641, 0.00859867952143153
642, 0.00946320158739885
643, 0.00977508475383123
644, 0.0100580680494507
645, 0.0102980112036069
646, 0.0104889961269995
647, 0.0106324244601031
648, 0.0107344024193784
649, 0.0108036923532685
650, 0.0108508354363342
651, 0.0108872004784644
652, 0.0109243389839927
653, 0.0109755913726985
654, 0.0110541242174804
655, 0.00839328750347098
656, 0.00716990263511737
657, 0.00650366170642277
658, 0.00562199166355034
659, 0.00458769608909885
660, 0.00394525002532949
661, 0.0110574372423192
662, 0.010482546252509
663, 0.0105866445228457
664, 0.0106861653427283
665, 0.0108534594376882
666, 0.0109151306872567
667, 0.0103792914499839
668, 0.0102820908650756
669, 0.0111014766618609
670, 0.0107761615266403
671, 0.00914554111659527
672, 0.0107910330407321
673, 0.00965268102784952
674, 0.010840006172657
675, 0.0106007223948836
676, 0.0107146698671083
677, 0.0108730603630344
678, 0.0109017806438108
679, 0.0109369587153196
680, 0.0102280247956514
681, 0.0104404787222544
682, 0.00883993087336421
683, 0.00996277729670207
684, 0.00824231638883551
685, 0.00765283762787779
686, 0.00729370854484538
687, 0.00799766896913449
688, 0.00772289621333281
689, 0.00745894534823795
690, 0.0174276476415495
691, 0.0108373068893949
692, 0.0129678016528487
693, 0.010640872331957
694, 0.0107202287763357
695, 0.0105768156548341
696, 0.010513410748293
697, 0.0104419978645941
698, 0.0103537815933426
699, 0.0102362233834962
700, 0.0101096173748374
701, 0.0114017901942134
702, 0.0119523289613426
703, 0.0102112084361059
704, 0.0109991291537881
705, 0.0143397999927402
706, 0.0103401198983192
707, 0.0108686500849823
708, 0.0108167318006357
709, 0.0107522329005102
710, 0.0106766231668492
711, 0.0105933334367971
712, 0.0105060045607388
713, 0.0104205529205501
714, 0.0109656609905263
715, 0.0107128938349585
716, 0.0105894709316393
717, 0.0109076399045686
718, 0.0108864063707491
719, 0.0107929397684832
720, 0.0108682170199851
721, 0.0104132384682695
722, 0.0108409806465109
723, 0.00987819923708836
724, 0.0101768560707569
725, 0.00931410631164908
726, 0.00822358019649982
727, 0.00854458535710971
728, 0.00910599785856903
729, 0.00881243660114706
730, 0.00841437031825384
731, 0.00799165021938582
732, 0.0109372802078724
733, 0.0108850036437313
734, 0.0106679227513572
735, 0.0107584223151207
736, 0.0103457916217546
737, 0.0105940710442762
738, 0.0105227559494476
739, 0.0104421384943028
740, 0.012539774334679
741, 0.0118865383168062
742, 0.0110794206460317
743, 0.00747691700235009
744, 0.00898369184384743
745, 0.00864174336727176
746, 0.0104695174843073
747, 0.0131910073437861
748, 0.010455183817872
749, 0.0109034992222275
750, 0.00913146898771326
751, 0.0106150975140433
752, 0.0106893953246375
753, 0.0108490781858563
754, 0.0105340934048096
755, 0.0107543345851203
756, 0.0108089990292986
757, 0.0104106326277057
758, 0.0106037831865251
759, 0.0108765914725761
760, 0.0108824434379737
761, 0.010886480876555
762, 0.0107346049820383
763, 0.0108574063827594
764, 0.0108148972503841
765, 0.0101461879288157
766, 0.00952556527530154
767, 0.008719844588389
768, 0.00887170327561242
769, 0.00877406898265084
770, 0.0101361195556819
771, 0.00871560055141648
772, 0.0111377186452349
773, 0.0109416889026761
774, 0.0105462491822739
775, 0.0106248183486362
776, 0.0107067548669875
777, 0.0108063851172725
778, 0.0122111088906725
779, 0.0114320709059636
780, 0.00846975855529308
781, 0.00937614310532808
782, 0.0106419119983912
783, 0.0107165919616818
784, 0.0108541762456298
785, 0.0107762427069247
786, 0.0108227791885535
787, 0.012475767172873
788, 0.0108759686350822
789, 0.0106504093855619
790, 0.0104404003359377
791, 0.0108904602626959
792, 0.0108747681868928
793, 0.0107854035062095
794, 0.0108985924161971
795, 0.0108618475496769
796, 0.010893814265728
797, 0.00881602633744478
798, 0.00940614705905318
799, 0.00979350383083026
800, 0.00926872715353966
801, 0.00917483232915401
802, 0.0126114191176991
803, 0.0114144563364486
804, 0.0111583479059239
805, 0.0109767437291642
806, 0.0108443020532529
807, 0.0106613606746708
808, 0.0107458455798527
809, 0.0096725191300114
810, 0.0117590109196802
811, 0.01090829151993
812, 0.00973573443479836
813, 0.0105654494836926
814, 0.0120807324669191
815, 0.00967021752148867
816, 0.0107470524186889
817, 0.0108132731790344
818, 0.0108547634445131
819, 0.010883394229625
820, 0.0107316331317027
821, 0.0108683680494626
822, 0.0108822422102094
823, 0.0109083321876824
824, 0.0109381855775913
825, 0.0109384475896756
826, 0.0109526032271485
827, 0.0101568413277467
828, 0.0101368697360158
829, 0.00984533503651619
830, 0.0116073090272645
831, 0.0113445782723526
832, 0.0111415291515489
833, 0.0109859715836744
834, 0.0108640602168938
835, 0.0118934859832128
836, 0.0106140977392594
837, 0.0112363309599459
838, 0.0119917295607073
839, 0.0109031368046999
840, 0.0119418036192656
841, 0.0108218155801296
842, 0.0105176481551358
843, 0.0104159039134781
844, 0.0116059699406226
845, 0.0110438161840041
846, 0.0109819766754905
847, 0.0107779454439878
848, 0.0113709595364829
849, 0.0101147117093205
850, 0.0109434363742669
851, 0.0109945852309465
852, 0.0110359381263455
853, 0.0111001247229675
854, 0.0114272387387852
855, 0.0112539110705256
856, 0.0109749119728804
857, 0.0108640613034368
858, 0.0109533008188009
859, 0.0109139179810882
860, 0.0111845439920823
861, 0.0111417168130477
862, 0.0108680411552389
863, 0.0109788537291544
864, 0.0110687340299288
865, 0.0113586030590037
866, 0.0112740787056585
867, 0.0111574397111932
868, 0.01169298812747
869, 0.0110429402751227
870, 0.0113061420353396
871, 0.0111282966099679
872, 0.010861948877573
873, 0.0100086702344318
874, 0.00848339315104697
875, 0.00391837114390607
876, 0.0105792867640654
877, 0.0106485456538697
878, 0.0107311846998831
879, 0.0108511405996978
880, 0.011052285010616
881, 0.0114256318969031
882, 0.0121815819293261
883, 0.0137271963370343
884, 0.0138261731093129
885, 0.0175683315222462
886, 0.00766336242668331
887, 0.0072150807051609
888, 0.0065629743039608
889, 0.0056708682483683
890, 0.00460204128952076
891, 0.010580419562757
892, 0.0100222382073601
893, 0.00968272471800447
894, 0.00943926426892479
895, 0.0092479755791525
896, 0.00908348802477121
897, 0.00893242579574386
898, 0.00878746761009097
899, 0.00864527001976967
900, 0.00850515703981121
901, 0.00836864688123266
902, 0.00824041680122415
903, 0.00812851125374436
904, 0.00803453739111622
905, 0.00796416774392128
906, 0.0104303248226643
907, 0.0105482746536533
908, 0.0107112961510817
909, 0.0109468541728954
910, 0.0112889402856429
911, 0.0117623126134276
912, 0.0123049581112961
913, 0.00860455849518379
914, 0.0083053942459325
915, 0.0113644201308489
916, 0.00892532259846727
917, 0.0102077899500728
918, 0.00963471410796046
919, 0.00925519208734234
920, 0.00988083845004439
921, 0.00943299445013205
922, 0.00908826089774569
923, 0.0106642146905263
924, 0.00876401520023743
925, 0.00818349871163567
926, 0.00844973154986898
927, 0.0103386443418761
928, 0.0106638511642814
929, 0.0109699025439719
930, 0.0102605672242741
931, 0.0107991811819375
932, 0.0111716262375315
933, 0.0114201031004389
934, 0.00987166371196508
935, 0.0101183120471736
936, 0.010188110327969
937, 0.0129195866174996
938, 0.0104269970518847
939, 0.0105088578226666
940, 0.0103245841649671
941, 0.0111070500376324
942, 0.011434816600134
943, 0.0106782278356453
944, 0.0107766108897825
945, 0.0109079317189753
946, 0.0119884557401141
947, 0.00795850685487191
948, 0.00823217444121838
949, 0.00798855729711553
950, 0.00747449967699746
951, 0.00730718967194359
952, 0.00826025195419788
953, 0.00823989355315765
954, 0.00818162504583597
955, 0.00809444487094879
956, 0.00800920892506838
957, 0.00813881276796261
958, 0.00774278305470943
959, 0.00808651958193098
960, 0.0114155700430274
961, 0.0101877412137886
962, 0.0100910558498331
963, 0.0082275127992034
964, 0.0103296971259018
965, 0.00979596717904011
966, 0.0100344371361037
967, 0.0107244268680612
968, 0.00959338480606675
969, 0.00940644011522333
970, 0.00922578029955427
971, 0.00904586414496104
972, 0.00886656499157349
973, 0.00851663171003262
974, 0.00868884148076177
975, 0.00835056928917766
976, 0.0104678417555988
977, 0.0105563978043695
978, 0.0100524056081971
979, 0.0103906338723997
980, 0.010320399577419
981, 0.00994585237155358
982, 0.00990723678842187
983, 0.00999481525893013
984, 0.0110722625894206
985, 0.0110399999345342
986, 0.0109221036545932
987, 0.010818494639049
988, 0.0105917169712484
989, 0.0103999989417692
990, 0.0108261217052738
991, 0.0109698292799294
992, 0.0114655828413864
993, 0.011169321835041
994, 0.012534537507842
995, 0.0119146631720165
996, 0.0105026511785885
997, 0.0111300058662891
998, 0.00830106825257341
999, 0.00836546905338764
1000, 0.00819737929850817
1001, 0.00837838758404056
1002, 0.00835118225465218
1003, 0.00829054787755013
1004, 0.00910231657326221
1005, 0.00880873606850704
1006, 0.00869707204401493
1007, 0.00817702330338458
1008, 0.0141178330716987
1009, 0.00752470976052185
1010, 0.010276879183948
1011, 0.0129038787757357
1012, 0.01061916872859
1013, 0.00836966053715774
1014, 0.00856102971980969
1015, 0.00992928895478447
1016, 0.00895497342571616
1017, 0.00973061642919978
1018, 0.00934612099081278
1019, 0.00915023063619932
1020, 0.00953826463470856
1021, 0.0104078774650892
1022, 0.0101458043791354
1023, 0.0107096531428397
1024, 0.00875731681783994
1025, 0.0103664182436963
1026, 0.0107254437170923
1027, 0.0101998068081836
1028, 0.0105709554627538
1029, 0.0108669558539987
1030, 0.0109020979143679
1031, 0.0101553647158047
1032, 0.0105044155692061
1033, 0.0106437204716106
1034, 0.0102559995527069
1035, 0.0117925116792321
1036, 0.0110047192623218
1037, 0.0111928583743672
1038, 0.010710910273095
1039, 0.010495878290385
1040, 0.0114473009792467
1041, 0.0106056563866635
1042, 0.0122396432173749
1043, 0.00865424672762553
1044, 0.00863739227255186
1045, 0.00846346995482842
1046, 0.00854279566556215
1047, 0.00860194489359856
1048, 0.0101471732680996
1049, 0.00866487870613734
1050, 0.00965947285294533
1051, 0.0104795826288561
1052, 0.0100422234584888
1053, 0.00880016186939818
1054, 0.00923899235203862
1055, 0.00902900627503792
1056, 0.00985019685079654
1057, 0.0102379210293293
1058, 0.0104472395032644
1059, 0.00945182253296177
1060, 0.00965421538179119
1061, 0.0108184174944957
1062, 0.010386008148392
1063, 0.0103365875159701
1064, 0.0108011309057474
1065, 0.0106584577200313
1066, 0.0107118949914972
1067, 0.010764953525116
1068, 0.0104427069115142
1069, 0.0101117226295173
1070, 0.0116339004598558
1071, 0.0111742898200949
1072, 0.0113800001951555
1073, 0.0119091596764823
1074, 0.0108571876771748
1075, 0.0106089163261155
1076, 0.0107313661525647
1077, 0.00917472659299771
1078, 0.0106303845532238
1079, 0.01264571895202
1080, 0.00903916172683239
1081, 0.00881449552252889
1082, 0.00892590917646885
1083, 0.00868887081742287
1084, 0.00936534799014529
1085, 0.0109608160952727
1086, 0.0131961684674025
1087, 0.0107210933097771
1088, 0.00856225360184908
1089, 0.010929898917675
1090, 0.0102368917316198
1091, 0.0105948643758893
1092, 0.0101446251695355
1093, 0.00930613962312539
1094, 0.0103199627871315
1095, 0.00908829197287559
1096, 0.00954471388831735
1097, 0.0104998618674775
1098, 0.0099586509168148
1099, 0.0097572198137641
1100, 0.0108111303610106
1101, 0.0103095679410866
1102, 0.010555570324262
1103, 0.010500849224627
1104, 0.0107703483663499
1105, 0.0107971988618374
1106, 0.0108117923761408
1107, 0.0106063769198954
1108, 0.0114549342542887
1109, 0.0116212164672712
1110, 0.0112834721803665
1111, 0.0110069477620224
1112, 0.0108645600266755
1113, 0.010736372632285
1114, 0.0121297986867527
1115, 0.00978490151464939
1116, 0.00952944283684095
1117, 0.0101339560933411
1118, 0.00933188820878665
1119, 0.00915394475062688
1120, 0.0113605666639549
1121, 0.0106508929282427
1122, 0.0106980076857976
1123, 0.0107336493209004
1124, 0.0104033352496723
1125, 0.00934050112430538
1126, 0.00962161660815279
1127, 0.0102446127372483
1128, 0.0105443770686785
1129, 0.00984857029591998
1130, 0.0100593330959479
1131, 0.0107027287594974
1132, 0.0113805917402109
1133, 0.0106550138443708
1134, 0.0107794891421994
1135, 0.0108173410408199
1136, 0.0108291801686088
1137, 0.0112892659381032
1138, 0.0107358191162348
1139, 0.0104426171630621
1140, 0.0109830487829944
1141, 0.011123752531906
1142, 0.0108476105766992
1143, 0.0117027296995123
1144, 0.00897462293505669
1145, 0.0103741764711837
1146, 0.0100397760979831
1147, 0.0107849196841319
1148, 0.00977937287340561
1149, 0.00954101141542196
1150, 0.0120322577655315
1151, 0.0121478117736323
1152, 0.0106936061754823
1153, 0.0104960004488627
1154, 0.0106159799421827
1155, 0.00992134927461545
1156, 0.0103426625331243
1157, 0.010159382596612
1158, 0.0111682730106016
1159, 0.0108012709766626
1160, 0.0108390267938375
1161, 0.0108271890009443
1162, 0.0110568098413448
1163, 0.0111722275614738
1164, 0.0113136067188212
1165, 0.0109406650687257
1166, 0.010879676323384
1167, 0.010510557020704
1168, 0.0102057747232417
1169, 0.00996770443660872
1170, 0.00967884697020054
1171, 0.0107702304209982
1172, 0.0106938034296036
1173, 0.0105855301953852
1174, 0.0102528043401738
1175, 0.0104479906149209
1176, 0.0108078066259623
1177, 0.0110652823932469
1178, 0.010888657000448
1179, 0.0108724750267963
1180, 0.0109851364977658
1181, 0.011129687850674
1182, 0.011152327619493
1183, 0.0108867774584464
1184, 0.0112333189696074
1185, 0.0105736666979889
1186, 0.0107532169669867
1187, 0.0106970976727704
1188, 0.0105658962524363
1189, 0.0109953973442316
1190, 0.0109601894704004
1191, 0.0108496646862477
1192, 0.0109971567677955
1193, 0.0103128083050251
1194, 0.0109268113970757
1195, 0.0107926983386278
1196, 0.0108655760996044
1197, 0.00974743518357476
1198, 0.0108424676582217
