1, 0.00755028007552028
2, 0.0193381984718144
3, 0.00188185996375978
4, 0.0072233397513628
5, 0.00911387708038092
6, 0.0118947504088283
7, 0.00638710707426071
8, 0.00186627265065908
9, 0.0187651661690325
10, 0.00765649694949389
11, 0.00915685389190912
12, 0.0120077254250646
13, 0.00781600456684828
14, 0.00815683727463087
15, 0.00837484716127316
16, 0.00853942474350333
17, 0.00869171041995287
18, 0.00886995748927196
19, 0.0091390130110085
20, 0.00963799950356285
21, 0.0107774126032988
22, 0.0136823311137656
23, 0.017210287352403
24, 0.0110128857195377
25, 0.00549129388915996
26, 0.00282012888540824
27, 0.00188018249658247
28, 0.00322481244802475
29, 0.00438974409674605
30, 0.00524560393144687
31, 0.00584764483695229
32, 0.00627482899775108
33, 0.00657928075330953
34, 0.00679791710960368
35, 0.00695539700488249
36, 0.00706855479317407
37, 0.0071466062994053
38, 0.00719819714625676
39, 0.00722715054871514
40, 0.00724898371845484
41, 0.00732172373682261
42, 0.00743616155038277
43, 0.00757643689091007
44, 0.00773409986868501
45, 0.00790284511943658
46, 0.00807577619949977
47, 0.0082472867021958
48, 0.00841354423513015
49, 0.00857289787381887
50, 0.0087265024582545
51, 0.00887706534316142
52, 0.00902540454020103
53, 0.00907015916891396
54, 0.00910027977079153
55, 0.00911582509676615
56, 0.00913591124117374
57, 0.00915223825722933
58, 0.00915589059392611
59, 0.00913921091705561
60, 0.00909349570671717
61, 0.00901046302169561
62, 0.00888496357947588
63, 0.00871680490672588
64, 0.00851341181745132
65, 0.00828846357762814
66, 0.00805666701247295
67, 0.00783809165780743
68, 0.00776242802385241
69, 0.00770875462330878
70, 0.00772309396415949
71, 0.00788021180778742
72, 0.00805454670141141
73, 0.00822724246730407
74, 0.00837814683715502
75, 0.00849388136217991
76, 0.00857035474230846
77, 0.0086111423249046
78, 0.00862620305269957
79, 0.00863043467203776
80, 0.00864394847303629
81, 0.00869503431022167
82, 0.00882967530439297
83, 0.0091337567816178
84, 0.00986548171689113
85, 0.0104836409445852
86, 0.0102393366396427
87, 0.00857561733573675
88, 0.0079823547663788
89, 0.0076371516721944
90, 0.00739688177903493
91, 0.00720297964289784
92, 0.00703534685696165
93, 0.0068865860812366
94, 0.00675405872364839
95, 0.00663658697158098
96, 0.00653728516772389
97, 0.00646453568090995
98, 0.00641895004082471
99, 0.00642604047122101
100, 0.00650944172715147
101, 0.00658533683357139
102, 0.00664390910727282
103, 0.00667959350782136
104, 0.00668282690458
105, 0.00664129108190536
106, 0.00654133649853369
107, 0.00636515347287059
108, 0.00608795128452281
109, 0.0056740038562566
110, 0.00507605797611177
111, 0.00423135872309407
112, 0.00309901486616582
113, 0.00181610610646506
114, 0.00287146649012963
115, 0.00574224644030134
116, 0.0111986082047224
117, 0.0177265747139851
118, 0.0134656031926473
119, 0.0107357230347892
120, 0.00967009381080667
121, 0.00917969147364298
122, 0.00891783880069852
123, 0.00875386875122786
124, 0.00862739762912194
125, 0.00850584171712399
126, 0.00836476031690836
127, 0.00817436864599586
128, 0.00788218388333917
129, 0.00783757853787392
130, 0.00789884260545174
131, 0.00807756247619788
132, 0.00827088672667742
133, 0.00846803622941176
134, 0.00865200844903787
135, 0.00881079149742921
136, 0.00893754294763009
137, 0.00903062336146832
138, 0.00909254265328248
139, 0.00912797326842944
140, 0.00914376260091861
141, 0.00914632125447194
142, 0.00914306907604138
143, 0.00913892065485319
144, 0.00911369267851114
145, 0.00907249003648758
146, 0.00893477474649747
147, 0.00879859520743291
148, 0.00866164360195398
149, 0.00852075933168332
150, 0.00837357000758251
151, 0.00821844860911369
152, 0.00805645311872164
153, 0.00789070160438617
154, 0.00772681444262465
155, 0.00757255948459109
156, 0.00743420359989007
157, 0.00732116509849827
158, 0.00724910758435726
159, 0.00281795626506209
160, 0.00541662665394445
161, 0.0109264447043339
162, 0.0171784441918135
163, 0.0173395195355018
164, 0.0110827417423328
165, 0.00548586396810909
166, 0.0027924880074958
167, 0.00641514779999852
168, 0.00645535734171669
169, 0.00652229289213816
170, 0.00661418975020448
171, 0.0067228206122915
172, 0.00684431428089738
173, 0.00697795084367196
174, 0.00712433783337474
175, 0.00728614162653685
176, 0.00747271394357085
177, 0.00770595576614141
178, 0.00804599995414416
179, 0.00863672172029813
180, 0.0103269905472795
181, 0.0105747019406408
182, 0.009933702647686
183, 0.00917457602918148
184, 0.00885277427732944
185, 0.00870245012144248
186, 0.0086331128453215
187, 0.00859967929621538
188, 0.00857577535013358
189, 0.00854415725916624
190, 0.00849296742429336
191, 0.00841497909277678
192, 0.00830975982050101
193, 0.00818309963991245
194, 0.00804553336153428
195, 0.00790780813743671
196, 0.0077858972363174
197, 0.00778458314016461
198, 0.00460045099524515
199, 0.00201702320482582
200, 0.00621136316719155
201, 0.00806830311194062
202, 0.0090513409425815
203, 0.00942422620331248
204, 0.0101349712349474
205, 0.0125537477433681
206, 0.0116820639620225
207, 0.0150973595057925
208, 0.008430753252469
209, 0.00675947669272621
210, 0.00652849588853617
211, 0.00577118325357636
212, 0.00516092265024781
213, 0.00436040239098171
214, 0.00323240098077804
215, 0.00894852541387081
216, 0.00880549009889364
217, 0.00865391517678897
218, 0.00849851236368219
219, 0.00833557033911347
220, 0.0081662357163926
221, 0.00799278200914462
222, 0.00781989221771558
223, 0.00765371625311673
224, 0.00750176367970804
225, 0.00736941435995201
226, 0.00727358118941387
227, 0.00891679727161924
228, 0.00899794170012077
229, 0.00904673306892315
230, 0.00906912718589107
231, 0.00907209888100624
232, 0.00906185153871775
233, 0.00904394515479604
234, 0.00902923351774613
235, 0.00757339169892172
236, 0.00774044962599874
237, 0.00826495808238784
238, 0.00843090377748013
239, 0.00809217306474845
240, 0.00791563869764408
241, 0.00742594269104302
242, 0.00873546022921801
243, 0.00858889985829592
244, 0.00882240726302067
245, 0.00865179424484571
246, 0.00940205405155818
247, 0.00849476099635164
248, 0.00992743888249
249, 0.0088005227347215
250, 0.00895313732326031
251, 0.00893206987529993
252, 0.00892494168753425
253, 0.00896930679058035
254, 0.00891500509654482
255, 0.00848125107586384
256, 0.00865227558339635
257, 0.00895738477508227
258, 0.00896614277735353
259, 0.00692841441680988
260, 0.00705121729212503
261, 0.00645884281645219
262, 0.00618717206331591
263, 0.00606461704176452
264, 0.00686036267628272
265, 0.0071400481586655
266, 0.00590104035412272
267, 0.00719673877271513
268, 0.00722608705982566
269, 0.00668249387914936
270, 0.0109530434322854
271, 0.00872147296156202
272, 0.00728834280744195
273, 0.00889773161283561
274, 0.00831169464314977
275, 0.0107777520703773
276, 0.00735135432332754
277, 0.00802416307851672
278, 0.00820232943321268
279, 0.00837215734645724
280, 0.00853274079660575
281, 0.00784092412019769
282, 0.00868483803545435
283, 0.00765801190088193
284, 0.00748084446725746
285, 0.00907028062889973
286, 0.00865712917099396
287, 0.00984042106817166
288, 0.00884069517875711
289, 0.00886657647788525
290, 0.00829775010546049
291, 0.00795779144391418
292, 0.00811888075744112
293, 0.00867050777499874
294, 0.00891193933784962
295, 0.00886237962792317
296, 0.00883122766390443
297, 0.00888999675710996
298, 0.00878925528377295
299, 0.00892344893266757
300, 0.00878047896549106
301, 0.007000402159368
302, 0.00718925466450552
303, 0.00724668653371433
304, 0.00712564176258941
305, 0.00706706483227511
306, 0.00708504059972862
307, 0.00703560126324495
308, 0.0071110410305361
309, 0.00903004556894302
310, 0.00848522208010157
311, 0.00826516095548868
312, 0.00736281787976623
313, 0.0119512230157852
314, 0.00866576501478752
315, 0.0104350647889078
316, 0.00776153880481919
317, 0.0079600444684426
318, 0.00863343570381403
319, 0.00848790553087989
320, 0.00756790403587123
321, 0.00814781912292043
322, 0.0083237886428833
323, 0.00940868491306901
324, 0.00880482513457537
325, 0.00886624104653796
326, 0.00909836186716954
327, 0.00854537511865298
328, 0.00891741737723351
329, 0.00879450670133034
330, 0.00872321352362633
331, 0.00874929890657465
332, 0.00839714426547289
333, 0.00888740690425038
334, 0.00884461092452208
335, 0.00883057542766134
336, 0.00889653479680419
337, 0.00719047609406213
338, 0.00783619323434929
339, 0.00730993947945535
340, 0.0072571214598914
341, 0.00753514530758063
342, 0.00763500737957656
343, 0.00849799476563931
344, 0.00886905038108428
345, 0.0101539821674426
346, 0.00766003256042798
347, 0.00789173475156228
348, 0.00861260348132678
349, 0.00844876188784838
350, 0.00810195924714208
351, 0.00828802197550734
352, 0.0097308869784077
353, 0.00909205060452223
354, 0.00874774406353633
355, 0.00822334131225944
356, 0.00896470233177145
357, 0.00937174679711461
358, 0.00867449305951595
359, 0.00896522449329495
360, 0.00893978277842204
361, 0.00874020857736468
362, 0.00865493275757347
363, 0.00747318472713232
364, 0.00882794242352247
365, 0.00749286830735703
366, 0.00751786579244903
367, 0.00748787160652379
368, 0.00829126390938958
369, 0.00803049428698917
370, 0.00884463973343372
371, 0.00904570307050433
372, 0.0098932768839101
373, 0.0105577534995973
374, 0.0078107543134441
375, 0.00805605668574572
376, 0.00844283634796739
377, 0.00827587194119891
378, 0.00869227666407824
379, 0.00742531676466266
380, 0.00929485773667693
381, 0.00892526749521494
382, 0.00906251355384787
383, 0.00900014210492373
384, 0.00855775084346533
385, 0.00891920474047462
386, 0.00860003087048729
387, 0.00870228931307793
388, 0.00786866488245626
389, 0.00957240319500367
390, 0.00777337040441732
391, 0.00853175561254223
392, 0.0110363115866979
393, 0.00921382661908865
394, 0.00798689547394003
395, 0.00825632627432545
396, 0.00849062550280775
397, 0.0101541426653663
398, 0.00887066110347708
399, 0.00908587391798695
400, 0.00910435927410921
401, 0.00960131858785947
402, 0.00924644510572155
403, 0.00883738898361723
404, 0.00889671004066865
405, 0.0089752497151494
406, 0.00827255534629027
407, 0.00938826131944855
408, 0.00770550332963467
409, 0.00809366364652912
410, 0.00921849267823356
411, 0.0105354563953976
412, 0.00997688022575208
413, 0.0097782175677518
414, 0.00935348123311996
415, 0.00904997003575166
416, 0.00894760340452194
417, 0.00936825852841139
418, 0.00886133716752132
419, 0.00863755758230885
420, 0.00845657025153438
421, 0.00840507633984089
422, 0.00823777318000793
423, 0.0083691131323576
424, 0.00940111819654703
425, 0.00935836083122662
426, 0.00920990519225597
427, 0.00977481193840504
428, 0.00867621600627899
429, 0.0089007083637019
430, 0.00866454234346747
431, 0.00917029225577911
432, 0.00502709419621776
433, 0.00875827181152999
434, 0.0126480746216008
435, 0.00653379992581904
436, 0.00633879370676974
437, 0.0056167955044657
438, 0.00424268985322366
439, 0.00335126036467652
440, 0.00670923843669395
441, 0.00671930657699704
442, 0.00665152973184983
443, 0.00604307278990746
444, 0.00502576671230296
445, 0.00271447152287389
446, 0.00704746297560632
447, 0.00722130302650233
448, 0.00741905711280803
449, 0.00765485820981363
450, 0.0079602786184599
451, 0.00843483830491702
452, 0.00924007703239719
453, 0.00653781718574464
454, 0.0080262990668416
455, 0.00828221036742131
456, 0.00905916948492328
457, 0.010238993447274
458, 0.00847984524443746
459, 0.00864736891041199
460, 0.00945208252718051
461, 0.0121832617248098
462, 0.0162237208336592
463, 0.00868463423103094
464, 0.00877285453801354
465, 0.00871476142977675
466, 0.00863068535303076
467, 0.00857888317356507
468, 0.00849969498813152
469, 0.00839126979311307
470, 0.00825930976619323
471, 0.00811747477079431
472, 0.00798884313553572
473, 0.00866198198248943
474, 0.00604622787795961
475, 0.00647727819159627
476, 0.00663867817881207
477, 0.00669225747697055
478, 0.00631582092804213
479, 0.00667428419304391
480, 0.00676768599078059
481, 0.00681442650966346
482, 0.0068211347485582
483, 0.00574260810390115
484, 0.00652587972581387
485, 0.00689347057292859
486, 0.00647135032340884
487, 0.00808906780245403
488, 0.00732366996817291
489, 0.00675678928382695
490, 0.00663765193894506
491, 0.00847922451794147
492, 0.00778775181000431
493, 0.00753954728133976
494, 0.00882329714174072
495, 0.0111346200906805
496, 0.00844804973651966
497, 0.00942941786100467
498, 0.0100270085968077
499, 0.00864263049637278
500, 0.00888489993909995
501, 0.00881362256283561
502, 0.0087660881690681
503, 0.00868539946774642
504, 0.00857821588094036
505, 0.00838427043830355
506, 0.00907607174788912
507, 0.00937053887173533
508, 0.00864218734204769
509, 0.00849072371299068
510, 0.00873722710336248
511, 0.0087140464844803
512, 0.00979750528931618
513, 0.00827260625859102
514, 0.0108866316399404
515, 0.00838074934047957
516, 0.00913061773670571
517, 0.00819070278001683
518, 0.00657488698405879
519, 0.00548216130118817
520, 0.00673726325233777
521, 0.00656548328697681
522, 0.00698858771162728
523, 0.00700999804151555
524, 0.00695789147478839
525, 0.00701328987876574
526, 0.00699438635880748
527, 0.00694061443209648
528, 0.00698580856745442
529, 0.00679343651669721
530, 0.00886046197265387
531, 0.00668118932905297
532, 0.00787850182193021
533, 0.00762526714242995
534, 0.00816672636816899
535, 0.00851656310260296
536, 0.00696380762383342
537, 0.00713214930146933
538, 0.00681293165932099
539, 0.00908080472921332
540, 0.00864187907427549
541, 0.00990006777768334
542, 0.00884126266464591
543, 0.00889067010333141
544, 0.00913314474746585
545, 0.00877942595010003
546, 0.00869961533074578
547, 0.00878371003394326
548, 0.00862414110451937
549, 0.00879762352754672
550, 0.00874652806669474
551, 0.00876988548164566
552, 0.00851965649053454
553, 0.00877756703024109
554, 0.00899333180859685
555, 0.00787269324064255
556, 0.00883625594100782
557, 0.00535544085626801
558, 0.00719406036660075
559, 0.00688809769538542
560, 0.00724054647920032
561, 0.00730546936392784
562, 0.00737219319368402
563, 0.00745815318077803
564, 0.00666182092390954
565, 0.00695250354086359
566, 0.00759288559978207
567, 0.00781786736721794
568, 0.00943510932847857
569, 0.00685286774699177
570, 0.00820889432604114
571, 0.00719537477319439
572, 0.00850069336593151
573, 0.00793218387601276
574, 0.00701822945848107
575, 0.00739971711300313
576, 0.00886844052001834
577, 0.00841069705784321
578, 0.00911118493725856
579, 0.00882466975599527
580, 0.0088842265928785
581, 0.008860033005476
582, 0.00876168642813961
583, 0.00879459160690506
584, 0.00876906343425314
585, 0.00885064139341315
586, 0.00888399903972944
587, 0.00882701762020588
588, 0.00886454976474245
589, 0.00669952612370253
590, 0.00679659664941331
591, 0.00767418959488471
592, 0.00708780243682365
593, 0.00820328295230865
594, 0.00754830536122123
595, 0.00781501107849181
596, 0.00766965079431732
597, 0.00716829827676217
598, 0.00801826656485597
599, 0.0083142612905552
600, 0.00745099247433245
601, 0.0085103948201452
602, 0.00722986211379369
603, 0.00821314379572868
604, 0.00705551439896226
605, 0.00977821058283249
606, 0.00768279586918652
607, 0.00888295136392117
608, 0.00909908923010031
609, 0.00940279584998886
610, 0.00874958963443836
611, 0.00896611701076229
612, 0.00902837794274092
613, 0.00905304774641991
614, 0.00888664073621233
615, 0.00903186947107315
616, 0.00873566791415215
617, 0.00880611408501863
618, 0.00873169085631768
619, 0.0069792082067579
620, 0.0087193014100194
621, 0.00986625455940763
622, 0.00886024938275417
623, 0.00733068492263556
624, 0.00789578002877533
625, 0.00806557084433734
626, 0.00743221328593791
627, 0.00827613814423482
628, 0.00872078211978078
629, 0.0102100355240206
630, 0.00771601630064348
631, 0.00747461803257465
632, 0.00722788413986564
633, 0.0084227055311203
634, 0.00857488469531139
635, 0.00796620004499952
636, 0.0093180569820106
637, 0.00962009746581316
638, 0.00866960004592935
639, 0.00909463595598936
640, 0.00919615027184288
641, 0.00896644033491611
642, 0.00921477004885674
643, 0.00882027468954523
644, 0.00869891637315353
645, 0.00861207178483407
646, 0.00847158434667758
647, 0.00759075519939264
648, 0.00824951209748785
649, 0.00930974523847302
650, 0.00844171177595854
651, 0.00772090853812794
652, 0.0105660374586781
653, 0.00994556816294789
654, 0.00897114537656307
655, 0.00798982738827666
656, 0.00772649282589555
657, 0.00868237748121222
658, 0.00823360759144028
659, 0.008599485270679
660, 0.00923587878545125
661, 0.00940733975065606
662, 0.00907093550389012
663, 0.00883743925286191
664, 0.00865366278837124
665, 0.0074628016911447
666, 0.0100812487570303
667, 0.0105904685333371
668, 0.0085663675951461
669, 0.00806576306266444
670, 0.0094096491423746
671, 0.00824226935704549
672, 0.00802066037431359
673, 0.0101852497706811
674, 0.00906202356730189
675, 0.00966449671735366
676, 0.00870940666645765
677, 0.00851949956268072
678, 0.00936696988840898
679, 0.00916937496513128
680, 0.00985940657556057
681, 0.00944361990938584
682, 0.011001568287611
683, 0.00839782956366738
684, 0.00894681348775824
685, 0.00983812396104137
686, 0.00843509770929813
687, 0.00829364949216445
688, 0.010732433013618
689, 0.00782952597364783
690, 0.0124665031520029
691, 0.00482684133263926
692, 0.00900642077128092
693, 0.00809702106441061
694, 0.00909061900650462
695, 0.00946091829488675
696, 0.0101551182257632
697, 0.0116454397017757
698, 0.00906488097583254
699, 0.00904506507019202
700, 0.00894445553421974
701, 0.00885584608962139
702, 0.00873992855971058
703, 0.00859978329390287
704, 0.00844285357743502
705, 0.00828156139080723
706, 0.00813467055559158
707, 0.0072734277540197
708, 0.00781098303074638
709, 0.00797796063125134
710, 0.00814296460400025
711, 0.008301825573047
712, 0.00845273149510225
713, 0.00859593615556757
714, 0.00873348349705338
715, 0.00886910144860546
716, 0.00899931974709034
717, 0.00719707063399255
718, 0.00621181586757302
719, 0.00577285800439616
720, 0.005163564812392
721, 0.00433918150762717
722, 0.00337366297996292
723, 0.00266914385914182
724, 0.0083670784952119
725, 0.0150431360428532
726, 0.00523798780826231
727, 0.00764859739380578
728, 0.00880603243907293
729, 0.00867609803875287
730, 0.00749923187928895
731, 0.00790577257672946
732, 0.00823817665999134
733, 0.00736845183807115
734, 0.00807503098621964
735, 0.00839251667882005
736, 0.00853798957541585
737, 0.00887210372214516
738, 0.00993892177939415
739, 0.0083074412929515
740, 0.00859545186782877
741, 0.00872108216087023
742, 0.00942691167195638
743, 0.00846647843718529
744, 0.010748624180754
745, 0.00907139061018825
746, 0.00861410951862733
747, 0.00888167088851333
748, 0.00892806068683664
749, 0.00881377623106042
750, 0.00849063492690524
751, 0.00836416597788533
752, 0.00896849033112327
753, 0.00906779399762551
754, 0.00907429773360491
755, 0.00872386588404576
756, 0.00907022738829255
757, 0.00895583319167296
758, 0.00714121828787029
759, 0.0070521851691107
760, 0.00652955286204815
761, 0.0064427237957716
762, 0.00614894274622202
763, 0.00546669568090389
764, 0.00692934038427969
765, 0.00676082462693254
766, 0.00580227390552561
767, 0.0107899027477418
768, 0.00817470795785387
769, 0.00895104317792824
770, 0.0118978942433993
771, 0.00773516794045766
772, 0.00756677488485972
773, 0.00910706383486589
774, 0.00848950957879424
775, 0.00834207966302832
776, 0.00862764396394292
777, 0.00818285982434948
778, 0.00875973530734579
779, 0.0080136281127731
780, 0.00757047021761537
781, 0.00873590353876352
782, 0.00859826741119226
783, 0.010429202268521
784, 0.0098502862577637
785, 0.00889376581956943
786, 0.00826147744165999
787, 0.00896924703071515
788, 0.00896052783355117
789, 0.00890675854558746
790, 0.00882780225947499
791, 0.00875932226578395
792, 0.00855637077863018
793, 0.00887337389091651
794, 0.00866662602250775
795, 0.00890262223159274
796, 0.00889854039996862
797, 0.00896401718879739
798, 0.00667726589987675
799, 0.00724855639661352
800, 0.00710961890096466
801, 0.00700219448966285
802, 0.00715650129131973
803, 0.00700726197101176
804, 0.00700273178517818
805, 0.00719222938641906
806, 0.00686102150939405
807, 0.00742494865941505
808, 0.00845558273916443
809, 0.00728853845170566
810, 0.00972694468994935
811, 0.0110621258306007
812, 0.00748023871953289
813, 0.00943442294374108
814, 0.00861778482794762
815, 0.00871382001787424
816, 0.00859026905770103
817, 0.00783683941699564
818, 0.00845335874085625
819, 0.00830204738304019
820, 0.00765658348488311
821, 0.00813559660067161
822, 0.00886530559509993
823, 0.0101532563567162
824, 0.00876819187154373
825, 0.00892941436419884
826, 0.00914113285640875
827, 0.00888832099735737
828, 0.00844856929033995
829, 0.00886899403606852
830, 0.00889678532257676
831, 0.00873120982820789
832, 0.00882873451337218
833, 0.00891284334162871
834, 0.00891104200854897
835, 0.00888733348498742
836, 0.00884590271328177
837, 0.00705295622659226
838, 0.00887070083990693
839, 0.00736368420932974
840, 0.00781026622280478
841, 0.00816165640329321
842, 0.00725221882263819
843, 0.00730662948141495
844, 0.00719111249782145
845, 0.00722590470686555
846, 0.00712164708723625
847, 0.00878456863574684
848, 0.00800162013620138
849, 0.0100109992282731
850, 0.00756913322644929
851, 0.00879903305321932
852, 0.00974914788578947
853, 0.00776436971500516
854, 0.00869087983543674
855, 0.00856987076501052
856, 0.0084315004448096
857, 0.00827432811881105
858, 0.00795752617220084
859, 0.00735197821632028
860, 0.00894561068465312
861, 0.00915014293665687
862, 0.0105732202840348
863, 0.00883340835571289
864, 0.00762308986547093
865, 0.00940810066337387
866, 0.00886600511148572
867, 0.00892302688832084
868, 0.0089668797639509
869, 0.00878257174044847
870, 0.00893012354416507
871, 0.00899269245564938
872, 0.00898237914467851
873, 0.00878693336354835
874, 0.00865186362837752
875, 0.00746638188138604
876, 0.00747747657199701
877, 0.00748917856253684
878, 0.00747294630855322
879, 0.00752932547281186
880, 0.00923401381199559
881, 0.00978812258690596
882, 0.0101377940736711
883, 0.0106827767565846
884, 0.00767033161329372
885, 0.00790642838304242
886, 0.00989371988301476
887, 0.00867797542984287
888, 0.00856841774657369
889, 0.00842677180965742
890, 0.00809686786184708
891, 0.00912623262653748
892, 0.00880757952108979
893, 0.00828380386034648
894, 0.00934131008883317
895, 0.00888845650479198
896, 0.00897970733543237
897, 0.00906083018829425
898, 0.00912150966801814
899, 0.00908299889415503
900, 0.00959991803392768
901, 0.00777238902325432
902, 0.00770298764109612
903, 0.00786921917460859
904, 0.00803193100728095
905, 0.00929170691718658
906, 0.00962807921071847
907, 0.00786381112411618
908, 0.00870352704077959
909, 0.00799872845943485
910, 0.00858338177204132
911, 0.00892133746917049
912, 0.00905581936240196
913, 0.00805690232664347
914, 0.00915829688310623
915, 0.00876110140234232
916, 0.00825880297149221
917, 0.00879565284897884
918, 0.00888987351208925
919, 0.00924104048560063
920, 0.00943807465955615
921, 0.00809754679600398
922, 0.00855268817394972
923, 0.00828350444013874
924, 0.009728065159704
925, 0.00941905565559864
926, 0.00928189652040601
927, 0.00825130054727197
928, 0.00843971781432629
929, 0.00880960980430245
930, 0.00895851338282228
931, 0.00918787185634885
932, 0.00940084115912517
933, 0.00841411606719097
934, 0.00868237918863694
935, 0.00870883502066135
936, 0.00904623246086495
937, 0.00865179167262145
938, 0.00882163345813751
939, 0.00931853819638491
940, 0.00823881253600121
941, 0.0089860522809128
942, 0.00844882894307375
943, 0.00872061414910214
944, 0.00924916714429855
945, 0.00805950987463196
946, 0.00452075662490513
947, 0.00195452484767884
948, 0.00887737438703577
949, 0.00909802705670396
950, 0.00946629823495944
951, 0.0101626617833972
952, 0.0126249428528051
953, 0.0116606609274944
954, 0.015128780156374
955, 0.00843515654560179
956, 0.00647267745807767
957, 0.00604001944884658
958, 0.00560811643178264
959, 0.00499514645586411
960, 0.00419842964038253
961, 0.0031183089595288
962, 0.00931076674411694
963, 0.00850233715027571
964, 0.00803025873998801
965, 0.00773048773407936
966, 0.00750272449416419
967, 0.00731308766019841
968, 0.00714505913977822
969, 0.00699206891780098
970, 0.00685257860459387
971, 0.00672662669482331
972, 0.0066167483261476
973, 0.00652483749824266
974, 0.00865891777599851
975, 0.00870663889994224
976, 0.00878115075950821
977, 0.00890806969255209
978, 0.00911536812782288
979, 0.00942791268850366
980, 0.00633583070399861
981, 0.00656020881918569
982, 0.00653078950320681
983, 0.00631434059080978
984, 0.0060462907422334
985, 0.00593492172525397
986, 0.00663301822108527
987, 0.00670462194830179
988, 0.00671341720347603
989, 0.00664821267127991
990, 0.00574782133723299
991, 0.0070748256208996
992, 0.00724519633998473
993, 0.00743026200992366
994, 0.00763568243322273
995, 0.00692132161930203
996, 0.00816560645277301
997, 0.00787236588075757
998, 0.00678289239294827
999, 0.0066618910835435
1000, 0.00855194979036848
1001, 0.00996204946811
1002, 0.00858814579745134
1003, 0.0087215177093943
1004, 0.00944538274779916
1005, 0.00845124231030544
1006, 0.00912135684241851
1007, 0.00861964002251625
1008, 0.00876972498372197
1009, 0.00823152391240001
1010, 0.0085153408969442
1011, 0.0085749626159668
1012, 0.0088322792823116
1013, 0.00892303309713801
1014, 0.00904116732999682
1015, 0.00919816875830293
1016, 0.00868843010227595
1017, 0.010995020934691
1018, 0.00920063217303583
1019, 0.00828270893543959
1020, 0.00652048146973054
1021, 0.00668622110970318
1022, 0.00680618290789425
1023, 0.00676063122227788
1024, 0.0068100590724498
1025, 0.00697524100542068
1026, 0.00692734867334366
1027, 0.00666725387175878
1028, 0.0108047900721431
1029, 0.00656423764303327
1030, 0.0075216800129662
1031, 0.00773505920854708
1032, 0.00859154000257452
1033, 0.00797301352334519
1034, 0.00732411614929636
1035, 0.00824811573450764
1036, 0.00713963892000417
1037, 0.00682620670912521
1038, 0.0069777297321707
1039, 0.00890017688895265
1040, 0.00857558629165093
1041, 0.00946064308906595
1042, 0.00872953127448758
1043, 0.00988752053429683
1044, 0.00872461513305704
1045, 0.00843638383472959
1046, 0.00811955472454429
1047, 0.00792073784396052
1048, 0.00801441989218195
1049, 0.00833960948511958
1050, 0.00864310810963313
1051, 0.00882860133424401
1052, 0.00886896811425686
1053, 0.00890581695629018
1054, 0.00892225854719679
1055, 0.00868560296172897
1056, 0.00665047376727064
1057, 0.00986881591379643
1058, 0.0084174155878524
1059, 0.0081996229876365
1060, 0.00694512474971513
1061, 0.00777533464133739
1062, 0.0067250058054924
1063, 0.0069795884968092
1064, 0.0070001146911333
1065, 0.00699688548532625
1066, 0.00678080475578705
1067, 0.00697552560207744
1068, 0.0119961195935806
1069, 0.00856022210791707
1070, 0.0104814035197099
1071, 0.00668278625234961
1072, 0.00829775646949808
1073, 0.00702135246247053
1074, 0.00803861394524574
1075, 0.00780876268011828
1076, 0.00758925957294802
1077, 0.00857779181872805
1078, 0.00718270086993774
1079, 0.00738297713299592
1080, 0.00893510524183512
1081, 0.00915531953796744
1082, 0.00874091979737083
1083, 0.0089282028687497
1084, 0.00979319990923007
1085, 0.00879948524137338
1086, 0.00859056692570448
1087, 0.00836585850144426
1088, 0.00844773231074214
1089, 0.00879058782011271
1090, 0.00880641102169951
1091, 0.00879720350106557
1092, 0.00827194191515446
1093, 0.00875671114772558
1094, 0.0085248948695759
1095, 0.00877751844624678
1096, 0.00839847568422556
1097, 0.0064635694026947
1098, 0.00686787293913464
1099, 0.00873447877044479
1100, 0.00816739249664048
1101, 0.00756280186275641
1102, 0.00677718431688845
1103, 0.00722092925570905
1104, 0.00728586285064618
1105, 0.00693497488585611
1106, 0.00735382999603947
1107, 0.00743777902486424
1108, 0.010215214608858
1109, 0.00831297769521674
1110, 0.00808637620260318
1111, 0.00859207500304495
1112, 0.00786193087697029
1113, 0.00719663454219699
1114, 0.00742121879011393
1115, 0.00763530354015529
1116, 0.00943610134224097
1117, 0.00893278404449423
1118, 0.00915880780667067
1119, 0.00851886067539454
1120, 0.00881339004263282
1121, 0.00873079709708691
1122, 0.0085784064916273
1123, 0.00864340861638387
1124, 0.00869085500016809
1125, 0.00883299314106504
1126, 0.00869439371551077
1127, 0.00882235526417693
1128, 0.0073196473531425
1129, 0.00868564813087384
1130, 0.00827326703195771
1131, 0.00890089584780591
1132, 0.00706440753613909
1133, 0.00751496610852579
1134, 0.00715477485209703
1135, 0.00764426169916987
1136, 0.0077961275819689
1137, 0.0106214319045345
1138, 0.00996832192565004
1139, 0.0079931557799379
1140, 0.00834337854757905
1141, 0.00812494444350402
1142, 0.00790235462288062
1143, 0.00743831861764193
1144, 0.00765491323545575
1145, 0.0096512579669555
1146, 0.00851688887923956
1147, 0.00912856248517831
1148, 0.00874218965570132
1149, 0.00884005132441719
1150, 0.00936608389019966
1151, 0.00882012986888488
1152, 0.00877277848000328
1153, 0.00884946311513583
1154, 0.00883768933514754
1155, 0.0087958377165099
1156, 0.00869766436517239
1157, 0.00857040219541107
1158, 0.0110900357055167
1159, 0.00893003586679697
1160, 0.00884458546837171
1161, 0.00926011071229974
1162, 0.00731756289800008
1163, 0.0102235591039062
1164, 0.00695115583948791
1165, 0.00742137897759676
1166, 0.00784267632601162
1167, 0.00803713492738704
1168, 0.00908238757401705
1169, 0.00855129677802324
1170, 0.00826433145751556
1171, 0.00836123572662473
1172, 0.00969247225051125
1173, 0.0081615870197614
1174, 0.00793204867901901
1175, 0.00763614701905421
1176, 0.00926109294717511
1177, 0.00889962647731105
1178, 0.00948119598130385
1179, 0.00896731096630295
1180, 0.0087870421508948
1181, 0.00894089850286643
1182, 0.00869175745174289
1183, 0.0105825310262541
1184, 0.00831354018300772
1185, 0.0100216946697661
1186, 0.00939924378568927
1187, 0.00903032859787345
1188, 0.00985634885728359
1189, 0.0076711418107152
1190, 0.00817879537741343
1191, 0.00842475037400921
1192, 0.00840522566189369
1193, 0.00820339284837246
1194, 0.00869560769448678
1195, 0.00913032876061542
1196, 0.00795890251174569
1197, 0.00854735691100359
1198, 0.00945562481259306
1199, 0.00888722048451503
1200, 0.00895672803744674
1201, 0.00932004489004612
1202, 0.00906771297256152
1203, 0.00863368809223175
1204, 0.00898355913038055
1205, 0.00939629692584276
1206, 0.00983408614993095
1207, 0.00943696166255644
1208, 0.00851487168776137
1209, 0.00901561168332895
1210, 0.00844386949514349
1211, 0.00826499350368977
1212, 0.0087555879727006
1213, 0.00878632363552848
1214, 0.00922974571585655
1215, 0.00908179984738429
1216, 0.00893372871602575
1217, 0.00918649155646563
1218, 0.00927914716303349
1219, 0.00878503716861208
1220, 0.00898992596194148
1221, 0.00864900965243578
