1, 0.00609136675484478
2, 0.0163358086720109
3, 0.00137739762431011
4, 0.00582861294969916
5, 0.00726665044203401
6, 0.0103514827787876
7, 0.00370450736954808
8, 0.001122545421822
9, 0.016413604374975
10, 0.00511093251407146
11, 0.00582807790488005
12, 0.0100916679948568
13, 0.00633220770396292
14, 0.00659857589441041
15, 0.00675489963032305
16, 0.00688034971244633
17, 0.00697655805076162
18, 0.00705436966381967
19, 0.00712940221031507
20, 0.00722077155175308
21, 0.00735954870469868
22, 0.00760724938785036
23, 0.008105528075248
24, 0.00927469336117307
25, 0.0118491138952474
26, 0.0149877602234483
27, 0.0104576541731755
28, 0.00617384382834037
29, 0.00312361183265845
30, 0.00189258181490004
31, 0.00108503947073283
32, 0.00176049986233314
33, 0.00253299274481833
34, 0.00320699430691699
35, 0.00374664110131562
36, 0.00416972356227537
37, 0.0045024836435914
38, 0.00476746998416881
39, 0.00498141418211162
40, 0.00515622280848523
41, 0.00530028281112512
42, 0.00541944134359558
43, 0.00551807888162633
44, 0.00559942525190612
45, 0.00566581784126659
46, 0.00571916089393198
47, 0.00576099660247564
48, 0.0057926457375288
49, 0.00581534214628239
50, 0.00582738763963183
51, 0.00584987248294055
52, 0.00589435904597243
53, 0.00594602121661107
54, 0.00601320232575138
55, 0.0060920420413216
56, 0.00617930525913835
57, 0.00627315494542321
58, 0.0063714855350554
59, 0.00647216849029064
60, 0.00657337609057625
61, 0.00667364088197549
62, 0.00677178241312504
63, 0.00686694821342826
64, 0.00695851600418488
65, 0.00704544860248764
66, 0.00712294907619556
67, 0.00720988400280476
68, 0.00725040786589185
69, 0.00725690477217237
70, 0.00726983183994889
71, 0.00728552602231503
72, 0.0073029138147831
73, 0.00732125760987401
74, 0.00733945627386371
75, 0.00735514331609011
76, 0.00736587711920341
77, 0.00736868598808845
78, 0.00736038091902932
79, 0.00733775366097689
80, 0.00729770647982756
81, 0.00723784820487102
82, 0.00715675748263796
83, 0.00705460490037998
84, 0.00693363882601261
85, 0.00679837136218945
86, 0.00665544485673308
87, 0.0065135060188671
88, 0.00638393204038342
89, 0.00627508029962579
90, 0.00620366167277098
91, 0.00616711843758821
92, 0.0061973858003815
93, 0.00626807442555825
94, 0.0063673360273242
95, 0.00649003451690078
96, 0.00663141502688328
97, 0.00679337388525407
98, 0.00698830264930924
99, 0.00724962865933776
100, 0.00764809471244613
101, 0.00841557327657938
102, 0.00902182958088815
103, 0.00880622755115231
104, 0.00728730469321211
105, 0.0067943031899631
106, 0.00654204438130061
107, 0.00638874309758345
108, 0.00627265265211463
109, 0.00616353595008453
110, 0.00604108177746336
111, 0.00589063810184598
112, 0.00570128190641602
113, 0.00546660755450527
114, 0.00518693526585897
115, 0.00487148979057868
116, 0.00454118754714727
117, 0.00421842544650038
118, 0.00393153579595188
119, 0.00375372846610844
120, 0.00365031708497554
121, 0.00347502863345047
122, 0.00330555881373584
123, 0.00305948526753734
124, 0.00269198650494218
125, 0.00217274797614664
126, 0.00151744465498875
127, 0.000895482458872721
128, 0.00161433429457247
129, 0.00280633778311312
130, 0.00584802590310574
131, 0.0102084198345741
132, 0.0148017679651578
133, 0.011830665015926
134, 0.00920277197534839
135, 0.00791230254496137
136, 0.00707158236764371
137, 0.00602228799834847
138, 0.00553157847995559
139, 0.00592567647496859
140, 0.00654138810932636
141, 0.00714556143308679
142, 0.0076284382181863
143, 0.00792014366015792
144, 0.00801798064882557
145, 0.00795972316215436
146, 0.00779495574533939
147, 0.00757136211420099
148, 0.00732548208907247
149, 0.00708139082416892
150, 0.00685400500272711
151, 0.00665003557999929
152, 0.00647283314416806
153, 0.00632211333140731
154, 0.0061962582791845
155, 0.00609320510799686
156, 0.00601024786010385
157, 0.0059453216381371
158, 0.00589676403130094
159, 0.00586158456280828
160, 0.00585289834998548
161, 0.00586169585585594
162, 0.0058972022185723
163, 0.00590539164841175
164, 0.00589768728241324
165, 0.00588076375424862
166, 0.00585975234086315
167, 0.00584000318000714
168, 0.00582671212032437
169, 0.00582216470502317
170, 0.00178255963449677
171, 0.00276218509922425
172, 0.00563975718493263
173, 0.0103687935819228
174, 0.0150184550633033
175, 0.0153319016098976
176, 0.0103581488753359
177, 0.00594168420260151
178, 0.00289421245300521
179, 0.00163224863354117
180, 0.00378507437805335
181, 0.0040209946843485
182, 0.00438314319277803
183, 0.00481219387923678
184, 0.00529488005364935
185, 0.00583007993797461
186, 0.00644490340103706
187, 0.00723097628603379
188, 0.00874350670104226
189, 0.00911242607980967
190, 0.00891597413768371
191, 0.00854012959947189
192, 0.00845383666455746
193, 0.00843391753733158
194, 0.00837445755799611
195, 0.00820363250871499
196, 0.00786860861505071
197, 0.00735677188883225
198, 0.00671956641599536
199, 0.00604412953058879
200, 0.0057684185449034
201, 0.0047306763784339
202, 0.00731839844956994
203, 0.0054871039797685
204, 0.00751726663050552
205, 0.00787821606112023
206, 0.00824747063840429
207, 0.00862890652691325
208, 0.0103850873808066
209, 0.013647211715579
210, 0.00292662552480275
211, 0.0109275511599013
212, 0.00584396766498685
213, 0.00582594750449061
214, 0.00579837049978475
215, 0.00576211271497111
216, 0.00571582396514714
217, 0.00565804044405619
218, 0.00558728748001158
219, 0.00550183296824495
220, 0.0053991978832831
221, 0.00527606632870932
222, 0.00512805107670526
223, 0.00494908161150912
224, 0.00446120246003071
225, 0.00412567499248932
226, 0.00370418055293461
227, 0.00317400534792493
228, 0.00254047367100914
229, 0.00192713033175096
230, 0.00652371952310205
231, 0.00642226776108146
232, 0.0063220775530984
233, 0.0062251528725028
234, 0.00613371756238242
235, 0.00604954524897039
236, 0.00597471891281505
237, 0.00591264471101264
238, 0.00638251976730923
239, 0.00646107535188397
240, 0.0065539771070083
241, 0.00666610097202162
242, 0.00678431405685842
243, 0.00690023833885789
244, 0.00700701765405635
245, 0.00709986733272672
246, 0.00717591207164029
247, 0.00723419206527372
248, 0.00727525749243796
249, 0.00730068997169534
250, 0.0073127937503159
251, 0.00731426764590045
252, 0.00730775319971144
253, 0.00729582831263542
254, 0.007280717138201
255, 0.00726436877933641
256, 0.00724826287478209
257, 0.00723293283954263
258, 0.00721865737189849
259, 0.0072109152097255
260, 0.00168665464540633
261, 0.00542436959221959
262, 0.00567279212797682
263, 0.00517606300612291
264, 0.00531032984144986
265, 0.00434701222305497
266, 0.00404522575748463
267, 0.00330019187337408
268, 0.0057307252039512
269, 0.00577842265677949
270, 0.00581663947862883
271, 0.00584729947149754
272, 0.00483007535027961
273, 0.00501762990218898
274, 0.00552133036156495
275, 0.00560350405673186
276, 0.00369647242284069
277, 0.0046080551110208
278, 0.00662481280354162
279, 0.00672423257492483
280, 0.00715580778196454
281, 0.00682091239529351
282, 0.0064753705325226
283, 0.00637323044550916
284, 0.00627291575074196
285, 0.00617649677830438
286, 0.00608650649276872
287, 0.00600345153361559
288, 0.00593380094505847
289, 0.00691444403491914
290, 0.00700417611127098
291, 0.00709008456518253
292, 0.00720039452426136
293, 0.00717129457431535
294, 0.00722853334931036
295, 0.00665743889597555
296, 0.00721440929919481
297, 0.00673721924734612
298, 0.00707350104736785
299, 0.00718129356391728
300, 0.00682618833767871
301, 0.00723482994362712
302, 0.00724430033005774
303, 0.00723906327039003
304, 0.00691577155763904
305, 0.00699971383437514
306, 0.00713438610546291
307, 0.00724496366456151
308, 0.00715775632609924
309, 0.0071854709337155
310, 0.0072151532707115
311, 0.00719477081050475
312, 0.00751669992071887
313, 0.00832516606897116
314, 0.00925220296319042
315, 0.00702314187462131
316, 0.00668029704441627
317, 0.00710467342287302
318, 0.0078094492200762
319, 0.00587330891617707
320, 0.00930957014982899
321, 0.00828051877518495
322, 0.00501902079364906
323, 0.00714037986472249
324, 0.00520617902899782
325, 0.00531521098067363
326, 0.00541475795519849
327, 0.0055042408251514
328, 0.00558387689913313
329, 0.00508976021471123
330, 0.00473234922780345
331, 0.00565403684352835
332, 0.00478113791905344
333, 0.00486301778194805
334, 0.00497132260352373
335, 0.00576756258184711
336, 0.00571511980767051
337, 0.0058122833725065
338, 0.00584995017076532
339, 0.00587751305041214
340, 0.00657756789587438
341, 0.00677676126360893
342, 0.00687146148023506
343, 0.0070495904268076
344, 0.00696368391315142
345, 0.00622264590735237
346, 0.00632415510093172
347, 0.00612569941828648
348, 0.00642771832644939
349, 0.00603820756077766
350, 0.00594860381845917
351, 0.00667841577281555
352, 0.00712161534465849
353, 0.0071917581371963
354, 0.00719722538876037
355, 0.00710713498604794
356, 0.00713698239997029
357, 0.00709665458028515
358, 0.00719569879584014
359, 0.00715261208824813
360, 0.0071852159841607
361, 0.00718131056055427
362, 0.00702697962212066
363, 0.00716779132684072
364, 0.00695938329833249
365, 0.00708473132302364
366, 0.00716393728119632
367, 0.0068858223191152
368, 0.00713059399276972
369, 0.00681454804725945
370, 0.00661245533930404
371, 0.00733271186860899
372, 0.00682428727547328
373, 0.00693401733102898
374, 0.00710544416991373
375, 0.0081707298134764
376, 0.00779309030622244
377, 0.00720561660515765
378, 0.00587341981008649
379, 0.00592612607094149
380, 0.00574240523080031
381, 0.00590061326511204
382, 0.00578835885971785
383, 0.00586713004546861
384, 0.00562853505834937
385, 0.00569351110607386
386, 0.00553384508627156
387, 0.0058188665813456
388, 0.00564312740849952
389, 0.00554917256037394
390, 0.00559369241818786
391, 0.00583013938739896
392, 0.00551621367534002
393, 0.00550550703580181
394, 0.00589357828721404
395, 0.00653155761150022
396, 0.00638014210077624
397, 0.00627393259977301
398, 0.00701854783775551
399, 0.0069203560706228
400, 0.00683041188555459
401, 0.00616924138739705
402, 0.00673403513307373
403, 0.00599268386140466
404, 0.00606852645675341
405, 0.00663402955979109
406, 0.0070943757891655
407, 0.00718470329108338
408, 0.00717707661290963
409, 0.00707699094588558
410, 0.00701676278064648
411, 0.00713644417313238
412, 0.00694926152937114
413, 0.00718203489668667
414, 0.00711586753216883
415, 0.00717151219335695
416, 0.00715561793185771
417, 0.00704057025723159
418, 0.00702922853330771
419, 0.00705769386452933
420, 0.00707570634161433
421, 0.00709529973876973
422, 0.00712421008696159
423, 0.00715727110703786
424, 0.00869671907275915
425, 0.00674890959635377
426, 0.0075381463393569
427, 0.0067848307856669
428, 0.00701080542057753
429, 0.00806951026121775
430, 0.00722637004218996
431, 0.00690652173943818
432, 0.00735986558720469
433, 0.00688773260584899
434, 0.00599945303318756
435, 0.00591864165229102
436, 0.00594404161286851
437, 0.00586885477726658
438, 0.00589289198008676
439, 0.00596924180475374
440, 0.00584938547884424
441, 0.0065253428183496
442, 0.00583819268892209
443, 0.00584082988401254
444, 0.00622578943148255
445, 0.00603599279808501
446, 0.00586560989419619
447, 0.00592475725958745
448, 0.00604718098683017
449, 0.00648642230468492
450, 0.00633250394215186
451, 0.00696188891306519
452, 0.00688699757059415
453, 0.00622017340113719
454, 0.00679162036006649
455, 0.00611255900003016
456, 0.00669303311345478
457, 0.00719154455388586
458, 0.00720931845717132
459, 0.00707577463860313
460, 0.00707376709518333
461, 0.00716602227961024
462, 0.00713984893324475
463, 0.00659114828643699
464, 0.00710472029944261
465, 0.00721573107875884
466, 0.00713616275849442
467, 0.00704466303189596
468, 0.0071836873733749
469, 0.00695038294153554
470, 0.00697513196306924
471, 0.00699536719669898
472, 0.00720798658827941
473, 0.00701833935454488
474, 0.00841648907711109
475, 0.00777214315409462
476, 0.00711575321232279
477, 0.0073783901364853
478, 0.00701138198686143
479, 0.00754878437146544
480, 0.00652758460491896
481, 0.0090817503631115
482, 0.00889666906247536
483, 0.00603953143581748
484, 0.00603102745177845
485, 0.00605047323430578
486, 0.00602632023704549
487, 0.00602924016614755
488, 0.00691484846174717
489, 0.00604462266589204
490, 0.00607810875711342
491, 0.00660284119658172
492, 0.0061377619082729
493, 0.00638312714484831
494, 0.00623459283572932
495, 0.00696549968173106
496, 0.00605371380224824
497, 0.00644196810511251
498, 0.00628558771374325
499, 0.00684925106664499
500, 0.00722172879613936
501, 0.00717871201535066
502, 0.00615495583042502
503, 0.00675472671476503
504, 0.00704088675168653
505, 0.00725608024125298
506, 0.00720452850994964
507, 0.00713193036305408
508, 0.00665371476983031
509, 0.00708513629312317
510, 0.00727649250378211
511, 0.00700082381566366
512, 0.00727868638932705
513, 0.00725833800000449
514, 0.00696543542047342
515, 0.00691369563962022
516, 0.00693556883682807
517, 0.00654985103756189
518, 0.0082332546201845
519, 0.00700757522135973
520, 0.00874991280337175
521, 0.00796473119407892
522, 0.0072479413356632
523, 0.00712861193876181
524, 0.0075373692282786
525, 0.00773044768720865
526, 0.00616437514933447
527, 0.00618310070907076
528, 0.00615405283557872
529, 0.00614942307583988
530, 0.00621515310679873
531, 0.00626641030733784
532, 0.00710710176887612
533, 0.0063436939381063
534, 0.00682578383324047
535, 0.00645565132920941
536, 0.00661261922990282
537, 0.00763076342021426
538, 0.00734188159306844
539, 0.00639968474085132
540, 0.00803808992107709
541, 0.00846612018843492
542, 0.007207157711188
543, 0.00727023091167212
544, 0.00714055503097673
545, 0.00732309914504488
546, 0.00701543968170881
547, 0.00696200023715695
548, 0.00707557843998075
549, 0.0073577935496966
550, 0.0067155083330969
551, 0.00734971304024969
552, 0.00736842940871914
553, 0.00691533725087841
554, 0.00661738115983705
555, 0.00687451598544915
556, 0.0068477449628214
557, 0.00651174162824949
558, 0.00737796739364664
559, 0.00726271290332079
560, 0.00784961219566564
561, 0.00766383437439799
562, 0.00682389855917011
563, 0.00848393528056996
564, 0.00690420009195805
565, 0.00827088952064514
566, 0.00631190976127982
567, 0.0062812133692205
568, 0.00635451978693406
569, 0.0064142356471469
570, 0.00649766329055031
571, 0.0071949604122589
572, 0.00661115332817038
573, 0.00695555843412876
574, 0.0067615524555246
575, 0.00790066303064426
576, 0.00747733935713768
577, 0.00706254838344951
578, 0.00635363214782306
579, 0.00820899459843834
580, 0.00724854824754099
581, 0.00715906824916601
582, 0.00733484871064623
583, 0.00692590915908416
584, 0.00707308653121193
585, 0.00740909374629458
586, 0.00699467941497763
587, 0.00686661642976105
588, 0.00745338778942823
589, 0.00745271200624605
590, 0.00668981422980626
591, 0.00681423232890666
592, 0.00676326965913177
593, 0.00658685589830081
594, 0.00648188412499924
595, 0.00750256779914101
596, 0.00785771066633364
597, 0.00625958875752985
598, 0.00772478027890126
599, 0.00623650858178735
600, 0.00790520238557032
601, 0.00637840332152943
602, 0.00646691396832466
603, 0.00641767323638002
604, 0.00652970350347459
605, 0.00661211119343837
606, 0.007957949458311
607, 0.00671956432051957
608, 0.00722941143127779
609, 0.00685640168376267
610, 0.00702592094118396
611, 0.00747393234632909
612, 0.00730105784411232
613, 0.00718404406992098
614, 0.00741741984772186
615, 0.00707401288673282
616, 0.00681768218055367
617, 0.00688972921731571
618, 0.00697519622432689
619, 0.00751550317121049
620, 0.00756815880803125
621, 0.006755844457075
622, 0.00670197613847752
623, 0.00657281000167131
624, 0.00833710487931967
625, 0.00769014066706101
626, 0.00650446334232887
627, 0.00655699979203443
628, 0.00661977543495595
629, 0.00669744447804987
630, 0.00679481898744901
631, 0.00691525428555906
632, 0.0072272225903968
633, 0.00705991964787245
634, 0.00746657761434714
635, 0.00772092032379338
636, 0.00721093950172265
637, 0.00736346856380502
638, 0.00707281559395293
639, 0.00753334517191563
640, 0.00676317202548186
641, 0.00695150275714695
642, 0.0068484420577685
643, 0.00669242395088077
644, 0.0066319378092885
645, 0.00761497439816594
646, 0.00775919109582901
647, 0.00741199613548815
648, 0.00666107619181275
649, 0.00758490227162838
650, 0.00676889354363084
651, 0.00445155091583729
652, 0.00645406898111105
653, 0.00305094026649992
654, 0.0107555423996278
655, 0.00731633518201609
656, 0.00797297231232127
657, 0.00279976316960528
658, 0.00704219882997374
659, 0.00711820499661068
660, 0.00720137908744315
661, 0.00750434592676659
662, 0.00784897191139559
663, 0.00856520080318054
664, 0.0103158572067817
665, 0.00705130266336103
666, 0.00687068343783418
667, 0.00671827311938008
668, 0.0065887247522672
669, 0.006482146292304
670, 0.00640615719991426
671, 0.00635120909040173
672, 0.0037804397676761
673, 0.00405504725252589
674, 0.0044061450753361
675, 0.00476957966263096
676, 0.00512621171462039
677, 0.00544708571396768
678, 0.00571795599535108
679, 0.00593563029542565
680, 0.00610569197063645
681, 0.00623927723305921
682, 0.00635161452616255
683, 0.00646191866447528
684, 0.00659681235750516
685, 0.00679648954731723
686, 0.00715948796520631
687, 0.00785706099122763
688, 0.00307521468494087
689, 0.00271534954663366
690, 0.0022581362281926
691, 0.00179269500464822
692, 0.00152710969753874
693, 0.0135399237275124
694, 0.00497612027296176
695, 0.00727388774976134
696, 0.00674499159989258
697, 0.00714075130720933
698, 0.00685779626170794
699, 0.00665521350068351
700, 0.00755270035006106
701, 0.00789868164186676
702, 0.00834391713142395
703, 0.00698965438641608
704, 0.00720956913816432
705, 0.00694846517095963
706, 0.00426788674667478
707, 0.00583719050822159
708, 0.00609590765088797
709, 0.0065557238801072
710, 0.00643974728882313
711, 0.0046911231863002
712, 0.00512214416327576
713, 0.00551040455078085
714, 0.00629241578280926
715, 0.00666161983584364
716, 0.00678128850025435
717, 0.00695576363553603
718, 0.00684318318963051
719, 0.00822752046709259
720, 0.00909372139722109
721, 0.00749556627124548
722, 0.00733290969704588
723, 0.00722423242405057
724, 0.00668898643925786
725, 0.00652407519519329
726, 0.00713787747857471
727, 0.00775853373731176
728, 0.00333044561557472
729, 0.00348420530402412
730, 0.00346654909662902
731, 0.00329731746266286
732, 0.00758005006771002
733, 0.00903984011771778
734, 0.00515720368518184
735, 0.00661224126815796
736, 0.0038187344492014
737, 0.00772539858839342
738, 0.0067794281989336
739, 0.00749049157214661
740, 0.0076812042389065
741, 0.00707761904535194
742, 0.00719515296320121
743, 0.00696607252272467
744, 0.00686616613529623
745, 0.00731155904941261
746, 0.00410864464938641
747, 0.00662533193826675
748, 0.00554550780604283
749, 0.00674407471281787
750, 0.00707299471832812
751, 0.00694418442435563
752, 0.00726716887826721
753, 0.0068422412344565
754, 0.00646307288358609
755, 0.00508308721085389
756, 0.00593393699576457
757, 0.00623756879940629
758, 0.00455247781549891
759, 0.00316018956558158
760, 0.00749842515215278
761, 0.00705277392019828
762, 0.00681607960723341
763, 0.00736723754865428
764, 0.00726079513939718
765, 0.00751297579457362
766, 0.00805188311884801
767, 0.0077316874327759
768, 0.00694984492535392
769, 0.00364865824424972
770, 0.00422170668995629
771, 0.00374139472842216
772, 0.00880505014210939
773, 0.00695059381957565
774, 0.00430099147238902
775, 0.00746661477855274
776, 0.00714855617843568
777, 0.00742815287473301
778, 0.00704485480673611
779, 0.00724062486551702
780, 0.00501033097195129
781, 0.00731388611408571
782, 0.0060249581001699
783, 0.0055655421068271
784, 0.00637538055889308
785, 0.00708294822834432
786, 0.00717726396396756
787, 0.00729677034541965
788, 0.00700515586261948
789, 0.00680242222733796
790, 0.00691957934759557
791, 0.00662836929162343
792, 0.00442008476238698
793, 0.00848620928203066
794, 0.00420970442549636
795, 0.0030773010609361
796, 0.00716818938963115
797, 0.0079719799105078
798, 0.00739639818978806
799, 0.00707407598383725
800, 0.00770487162905435
801, 0.00752536510117352
802, 0.00358003345318139
803, 0.00846975281213721
804, 0.00475055460507671
805, 0.0049132554170986
806, 0.00721131438123328
807, 0.00738071533851326
808, 0.00728130006852249
809, 0.00557459246677657
810, 0.00652644542666773
811, 0.00612496367345254
812, 0.00725775895019372
813, 0.00733962887898088
814, 0.0068027745001018
815, 0.00720512013261517
816, 0.00708932934018473
817, 0.00732433485488097
818, 0.00715545106989642
819, 0.00698201723086337
820, 0.00522063067182899
821, 0.00482086287811398
822, 0.0072936942645659
823, 0.00719530220764379
824, 0.00784831253501276
825, 0.00751958523566524
826, 0.00766002798142533
827, 0.00857118284329772
828, 0.00710398051887751
829, 0.00658071739599109
830, 0.00582797119083504
831, 0.00737332769980033
832, 0.00732165137305856
833, 0.00623497964503864
834, 0.00670599541626871
835, 0.00700008651862542
836, 0.00740720611065626
837, 0.00735052116215229
838, 0.00733255152590573
839, 0.00731679727323353
840, 0.00729885472295185
841, 0.00717595887059967
842, 0.00734135679279764
843, 0.00726184900850058
844, 0.00812153797596693
845, 0.00740988397349914
846, 0.00731531080479423
847, 0.007719486951828
848, 0.00759446667507291
849, 0.00740602905196803
850, 0.00633932077991111
851, 0.00701838118645052
852, 0.0082537968022128
853, 0.00690563333531221
854, 0.00553446464861433
855, 0.00722729701859256
856, 0.00739462425311406
857, 0.0073996523860842
858, 0.00737419670137266
859, 0.00741934659890831
860, 0.00744018564000726
861, 0.00744514578642945
862, 0.007862493628636
863, 0.0074943748768419
864, 0.00758121542943021
865, 0.00715771606191993
866, 0.00783644414817294
867, 0.00748199053729574
868, 0.00764463158945243
869, 0.00738223183101841
870, 0.0074534877979507
871, 0.00764338416047394
872, 0.00751235219649971
873, 0.00774445733986795
874, 0.00793931563384831
875, 0.00741488561034203
876, 0.00822910256683826
877, 0.0130016117667158
878, 0.00784846271077792
879, 0.00573687247621516
880, 0.00666271654578547
881, 0.00473595849083116
882, 0.00750480405986309
883, 0.00843812649448713
884, 0.00999101344496012
885, 0.00593923513467113
886, 0.00599022884853184
887, 0.00579831260256469
888, 0.00581505529892941
889, 0.00577237410470843
890, 0.00605565301763515
891, 0.00569077177594105
892, 0.00556113578689595
893, 0.00649936497211456
894, 0.00524005712941289
895, 0.00704785987424354
896, 0.00467459779853622
897, 0.00405151781160384
898, 0.00780897269335886
899, 0.00771854034004112
900, 0.00747938749069969
901, 0.00710907524141173
902, 0.00668654257121185
903, 0.00627885463957985
904, 0.0058697333248953
905, 0.00589057515996198
906, 0.00590452295728028
907, 0.00590677124758561
908, 0.0058900776784867
909, 0.00613741242947678
910, 0.00563280672455827
911, 0.00623762886971235
912, 0.00635789140748481
913, 0.00547358347103
914, 0.0053676792110006
915, 0.00684679423769315
916, 0.00508630190355082
917, 0.00490056273217003
918, 0.00725836229200165
919, 0.00746481508637468
920, 0.00439694120238225
921, 0.00764636633296808
922, 0.00777304669221242
923, 0.00361772001876185
924, 0.00308368106683095
925, 0.00246843156249573
926, 0.00171604466352922
927, 0.00124761494807899
928, 0.01107204069073
929, 0.00253649707883596
930, 0.00584741123020649
931, 0.00582008203491569
932, 0.00588057213462889
933, 0.00582886720076203
934, 0.00590176663051049
935, 0.00591417386506995
936, 0.00508919715260466
937, 0.004716656015565
938, 0.00391113249740253
939, 0.00581195032490151
940, 0.00579195958562195
941, 0.00562188394057254
942, 0.00523543738139172
943, 0.00358942676601665
944, 0.00572739665706952
945, 0.00576430776466926
946, 0.00568035415684183
947, 0.00555014338654776
948, 0.00535902318855127
949, 0.00546307504797975
950, 0.00491763923006753
951, 0.0042120684714367
952, 0.00448215737317999
953, 0.00362093451743325
954, 0.00682726064696908
955, 0.00804121109346549
956, 0.00590344192460179
957, 0.0060177268460393
958, 0.0061455387622118
959, 0.00762423391764363
960, 0.00644773330229024
961, 0.00597177872744699
962, 0.00633120761873821
963, 0.00673084186079601
964, 0.00707361777313054
965, 0.0075934073732545
966, 0.00769911240786314
967, 0.00772000585372249
968, 0.00741912905747692
969, 0.00587857328355312
970, 0.00658110420530041
971, 0.00689612065131466
972, 0.00725774661016961
973, 0.00743729365058243
974, 0.0062308293612053
975, 0.00607492464284102
976, 0.00591202106859003
977, 0.00525831481597076
978, 0.00924089298184429
979, 0.00742682868925234
980, 0.00722091292430248
981, 0.00592926135286689
982, 0.00583033387859662
983, 0.00591859508616229
984, 0.00589412334375083
985, 0.00518596443968515
986, 0.00492704892531037
987, 0.00557422172278166
988, 0.0053023948178937
989, 0.00540653949913879
990, 0.00549673832332094
991, 0.00505958078429103
992, 0.00563932186923921
993, 0.00573585283321639
994, 0.00569262813466291
995, 0.0048003225432088
996, 0.00576967978850007
997, 0.00469395603674154
998, 0.0058105843141675
999, 0.00466314268608888
1000, 0.00579503737390041
1001, 0.00585434484916429
1002, 0.00593585210541884
1003, 0.0089381366657714
1004, 0.00633968568096558
1005, 0.00644365356614192
1006, 0.0065663947413365
1007, 0.0067116452070574
1008, 0.00625061965547502
1009, 0.00617488605591158
1010, 0.0061105335286508
1011, 0.00605605348634223
1012, 0.00688428975020846
1013, 0.00780555667976538
1014, 0.00601164678422113
1015, 0.00757259510767957
1016, 0.00732324350004395
1017, 0.0070891596066455
1018, 0.00796695674459139
1019, 0.00597499512756864
1020, 0.00798410410061479
1021, 0.00781470192596316
1022, 0.00485506397671998
1023, 0.00594520841592124
1024, 0.00850522425025702
1025, 0.00582896239523377
1026, 0.0057682703093936
1027, 0.00545891025103629
1028, 0.00539615851206084
1029, 0.00552525386835138
1030, 0.00558777657958368
1031, 0.00564448946776489
1032, 0.00534589658491313
1033, 0.0057345995058616
1034, 0.00569377350620925
1035, 0.00532303812603156
1036, 0.00591347677012285
1037, 0.00547535244065026
1038, 0.00579412863589823
1039, 0.00581135686176519
1040, 0.00535343820229173
1041, 0.0058646947145462
1042, 0.0057913150327901
1043, 0.00804479420185089
1044, 0.00837250178058942
1045, 0.00764694352013369
1046, 0.00726332678459585
1047, 0.00617932334231834
1048, 0.00635691375161211
1049, 0.00625523560059567
1050, 0.00603369569095473
1051, 0.00693734075563649
1052, 0.00611970022631188
1053, 0.00607217863822977
1054, 0.00600106975374122
1055, 0.00597405162019034
1056, 0.00649407397334774
1057, 0.00668242325385412
1058, 0.00595231268865367
1059, 0.00550217954441905
1060, 0.00692837126553059
1061, 0.00880944589152932
1062, 0.00639772407400111
1063, 0.00582563318312168
1064, 0.00576409767381847
1065, 0.00570476055145264
1066, 0.00571818579919636
1067, 0.0057397309380273
1068, 0.00580856498951713
1069, 0.0057882535426567
1070, 0.00571271652976672
1071, 0.00575559500915309
1072, 0.00585928714523713
1073, 0.00583933806046844
1074, 0.00584268600990375
1075, 0.00605530935960511
1076, 0.00587567981953422
1077, 0.00594082130119205
1078, 0.00830318033695221
1079, 0.00771351670846343
1080, 0.00596711140436431
1081, 0.00601326953619719
1082, 0.0071766161515067
1083, 0.0059161470271647
1084, 0.00594072664777438
1085, 0.00592484643372397
1086, 0.00591003002288441
1087, 0.00674028252251446
1088, 0.0064299573811392
1089, 0.00590486863317589
1090, 0.00609282442989449
1091, 0.0062226690351963
1092, 0.00590042568122347
1093, 0.00589680492079684
1094, 0.00832595520963272
1095, 0.00692818965762854
1096, 0.00924086906015873
1097, 0.00584299918264151
1098, 0.00759056389021377
1099, 0.00636397837661207
1100, 0.0101047285522024
1101, 0.00515018824288355
1102, 0.00754144415259361
1103, 0.00102790135424584
1104, 0.00670120756452282
1105, 0.00831003793116127
1106, 0.00856899609789252
1107, 0.0104358826453487
1108, 0.0138948844745755
1109, 0.00235870014876127
1110, 0.0110755149008972
1111, 0.00307099202958246
1112, 0.00267951962693284
1113, 0.00216392445145175
1114, 0.00144751572709841
1115, 0.00793877919204533
1116, 0.00700916885398328
1117, 0.00627722979212801
1118, 0.00566502458726366
1119, 0.00511010821598272
1120, 0.00461163612393041
1121, 0.00416931564298769
1122, 0.00383765890728682
1123, 0.00683129446891447
1124, 0.00729300415453811
1125, 0.00770510461491843
1126, 0.00799517442161838
1127, 0.00816086726263165
1128, 0.00823715499912699
1129, 0.00827299943193793
1130, 0.00831575707222025
1131, 0.00842336549734076
1132, 0.00440667585159342
1133, 0.00621072140832742
1134, 0.00555459992028773
1135, 0.00494438681441049
1136, 0.00691081901701788
1137, 0.00635956097394228
1138, 0.00756211361537377
1139, 0.00781277241185308
1140, 0.00795863366996249
1141, 0.00799971213564277
1142, 0.0080082300119102
1143, 0.00794255314394832
1144, 0.00797249764824907
1145, 0.00795386343573531
1146, 0.00819367961958051
1147, 0.00930717853563172
1148, 0.00334031767367075
1149, 0.00350479055972149
1150, 0.00330233783461154
1151, 0.00360822957009077
1152, 0.00350923095053683
1153, 0.00320709855960948
1154, 0.00387987920216152
1155, 0.00783844105899334
1156, 0.00727681815624237
1157, 0.00419057235121727
1158, 0.00538332356760899
1159, 0.00608112569898367
1160, 0.00680837415469189
1161, 0.00470655737444758
1162, 0.00814133028810223
1163, 0.00770824720772604
1164, 0.00813694725123545
1165, 0.00803067302331328
1166, 0.00738175871915051
1167, 0.00786976609379053
1168, 0.00757068403375645
1169, 0.00366981897968799
1170, 0.00864567421376705
1171, 0.00440413745430609
1172, 0.00377726337562005
1173, 0.00435938982159964
1174, 0.00516734962972502
1175, 0.00663282900738219
1176, 0.00590955667818586
1177, 0.00741954427212477
1178, 0.00796769699081779
1179, 0.00817228589827816
1180, 0.00847222888842225
1181, 0.00782119490516683
1182, 0.00710293892771006
1183, 0.00723806551347176
1184, 0.00749978764603535
1185, 0.00432749162428081
1186, 0.00868177546986512
1187, 0.00563909524741272
1188, 0.0065481192432344
1189, 0.00830864269907276
1190, 0.00775349101362129
1191, 0.00725006839881341
1192, 0.00687021816459795
1193, 0.00535476101296289
1194, 0.00493740970268846
1195, 0.00620068954303861
1196, 0.00748439342714846
1197, 0.00881917355582118
1198, 0.00685139054742952
1199, 0.00637137362112602
1200, 0.00562278429667155
1201, 0.00931276064366102
1202, 0.0045143470633775
1203, 0.00785079011693597
1204, 0.00890750872592131
1205, 0.00611782617246111
1206, 0.00973006319254637
1207, 0.00458551093470305
1208, 0.00827995811899503
1209, 0.00651570708890046
1210, 0.00514432974159718
